-6.989409390145695511e-06
-2.170661272127283326e-05
-3.616373888992718832e-05
-5.015418112697123121e-05
-6.475442116005147852e-05
-7.887291122687933864e-05
-9.286328634350304867e-05
-1.079351988545473873e-04
-1.224211505613803652e-04
-1.363520760816472333e-04
-1.508293645602343247e-04
-1.649785472058740154e-04
-1.789767103412831517e-04
-1.940376764177909052e-04
-2.083068951742594876e-04
-2.222407539269610766e-04
-2.370587293711867716e-04
-2.514221756758638904e-04
-2.653881091791987501e-04
-2.801177573517055208e-04
-2.941827460037904629e-04
-3.081801461805033782e-04
-3.234526644456670041e-04
-3.378989168375534646e-04
-3.518400443428548741e-04
-3.664568894748976291e-04
-3.805904811782223618e-04
-3.946420977677389530e-04
-4.099614604403667428e-04
-4.242538589633859658e-04
-4.382511676804812240e-04
-4.532871092961521242e-04
-4.676824791313149987e-04
-4.817410092500251650e-04
-4.967319539374015491e-04
-5.108769572709226381e-04
-5.250031127487231331e-04
-5.406088108708129170e-04
-5.551564832474431554e-04
-5.692408666297943398e-04
-5.841378339235259176e-04
-5.984072443967480837e-04
-6.126544119465782146e-04
-6.283856630771023077e-04
-6.428637591263663964e-04
-6.570812727880737114e-04
-6.724936436327544342e-04
-6.871044695415662318e-04
-7.014338969072442254e-04
-7.168748046205708491e-04
-7.313034285231223564e-04
-7.457656291308678576e-04
-7.619186370263486552e-04
-7.768248433018820620e-04
-7.913219786696013003e-04
-8.067939089789755158e-04
-8.215673460716388377e-04
-8.364671099024834078e-04
-8.532586087517390894e-04
-8.694632611571107006e-04
-8.852831637768954209e-04
-9.017964294625313570e-04
-9.169705185454457563e-04
-9.318515006951910706e-04
-9.484181520161838463e-04
-9.632722625030343266e-04
-9.782036764000023865e-04
-9.960205747515660235e-04
-1.011212789345017349e-03
-1.026074053036785116e-03
-1.043479235242061876e-03
-1.058443681928422642e-03
-1.073605790202214472e-03
-1.094126408070716927e-03
-1.109365411451901373e-03
-1.124454846055278345e-03
-1.147463760138633937e-03
-1.162765524059028444e-03
-1.178085322566801985e-03
-1.209117424974759381e-03
-1.224394657691307842e-03
-1.239874380259076148e-03
-1.263716846753415446e-03
-1.279302489615052885e-03
-1.294744848642337409e-03
-1.313973934586321057e-03
-1.329474235149952221e-03
-1.345360925590455281e-03
-1.365093948590634376e-03
-1.380920061067381077e-03
-1.396699581977633997e-03
-1.414992878019605271e-03
-1.430952587117229058e-03
-1.447188769229335037e-03
-1.465361926123787129e-03
-1.481530313854007019e-03
-1.498008938848105487e-03
-1.516735252635292852e-03
-1.533404554912465301e-03
-1.550319463013538623e-03
-1.568505585095025801e-03
-1.585429734593413187e-03
-1.602744849194093213e-03
-1.621689764334299788e-03
-1.638719120689136055e-03
-1.655746496126986322e-03
-1.673868693601310298e-03
-1.691024031370003122e-03
-1.708636277546582427e-03
-1.727145927405526749e-03
-1.744529219996349134e-03
-1.762264487063625040e-03
-1.781192264653785884e-03
-1.798918601651378069e-03
-1.816846447742159754e-03
-1.835276431900290106e-03
-1.853215481589232105e-03
-1.871864195873929049e-03
-1.891422117251684298e-03
-1.909871886180747325e-03
-1.928558723545914511e-03
-1.947943004523611243e-03
-1.967035066655631326e-03
-1.986916316306430730e-03
-2.007249927438170545e-03
-2.026971864327986594e-03
-2.047225023058429905e-03
-2.068075674683589327e-03
-2.088177894982501392e-03
-2.108595355988618358e-03
-2.129015672530654157e-03
-2.149075902653230230e-03
-2.169880943395097184e-03
-2.190928678078352121e-03
-2.211113375184980967e-03
-2.231547544688683438e-03
-2.252138429095329464e-03
-2.272515195946622768e-03
-2.293743197531616929e-03
-2.314842740572253810e-03
-2.335373242067562138e-03
-2.356437136676103883e-03
-2.377648423789069376e-03
-2.398360802143950643e-03
-2.419633082584304873e-03
-2.440611621961075173e-03
-2.461378760972632307e-03
-2.483080596391129546e-03
-2.504572417695749564e-03
-2.525386749919200646e-03
-2.546604107809713469e-03
-2.567632962570232102e-03
-2.588547092468140853e-03
-2.610530122745036152e-03
-2.631925906822041306e-03
-2.652839431996234509e-03
-2.674442762865436585e-03
-2.695813705044125541e-03
-2.716870472100230138e-03
-2.738796826641465287e-03
-2.760069701730483160e-03
-2.781224877062227208e-03
-2.803597024551018890e-03
-2.825352819916249203e-03
-2.846627459522799164e-03
-2.868626158427645123e-03
-2.890137230992628758e-03
-2.911697425604042877e-03
-2.934774499524728242e-03
-2.956834159988042110e-03
-2.978574932688049515e-03
-3.001377882685507537e-03
-3.023647099601123323e-03
-3.045863984325825058e-03
-3.069539864928638728e-03
-3.092259031839295069e-03
-3.115175011726534215e-03
-3.140092115255344041e-03
-3.164434100720758813e-03
-3.189501204459266326e-03
-3.218408569277353415e-03
-3.254827484245437219e-03
-3.286250233167753443e-03
-3.315206032139084158e-03
-3.341774752674941951e-03
-3.367160872562835472e-03
-3.392709825546846858e-03
-3.418021469371201881e-03
-3.442496420064111717e-03
-3.467122519780430068e-03
-3.491717156268170363e-03
-3.515868960995871539e-03
-3.540548527911302479e-03
-3.565549149211588720e-03
-3.589634509295724918e-03
-3.614014839812385027e-03
-3.639962369076155113e-03
-3.664344989268597530e-03
-3.688797213459937829e-03
-3.715227175741353527e-03
-3.739964387440286586e-03
-3.765227513109592472e-03
-3.797611430478298189e-03
-3.824117552275962950e-03
-3.849180953916508940e-03
-3.880622893024376907e-03
-3.905533385236026334e-03
-3.930132465114755114e-03
-3.956673120621645445e-03
-3.981479620598138425e-03
-4.006315732802745444e-03
-4.032814831242403919e-03
-4.057836243117063368e-03
-4.082852976329820471e-03
-4.109366318864271506e-03
-4.135117226001572277e-03
-4.160334381731467523e-03
-4.186040783863420600e-03
-4.211830247923487036e-03
-4.237369995740314366e-03
-4.263588125986483846e-03
-4.289755228326863623e-03
-4.315545758067806936e-03
-4.341968714589583556e-03
-4.369272355893349946e-03
-4.395502088580527378e-03
-4.421902695483370671e-03
-4.449629476240279935e-03
-4.476262234565098197e-03
-4.503230272110192445e-03
-4.532110174588765972e-03
-4.559082473042264105e-03
-4.586433256613231535e-03
-4.621085650067469075e-03
-4.648720887192037132e-03
-4.676375288032663669e-03
-4.708905460412915467e-03
-4.737178178064294087e-03
-4.765622864757790289e-03
-4.796361299641671572e-03
-4.825425802588823032e-03
-4.854872638158758136e-03
-4.886292665867708607e-03
-4.916999832699442408e-03
-4.947795054163650619e-03
-4.979708019087203397e-03
-5.011754319708350280e-03
-5.043482345531979938e-03
-5.075614151211049752e-03
-5.107228273995234602e-03
-5.138104448785041356e-03
-5.169200260738526786e-03
-5.200239945508666750e-03
-5.230050174081957159e-03
-5.259768531275410552e-03
-5.290190766824465207e-03
-5.319318249999649417e-03
-5.348438813940092906e-03
-5.378569462299753745e-03
-5.407160229965235487e-03
-5.435906790712152770e-03
-5.467892546318631197e-03
-5.496313601273006277e-03
-5.524615518631370570e-03
-5.568407054680646340e-03
-5.596738285745694874e-03
-5.624972205310552198e-03
-5.656307205829325113e-03
-5.684501328535929154e-03
-5.712717458835059325e-03
-5.742882814298022609e-03
-5.771334603192901369e-03
-5.799512778093762755e-03
-5.828674411265111210e-03
-5.857368779288329996e-03
-5.885760019790908792e-03
-5.914868377094317786e-03
-5.943718609645265438e-03
-5.972410196796729132e-03
-6.001950258288535345e-03
-6.031757792243408467e-03
-6.061164845259869871e-03
-6.091407042122298776e-03
-6.123457842630242176e-03
-6.156184317396506955e-03
-6.187632286030808615e-03
-6.218868686296730175e-03
-6.248329967136756480e-03
-6.277791175381963740e-03
-6.310209678275779943e-03
-6.339278981778884159e-03
-6.368286570103909305e-03
-6.412464731953670949e-03
-6.441675588356177151e-03
-6.470958709436147593e-03
-6.503250168506835571e-03
-6.533834238283686702e-03
-6.563568340678505031e-03
-6.594893546107094551e-03
-6.624382937941319938e-03
-6.653461207259403487e-03
-6.683539664383619794e-03
-6.712867937743949298e-03
-6.741893856815783792e-03
-6.771769932547244686e-03
-6.801026790239417252e-03
-6.830055256341616143e-03
-6.859946262099514414e-03
-6.889607687249776902e-03
-6.918720329113559053e-03
-6.948310812991853602e-03
-6.978194890131739214e-03
-7.007796023463686019e-03
-7.037771235744227916e-03
-7.067733160321054697e-03
-7.097039377100711199e-03
-7.126794781658563060e-03
-7.157301300866558691e-03
-7.186680349094531906e-03
-7.216215192077046758e-03
-7.246853218970561450e-03
-7.276280746918994957e-03
-7.305932934537184842e-03
-7.337016916603933403e-03
-7.366424646536695597e-03
-7.396048581312153480e-03
-7.428751447096759719e-03
-7.458277342940911048e-03
-7.487767273076539887e-03
-7.523338355572950498e-03
-7.552857369799381715e-03
-7.582458347505593999e-03
-7.621342203421366257e-03
-7.650917405342960720e-03
-7.680504351108341510e-03
-7.713595537460204987e-03
-7.743381011623862165e-03
-7.772956830225385971e-03
-7.804280065850655035e-03
-7.834063070704000431e-03
-7.863759117727964210e-03
-7.894909748675460470e-03
-7.924817174922327290e-03
-7.954536171060899719e-03
-7.985344649510617288e-03
-8.015563071742226597e-03
-8.045360116290534158e-03
-8.075797470776802101e-03
-8.106022526846445864e-03
-8.135934070473638258e-03
-8.166547316726724404e-03
-8.197038567765768668e-03
-8.227026495181366528e-03
-8.257542701073261604e-03
-8.288510770621426715e-03
-8.318678636307530461e-03
-8.349151338490234942e-03
-8.380268516411049085e-03
-8.410637401645271183e-03
-8.441454959631999877e-03
-8.473387739498239313e-03
-8.504201469861638607e-03
-8.535523117274013138e-03
-8.569289463588591893e-03
-8.601286517888717675e-03
-8.632893227628835042e-03
-8.666414417163870176e-03
-8.697415215575099445e-03
-8.728530213599317022e-03
-8.764183151593885057e-03
-8.795209416598281926e-03
-8.826340022814349595e-03
-8.873977697422930078e-03
-8.905449261979225817e-03
-8.937045777271390712e-03
-8.973894170884233468e-03
-9.005814856837601745e-03
-9.037649761304944462e-03
-9.072063873225566510e-03
-9.103464681088246913e-03
-9.134444016566045654e-03
-9.166821565399829730e-03
-9.197783017657168436e-03
-9.228392297294107927e-03
-9.260008008244335898e-03
-9.290704917888525927e-03
-9.321183383658948607e-03
-9.352641341096368244e-03
-9.383532125620708264e-03
-9.413965534147306080e-03
-9.444997541876998248e-03
-9.475998357593939936e-03
-9.506516580940593819e-03
-9.537562427796575371e-03
-9.568691444714172434e-03
-9.599308939142958685e-03
-9.630456142361243366e-03
-9.662167517186293075e-03
-9.692974725056369145e-03
-9.724057951300046909e-03
-9.756083314809149698e-03
-9.787058699646467019e-03
-9.818321873430346791e-03
-9.850951495494530974e-03
-9.882068989327974506e-03
-9.913434888850436444e-03
-9.947529939004939870e-03
-9.978889628359244313e-03
-1.001032393042433633e-02
-1.004768268944655762e-02
-1.007929978090493783e-02
-1.011113199831858989e-02
-1.015179103116459203e-02
-1.018410084454457465e-02
-1.021681146741426627e-02
-1.025328429399063879e-02
-1.028807810124932054e-02
-1.032375544808195045e-02
-1.036051229964707332e-02
-1.039470044426527018e-02
-1.042816377452904231e-02
-1.046292614025012835e-02
-1.049589520276794641e-02
-1.052843807045911184e-02
-1.056216803867604526e-02
-1.059466964606003980e-02
-1.062674161779508797e-02
-1.065976351665076649e-02
-1.069190676260123318e-02
-1.072374954287058646e-02
-1.075659791363703377e-02
-1.078868713078506847e-02
-1.082035807118242321e-02
-1.085282272355936328e-02
-1.088485901719538074e-02
-1.091643595122571142e-02
-1.094867317087133696e-02
-1.098061931994931406e-02
-1.101217622070471691e-02
-1.104444891598610479e-02
-1.107658171984049478e-02
-1.110820918567734239e-02
-1.114042184399066659e-02
-1.117278744509897503e-02
-1.120449994927796844e-02
-1.123659213352345976e-02
-1.126876712536706293e-02
-1.130025841411341769e-02
-1.133218192493956611e-02
-1.136443346532955978e-02
-1.139580888773872314e-02
-1.142748531130333145e-02
-1.145975054152825745e-02
-1.149106929253462805e-02
-1.152267114479010868e-02
-1.155495005565987388e-02
-1.158620717016178858e-02
-1.161776792421864712e-02
-1.165037869561569295e-02
-1.168162729370092467e-02
-1.171304741469458843e-02
-1.174581232374349860e-02
-1.177704288602898774e-02
-1.180845495609794682e-02
-1.184153643218965879e-02
-1.187274036489238682e-02
-1.190411937446234081e-02
-1.193799763622638288e-02
-1.196924504497032249e-02
-1.200055549211986872e-02
-1.203532474741964009e-02
-1.206659265282883364e-02
-1.209796128812012928e-02
-1.213532063190747579e-02
-1.216661032741950255e-02
-1.219794546103003530e-02
-1.224610676714099622e-02
-1.227740357460405107e-02
-1.230862355403095076e-02
-1.234639631660527925e-02
-1.237761341286358618e-02
-1.240877240903992540e-02
-1.244360413592748849e-02
-1.247479499103731904e-02
-1.250587140608083736e-02
-1.253940878542603166e-02
-1.257063423442683625e-02
-1.260167734440764686e-02
-1.263447573464338003e-02
-1.266568773067167086e-02
-1.269674292771716395e-02
-1.272927722630479153e-02
-1.276059510216875914e-02
-1.279167012136339654e-02
-1.282389981051501593e-02
-1.285535353375655276e-02
-1.288652213195706775e-02
-1.291864451548763171e-02
-1.295024413490408755e-02
-1.298156767248248578e-02
-1.301377827558769518e-02
-1.304572331532405371e-02
-1.307731244868259868e-02
-1.310966266488178267e-02
-1.314207576852133297e-02
-1.317414717278730940e-02
-1.320699213423204288e-02
-1.324017098572494167e-02
-1.327308166374818743e-02
-1.330689458858924645e-02
-1.334154845323642924e-02
-1.337620183224763615e-02
-1.341234031312943387e-02
-1.344920012402262000e-02
-1.348389637824998211e-02
-1.351801338829405896e-02
-1.355226579764079453e-02
-1.358517508725931577e-02
-1.361819727039992323e-02
-1.365206550296982346e-02
-1.368467147414209606e-02
-1.371756889812547620e-02
-1.375180583785051702e-02
-1.378482847884887619e-02
-1.381817292821341248e-02
-1.385281784037084574e-02
-1.388561448738523385e-02
-1.391850619549206414e-02
-1.395327355984721240e-02
-1.398606063134799626e-02
-1.401893207641813355e-02
-1.405414149063199947e-02
-1.408716995959868878e-02
-1.412088550326151548e-02
-1.415760559455703227e-02
-1.419170421344939648e-02
-1.422696724904259913e-02
-1.427001346337597454e-02
-1.430596687401430867e-02
-1.434086769466680344e-02
-1.437586230882292870e-02
-1.440935729498460383e-02
-1.444318950347378561e-02
-1.447658802897999752e-02
-1.450939200582401778e-02
-1.454374468628960582e-02
-1.457637481316576000e-02
-1.460871106009187237e-02
-1.465153132224117360e-02
-1.468360627976772470e-02
-1.471578341236845500e-02
-1.474900850146299014e-02
-1.478090758588790354e-02
-1.481338206170079719e-02
-1.484598682386262247e-02
-1.487815225298461108e-02
-1.491171570011007308e-02
-1.494447717846691948e-02
-1.497715043999048312e-02
-1.501782796569095524e-02
-1.505047777955492716e-02
-1.508416770948783903e-02
-1.511813573383591347e-02
-1.514970252436476095e-02
-1.518134921676128624e-02
-1.521317386510878666e-02
-1.524414654537598057e-02
-1.527590227250719135e-02
-1.530700805943907561e-02
-1.533772065691973996e-02
-1.537076974230933146e-02
-1.540151764169261916e-02
-1.543214087630773168e-02
-1.546748361935601501e-02
-1.549798927954448846e-02
-1.552874321684016845e-02
-1.556046188308013445e-02
-1.559090668616691655e-02
-1.562183515531023748e-02
-1.565276165619799986e-02
-1.568314758673872156e-02
-1.571477902901141643e-02
-1.574537116936169934e-02
-1.577582760309781396e-02
-1.581205541294161687e-02
-1.584264611580521454e-02
-1.587327566716423277e-02
-1.590608057031162037e-02
-1.593675849885523021e-02
-1.596790625287558552e-02
-1.599963279173788333e-02
-1.603065940231807041e-02
-1.606263029519205965e-02
-1.609453583011566380e-02
-1.612630738855547197e-02
-1.616023163100321902e-02
-1.619293393173837359e-02
-1.622604203874522533e-02
-1.626898720256764186e-02
-1.630217097574404583e-02
-1.633525671613866859e-02
-1.636936922981147013e-02
-1.640190971168598022e-02
-1.643485234970198938e-02
-1.646788597129333898e-02
-1.650049226542538161e-02
-1.653449866039646832e-02
-1.656805827089746774e-02
-1.660181000794935802e-02
-1.663989100510077090e-02
-1.667470519252345351e-02
-1.670947884169382558e-02
-1.674631456228337090e-02
-1.677988058179624709e-02
-1.681324158727381946e-02
-1.684697143692814869e-02
-1.687921576304030058e-02
-1.691166286436041055e-02
-1.694361596848203977e-02
-1.697491199522593863e-02
-1.700752727283338928e-02
-1.703858813509062653e-02
-1.706921531884963983e-02
-1.710776692341131611e-02
-1.713809004121669144e-02
-1.716832963854231231e-02
-1.720029546415891009e-02
-1.723009080233606216e-02
-1.726016303310773381e-02
-1.729065998490952882e-02
-1.732014317386609825e-02
-1.735021746040088519e-02
-1.737988449369287647e-02
-1.740916433772732308e-02
-1.744031151307545713e-02
-1.746961398204849303e-02
-1.749873403637247637e-02
-1.754395501105499022e-02
-1.757298474342627870e-02
-1.760206355745186357e-02
-1.763249733493310600e-02
-1.766130770415264006e-02
-1.769056080416819832e-02
-1.772009281601805153e-02
-1.774877709304356621e-02
-1.777822015217500606e-02
-1.780719895121130047e-02
-1.783582806663674969e-02
-1.786660375687842972e-02
-1.789527556337733305e-02
-1.792388879211825881e-02
-1.796124134217391699e-02
-1.798977862699557839e-02
-1.801838158919066846e-02
-1.804821982810667080e-02
-1.807661896474466179e-02
-1.810550749492068068e-02
-1.813454814439141582e-02
-1.816287432662022638e-02
-1.819211240884799352e-02
-1.822080585792840157e-02
-1.824912299374559232e-02
-1.827969792127359661e-02
-1.830808660416460842e-02
-1.833649030747575015e-02
-1.837195666473789846e-02
-1.840028386722480924e-02
-1.842873543997924912e-02
-1.845848653987636201e-02
-1.848681598685897320e-02
-1.851563622150720345e-02
-1.854461909903970529e-02
-1.857300333930977931e-02
-1.860239097381322093e-02
-1.863113384498715774e-02
-1.865947470626616589e-02
-1.869008426349527685e-02
-1.871857986447078570e-02
-1.874711796704231492e-02
-1.878243207265983816e-02
-1.881100021250203813e-02
-1.883985659204101548e-02
-1.887023156004097313e-02
-1.889927414090208924e-02
-1.892903467066142653e-02
-1.895938974084609985e-02
-1.898929174004271303e-02
-1.901985275939033215e-02
-1.904929839161118021e-02
-1.907807131492400554e-02
-1.910917415452284551e-02
-1.913779106441160227e-02
-1.916628444155010769e-02
-1.919932776427646370e-02
-1.922759951438535175e-02
-1.925612568142531789e-02
-1.928575743138138954e-02
-1.931394776907635613e-02
-1.934254351505282354e-02
-1.937119647302421033e-02
-1.939935780235924057e-02
-1.942878986561202836e-02
-1.945717206096253538e-02
-1.948532938668423586e-02
-1.951763676497186850e-02
-1.954592436460855787e-02
-1.957413737864543979e-02
-1.960506817209584085e-02
-1.963318804111313653e-02
-1.966169709186782466e-02
-1.969093969344481998e-02
-1.971905341133284306e-02
-1.974774883593688468e-02
-1.977641110705041783e-02
-1.980457721084116773e-02
-1.983413286631641181e-02
-1.986247288729137139e-02
-1.989075530600115105e-02
-1.992631782303577737e-02
-1.995472214882676454e-02
-1.998310068801367745e-02
-2.001368006423276391e-02
-2.004207949086100893e-02
-2.007091573075392432e-02
-2.010026549811971819e-02
-2.012882035023755289e-02
-2.015824648667663421e-02
-2.018755678202188708e-02
-2.021643991852140054e-02
-2.024693136157218465e-02
-2.027624125645721698e-02
-2.030564563812331524e-02
-2.034784135423151064e-02
-2.037717350565559915e-02
-2.040638293883068055e-02
-2.043752337461468560e-02
-2.046631735212667280e-02
-2.049528311206683107e-02
-2.052454439421214083e-02
-2.055304801985091689e-02
-2.058243586322128227e-02
-2.061196032254275501e-02
-2.064017420843211603e-02
-2.066987294176692025e-02
-2.069809795616517345e-02
-2.072616649468805861e-02
-2.077229556350324025e-02
-2.080026582394334245e-02
-2.082846605947574758e-02
-2.085861288578072514e-02
-2.088668034443730281e-02
-2.091504484193984492e-02
-2.094391224857128364e-02
-2.097224611332593192e-02
-2.100169913926508425e-02
-2.103074606563171134e-02
-2.105959532689327673e-02
-2.109049144315067181e-02
-2.111935078242754837e-02
-2.114765240403027047e-02
-2.119254773810930192e-02
-2.122036601390508981e-02
-2.124828267355993727e-02
-2.127807047169594235e-02
-2.130550285867371940e-02
-2.133313045747586845e-02
-2.136143516379396257e-02
-2.138869695195533271e-02
-2.141651434404701071e-02
-2.144398931875812764e-02
-2.147115078805561517e-02
-2.149996865155989756e-02
-2.152740292206600792e-02
-2.155446896422474889e-02
-2.158583356755361393e-02
-2.161301687936767468e-02
-2.164022951543187467e-02
-2.167051930089058942e-02
-2.169753868089685511e-02
-2.172491731310643992e-02
-2.175348340645966161e-02
-2.178054072493140758e-02
-2.180791649162305834e-02
-2.183546912463341094e-02
-2.186255398631298252e-02
-2.189080714584978882e-02
-2.191818397493527915e-02
-2.194529365014741273e-02
-2.197488660716317987e-02
-2.200230596300556396e-02
-2.202951303862776822e-02
-2.206815597844713484e-02
-2.209539996883880253e-02
-2.212299840565390419e-02
-2.215240830323517152e-02
-2.217977160051076702e-02
-2.220744215246051034e-02
-2.223581692783427322e-02
-2.226318071664845633e-02
-2.229109828357644929e-02
-2.231864655224702343e-02
-2.234591284848341797e-02
-2.237488335513104776e-02
-2.240243902367766715e-02
-2.242961208596772060e-02
-2.246077318782802035e-02
-2.248810287063562896e-02
-2.251545150976796972e-02
-2.254627238486861529e-02
-2.257343767681940783e-02
-2.260097307584219006e-02
-2.262987725332521460e-02
-2.265709786316405516e-02
-2.268456725977452404e-02
-2.271231770700887775e-02
-2.273953875253997836e-02
-2.276781386059467671e-02
-2.279531951897584285e-02
-2.282250718748879414e-02
-2.285174471111728334e-02
-2.287925444582938894e-02
-2.290644136443598100e-02
-2.294385924288966372e-02
-2.297105966564572110e-02
-2.299851294222310383e-02
-2.302845519102270089e-02
-2.305562108739522831e-02
-2.308300257371720399e-02
-2.311142438742019856e-02
-2.313859928913997166e-02
-2.316619760697991026e-02
-2.319367298750296680e-02
-2.322081842582246480e-02
-2.324935561581598087e-02
-2.327693563468491433e-02
-2.330403229465050075e-02
-2.333326505953026153e-02
-2.336060778942428140e-02
-2.338787853875989864e-02
-2.342943991956636385e-02
-2.345658893256774569e-02
-2.348405628458627437e-02
-2.351389063715103589e-02
-2.354118559346196626e-02
-2.356858887549484471e-02
-2.359669724145507796e-02
-2.362403511914390464e-02
-2.365217482687276274e-02
-2.368001924766471866e-02
-2.370744139532865447e-02
-2.373622820621590357e-02
-2.376427765566335726e-02
-2.379189274713344737e-02
-2.382180603307892941e-02
-2.384966171260249901e-02
-2.387776729252077956e-02
-2.391724597680866538e-02
-2.394542383355213744e-02
-2.397383539592179424e-02
-2.400462764398958448e-02
-2.403330424773342244e-02
-2.406232266838381761e-02
-2.409194618120980014e-02
-2.412112409355027243e-02
-2.415144488906750819e-02
-2.418175658223598035e-02
-2.421152648272417718e-02
-2.424242610471882831e-02
-2.427291082017202228e-02
-2.430314322292581597e-02
-2.433579214755177134e-02
-2.436604847266887752e-02
-2.439640879568483189e-02
-2.444281227136535506e-02
-2.447302818759455878e-02
-2.450308392017030990e-02
-2.453513555430986148e-02
-2.456504820374205700e-02
-2.459527134471439780e-02
-2.462592530882856678e-02
-2.465560387832488320e-02
-2.468596896810315577e-02
-2.471644167793751734e-02
-2.474603648781925624e-02
-2.477634609395462650e-02
-2.480610586581666333e-02
-2.483568673536318272e-02
-2.486763320307672220e-02
-2.489722801552807230e-02
-2.492664856574777765e-02
-2.496758191743597699e-02
-2.499707010470930690e-02
-2.502640677526035695e-02
-2.505805492727730677e-02
-2.508718068622250996e-02
-2.511672502644635152e-02
-2.514726364675290426e-02
-2.517626688062302165e-02
-2.520559459777838018e-02
-2.523531143591351000e-02
-2.526425625488881721e-02
-2.529397642067177099e-02
-2.532312194464547694e-02
-2.535206209441742686e-02
-2.538293971587934905e-02
-2.541227835359638476e-02
-2.544128662906308680e-02
-2.547437245081041191e-02
-2.550372714632587190e-02
-2.553333223164655497e-02
-2.556810698719436115e-02
-2.559818837415250847e-02
-2.562916903445244809e-02
-2.566289520912068411e-02
-2.569510855729317811e-02
-2.572699863048821811e-02
-2.575870605533780999e-02
-2.578908882055475082e-02
-2.581984461164399391e-02
-2.585012608609660312e-02
-2.587962349580741339e-02
-2.590999991787523715e-02
-2.593979824245706833e-02
-2.596897781533236138e-02
-2.599948038842547771e-02
-2.602867646535356183e-02
-2.605780673709900963e-02
-2.609099990099794653e-02
-2.612009408905802132e-02
-2.614907191662008135e-02
-2.618910978574229276e-02
-2.621809667849839265e-02
-2.624705507111790848e-02
-2.627803733182942914e-02
-2.630679446556372092e-02
-2.633596567004603539e-02
-2.636620140819345703e-02
-2.639490514448916691e-02
-2.642393567488277029e-02
-2.645352479289664327e-02
-2.648221692746632883e-02
-2.651151435906529130e-02
-2.654052998397105068e-02
-2.656919998529494453e-02
-2.659920943060345433e-02
-2.662832731234177075e-02
-2.665698328034815656e-02
-2.668734170525011162e-02
-2.671629136433806284e-02
-2.674509347160558548e-02
-2.677841183859575036e-02
-2.680722582288685985e-02
-2.683617228168477808e-02
-2.687350661925080875e-02
-2.690245684528691505e-02
-2.693140447959119221e-02
-2.696259405592726921e-02
-2.699155459773461274e-02
-2.702086675485071421e-02
-2.705103704527600517e-02
-2.708004053671198008e-02
-2.710964189847675510e-02
-2.713979563125235028e-02
-2.716896844660232624e-02
-2.719870170798355247e-02
-2.722843747487480037e-02
-2.725782038935453677e-02
-2.728847227768493866e-02
-2.731828984667550309e-02
-2.734789438026596908e-02
-2.737950411912959403e-02
-2.740966033128977575e-02
-2.743962045827230689e-02
-2.747325658547761229e-02
-2.750360637133941744e-02
-2.753423800401366695e-02
-2.757778569961888415e-02
-2.760880431802559265e-02
-2.764025877778586437e-02
-2.767508746358571248e-02
-2.770726894508157567e-02
-2.773987014496503978e-02
-2.777369302772869641e-02
-2.780637324559109835e-02
-2.783973874245426749e-02
-2.787380215567358821e-02
-2.790693526018461768e-02
-2.794062941576613834e-02
-2.797437590317086720e-02
-2.800722619652373790e-02
-2.804062458072731356e-02
-2.807317735426217986e-02
-2.810512893501693199e-02
-2.813837052380674386e-02
-2.817015916463516678e-02
-2.820138829814233805e-02
-2.823469313924209523e-02
-2.826582630472063151e-02
-2.829671590878191090e-02
-2.833380488025616373e-02
-2.836451031965492309e-02
-2.839523703207769145e-02
-2.843291753917509546e-02
-2.846349480357746042e-02
-2.849406947999533202e-02
-2.852693535526240609e-02
-2.855741529505939624e-02
-2.858818742411417535e-02
-2.861998429011569645e-02
-2.865046032463569592e-02
-2.868145715426395626e-02
-2.871314259305490779e-02
-2.874378890064521741e-02
-2.877497653201654959e-02
-2.880637514527839560e-02
-2.883734212113653328e-02
-2.886943613736203673e-02
-2.890126328485798091e-02
-2.893328030453534705e-02
-2.896937844345137680e-02
-2.900329088579189918e-02
-2.903531186019714383e-02
-2.906831770214757249e-02
-2.909999343753300050e-02
-2.913138471498588622e-02
-2.916463484630538172e-02
-2.919611654320286576e-02
-2.922739489280357095e-02
-2.926089233114692600e-02
-2.929249630849473096e-02
-2.932388001648988940e-02
-2.935772113498980040e-02
-2.938944730023274055e-02
-2.942123272222674224e-02
-2.945653396292080561e-02
-2.948877471722699539e-02
-2.952114269667438506e-02
-2.955783143471357732e-02
-2.959060792319034849e-02
-2.962308616539821582e-02
-2.966045039602394073e-02
-2.969252320709125925e-02
-2.972437384209614120e-02
-2.976348379852333803e-02
-2.979499602378188339e-02
-2.982636826350093529e-02
-2.986753490250182441e-02
-2.989891439174652277e-02
-2.993017633529271304e-02
-2.997514264623668545e-02
-3.000669202184647055e-02
-3.003872070083069001e-02
-3.009050483749531324e-02
-3.012277362325199714e-02
-3.015426069819904242e-02
-3.020464732051242329e-02
-3.023555151550960662e-02
-3.026620111921640710e-02
-3.031441481183572151e-02
-3.034486930142954453e-02
-3.037533143986048678e-02
-3.042306017919438332e-02
-3.045332234261044491e-02
-3.048359927899590982e-02
-3.053155621050318569e-02
-3.056179767868405506e-02
-3.059194694988720542e-02
-3.063971558801215078e-02
-3.066985206830052935e-02
-3.070004352908628498e-02
-3.074919427427058594e-02
-3.077931083834428705e-02
-3.080946903777093127e-02
-3.085732866589474543e-02
-3.088755293344125352e-02
-3.091767579049908843e-02
-3.096055932239005770e-02
-3.099075063505674077e-02
-3.102094961276102847e-02
-3.106092970292517741e-02
-3.109110704974071826e-02
-3.112127421806365479e-02
-3.115905368286597810e-02
-3.118931659095058873e-02
-3.121943197940668657e-02
-3.125517248929676750e-02
-3.128539498916849126e-02
-3.131557599799184022e-02
-3.135059416731444948e-02
-3.138081725929731114e-02
-3.141100738151803018e-02
-3.144539266579193804e-02
-3.147575800766411191e-02
-3.150595411697776349e-02
-3.153944252308038543e-02
-3.156984566912213186e-02
-3.160016909061558188e-02
-3.163351097776423426e-02
-3.166399123248675451e-02
-3.169441881110579562e-02
-3.172763500611197607e-02
-3.175837415173166089e-02
-3.178893118391712402e-02
-3.182173917946728992e-02
-3.185267530961655158e-02
-3.188351951924739414e-02
-3.191651719382160302e-02
-3.194774225083429897e-02
-3.197894163589920513e-02
-3.201225764700865728e-02
-3.204406654176250591e-02
-3.207574847721039735e-02
-3.210921303232294743e-02
-3.214154016987735840e-02
-3.217343185784149462e-02
-3.220653905047843324e-02
-3.223812466964437462e-02
-3.226933736475445791e-02
-3.230199011464818248e-02
-3.233342248200954394e-02
-3.236443835600499863e-02
-3.239669472302242337e-02
-3.242819130202090339e-02
-3.246046637839417048e-02
-3.249299118105275497e-02
-3.252435909562734206e-02
-3.255534047627539618e-02
-3.258748054672022665e-02
-3.261890020362534504e-02
-3.264986252097001884e-02
-3.268175995437083703e-02
-3.271322571696766435e-02
-3.274418249190891306e-02
-3.277595812873757009e-02
-3.280724981239957483e-02
-3.283805900885372608e-02
-3.286971895942747413e-02
-3.290109318135736594e-02
-3.293182099609670566e-02
-3.296320788452866690e-02
-3.299458081187989222e-02
-3.302529682897514807e-02
-3.305662862488323306e-02
-3.308795161923161476e-02
-3.311864481119819459e-02
-3.315000051521288515e-02
-3.318152873831503591e-02
-3.321222654621769355e-02
-3.324341862054336350e-02
-3.327505794313601051e-02
-3.330580079501377355e-02
-3.333699217947438953e-02
-3.336863892191166414e-02
-3.339940518372452871e-02
-3.343067523790010931e-02
-3.346263770009838545e-02
-3.349346568115163514e-02
-3.352466145363330874e-02
-3.355686445789785033e-02
-3.358779278821577563e-02
-3.361903562160017955e-02
-3.365134686374660067e-02
-3.368234822654347926e-02
-3.371373213659845103e-02
-3.374654374187435746e-02
-3.377767556028721252e-02
-3.380907650069286952e-02
-3.384237691016245275e-02
-3.387368335354912219e-02
-3.390520134661179075e-02
-3.393886719629124471e-02
-3.397030885137630740e-02
-3.400202754065551058e-02
-3.403666907850877443e-02
-3.406830752238498849e-02
-3.410012633467818244e-02
-3.413603429975808901e-02
-3.416789660587660205e-02
-3.419985609923714698e-02
-3.423760720207946751e-02
-3.426958681085734426e-02
-3.430170977801361154e-02
-3.434555364459013216e-02
-3.437765996907637955e-02
-3.440981898549633211e-02
-3.445710410454982942e-02
-3.448939210961088353e-02
-3.452162679956105595e-02
-3.456015431743686417e-02
-3.459255244643344440e-02
-3.462496614960253183e-02
-3.466153268174598789e-02
-3.469420949170787249e-02
-3.472689026812547652e-02
-3.476261408842207246e-02
-3.479589122186543815e-02
-3.482925059416264180e-02
-3.486509404034177084e-02
-3.489962545707481212e-02
-3.493465289556729747e-02
-3.497169628815466336e-02
-3.500639984171693975e-02
-3.504006315159491347e-02
-3.507470752832131389e-02
-3.510788040207790672e-02
-3.514041689523550449e-02
-3.517390213669346899e-02
-3.520651248950790180e-02
-3.523868467602753185e-02
-3.527186116497482704e-02
-3.530429563169534823e-02
-3.533625144473406809e-02
-3.536909429376133840e-02
-3.540161341164094200e-02
-3.543346894700960537e-02
-3.546594890099086239e-02
-3.549837767200603178e-02
-3.553019892852049555e-02
-3.556267842735572060e-02
-3.559516775057125493e-02
-3.562695315539332608e-02
-3.565933941278842667e-02
-3.569215499740585607e-02
-3.572398675257448808e-02
-3.575620533134993284e-02
-3.578911364087422609e-02
-3.582102422054411761e-02
-3.585336295975982690e-02
-3.588652699985095396e-02
-3.591853457007754269e-02
-3.595099571222337698e-02
-3.598498894263657544e-02
-3.601764502551541014e-02
-3.605022337560248591e-02
-3.608452766645886545e-02
-3.611682441681707267e-02
-3.614932384715285885e-02
-3.618423079352361960e-02
-3.621653833161897484e-02
-3.624906803930216803e-02
-3.628582998836593632e-02
-3.631828988467133978e-02
-3.635078728242613355e-02
-3.639120166687603852e-02
-3.642377262768914381e-02
-3.645642415116101542e-02
-3.650553775457632266e-02
-3.653824861683740988e-02
-3.657103676402417847e-02
-3.660969400495672765e-02
-3.664270206120179285e-02
-3.667559753747373641e-02
-3.671164749468969202e-02
-3.674490725605694674e-02
-3.677808807582372275e-02
-3.681354711317885720e-02
-3.684708051686003127e-02
-3.688059370453666830e-02
-3.691604834761119669e-02
-3.695022961927785232e-02
-3.698425652928494234e-02
-3.701977334220263316e-02
-3.705498719387467776e-02
-3.709057218199063310e-02
-3.712839741961138085e-02
-3.716508977102450650e-02
-3.720032891881352999e-02
-3.723596797081529797e-02
-3.727138101568805428e-02
-3.730590162784408470e-02
-3.734083664632914523e-02
-3.737639151010319072e-02
-3.741095976229258380e-02
-3.744590026258987070e-02
-3.748181893592028580e-02
-3.751654485430566677e-02
-3.755170241259431219e-02
-3.758903348173336934e-02
-3.762405244186228792e-02
-3.765923335189425014e-02
-3.769916163196396219e-02
-3.773446373492261863e-02
-3.776981718099747809e-02
-3.782110060284926689e-02
-3.785652073578393839e-02
-3.789200232532785595e-02
-3.793138119631778160e-02
-3.796701356380560721e-02
-3.800244020631293740e-02
-3.803974321559211447e-02
-3.807554129667467535e-02
-3.811100074676365690e-02
-3.814759781517218507e-02
-3.818338575104007759e-02
-3.821887175262927983e-02
-3.825535162080540008e-02
-3.829148782814273400e-02
-3.832700346240058842e-02
-3.836312287153909040e-02
-3.839967500092522634e-02
-3.843534335228093735e-02
-3.847141344786009221e-02
-3.850826644717997294e-02
-3.854408665833197745e-02
-3.858036045400559111e-02
-3.861838336895617729e-02
-3.865448457397746562e-02
-3.869084100446895658e-02
-3.873118370373163089e-02
-3.876775418843514398e-02
-3.880450059101048232e-02
-3.886057242182605620e-02
-3.889771187441326550e-02
-3.893503113770246937e-02
-3.897652718836985830e-02
-3.901395067168667019e-02
-3.905118903872462077e-02
-3.909034923976728582e-02
-3.912801429737433612e-02
-3.916538712378148102e-02
-3.920391429071889977e-02
-3.924179508645164738e-02
-3.927940343445623927e-02
-3.931799039608430135e-02
-3.935641583688143097e-02
-3.939424947330261162e-02
-3.943270068224835612e-02
-3.947176303519206453e-02
-3.950985890642688680e-02
-3.954831642804235159e-02
-3.958786787121815198e-02
-3.962611124897130743e-02
-3.966469397094041227e-02
-3.970569013433611349e-02
-3.974407930624745955e-02
-3.978260058416749345e-02
-3.982905474875342300e-02
-3.986761678716588264e-02
-3.990615437000011312e-02
-3.995012578700551931e-02
-3.998879979615355129e-02
-4.002743447294720980e-02
-4.006846485471049490e-02
-4.010736030823025544e-02
-4.014604334117877205e-02
-4.018611231454038979e-02
-4.022536333614923354e-02
-4.026419330603525637e-02
-4.030386524932039194e-02
-4.034337815747113254e-02
-4.038241064766612265e-02
-4.042215312382224646e-02
-4.046224125843211894e-02
-4.050152494476111364e-02
-4.054132411026734051e-02
-4.058237762475291888e-02
-4.062199272557054375e-02
-4.066188715113228103e-02
-4.070417726169284212e-02
-4.074417585158740529e-02
-4.078449752099200243e-02
-4.083258095715402991e-02
-4.087322844540974831e-02
-4.091420712701543394e-02
-4.096105268687799672e-02
-4.100309834312676482e-02
-4.104578769386468817e-02
-4.109217204613646590e-02
-4.114162476283911296e-02
-4.119628998895297212e-02
-4.124234483611111113e-02
-4.128542204873797417e-02
-4.132737053819668382e-02
-4.136958063280515852e-02
-4.141176655608969082e-02
-4.145289305057953122e-02
-4.149418249130198966e-02
-4.153785292607981017e-02
-4.157886653897346907e-02
-4.161988603160815536e-02
-4.166499942655887967e-02
-4.170616447252906145e-02
-4.174719344746247174e-02
-4.178940791902363561e-02
-4.183105920100904651e-02
-4.187222951843427854e-02
-4.191393751280803048e-02
-4.195660356029540239e-02
-4.199808798171800195e-02
-4.203983185632098607e-02
-4.208794226104894953e-02
-4.212988604616685340e-02
-4.217201006752935299e-02
-4.221651928643099794e-02
-4.225944967326944468e-02
-4.230249426357657327e-02
-4.234714761735003385e-02
-4.239439944145506622e-02
-4.243913408983779334e-02
-4.248360805870332602e-02
-4.252955983848971666e-02
-4.257461709569831942e-02
-4.262159239884844020e-02
-4.269416551017057859e-02
-4.274154550549646991e-02
-4.278776337623468873e-02
-4.283460610261513590e-02
-4.288033911485045202e-02
-4.292524670074149284e-02
-4.297047414138310817e-02
-4.301692736296569564e-02
-4.306197147635082434e-02
-4.310666609968605290e-02
-4.315878665794825597e-02
-4.320263532202062162e-02
-4.324597173801980610e-02
-4.329008697356273583e-02
-4.333366630860124857e-02
-4.337661953567795159e-02
-4.341988939399499259e-02
-4.346432136078293151e-02
-4.350700228864057273e-02
-4.354967351926508634e-02
-4.359724996297886790e-02
-4.363980894043184566e-02
-4.368192591116426549e-02
-4.372471180334647212e-02
-4.376707750898578553e-02
-4.380876974879777119e-02
-4.385075781237046666e-02
-4.389452047341280139e-02
-4.393601959896920039e-02
-4.397747574986032859e-02
-4.402213765158979886e-02
-4.406380344138172145e-02
-4.410524201164833791e-02
-4.414753126322323862e-02
-4.418980072099121248e-02
-4.423146627770724315e-02
-4.427353015329138497e-02
-4.431843457128414876e-02
-4.436059930611713220e-02
-4.440301196581009080e-02
-4.444806071629647803e-02
-4.449160834317689162e-02
-4.453514083784959610e-02
-4.457910434574718916e-02
-4.462289991167467385e-02
-4.466514007945354692e-02
-4.470709519712834368e-02
-4.476999159862815603e-02
-4.481129645628278979e-02
-4.485214467550979744e-02
-4.489370969038508630e-02
-4.493480975717367709e-02
-4.497517609940837602e-02
-4.501573215960996688e-02
-4.505873613443323045e-02
-4.509877750498803017e-02
-4.513869669470460533e-02
-4.518031874451289287e-02
-4.522042596003972292e-02
-4.525995904621271659e-02
-4.529979599014855030e-02
-4.534046677946135251e-02
-4.537975658986137528e-02
-4.541909438610947092e-02
-4.546284239098075108e-02
-4.550210154270450946e-02
-4.554104423807425750e-02
-4.558066824760187430e-02
-4.562044261504549780e-02
-4.565925278741311821e-02
-4.569816659860947983e-02
-4.574406489556492872e-02
-4.578283139279859526e-02
-4.582154492840162519e-02
-4.586152188441505739e-02
-4.590074495655271924e-02
-4.593940679596630883e-02
-4.597842523312367646e-02
-4.601962124436209667e-02
-4.605854061962533219e-02
-4.609742078334400084e-02
-4.613823986716447667e-02
-4.617713435996761984e-02
-4.621561058001100175e-02
-4.625458161327067330e-02
-4.629420217465984866e-02
-4.633241234237117645e-02
-4.637060838941042817e-02
-4.641451580402289334e-02
-4.645278526700180599e-02
-4.649079459060612152e-02
-4.652956582670242369e-02
-4.656823474927784812e-02
-4.660619919804498412e-02
-4.664446679186862177e-02
-4.668893815520702706e-02
-4.672715290829454471e-02
-4.676523296927870277e-02
-4.680445490071016845e-02
-4.684310953790038479e-02
-4.688128973631566776e-02
-4.691987543907993885e-02
-4.696031528423161294e-02
-4.699865938430480838e-02
-4.703709303544445497e-02
-4.707776124115381489e-02
-4.711660726508548613e-02
-4.715501456156756532e-02
-4.719384856810970863e-02
-4.723349480779237552e-02
-4.727190174002648959e-02
-4.731040000768138576e-02
-4.735394112356461349e-02
-4.739236706570182367e-02
-4.743052720941487443e-02
-4.746943176225093541e-02
-4.750846697091137827e-02
-4.754646988799893226e-02
-4.758451969118226987e-02
-4.763153686714627355e-02
-4.766946096846902403e-02
-4.770729324619227274e-02
-4.774626388087110929e-02
-4.778456720557222592e-02
-4.782227626680635169e-02
-4.786031765315523767e-02
-4.790123860787831589e-02
-4.793916536321751742e-02
-4.797702428018546517e-02
-4.801645757872430309e-02
-4.805478811977370590e-02
-4.809290008050381982e-02
-4.813169476425971371e-02
-4.817182727398838793e-02
-4.821049794839016300e-02
-4.824930668742055673e-02
-4.829114270830736633e-02
-4.832990379015889015e-02
-4.836801565630066690e-02
-4.840643037421321626e-02
-4.844500285886754742e-02
-4.848256507820680739e-02
-4.852027851432416661e-02
-4.857057169417589026e-02
-4.860814467323248955e-02
-4.864541472917693898e-02
-4.868346648749377614e-02
-4.872152205743041087e-02
-4.875876378212506967e-02
-4.879617283956905194e-02
-4.883827788093852984e-02
-4.887552502525072118e-02
-4.891279930456826630e-02
-4.895149416956345867e-02
-4.898935844890395241e-02
-4.902658222054778747e-02
-4.906407832501635813e-02
-4.910394214973812232e-02
-4.914138099773113222e-02
-4.917882445210985942e-02
-4.921806627720304306e-02
-4.925581575507043119e-02
-4.929332167925482011e-02
-4.933145880120304305e-02
-4.937092744659921095e-02
-4.940867202365495370e-02
-4.944641849705500025e-02
-4.948698432377518497e-02
-4.952514895213200319e-02
-4.956312303617693704e-02
-4.960181369695526588e-02
-4.964095774030219399e-02
-4.967926151018031700e-02
-4.971795689848657052e-02
-4.976423958755160637e-02
-4.980351321999954006e-02
-4.984268857429052790e-02
-4.988270874706046687e-02
-4.992294042070155591e-02
-4.996234275617161824e-02
-5.000197149468788016e-02
-5.005115265393256241e-02
-5.009068906570413038e-02
-5.013024842003477310e-02
-5.017106139038995938e-02
-5.021157439673495926e-02
-5.025132938183829445e-02
-5.029123320251560614e-02
-5.033408887496326756e-02
-5.037379981947387453e-02
-5.041347750276203854e-02
-5.045468197920244258e-02
-5.049454898255212321e-02
-5.053389055351587000e-02
-5.057360110143838128e-02
-5.061529242374918081e-02
-5.065466627553183443e-02
-5.069389589905770599e-02
-5.073496957778145244e-02
-5.077442195030779093e-02
-5.081363807082317496e-02
-5.085349884108780749e-02
-5.089419441050624382e-02
-5.093339853440881360e-02
-5.097258109829805317e-02
-5.101509759555322709e-02
-5.105440278015993538e-02
-5.109322001881799746e-02
-5.113245198776905642e-02
-5.117207265664913685e-02
-5.121077437235499463e-02
-5.124972668616722959e-02
-5.129598291244741315e-02
-5.133499425186638376e-02
-5.137381792357242905e-02
-5.141350603549577070e-02
-5.145372856483110269e-02
-5.149326778118812342e-02
-5.153324311913409783e-02
-5.159300572348735070e-02
-5.163229236185395976e-02
-5.167122669234724963e-02
-5.171108898768650430e-02
-5.175050144659609774e-02
-5.178911109033357274e-02
-5.182797537672056976e-02
-5.187455767395221518e-02
-5.191367225523013662e-02
-5.195270859463441138e-02
-5.199269474823786652e-02
-5.203228399011994298e-02
-5.207135243903648902e-02
-5.211081761129043866e-02
-5.215432053594837303e-02
-5.219353366178003384e-02
-5.223273030899644453e-02
-5.227328617135929001e-02
-5.231339079546826198e-02
-5.235285727388205856e-02
-5.239259269570772926e-02
-5.243494959642214237e-02
-5.247478270927496968e-02
-5.251482083756220387e-02
-5.255667124438623272e-02
-5.259729029724080629e-02
-5.263756230431360095e-02
-5.267838328251495117e-02
-5.272180194959319444e-02
-5.276272252272129482e-02
-5.280361113864984191e-02
-5.284610397494438061e-02
-5.288756810494488203e-02
-5.292888232109005386e-02
-5.297088856904363929e-02
-5.301433388535026214e-02
-5.305598805794342621e-02
-5.309777460998799103e-02
-5.314183712958753247e-02
-5.318430833823206694e-02
-5.322626577598943420e-02
-5.326855091572613166e-02
-5.331192587777977554e-02
-5.335398723931483733e-02
-5.339624408101673048e-02
-5.344138959432864766e-02
-5.348373716621557250e-02
-5.352570369790232707e-02
-5.356816790302998399e-02
-5.361198621335716563e-02
-5.365408731197407466e-02
-5.369609575812628322e-02
-5.374068552568689316e-02
-5.378289932555213593e-02
-5.382508876069236337e-02
-5.386827481519995686e-02
-5.391242814092900293e-02
-5.395538325728732598e-02
-5.399779314552399789e-02
-5.404279114138177409e-02
-5.408448279328792463e-02
-5.412545659256107200e-02
-5.416682517493354165e-02
-5.420787205946908660e-02
-5.424817418214533671e-02
-5.428879636487060623e-02
-5.433294948514266753e-02
-5.437303147721861407e-02
-5.441281101728401293e-02
-5.445433397877341708e-02
-5.449428165797498558e-02
-5.453379411075920391e-02
-5.457386467239833117e-02
-5.461401322287673388e-02
-5.465318131406138313e-02
-5.469259043364127493e-02
-5.474050774144467724e-02
-5.477973743863973066e-02
-5.481863410092813194e-02
-5.485866060483390871e-02
-5.489780315746817241e-02
-5.493656656751400025e-02
-5.497591669450885288e-02
-5.501603069026750337e-02
-5.505467967342825286e-02
-5.509343982201997392e-02
-5.514203359620462042e-02
-5.518100602685116485e-02
-5.521970595901115608e-02
-5.525937242824685569e-02
-5.529863126590361944e-02
-5.533740238355422392e-02
-5.537663524588487540e-02
-5.541767287467724845e-02
-5.545640315950917110e-02
-5.549510359775000623e-02
-5.553712044246916779e-02
-5.557619089523446743e-02
-5.561499569844174928e-02
-5.565460517170128796e-02
-5.569414933528538114e-02
-5.573308128851195420e-02
-5.577245349056525470e-02
-5.581573031657127704e-02
-5.585492369128841617e-02
-5.589395670282071293e-02
-5.593474688486765878e-02
-5.597414888775420483e-02
-5.601322955148846372e-02
-5.605298141126535683e-02
-5.609318792710082935e-02
-5.613238347098470360e-02
-5.617189342465900292e-02
-5.622777685490654154e-02
-5.626752658517097938e-02
-5.630718537157974879e-02
-5.634811888351121123e-02
-5.638856909095424363e-02
-5.642879395104971607e-02
-5.646975124287090253e-02
-5.651228072414582471e-02
-5.655317314340502222e-02
-5.659426499179931458e-02
-5.663979999454049619e-02
-5.668124352242387420e-02
-5.672240776324888323e-02
-5.676443581966028606e-02
-5.680651550180237930e-02
-5.684830883104763366e-02
-5.689127779099323323e-02
-5.693889454165068642e-02
-5.698244830396603788e-02
-5.702416493025508348e-02
-5.706777740856117109e-02
-5.710863417992295687e-02
-5.714892142258776175e-02
-5.718989236162452805e-02
-5.723077388953801137e-02
-5.727126975813745524e-02
-5.731268213145546131e-02
-5.735623525647226550e-02
-5.739654350958456330e-02
-5.743650823387180804e-02
-5.747954103398900116e-02
-5.751946890588155448e-02
-5.755903200162149069e-02
-5.759939404312353073e-02
-5.763945570311490574e-02
-5.767880821962123594e-02
-5.771853666204374012e-02
-5.776072329175474529e-02
-5.780008075517939492e-02
-5.783932605429820129e-02
-5.788165314281323859e-02
-5.792112408825722536e-02
-5.796033627043328806e-02
-5.800032672343380380e-02
-5.803999575597118543e-02
-5.807891576105417286e-02
-5.811823425435258539e-02
-5.816026882456082348e-02
-5.820056961444008969e-02
-5.823973542150850946e-02
-5.828203461382130968e-02
-5.832151776759675332e-02
-5.836136441762485028e-02
-5.841407376929252937e-02
-5.845476409411487495e-02
-5.849398024410235042e-02
-5.853324473380216997e-02
-5.857575518924829083e-02
-5.861465913774499548e-02
-5.865340095370885631e-02
-5.869397463748260435e-02
-5.873299673596998893e-02
-5.877173399910506912e-02
-5.881116131728969521e-02
-5.885118876142469979e-02
-5.888994329594621213e-02
-5.892881189905618822e-02
-5.898257533033202105e-02
-5.902161850897447160e-02
-5.906040318065974848e-02
-5.910016971300002808e-02
-5.913959977499172460e-02
-5.917857458741715426e-02
-5.921808331412148352e-02
-5.925994969140968571e-02
-5.929925320479456641e-02
-5.933864210841921505e-02
-5.938055104970207942e-02
-5.942055905735310617e-02
-5.946022768951386706e-02
-5.950052924321402870e-02
-5.954146828162132365e-02
-5.958159761459880244e-02
-5.962218788127215952e-02
-5.968589079105157680e-02
-5.972678120785834821e-02
-5.976769968614070727e-02
-5.980996938885818626e-02
-5.985214221684020952e-02
-5.989381755347900071e-02
-5.993599346247024950e-02
-5.998038907089675575e-02
-6.002287511991277746e-02
-6.006577915032262904e-02
-6.011165474589963420e-02
-6.015528141893311531e-02
-6.019867605291728818e-02
-6.024279789984787747e-02
-6.028785385175183809e-02
-6.033172911890982704e-02
-6.037569885012572524e-02
-6.043596543039919666e-02
-6.047969710456302384e-02
-6.052322677226062986e-02
-6.056785429934519183e-02
-6.061174708334104988e-02
-6.065457587324518673e-02
-6.069736644059320341e-02
-6.074224777698977729e-02
-6.078441565493397647e-02
-6.082638481120861140e-02
-6.087044686274944993e-02
-6.091213995672684067e-02
-6.095329564176343862e-02
-6.099490893889536469e-02
-6.103728569564836892e-02
-6.107802494980119068e-02
-6.111863222666558126e-02
-6.116804334015624178e-02
-6.120851624369716415e-02
-6.124885784085454254e-02
-6.129050558120763270e-02
-6.133168024351765002e-02
-6.137180794269925244e-02
-6.141216045063080387e-02
-6.145583777996654895e-02
-6.149625674840952794e-02
-6.153735074269095495e-02
-6.157960009121421496e-02
-6.161989479313911833e-02
-6.165977097000374663e-02
-6.170029764445772447e-02
-6.174144597648845156e-02
-6.178120233769579528e-02
-6.182103334031741060e-02
-6.187909485674281118e-02
-6.191905306573464163e-02
-6.195880667865105718e-02
-6.199966659489097864e-02
-6.203996325869431949e-02
-6.207982682339674430e-02
-6.212036788954033995e-02
-6.216303336850348416e-02
-6.220293284343281215e-02
-6.224268236614138861e-02
-6.228502334186969414e-02
-6.232497150999460889e-02
-6.236456607920703998e-02
-6.240483505029659206e-02
-6.244529542334853467e-02
-6.248476755592813348e-02
-6.252446191254290575e-02
-6.257386501638295684e-02
-6.261341568653022716e-02
-6.265272778451358437e-02
-6.269324296932365925e-02
-6.273295346360996394e-02
-6.277210088103246655e-02
-6.281166227763623766e-02
-6.285260843359230520e-02
-6.289163658900320808e-02
-6.293070034466696772e-02
-6.297354486816464370e-02
-6.301276401044908493e-02
-6.305159063383669604e-02
-6.309110166114273444e-02
-6.313074373582705512e-02
-6.316951650454649680e-02
-6.320857106237365297e-02
-6.325348088256288470e-02
-6.329238487796784440e-02
-6.333122009225500282e-02
-6.337158294861466867e-02
-6.341096219627406771e-02
-6.344973726934211022e-02
-6.348886006398357651e-02
-6.352917039851579961e-02
-6.356776598471258755e-02
-6.360642091058477110e-02
-6.364948251275326374e-02
-6.368817684860905715e-02
-6.372654089637130870e-02
-6.376569240290086427e-02
-6.380494560942229221e-02
-6.384327371383013983e-02
-6.388181887579980067e-02
-6.392519401346419272e-02
-6.396359249570993111e-02
-6.400196026807225547e-02
-6.404201218079996760e-02
-6.408085554178410970e-02
-6.411918805318139736e-02
-6.415800087718859235e-02
-6.419813462074674959e-02
-6.423661271407377082e-02
-6.427519217591814993e-02
-6.431838865545869144e-02
-6.435716083257914111e-02
-6.439574644024426142e-02
-6.443527078795141527e-02
-6.447485783743844845e-02
-6.451359127817879457e-02
-6.455260588484268425e-02
-6.459682057051607806e-02
-6.463581845610266718e-02
-6.467475944082623496e-02
-6.471526353566925405e-02
-6.475468478704571318e-02
-6.479364780965901627e-02
-6.483313002474488940e-02
-6.487399372860958024e-02
-6.491308503146930864e-02
-6.495225841125129573e-02
-6.499543369349702893e-02
-6.503489131652029354e-02
-6.507409769590111193e-02
-6.511413459010650939e-02
-6.515438598609357701e-02
-6.519380725223189454e-02
-6.523355191741664338e-02
-6.528063815400986236e-02
-6.532039923059351771e-02
-6.536013654097527770e-02
-6.540136639887539349e-02
-6.544193035001300007e-02
-6.548209839469798510e-02
-6.552290719909636962e-02
-6.556571462260729621e-02
-6.560716187345483341e-02
-6.565018330602756524e-02
-6.569721213434520646e-02
-6.573973549646494607e-02
-6.578162339079207666e-02
-6.582429891159691238e-02
-6.586808444866154577e-02
-6.591137159138971136e-02
-6.595608607296643555e-02
-6.601272008691305704e-02
-6.605935135284979332e-02
-6.610435065316244696e-02
-6.614953057140138259e-02
-6.619404979124743349e-02
-6.623747524458101221e-02
-6.628107485613454752e-02
-6.632845268660436666e-02
-6.637225971139226743e-02
-6.641632169677502695e-02
-6.646259701806189746e-02
-6.650775684858900583e-02
-6.655310907808920096e-02
-6.659974020057723987e-02
-6.664847463830803065e-02
-6.669633521732032388e-02
-6.674522514368330661e-02
-6.679998802741060615e-02
-6.685131081360118355e-02
-6.690364410307991783e-02
-6.695792594817651100e-02
-6.701242078807922997e-02
-6.706602109610582119e-02
-6.711932399965903073e-02
-6.717578700351867216e-02
-6.722703460263712572e-02
-6.727710452917146089e-02
-6.732751189115293577e-02
-6.735185622438133457e-02
