5.163741933253954697e-01
5.213550450269667236e-01
5.187566208600677964e-01
5.165327484777970657e-01
5.217358277501041863e-01
5.189010564668822267e-01
5.167778897122601300e-01
5.221915364984589525e-01
5.191201023459268704e-01
5.171286018845981935e-01
5.227723035273553753e-01
5.194786390479415594e-01
5.175867485717444705e-01
5.234413283045882270e-01
5.199012617379317192e-01
5.181309375215584767e-01
5.241955901859034483e-01
5.204057583016775679e-01
5.186913703101476703e-01
5.249391686530399115e-01
5.208889014211441904e-01
5.192514727562732579e-01
5.257069773495846032e-01
5.214660391310397269e-01
5.200950775465025266e-01
5.269507898205356700e-01
5.218178114803994072e-01
5.200381610372215579e-01
5.266828174858347866e-01
5.217102555873783798e-01
5.201124734698644447e-01
5.270411977186979513e-01
5.218724505110338141e-01
5.203797143967392458e-01
5.275439988599235352e-01
5.221729775318852962e-01
5.207659553965287014e-01
5.281703237606324430e-01
5.225975593223796123e-01
5.212880291332055993e-01
5.289156341841930731e-01
5.231476764165349236e-01
5.219009334687686463e-01
5.297194811630233646e-01
5.237287867319564416e-01
5.225534012981701837e-01
5.305917948340191925e-01
5.244482456648217328e-01
5.233620193939562126e-01
5.316189003188726003e-01
5.253216926260535491e-01
5.243416631060613398e-01
5.328191306876514099e-01
5.264338926788849626e-01
5.256257404216151397e-01
5.344266547048058813e-01
5.282077972882684991e-01
5.280198926144878957e-01
5.381413282230868012e-01
5.377115053670036282e-01
5.362794885343857842e-01
5.400478393888137330e-01
5.303386299016045191e-01
5.288896851125919341e-01
5.403330202544674998e-01
5.295107683019930622e-01
5.286501149810961531e-01
5.431955647722530589e-01
5.294360199279892765e-01
5.290115810017835818e-01
5.482592397516080629e-01
5.299460054480457094e-01
5.298057658209098797e-01
5.571909481409347276e-01
5.307351307124168471e-01
5.309081289887297439e-01
5.776668944826268692e-01
5.323872622208447591e-01
5.321368967613816503e-01
6.144288785790059659e-01
5.325379940852493776e-01
5.329270341722412985e-01
5.744053756462835780e-01
5.334350570938453107e-01
5.340640704100890757e-01
5.605910117603126741e-01
5.346369305855889209e-01
5.355378880128351948e-01
5.551271463730824696e-01
5.362170053107848666e-01
5.373257525060288753e-01
5.527274199454844661e-01
5.380017912399437385e-01
5.393605541155808147e-01
5.520118324671063892e-01
5.401997638516468081e-01
5.419062836141107509e-01
5.528303057266147347e-01
5.437709401317886160e-01
5.472202008282307517e-01
5.571155415640720587e-01
5.467165356277134958e-01
5.472219780660458888e-01
5.547266925164090479e-01
5.467690524404003050e-01
5.484675897435716818e-01
5.553508484235996079e-01
5.486477235563377297e-01
5.505825552184676619e-01
5.565434340538448765e-01
5.505280826469284294e-01
5.524315561531253360e-01
5.574092468435875025e-01
5.519181198156948298e-01
5.538705906695391423e-01
5.581095304342078567e-01
5.532327315248581900e-01
5.554101648639564459e-01
5.591301989372831072e-01
5.549334780809519474e-01
5.574855618805975022e-01
5.608664406644987555e-01
5.571368294362374352e-01
5.595594775866884474e-01
5.619631004590147638e-01
5.583791705678593509e-01
5.607673129169248316e-01
5.622309979402834168e-01
5.584471442740543967e-01
5.605491849178653174e-01
5.613892723882462077e-01
5.578701058780264344e-01
5.603320746852132883e-01
5.610429960627683066e-01
5.580762095520978017e-01
5.609224211974326302e-01
5.614598705277238366e-01
5.590400124951023786e-01
5.617139558484131046e-01
5.612226618407426537e-01
5.582676399598640593e-01
5.611040219044431954e-01
5.602838356157936461e-01
5.574243299592471779e-01
5.604206337989429132e-01
5.591231374054373982e-01
5.563963373798936907e-01
5.596503569496878994e-01
5.579742054553405994e-01
5.554443753089312041e-01
5.590198880546873861e-01
5.570257733615496809e-01
5.547223175673902107e-01
5.586867649711374506e-01
5.563086111914665732e-01
5.542016766165145381e-01
5.585338524784132508e-01
5.558801314867538590e-01
5.540500542893426195e-01
5.588436035175926575e-01
5.558879010741953897e-01
5.542912847078580452e-01
5.595231161822151744e-01
5.562655027109024708e-01
5.548904585175502557e-01
5.604909595547934442e-01
5.567025742385359743e-01
5.554926788177271257e-01
5.616093095262733037e-01
5.575034716812905522e-01
5.565686456123455361e-01
5.632733482481346865e-01
5.588705744205073600e-01
5.582943253919852022e-01
5.657594966254820834e-01
5.613538773061428344e-01
5.616603802995790984e-01
5.706227032237068952e-01
5.676472306698459036e-01
5.718390989158417259e-01
5.904499273497586520e-01
6.136941787797461911e-01
5.892919922308956782e-01
5.792477304522374304e-01
5.703694650370140229e-01
5.656749223234083246e-01
5.674405919117776476e-01
5.651596203977790056e-01
5.620456744414512595e-01
5.641318303893751995e-01
5.645395422586938494e-01
5.610270934480628968e-01
5.627745623520852281e-01
5.656039376400996410e-01
5.610211273070008220e-01
5.625104266936165054e-01
5.684898735830067329e-01
5.619740876797199025e-01
5.632968103034593499e-01
5.747566887112177669e-01
5.640374668900983712e-01
5.657646075471840508e-01
6.001435640038081942e-01
5.745542118691916444e-01
5.668331735357219348e-01
5.949185434248942528e-01
5.651888160250803095e-01
5.647051304127436167e-01
5.768617153739873382e-01
5.654418306142890982e-01
5.648316633528339681e-01
5.722760994071942608e-01
5.663151490949530631e-01
5.655592254654866480e-01
5.720520713219944264e-01
5.676227029607288088e-01
5.658140807724089116e-01
5.694264755410959333e-01
5.684305972970015164e-01
5.662847802108612605e-01
5.690095913828348007e-01
5.700086278416626184e-01
5.670451950474272307e-01
5.691529385164845189e-01
5.722494464223738531e-01
5.681002488664367300e-01
5.698842359695653892e-01
5.756073725247324857e-01
5.692128048845160881e-01
5.704234777261575351e-01
5.816356614942200798e-01
5.704629770626329366e-01
5.710607927967698005e-01
6.010894235764550064e-01
5.716162268074949093e-01
5.721368434278266690e-01
5.969042504153601048e-01
5.739323615090521358e-01
5.746283195978243441e-01
5.859540117642815238e-01
5.831182769502528673e-01
5.786855234336759635e-01
5.859116354910037794e-01
5.829860948269420806e-01
5.836301188981946053e-01
5.890036919459447073e-01
5.878234793422181248e-01
5.859879414471934611e-01
5.877116839630992517e-01
5.856670918748694277e-01
5.809597846635409235e-01
5.807915485064550909e-01
5.801640603808599916e-01
5.747055280635642305e-01
5.745740523163970215e-01
5.768442859621476515e-01
5.703963544155394860e-01
5.703354186028773976e-01
5.766064441711880040e-01
5.675812146782600598e-01
5.674677974123204516e-01
5.818358515264292485e-01
5.658183296808608764e-01
5.655584809376369426e-01
6.326251464933476676e-01
5.647924668159647332e-01
5.643377068366858262e-01
5.804009939661650685e-01
5.643771705685701745e-01
5.636609403265334661e-01
5.719812364193990195e-01
5.645263422202190240e-01
5.635062702002042734e-01
5.689317261852683272e-01
5.653040624099805456e-01
5.639389836550183777e-01
5.679202453863616551e-01
5.669246088990982368e-01
5.652226501132276981e-01
5.685483376519765431e-01
5.701520342384461815e-01
5.685022019667919091e-01
5.727451274450199303e-01
5.802494578882861909e-01
5.839515596875894943e-01
5.794419899967602205e-01
5.800411357901527065e-01
5.706929187734287590e-01
5.704804441684364624e-01
5.845328949058823387e-01
5.719759527349457251e-01
5.832046827462286087e-01
6.368179536237718041e-01
5.700056498610347466e-01
5.692950458389687274e-01
5.837855198756615183e-01
5.746761124073478388e-01
5.690595318033538907e-01
5.752701941881788184e-01
5.668142316258781843e-01
5.649882087039013179e-01
5.704089562562257854e-01
5.654263629905442734e-01
5.637615473024932822e-01
5.680328009923274468e-01
5.651933551016187218e-01
5.632584185946716282e-01
5.667162751889820438e-01
5.656532221661763060e-01
5.635028955732813705e-01
5.661636967303672607e-01
5.665660701403346655e-01
5.647991059382556633e-01
5.664985612961469519e-01
5.670525737907933239e-01
5.629312504384437199e-01
5.644666611805377876e-01
5.675796889383790678e-01
5.626313403755809350e-01
5.639221801571746573e-01
5.690553814238611396e-01
5.624969064115372674e-01
5.633851800739915205e-01
5.714730671331564871e-01
5.623647856869403716e-01
5.628741622068998973e-01
5.764287810449638672e-01
5.620862379308156909e-01
5.623313290470292047e-01
5.921283898833472614e-01
5.619163642567984729e-01
5.618555168544029366e-01
6.042219102130355068e-01
5.617376311482170648e-01
5.613644935772820199e-01
5.774131788746473815e-01
5.616244294744191512e-01
5.609744748475135045e-01
5.706678437623664557e-01
5.616580567236308941e-01
5.607291646759203774e-01
5.674709044581153217e-01
5.618995454669226675e-01
5.605963410850069994e-01
5.655628184293203242e-01
5.622571593126215461e-01
5.606144794963441313e-01
5.645121197299010074e-01
5.630181538314047440e-01
5.609381237225746775e-01
5.639493158795492178e-01
5.637601705122460283e-01
5.608120089719832446e-01
5.630174227403648146e-01
5.644085072827631500e-01
5.607634287150333741e-01
5.626268651745651717e-01
5.658729016600088091e-01
5.613059079421890418e-01
5.629766172014888381e-01
5.687625290500645248e-01
5.630960532200333102e-01
5.654260304314897567e-01
5.762357467651789689e-01
5.685236676655169852e-01
5.671178410417970772e-01
5.772656943830971610e-01
5.639293102627539467e-01
5.640161958841646284e-01
5.854009420061128122e-01
5.639325935560708380e-01
5.645727159158447916e-01
6.332188474059164962e-01
5.663698745574620164e-01
5.676611248885958805e-01
5.937659822055462167e-01
5.705197299126407717e-01
5.700582399883462603e-01
5.812239072008100749e-01
5.678434726933336840e-01
5.656960282615141056e-01
5.724359182734446438e-01
5.644820987032105331e-01
5.626464925321293942e-01
5.677856963018554914e-01
5.629324957525703166e-01
5.610622479602574986e-01
5.650641472161649359e-01
5.623933988782119364e-01
5.602734065293331067e-01
5.634543775555906908e-01
5.625445349424255115e-01
5.599842815034643539e-01
5.626079643807865294e-01
5.633645804387200640e-01
5.602356477169341264e-01
5.623376812887175280e-01
5.647422371331177748e-01
5.605346727260152040e-01
5.620664120006899633e-01
5.663707187177950964e-01
5.607370581946350407e-01
5.619297371147669029e-01
5.691567302367803727e-01
5.612293175185749661e-01
5.620689982075515179e-01
5.743881607192562466e-01
5.618785338833025556e-01
5.625760884907972104e-01
5.911216309422709925e-01
5.633122943275706840e-01
5.640704214484117962e-01
6.034173375336033818e-01
5.665339185736081307e-01
5.683877099556997603e-01
5.854602276701218466e-01
5.779217687022581984e-01
5.814663140138548458e-01
5.856659839327709172e-01
5.723403129421903435e-01
5.681830391895543730e-01
5.737550293292417170e-01
5.653001717544968718e-01
5.628715273732856073e-01
5.682767330877023237e-01
5.617829868527068893e-01
5.596237717479155549e-01
5.645052747581004171e-01
5.595877031180548355e-01
5.575390946068284892e-01
5.620024280689595031e-01
5.583023873971818540e-01
5.559701816312628830e-01
5.597515735855879138e-01
5.570253485827191264e-01
5.546413346068391759e-01
5.580531188385114971e-01
5.563163081296708112e-01
5.537488914847930044e-01
5.568221261272303657e-01
5.560823252024545971e-01
5.534112348645148227e-01
5.562867057600699994e-01
5.564501363413911772e-01
5.529679803375222580e-01
5.548150019151973922e-01
5.552215851905751842e-01
5.511139382629566263e-01
5.528245565610395706e-01
5.543143676892611227e-01
5.498259579413875553e-01
5.513774269781797077e-01
5.539402570569321727e-01
5.488670266270728737e-01
5.502315422257270106e-01
5.539364952905274642e-01
5.480896181569581138e-01
5.492462411459255733e-01
5.542943545115954773e-01
5.474203229499575718e-01
5.483808688304024903e-01
5.550880239374007541e-01
5.468440665824921831e-01
5.476033861715284834e-01
5.565365779369487731e-01
5.463214935334895772e-01
5.468913200105216532e-01
5.591059281964682048e-01
5.459341111587686646e-01
5.463519370528363561e-01
5.641208358312622684e-01
5.457299689856749403e-01
5.460068838298750560e-01
5.759616517996081209e-01
5.455488813336518694e-01
5.454837219955154248e-01
6.193993134398309008e-01
5.449056915366963239e-01
5.444866729895211366e-01
5.775646252627704147e-01
5.440575317413212098e-01
5.434759725040305689e-01
5.619125080531771621e-01
5.434780912638627060e-01
5.427693056085590717e-01
5.554385409410339536e-01
5.431572571435259178e-01
5.422033345269030580e-01
5.516091130372073881e-01
5.428518810155129604e-01
5.416692561027958153e-01
5.490618078071136665e-01
5.427059955724400364e-01
5.412960940867875825e-01
5.473208899533940075e-01
5.428133431731164693e-01
5.412062840561630006e-01
5.462556832032109400e-01
5.433116074808096441e-01
5.414941205595693585e-01
5.458542255243825636e-01
5.443743208389302257e-01
5.424332326956192718e-01
5.464124496381997931e-01
5.464249371895998353e-01
5.444850416345451416e-01
5.484222999164458656e-01
5.501723248309915437e-01
5.485808452344345110e-01
5.530296287294254043e-01
5.571388003331168015e-01
5.572421899447306259e-01
5.644718377007259535e-01
5.676772370382329180e-01
5.569870946011008517e-01
5.541078914941607314e-01
5.550817906744227592e-01
5.477919998983566963e-01
5.480530709420917690e-01
5.521447944396998819e-01
5.456361807859408941e-01
5.471143225315481251e-01
5.537974073961721144e-01
5.473889787499791604e-01
5.487957425730703998e-01
5.554105346564270906e-01
5.456845021312098920e-01
5.460094658098215703e-01
5.554378940685332777e-01
5.454124862410096863e-01
5.459275869546574844e-01
5.578371281421424799e-01
5.465588886165602123e-01
5.500576950110260821e-01
5.652874118977134765e-01
5.522535161936772408e-01
5.578392416232030859e-01
5.928409540752602735e-01
5.608425706549855505e-01
5.555360590824930389e-01
5.557402771562947041e-01
5.480222790151865198e-01
5.497433311241245457e-01
5.474402098482314960e-01
5.440186505720341348e-01
5.516072791632741223e-01
5.427006607772879576e-01
5.411086175440684709e-01
5.910227815282507180e-01
5.392938182425718319e-01
5.395412475251555318e-01
5.451125895215315209e-01
5.376490713443078384e-01
5.403547361979382790e-01
5.407458635899118349e-01
5.383544505457401597e-01
5.457624841325580123e-01
5.411374029028970245e-01
5.404370127452428063e-01
5.794280874848490859e-01
5.401880250764187208e-01
5.456566848838678707e-01
5.465706016072392481e-01
5.339510132516165353e-01
5.344856568184972456e-01
5.353054531024682428e-01
5.302664662043029553e-01
5.342250806066832780e-01
5.306872415795077513e-01
5.283386747535250283e-01
5.408925798812309615e-01
5.280603932687955027e-01
5.274305003072621290e-01
5.531635229854299229e-01
5.265463117458574205e-01
5.275165016969303178e-01
5.326915637001963244e-01
5.257709972728258352e-01
5.285936453927851941e-01
5.282373224400346290e-01
5.251428565360519718e-01
5.321083705401590258e-01
5.263531254820892347e-01
5.252988818238075730e-01
5.551488245736942995e-01
5.258302669579215660e-01
5.264103119826258892e-01
5.386395625472977233e-01
5.264866543647793717e-01
5.288688128315067738e-01
5.323425762941285111e-01
5.284937256269864880e-01
5.336765885246168573e-01
5.330708553977430153e-01
5.326720097974836365e-01
5.447136180631880764e-01
5.380037384938978207e-01
5.398207625180434510e-01
5.857074366563114198e-01
5.406407634310788080e-01
5.409387922378802172e-01
5.455354473312072905e-01
5.367517547878254414e-01
5.387388087405913240e-01
5.394631524382746957e-01
5.368105966164268272e-01
5.437540124297145505e-01
5.417352307649615506e-01
5.434621147268685615e-01
5.661258902676730154e-01
5.490546912500605670e-01
5.487052853172741385e-01
5.592184720539015164e-01
5.424840299226852958e-01
5.409486355847084038e-01
5.418888987253410727e-01
5.339387222553753087e-01
5.350178932599259918e-01
5.320567620756740945e-01
5.276529135718706076e-01
5.339885511024727860e-01
5.256332328034603041e-01
5.233317010796861846e-01
5.650854812931359605e-01
5.210565874367452111e-01
5.204663504773302529e-01
5.305609430505160429e-01
5.178616899314935074e-01
5.190993738966951376e-01
5.210904746415263578e-01
5.156646455477003066e-01
5.195227822071402102e-01
5.168691291122344822e-01
5.141841412325672822e-01
5.243396200612060465e-01
5.142973506443093701e-01
5.133136718758216643e-01
5.923542826402844463e-01
5.124415866834489686e-01
5.128011532253418103e-01
5.212191671672917748e-01
5.110121220284756793e-01
5.131020237517320837e-01
5.146897681213677966e-01
5.102461605795634014e-01
5.150505613490374834e-01
5.117759388710232393e-01
5.096162892112481302e-01
5.220882453920685506e-01
5.101302995361743919e-01
5.095465235251653846e-01
5.553010944748612010e-01
5.090990856764684436e-01
5.098998333153791362e-01
5.174701811516889682e-01
5.083659865388391319e-01
5.108407345368185526e-01
5.120529030038296625e-01
5.078968326700634695e-01
5.132991891297469245e-01
5.096872945298605018e-01
5.077647875780250120e-01
5.216144964866678002e-01
5.084022488512236482e-01
5.080122104476859635e-01
5.457980655846672580e-01
5.077335878396254110e-01
5.087556964831524420e-01
5.161476097007666741e-01
5.076428862317198254e-01
5.105053282957042748e-01
5.119193374003558894e-01
5.080105732617822278e-01
5.134361291480371570e-01
5.096303863945904622e-01
5.077540536278831729e-01
5.218941621446018253e-01
5.085876138809370950e-01
5.084292726269477036e-01
5.455986835798400936e-01
5.088627931821040340e-01
5.104470734504842344e-01
5.185430174824996463e-01
5.112643245936427938e-01
5.157436043148998506e-01
5.194270467646525669e-01
5.165425392971035867e-01
5.201162727234066585e-01
5.145536434911618384e-01
5.113378009807222346e-01
5.255861270474747604e-01
5.104032145679023857e-01
5.096997576110833261e-01
5.363091627789965399e-01
5.087034528431504388e-01
5.097228216303294479e-01
5.154676623742330266e-01
5.079522969178441594e-01
5.110549039474034938e-01
5.111457210122108963e-01
5.077949713305125456e-01
5.147402532216108773e-01
5.093143877747878800e-01
5.079110811756814003e-01
5.310001331682132619e-01
5.084697261665515056e-01
5.084039528085442239e-01
5.249824416073010092e-01
5.073666859612848690e-01
5.088905921658758436e-01
5.131375850291526319e-01
5.070089732667987237e-01
5.107909252682213408e-01
5.099203428786314163e-01
5.071630180552817446e-01
5.156307484240265637e-01
5.087217611532178774e-01
5.079041373873381948e-01
5.458344443074854002e-01
5.088019692406579031e-01
5.098935139712867937e-01
5.242201832739944445e-01
5.095983121093675683e-01
5.114818012243989021e-01
5.150144310657338576e-01
5.101792074140446553e-01
5.149604524185799059e-01
5.140226641263131446e-01
5.124363400015812253e-01
5.228923110914934780e-01
5.156519521195525035e-01
5.158677452262960816e-01
5.776498685703572722e-01
5.163090840825798056e-01
5.160095224701192196e-01
5.257885370067713060e-01
5.131709212405011211e-01
5.145541177212507034e-01
5.168538395121524687e-01
5.114965027855311597e-01
5.156160665477764748e-01
5.168510493116889037e-01
5.103087147925225997e-01
5.197674385398890484e-01
5.100635188893790639e-01
5.091282222932960178e-01
5.974569318677895868e-01
5.089979542260337775e-01
5.097652573044449964e-01
5.195800773683479923e-01
5.091701134982582477e-01
5.118211685981050030e-01
5.146274205269096846e-01
5.108240616150672153e-01
5.166242807785274005e-01
5.153228147492096012e-01
5.143577817246993700e-01
5.258300977339290805e-01
5.147160482178624319e-01
5.126297789051961207e-01
5.962908718452131218e-01
5.101740444572325783e-01
5.099368300404421017e-01
5.203090598265390776e-01
5.078907254063320664e-01
5.095092136965180263e-01
5.124571529465286046e-01
5.069263956361484968e-01
5.108278660994340914e-01
5.095125658276570269e-01
5.067617316734023269e-01
5.148891381662614730e-01
5.079751566824420861e-01
5.066685764930156655e-01
5.325004391886830613e-01
5.066670669033171981e-01
5.066010764759920626e-01
5.255902079562749796e-01
5.057214709639887840e-01
5.069912179526835372e-01
5.125209478037500155e-01
5.051730314164024627e-01
5.081550931999313514e-01
5.087558807176251197e-01
5.051461914221425653e-01
5.111086466190984945e-01
5.072960258583509852e-01
5.056661505820468916e-01
5.193741485235349176e-01
5.069342375210621476e-01
5.068094613019215045e-01
5.699084981294171293e-01
5.080608626771129233e-01
5.086621466215384135e-01
5.184984193694374133e-01
5.077437743976698226e-01
5.099238262452348014e-01
5.127809936858968021e-01
5.074921883335457018e-01
5.113389261256769958e-01
5.097197896888756574e-01
5.068388127118621522e-01
5.148249466097001292e-01
5.079455995011608049e-01
5.066944531000212582e-01
5.308872250383152025e-01
5.070055261110232303e-01
5.070306641181572260e-01
5.285498305422273724e-01
5.065604460612070925e-01
5.078388053313134254e-01
5.142683427391403495e-01
5.064937662350729175e-01
5.093333652662285216e-01
5.105932119518474810e-01
5.066916604276054947e-01
5.120077990871720885e-01
5.090701821046467179e-01
5.071051199170771850e-01
5.181128905215525160e-01
5.082800676374540361e-01
5.076594316022831066e-01
5.649335338346070934e-01
5.079559943460810745e-01
5.084881921364934332e-01
5.222562325957291751e-01
5.079945203242766105e-01
5.097900742233024696e-01
5.144392258334314905e-01
5.083093832627546549e-01
5.117356990885503221e-01
5.119696792838321908e-01
5.088390383386814930e-01
5.151874201219575067e-01
5.112487755457791883e-01
5.100599548099258307e-01
5.241019372451223290e-01
5.113472066650176506e-01
5.107969632357913792e-01
5.835022599135615273e-01
5.109227409230455708e-01
5.117286780037284544e-01
5.227570952877399479e-01
5.112098985134034823e-01
5.133101996295269531e-01
5.171742388977621507e-01
5.119069730851375510e-01
5.157721366828282861e-01
5.156594001074223943e-01
5.130534162136326515e-01
5.199947670484159623e-01
5.156609637358063880e-01
5.147052675532691746e-01
5.299824877182240934e-01
5.166446560804809351e-01
5.169931768386493154e-01
5.711280885921096173e-01
5.184644489956206082e-01
5.200539524037947059e-01
5.309921180680368114e-01
5.211980508184896888e-01
5.241214707621136837e-01
5.286335706435629778e-01
5.244977465097477864e-01
5.289521927788863875e-01
5.295008234371161304e-01
5.275022173586475516e-01
5.340800600979133117e-01
5.300435615052466742e-01
5.286000175875159579e-01
5.414813741091857313e-01
5.285786965850726160e-01
5.276132250914336019e-01
5.946084128715697359e-01
5.264639725755481114e-01
5.265142204194931397e-01
5.364880182958833288e-01
5.236998055119078677e-01
5.243558179783260886e-01
5.274810175146570357e-01
5.212262120694508560e-01
5.239058132976779358e-01
5.233745783429202270e-01
5.194447706984426372e-01
5.244106777233957795e-01
5.201286884271102418e-01
5.179078257308895594e-01
5.289077030055719941e-01
5.180031107178166838e-01
5.170257857850470984e-01
5.719256708449810267e-01
5.165375685220363611e-01
5.166283380465583885e-01
5.312645594330145382e-01
5.154320107496865866e-01
5.165541038623003844e-01
5.217582836586499573e-01
5.145121241114102295e-01
5.170005703902557093e-01
5.179998815024049463e-01
5.139889870806201300e-01
5.186642925375918312e-01
5.162806205174984564e-01
5.141809625839858233e-01
5.231286748216955607e-01
5.159054026522768011e-01
5.153080030274524992e-01
5.392895955969452260e-01
5.170198945443931215e-01
5.179972960026227868e-01
5.458038037108627893e-01
5.210086310459085546e-01
5.248533628405854801e-01
5.365103011186984627e-01
5.291760487973875549e-01
5.278853447151468092e-01
5.274416501827191572e-01
5.199832824563149769e-01
5.198989530198870890e-01
5.180753087577401050e-01
5.135523586726493672e-01
5.179658926545648301e-01
5.140082892795676539e-01
5.114513511012496183e-01
5.201904432182200555e-01
5.119757566742425547e-01
5.106918684487460336e-01
5.305091114893863979e-01
5.108028352827181928e-01
5.103335225363159200e-01
5.634031753325862146e-01
5.095785112582029708e-01
5.098820934273149419e-01
5.227995062189891851e-01
5.087327747225661723e-01
5.101508128022363975e-01
5.161647246662346422e-01
5.091705760921837465e-01
5.125760954308256068e-01
5.169259945299695680e-01
5.181835326854390411e-01
5.192405301547176055e-01
5.136145335019965952e-01
5.086050827192272195e-01
5.135975980393113760e-01
5.086945253127785893e-01
5.062974081553954786e-01
5.164455861545713677e-01
5.066976770803253149e-01
5.056221274555294798e-01
5.304147263250118538e-01
5.060947249814720106e-01
5.054997217923818953e-01
5.456273016902843942e-01
5.046027532644878910e-01
5.050850018580155254e-01
5.173883126084428685e-01
5.039384390939533054e-01
5.053766772157793907e-01
5.111025297922645594e-01
5.036669397879625087e-01
5.062087616852962713e-01
5.083510503005110870e-01
5.037559569602906295e-01
5.077994348424655913e-01
5.071018479899249698e-01
5.042823459032871325e-01
5.105699737582037878e-01
5.068690805006929034e-01
5.053773297234831485e-01
5.158659535892732295e-01
5.074884445345874129e-01
5.070670937458070515e-01
5.286934001187681975e-01
5.091165474497465482e-01
5.099013110038147500e-01
5.715131709063886456e-01
5.126093806479722348e-01
5.148019453136211121e-01
5.308070791016507028e-01
5.177080282689507928e-01
5.199849383684637116e-01
5.266529172556138061e-01
5.189089240395996505e-01
5.211788851652653376e-01
5.244452292645448432e-01
5.196053265695061985e-01
5.226440043548210568e-01
5.221218556394533472e-01
5.176674081890273449e-01
5.211488817705399734e-01
5.174056014624898170e-01
5.136514173989163989e-01
5.194562058566064566e-01
5.121749910937779537e-01
5.096725579753296209e-01
5.217876575678180862e-01
5.089093374514872536e-01
5.075811729993391364e-01
5.402749270110329682e-01
5.068196744101334250e-01
5.064587042982854337e-01
5.406337510279537462e-01
5.056803592890188881e-01
5.062204270867709521e-01
5.188220261962382951e-01
5.052310231643708516e-01
5.066669804273816746e-01
5.131797958410163618e-01
5.054054858220808910e-01
5.078596479320716117e-01
5.110747951953661383e-01
5.062158120796194094e-01
5.099865437350048492e-01
5.108583638570851626e-01
5.081041379393024249e-01
5.139686089442337957e-01
5.135008290835491040e-01
5.147409909734026456e-01
5.367181468090613805e-01
5.244575148919750074e-01
5.143476815217001841e-01
5.202095177786768554e-01
5.121272608075411181e-01
5.099551997829439021e-01
5.192061900614335368e-01
5.103315239691128546e-01
5.089779243298853117e-01
5.204462422925546505e-01
5.102758504381850191e-01
5.097366661634404883e-01
5.241805823803883380e-01
5.124032506940920939e-01
5.123993554294338226e-01
5.306485003668397482e-01
5.176547768898921431e-01
5.171568891534753520e-01
5.376651740011297864e-01
5.178110349005790036e-01
5.164597597757875080e-01
5.424241081444676205e-01
5.136422476167381568e-01
5.118975405785652910e-01
5.471979633222584516e-01
5.099343222216317084e-01
5.090433815672755768e-01
5.564676883108817806e-01
5.085180495264493006e-01
5.084456765981063553e-01
5.758606037093380037e-01
5.101275911088254400e-01
5.126019515326769582e-01
5.994876968021434216e-01
5.145717722285712004e-01
5.099861567862269407e-01
5.931634915311333467e-01
5.055179300882961524e-01
5.042531000337174829e-01
5.878650824480291526e-01
5.024722262895685576e-01
5.019054876387314401e-01
5.830706557989153715e-01
5.008835584187029122e-01
5.005603614650714350e-01
5.818876683056810606e-01
4.999185127046795740e-01
4.997580778877637186e-01
5.847756868061089186e-01
4.994861456134226940e-01
4.994919765814787027e-01
5.880656782766187085e-01
4.997651478730584795e-01
5.001708659206999252e-01
5.819173221299881460e-01
5.003170202286064683e-01
5.011928357658196331e-01
5.705484165540487540e-01
5.030633377026625386e-01
4.999791642470154396e-01
5.486475936476242765e-01
4.985889286166707568e-01
4.979903383647448223e-01
5.365424007500343428e-01
4.977927586138213290e-01
4.973772700315484130e-01
5.286784870815286475e-01
4.976753748628656160e-01
4.973680950507783360e-01
5.234283250694174994e-01
4.983389058726330201e-01
4.983972951139958307e-01
5.210446226222298360e-01
5.009448835460841298e-01
4.998734625438614465e-01
5.178363318847067909e-01
4.992233590490358086e-01
4.980980900419137436e-01
5.141585150377471214e-01
4.985404552527202271e-01
4.977261825106237270e-01
5.121798497687234386e-01
4.989901787433402292e-01
4.983571750067423145e-01
5.114538660895346922e-01
5.003087121581689667e-01
4.996532812261757495e-01
5.113272454904063125e-01
5.017764467805128081e-01
5.011968076095180136e-01
5.120428260231949524e-01
5.042310918179931933e-01
5.040050949799756985e-01
5.144167597096577227e-01
5.078376115970246740e-01
5.052432205641917973e-01
5.117593063409564547e-01
5.038085494504284112e-01
5.014158773781780543e-01
5.087277011107069757e-01
5.023374282815640246e-01
5.004818828401408348e-01
5.078293789055096097e-01
5.029219868496253021e-01
5.072416400204636799e-01
5.079075447766027152e-01
5.017432732776911930e-01
4.991157779950364803e-01
5.049020802381829487e-01
5.010057200893203166e-01
4.986829434211657586e-01
5.041054841235533823e-01
5.010083379443437401e-01
4.980518492757807780e-01
5.025969627654596206e-01
5.001289170682228225e-01
4.969765281535439283e-01
5.012152324242722390e-01
4.997303256943882999e-01
4.963947618337509193e-01
5.003277745404625110e-01
4.997041588253425815e-01
4.961039873372929399e-01
4.996959439642515988e-01
4.999623794051623604e-01
4.960214321982632790e-01
4.993222309597704078e-01
5.004220693014839183e-01
4.961014109630983993e-01
4.990714494190180983e-01
5.010309803474934931e-01
4.961759882747329153e-01
4.988797041300635504e-01
5.018966425772685147e-01
4.967774769512353639e-01
4.989339069590310038e-01
5.025312375992233571e-01
4.963119289893623276e-01
4.984656288146028791e-01
5.034643224975424713e-01
4.964403698585929114e-01
4.981233368819020235e-01
5.042169035470414062e-01
4.962092903743290928e-01
4.977825682071946312e-01
5.055047434146340279e-01
4.963366738830259361e-01
4.977636688913950613e-01
5.074342546258848730e-01
4.967047960135330120e-01
4.979774788604502955e-01
5.101150659089229711e-01
4.972348735749846926e-01
4.983196606206149459e-01
5.139602632991672193e-01
4.978920538610608904e-01
4.987809254402007508e-01
5.197242430922431877e-01
4.985894102837807318e-01
4.992303823389812600e-01
5.301266758736200568e-01
4.991405617206300938e-01
4.994973218813751892e-01
5.565598989887040604e-01
4.994698789782975878e-01
4.995813872187289117e-01
5.707390615240320875e-01
4.998694848683166159e-01
4.998404303194618481e-01
5.330794120098798494e-01
5.006834281985224067e-01
5.006606987234686335e-01
5.223678758303248459e-01
5.025407577723520758e-01
5.028029918599828951e-01
5.186596862289949428e-01
5.053734283378452652e-01
5.058951429128599742e-01
5.192754645199779695e-01
5.123150170445933682e-01
5.152122114223975924e-01
5.259477114621154969e-01
5.151066682269858088e-01
5.097270789799360768e-01
5.145691855626677302e-01
5.065826019192692931e-01
5.034789250576976460e-01
5.090623457376135530e-01
5.038652875232330075e-01
5.012226290066531531e-01
5.063599019179627625e-01
5.029141644027723679e-01
5.001296361370736188e-01
5.046666594991503496e-01
5.027327292189951446e-01
4.996768068146306696e-01
5.036853288462904699e-01
5.031369073830951333e-01
4.995537704096670306e-01
5.029334723048917155e-01
5.035784077020769578e-01
4.994762254238957477e-01
5.024116444978811158e-01
5.043876262903913554e-01
4.996402218203354617e-01
5.022093648267315080e-01
5.056630167301411349e-01
5.000882579643316506e-01
5.023507310120355340e-01
5.075310273654369819e-01
5.009885130077945670e-01
5.031925526305214280e-01
5.109458318578730118e-01
5.047208831540062057e-01
5.048631052907817107e-01
5.139198679492230637e-01
5.027848952649968117e-01
5.036160509027850507e-01
5.170263794316131145e-01
5.027507777233142239e-01
5.035483575861815497e-01
5.243030908128141210e-01
5.032781587273751356e-01
5.038789290434413370e-01
5.432135783027041143e-01
5.040631358525212713e-01
5.044261945464211250e-01
5.800550583355101875e-01
5.051070468021744420e-01
5.052563165285258728e-01
5.334884022589088115e-01
5.064312192716324823e-01
5.063414742645621081e-01
5.233154335038514571e-01
5.080853782821417308e-01
5.078184459914023563e-01
5.198657681528195962e-01
5.101975657675869025e-01
5.096900558865176123e-01
5.189793589432384335e-01
5.132043550399194576e-01
5.132089331760780748e-01
5.224461792599136567e-01
5.201157755508556413e-01
5.207893892409732883e-01
5.317648847597428174e-01
5.277479936474028799e-01
5.204688997042654641e-01
5.218963159358880333e-01
5.209679835006056914e-01
5.169859551103639372e-01
5.194739983942465722e-01
5.219623406503622887e-01
5.173876465925111301e-01
5.197523368060338322e-01
5.256618518936196915e-01
5.187667446498327450e-01
5.201840730428703985e-01
5.303778315308452784e-01
5.197563225988826030e-01
5.208053033735825510e-01
5.424865244627546934e-01
5.209763873625583575e-01
5.214514319916274676e-01
5.909870269911798868e-01
5.219749210033138853e-01
5.218588856433340473e-01
5.392439517268773352e-01
5.227984275114418988e-01
5.221330737765764729e-01
5.315400342804812439e-01
5.237121407056566369e-01
5.225917365492876998e-01
5.286243547314048996e-01
5.246991650027278409e-01
5.226981984107547108e-01
5.269000380247501614e-01
5.257313190525753077e-01
5.229451606841198918e-01
5.260238697394012952e-01
5.274215877352930182e-01
5.235308218601888441e-01
5.258432112478830245e-01
5.300988972072617766e-01
5.245044849228781558e-01
5.262751613133910267e-01
5.347263955453207540e-01
5.260322639621384244e-01
5.274322830473596735e-01
5.449674838823080902e-01
5.282299439715825162e-01
5.293506286899135604e-01
6.081821881442727173e-01
5.313831888719967589e-01
5.319821911118927105e-01
5.504449459600951888e-01
5.329462860303183502e-01
5.319637163863537577e-01
5.407635896680822452e-01
5.333839855100811489e-01
5.323461019215381951e-01
5.381820719467300673e-01
5.351297899709961392e-01
5.335177819846532721e-01
5.376467352177098924e-01
5.374129950973102199e-01
5.348800501378790928e-01
5.378113018607129092e-01
5.400887040420327967e-01
5.360898267354484714e-01
5.380934748789077959e-01
5.434724776921417977e-01
5.370985004204132940e-01
5.383885914077368717e-01
5.493149934604619755e-01
5.379856084108270986e-01
5.386841163216111728e-01
5.713117832911369653e-01
5.388574418437434010e-01
5.390426892964380601e-01
5.634187724627147675e-01
5.398601164514594819e-01
5.395403012919991470e-01
5.497703459024645412e-01
5.410505105639459300e-01
5.401878523760922368e-01
5.463357609798683567e-01
5.425615513027300940e-01
5.410834334183109995e-01
5.452831193901501727e-01
5.445555499258473153e-01
5.422846133770877763e-01
5.453218929139660442e-01
5.473774184784823138e-01
5.440533587318335806e-01
5.466042014420043893e-01
5.517134142629230853e-01
5.457359772027585709e-01
5.471941036359860844e-01
5.577048079804184377e-01
5.476674302008515127e-01
5.490143617974270196e-01
5.806429724809348825e-01
5.510112773201725211e-01
5.524584218272240443e-01
5.759422558511648749e-01
5.572032876254445766e-01
5.603435473608929795e-01
5.757067808885638627e-01
5.873750788143508039e-01
6.101927122659966951e-01
5.775963861893613771e-01
5.651311109896470786e-01
5.600287509914091411e-01
5.607091897289170346e-01
5.605128816624668220e-01
5.561237792746978048e-01
5.568023756155018322e-01
5.663129484894559029e-01
5.556924015248013715e-01
5.559693164226636730e-01
5.730124027370363526e-01
5.575208437970320396e-01
5.578320961715254045e-01
5.638128718639610071e-01
5.614416557535654162e-01
5.582248373375454653e-01
5.596604943192858839e-01
5.628838170482305392e-01
5.578623768716642894e-01
5.588722712073812549e-01
5.841212647328667407e-01
5.596782805280392514e-01
5.602477782679136098e-01
5.695637080338629143e-01
5.638909791096282653e-01
5.646300565209195765e-01
5.707984954906760722e-01
5.803961418706287123e-01
5.719295961454409216e-01
5.711718091586636126e-01
5.773440271948796498e-01
5.737331678930841505e-01
5.808873485543879500e-01
6.570613835082343979e-01
5.814663980831078494e-01
5.773652503015793691e-01
5.800194983086500722e-01
5.757615182921874686e-01
5.730077615100407362e-01
5.746194405123902227e-01
5.799290511760358813e-01
5.743566054020864398e-01
5.727731518777715580e-01
5.983074935189571786e-01
5.693962394579321629e-01
5.678246712659034134e-01
5.713440830442132468e-01
5.689580738247194125e-01
5.672676030882325415e-01
5.676484736274165499e-01
5.725210979209515161e-01
5.654798877390516676e-01
5.653019430655600308e-01
5.833906398427844975e-01
5.647644032239387268e-01
5.636402124981000350e-01
5.675738428798089430e-01
5.675792531611235647e-01
5.628711359600967468e-01
5.628402227085672616e-01
5.694838917206294093e-01
5.607860194532032772e-01
5.608646720948119446e-01
5.739464851246499633e-01
5.623187497855606232e-01
5.620332047672271791e-01
5.653325370493759161e-01
5.650267731772052882e-01
5.621559377766374155e-01
5.635785889098694490e-01
5.743977903031495247e-01
5.644784926625884269e-01
5.655880114021010208e-01
5.756633134813018415e-01
5.688876209960510577e-01
5.680912711974630547e-01
5.692370841496449119e-01
5.685456321615898201e-01
5.619766957180329925e-01
5.604688366709534852e-01
6.300433307722292930e-01
5.573479026136204384e-01
5.555279507074566414e-01
5.586115723871654115e-01
5.562486408790198178e-01
5.529656312258700579e-01
5.535604513842787844e-01
5.638600067521177817e-01
5.515457019922220816e-01
5.508397239666837919e-01
5.575645676194581624e-01
5.512072844068018895e-01
5.490649143351791217e-01
5.506394613327290077e-01
5.542153952039915454e-01
5.480144670623655623e-01
5.479444619892025470e-01
5.653787058688324318e-01
5.476707791105893675e-01
5.462839378231220122e-01
5.490859987783157647e-01
5.492638148802881926e-01
5.454532439377918207e-01
5.461592763336196032e-01
5.753777677627712750e-01
5.459154441132370028e-01
5.452292698897898138e-01
5.498210985385352245e-01
5.468583736393104466e-01
5.445117180708489713e-01
5.461011770017800693e-01
5.547140143294337911e-01
5.455291863671754005e-01
5.457502989807661020e-01
5.550494298281195560e-01
5.460822082707414982e-01
5.438058117182916762e-01
5.454439241599043919e-01
5.480777893716480831e-01
5.424070791083365206e-01
5.426643341211007110e-01
5.666022561334311813e-01
5.424786487335507834e-01
5.414180229896683461e-01
5.447771185116653259e-01
5.447577872968156765e-01
5.413746514858848169e-01
5.423705148358699546e-01
5.667204737082756072e-01
5.421693618973431050e-01
5.418423590546036506e-01
5.471792332851688201e-01
5.442520051618174870e-01
5.421173301675179523e-01
5.438039922911117596e-01
5.522410025175004122e-01
5.430349996148656766e-01
5.431853880392021328e-01
5.521233756541600313e-01
5.446593310992721149e-01
5.431968703717166003e-01
5.454751466209295518e-01
5.489363262776698615e-01
5.435274236102333179e-01
5.440018739803116343e-01
5.647170988129087688e-01
5.447749148807080610e-01
5.434122422676535002e-01
5.463541731434581328e-01
5.466297314490271564e-01
5.427948755807860959e-01
5.433733745010498328e-01
5.800579419065297060e-01
5.428020078655531044e-01
5.421013674046804010e-01
5.466464751479550577e-01
5.444772140196247889e-01
5.419577820928557221e-01
5.433658278063964175e-01
5.545371364526261448e-01
5.428674746795456585e-01
5.429997084434237120e-01
5.504025494858831857e-01
5.454267970016788425e-01
5.442269617632794487e-01
5.469055235714450625e-01
5.530026100119018739e-01
5.474572165455903194e-01
5.485673157933379507e-01
5.613813190152840971e-01
5.490228982428022597e-01
5.470580730409816406e-01
5.490769616631803185e-01
5.503869134096696092e-01
5.457102423974541372e-01
5.459147883298812731e-01
5.916303804951894563e-01
5.452012303168418672e-01
5.441045249923401883e-01
5.475814600059116799e-01
5.468897534053900333e-01
5.438227520748435406e-01
5.450516283659027073e-01
5.660651837753843951e-01
5.449158864908135724e-01
5.445280918175875451e-01
5.499622779489419244e-01
5.468970892275650808e-01
5.445407530120021100e-01
5.459979836779068618e-01
5.551769920079933085e-01
5.451386939823279487e-01
5.452364943041272394e-01
5.530156888864187215e-01
5.471641228404222623e-01
5.456573006462808184e-01
5.477475437999732577e-01
5.527173606431361463e-01
5.463985719821227161e-01
5.468107081165641814e-01
5.592808116674083951e-01
5.481419314298751067e-01
5.472271361010729862e-01
5.501022518628054803e-01
5.527890821726082482e-01
5.487918289707508501e-01
5.499741668784207116e-01
5.775776082164514325e-01
5.520324814087425036e-01
5.522430327876638456e-01
5.562875198285860412e-01
5.567173795559544613e-01
5.531532487990393765e-01
5.539642408663046913e-01
5.904802510297328944e-01
5.543461067595876202e-01
5.542292828439966401e-01
5.588933044848957143e-01
5.574381845925303613e-01
5.551027468576996693e-01
5.563169073726630387e-01
5.686400625792281671e-01
5.553912927616810880e-01
5.550021115169482266e-01
5.605988324346078411e-01
5.563723464045956524e-01
5.544841135895804962e-01
5.558066991338250773e-01
5.622631085945956064e-01
5.539526139873365285e-01
5.538253588793794480e-01
5.621875108062541759e-01
5.548842145583887664e-01
5.534011762466422013e-01
5.554261282968757651e-01
5.591847477973322933e-01
5.532398028177301086e-01
5.529313224568537244e-01
5.654982294616706096e-01
5.523088020448173596e-01
5.505651183276154548e-01
5.526051297688703290e-01
5.542736243508664673e-01
5.495456421141352576e-01
5.498624176357276294e-01
5.762135658238735081e-01
5.500821845535530663e-01
5.493023668941556803e-01
5.525691618050024845e-01
5.535104287034663395e-01
5.509878678780132377e-01
5.532717264215970543e-01
6.241927887808935704e-01
5.513546807435115715e-01
5.493653945020314788e-01
5.523252118745807238e-01
5.512597043946477759e-01
5.480457675116670035e-01
5.490024048723066707e-01
5.766185545210716912e-01
5.492599138395153346e-01
5.491914509325412919e-01
5.536291012449241489e-01
5.517158542118427711e-01
5.488906881267405780e-01
5.500141105825353538e-01
5.663676980030125652e-01
5.500197573892263714e-01
5.496003626238951112e-01
5.547333145286278411e-01
5.520933897299610260e-01
5.501347408647185855e-01
5.518262443923659388e-01
5.632292468391276730e-01
5.519632485432495184e-01
5.523833379757630002e-01
5.590840049645018350e-01
5.564016466103585135e-01
5.548012495520930898e-01
5.563618427191318050e-01
5.647197686783156367e-01
5.561448112259783638e-01
5.564296180851829865e-01
5.636094755293731273e-01
5.584230511559007404e-01
5.570265793695472478e-01
5.590099545868908448e-01
5.653003710363545542e-01
5.583130664035383939e-01
5.586256651526174677e-01
5.668858729424526288e-01
5.602481593106269919e-01
5.588798853426301116e-01
5.608009371430726642e-01
5.654627656161578253e-01
5.592770399886448640e-01
5.593922362250671743e-01
5.691456039847440085e-01
5.601989735687694649e-01
5.587583925306918164e-01
5.605993720221491561e-01
5.643292907996574348e-01
5.585870608017019512e-01
5.587543728543693522e-01
5.699862773533380667e-01
5.597617199816441458e-01
5.590439899801495915e-01
5.622989560423322652e-01
5.665250562656239941e-01
5.623214332140136218e-01
5.603961466529099322e-01
5.699334673284076613e-01
5.562249266586540841e-01
5.536100175083994435e-01
5.555403582031001042e-01
5.546511055602737494e-01
5.504764146318508189e-01
5.507699702231581007e-01
5.630545083953788499e-01
5.486235552097262769e-01
5.478195298333932151e-01
5.557498196645054289e-01
5.477870930853493414e-01
5.458945138931345920e-01
5.476932016857313235e-01
5.488288329903411311e-01
5.440553178131165568e-01
5.443749858933196739e-01
5.738629524671718940e-01
5.424337184395200406e-01
5.412203446926321382e-01
5.466917802955686412e-01
5.416809730355642838e-01
5.391319134463019580e-01
5.407224485533671521e-01
5.443591036921999748e-01
5.380861656892276246e-01
5.383472634777107801e-01
5.756753656092057359e-01
5.385074059725653006e-01
5.376260595857558222e-01
5.419974087575009092e-01
5.397501453400733729e-01
5.363738777500686172e-01
5.371558690673170489e-01
5.440991266765848877e-01
5.349564782665826579e-01
5.350266583540513876e-01
5.489773694112219937e-01
5.349312315183870625e-01
5.334558614139131016e-01
5.367222718654949265e-01
5.366730678056015336e-01
5.330010170631739319e-01
5.340065756466833014e-01
5.487129977137888970e-01
5.334266024770810688e-01
5.325943916196504979e-01
5.404898393244330634e-01
5.331647137466334341e-01
5.312561622446060339e-01
5.336671450758189161e-01
5.360650327149389938e-01
5.310827902476340512e-01
5.318459161829710569e-01
5.909782856438108301e-01
5.320112490933190941e-01
5.317111005849800565e-01
5.375667048053752728e-01
5.347307284435365293e-01
5.329691484855360040e-01
5.353539893938371597e-01
5.418868124867922687e-01
5.347618592955358796e-01
5.352515826772749064e-01
5.529538514950566030e-01
5.358590176949792339e-01
5.348575454739138424e-01
5.388408457474576085e-01
5.390571399011678810e-01
5.371981501330712616e-01
5.417211714799491373e-01
5.605059144065237531e-01
5.466451471106267279e-01
5.394449941712368135e-01
5.474552500149990619e-01
5.354282850182542353e-01
5.334946737597495714e-01
5.365609160300623959e-01
5.360160918997902701e-01
5.335060186984242891e-01
5.365973610239685998e-01
5.442700800065841671e-01
5.309443119554976276e-01
5.294355150352786366e-01
5.428299903289762751e-01
5.284630604262930964e-01
5.267087083676790238e-01
5.300930396353779051e-01
5.291313214448132296e-01
5.254628525230946590e-01
5.265935784233658490e-01
5.362610479851612766e-01
5.249592772789565265e-01
5.248401140765662776e-01
5.390326114249223144e-01
5.255856560801970279e-01
5.243088037169479909e-01
5.275820672684425894e-01
5.267913817551939104e-01
5.232421078091009647e-01
5.247321184588421561e-01
5.354216306275042525e-01
5.288718716104457984e-01
5.244855829550892912e-01
5.391082419116550728e-01
5.259212597903988318e-01
5.272101099584002304e-01
5.770314197010674162e-01
5.306996414789652006e-01
5.244533634699536373e-01
5.246307731944208630e-01
5.375035350172803206e-01
5.229994173780266875e-01
5.228168849531779072e-01
5.318620335285779710e-01
5.246575048292340115e-01
5.233295783283430369e-01
5.263018706389155366e-01
5.292920386443846770e-01
5.235949835672658592e-01
5.239625938947307660e-01
5.808702109096088861e-01
5.240609231363035914e-01
5.233810260304206929e-01
5.282847967180921422e-01
5.266232536703476796e-01
5.241253206852041213e-01
5.261188038021040736e-01
5.364014068100854127e-01
5.255188589819098643e-01
5.257416146277056335e-01
5.362644941334083759e-01
5.276186084819723954e-01
5.265550859513499216e-01
5.298269850140204795e-01
5.328826740663910044e-01
5.286679581052905474e-01
5.301804222035400027e-01
6.105060414982661499e-01
5.320548256689435762e-01
5.324227285817421107e-01
5.382787088493337091e-01
5.372688847418013447e-01
5.358968507340695631e-01
5.386895370830780960e-01
5.490580647563064742e-01
5.403108752834857587e-01
5.416449134759626638e-01
5.524661481832343624e-01
5.452034212224882159e-01
5.448048897041278815e-01
5.481672857698701717e-01
5.509918735917120891e-01
5.468159581237495015e-01
5.475513258183953846e-01
6.061987390258819497e-01
5.471925995122863817e-01
5.460652714911993222e-01
5.493353402946170583e-01
5.462530161193323019e-01
5.423113422967911212e-01
5.423903538500656207e-01
5.504085125239895904e-01
5.387085638403956711e-01
5.374080721403511340e-01
5.453521527478476516e-01
5.363226866453399966e-01
5.336465990829221129e-01
5.350553002354242471e-01
5.372062637467618362e-01
5.309491712827603127e-01
5.307274719324339696e-01
5.673685176497228477e-01
5.297560077346424867e-01
5.285944391255332775e-01
5.333318021487091221e-01
5.316515012808379348e-01
5.272322333464248834e-01
5.281053461251584702e-01
5.407240074747664549e-01
5.277159342054374980e-01
5.308151518661857748e-01
5.359422849070188954e-01
5.271696008790336396e-01
5.246327616843173836e-01
5.266742771358426944e-01
5.292845398437480142e-01
5.235712233484474121e-01
5.239622364481824057e-01
5.924573658302615398e-01
5.236116253722898906e-01
5.227234882279766515e-01
5.275933765641115381e-01
5.253081685905259812e-01
5.227827234957846958e-01
5.251877382827788709e-01
5.338069196589484422e-01
5.229126360487690306e-01
5.224277745122787309e-01
5.336906948238756554e-01
5.221550750208066027e-01
5.202744554488578643e-01
5.229791659281947114e-01
5.241224253567724478e-01
5.192582253902685574e-01
5.197818756312381216e-01
5.578074144375387844e-01
5.187956877867035965e-01
5.178855974343206103e-01
5.235457590378105319e-01
5.194186155656738135e-01
5.166088982886966052e-01
5.181925642348770289e-01
5.246285095798289833e-01
5.159441851678978619e-01
5.158981515126906947e-01
5.318704116800739845e-01
5.162048056748725910e-01
5.147562205936848656e-01
5.181837272372272762e-01
5.187861500773814916e-01
5.147609753641834152e-01
5.159447282705061921e-01
5.408285086843304112e-01
5.152324429144605755e-01
5.147529141122928475e-01
5.214141854208470539e-01
5.167298482727306075e-01
5.142370460339688032e-01
5.160428881079964780e-01
5.216887292857296243e-01
5.137689298717316166e-01
5.139701258373866599e-01
5.327388972017728097e-01
5.146532287593573729e-01
5.134731003191919108e-01
5.171644066969696141e-01
5.173990888299289104e-01
5.134551785736257701e-01
5.140418119146265008e-01
5.351893019862534739e-01
5.129248051175562262e-01
5.124286222445962879e-01
5.195265091104481758e-01
5.143170102486500639e-01
5.120899221347449126e-01
5.143046983675293449e-01
5.199015221439050594e-01
5.125653846451918572e-01
5.130483960625522588e-01
5.332855900664043025e-01
5.139924980454959602e-01
5.130185998812023529e-01
5.170177376634198518e-01
5.173445290452675094e-01
5.136845644890540852e-01
5.150306132373201340e-01
5.371128083398309938e-01
5.149292117613384345e-01
5.147418026937062852e-01
5.218136131874545613e-01
5.171317172375922144e-01
5.150553053460518171e-01
5.173220263250707385e-01
5.234651904953765422e-01
5.159908851440924149e-01
5.165519632910701153e-01
5.339343659907020978e-01
5.179969845908871662e-01
5.172068317150988470e-01
5.211887614252995737e-01
5.224722598149397212e-01
5.189704201267142381e-01
5.205578466033848883e-01
5.505902005771472485e-01
5.213083952147614664e-01
5.214196748916988255e-01
5.281000322388833546e-01
5.253417403063126434e-01
5.235604613270493646e-01
5.261253726849357548e-01
5.347224998558086639e-01
5.287314757327650216e-01
5.352112447227689307e-01
5.512666276855652248e-01
5.339337216869074476e-01
5.314937813162142755e-01
5.349643291199706052e-01
5.393481199983829466e-01
5.380500470600739771e-01
5.445877586539018544e-01
5.887566336271531364e-01
5.523405808447517940e-01
5.447790212892252848e-01
5.443917340704120811e-01
5.416321738188979440e-01
5.377429820073820199e-01
5.389047453124204967e-01
5.538066020012442081e-01
5.397379243810899174e-01
5.409001950718845819e-01
5.497961097546946174e-01
5.463533966717646351e-01
5.471205509782361975e-01
5.520623199029729422e-01
5.597007770395734383e-01
5.579794365533853329e-01
5.629196479506738404e-01
5.853568491468592594e-01
5.725184336161900367e-01
5.759901647090032162e-01
5.822488639430178914e-01
5.833374514175774239e-01
5.797263350700930795e-01
5.778571632931863711e-01
5.867462003207519761e-01
5.686261646420168736e-01
5.637866608346401298e-01
5.645545845843655819e-01
5.581941470860432020e-01
