-7.570792656119706976e-07
-2.272139209891221867e-06
-3.788185793052178951e-06
-5.305319338289038456e-06
-6.823661163113392547e-06
-8.343266872490318065e-06
-9.864254913449777007e-06
-1.138671069333963004e-05
-1.291072470444021292e-05
-1.443634922648762142e-05
-1.596363048372850812e-05
-1.749257206618004545e-05
-1.902314399981896997e-05
-2.055526444877386893e-05
-2.208884437771008180e-05
-2.362380409837161466e-05
-2.516010269759672013e-05
-2.669776740171769802e-05
-2.823690869047101870e-05
-2.977771991241606742e-05
-3.132055242782705307e-05
-3.286651505773896531e-05
-3.441634786971459192e-05
-3.596762991675550580e-05
-3.752120140310122309e-05
-3.907771295497131092e-05
-4.063787967600873685e-05
-4.220246987640674519e-05
-4.377221974527500947e-05
-4.534763102170824567e-05
-4.692953186502535345e-05
-4.852342335381898408e-05
-5.013028024469790012e-05
-5.172472664716210033e-05
-5.331516786433176947e-05
-5.490401178043224917e-05
-5.649235184257417330e-05
-5.808083608260794506e-05
-5.966992367212320403e-05
-6.125995866435030024e-05
-6.285116890947239909e-05
-6.444364482061093469e-05
-6.603741565924803325e-05
-6.763268564458080334e-05
-6.922990574065313041e-05
-7.082964526838875230e-05
-7.243211324070575330e-05
-7.403680916906463239e-05
-7.564303587348497615e-05
-7.725041789907738377e-05
-7.885883356006928580e-05
-8.046832286401350842e-05
-8.207907832846750296e-05
-8.369146801601168306e-05
-8.530559151387340222e-05
-8.692086507688934205e-05
-8.853718967116730454e-05
-9.015484893737379934e-05
-9.177418050509977832e-05
-9.339556236032109382e-05
-9.501942895651094290e-05
-9.664628735883695754e-05
-9.827677989948657711e-05
-9.991173340972991923e-05
-1.015522128626766829e-04
-1.031994478439823837e-04
-1.048543101141996559e-04
-1.065160895766803506e-04
-1.081823835281658930e-04
-1.098512376848104211e-04
-1.115222648470082234e-04
-1.131957768600866387e-04
-1.148722643857791326e-04
-1.165531123215046705e-04
-1.182432080226725191e-04
-1.199459260947666195e-04
-1.216458425132849186e-04
-1.233426726163777687e-04
-1.250394341605343129e-04
-1.267410886537367887e-04
-1.284642821375303612e-04
-1.301768634337507891e-04
-1.318850206006860759e-04
-1.335922620008256345e-04
-1.353004082264019914e-04
-1.370109862316448712e-04
-1.387256502102252043e-04
-1.404463323514404394e-04
-1.421752850578883454e-04
-1.439145946050546243e-04
-1.456651477798054373e-04
-1.474245955532804686e-04
-1.491879901647230611e-04
-1.509504041884435210e-04
-1.527092875196478516e-04
-1.544643469120199342e-04
-1.562167637806366471e-04
-1.579691568697194626e-04
-1.597286924759355742e-04
-1.616048675421311032e-04
-1.633425186489123604e-04
-1.650671568744765949e-04
-1.667867090665575702e-04
-1.685032661813412602e-04
-1.702178359793693474e-04
-1.719310716751243362e-04
-1.736434721311130858e-04
-1.753554484980046624e-04
-1.770673556135138327e-04
-1.787794831863420697e-04
-1.804920604820958729e-04
-1.822052785183103651e-04
-1.839193389777671328e-04
-1.856344691568700966e-04
-1.873509050032140522e-04
-1.890689005362711228e-04
-1.907886930346824883e-04
-1.925105163362861305e-04
-1.942345445289372918e-04
-1.959609560097108627e-04
-1.976898792777070923e-04
-1.994214510017133790e-04
-2.011558429421134164e-04
-2.028932937090388577e-04
-2.046341635243420498e-04
-2.063788798520871381e-04
-2.081282845948217997e-04
-2.098847279881077554e-04
-2.116486382246485221e-04
-2.134109976519305008e-04
-2.151739512521455566e-04
-2.169384254000483736e-04
-2.187048254085333099e-04
-2.204734112254413958e-04
-2.222445048181143079e-04
-2.240184703816705536e-04
-2.257957995577264398e-04
-2.275770625943529524e-04
-2.293630833285487114e-04
-2.311549306931448555e-04
-2.329541895288445019e-04
-2.347632759474027608e-04
-2.365864629566560851e-04
-2.384320108448356734e-04
-2.403205431164012751e-04
-2.423322943067018898e-04
-2.452612747795290815e-04
-2.476391493895224727e-04
-2.498572851307168108e-04
-2.520127363934143716e-04
-2.541346469377980810e-04
-2.562349534649399629e-04
-2.583211179544298020e-04
-2.603979789560506575e-04
-2.624692430636121898e-04
-2.645375474792377446e-04
-2.666046088182216778e-04
-2.686717000502936159e-04
-2.707402835071537339e-04
-2.728126243533024464e-04
-2.748927299024428450e-04
-2.769890038295530488e-04
-2.791240739176137353e-04
-2.813556466382260979e-04
-2.835982767096512092e-04
-2.858063426867119006e-04
-2.879993877180631046e-04
-2.901855274005660235e-04
-2.923654645500262106e-04
-2.945421561765249052e-04
-2.967184739615102984e-04
-2.988973521697024793e-04
-3.010840674959602836e-04
-3.032716229789400586e-04
-3.054622331030154569e-04
-3.076577274969682918e-04
-3.098593414020411885e-04
-3.120684191101341654e-04
-3.142863656313554799e-04
-3.165150246209336160e-04
-3.187567955491577010e-04
-3.210153757162714783e-04
-3.232970405202539865e-04
-3.256127273337794392e-04
-3.279710560135651320e-04
-3.303290289000671009e-04
-3.326851525615737160e-04
-3.350346114866509240e-04
-3.373586681743034887e-04
-3.396606617851460896e-04
-3.419479095086996878e-04
-3.442255178153219575e-04
-3.464965633469541118e-04
-3.487631281099412561e-04
-3.510265809245627366e-04
-3.532880122047998839e-04
-3.555481895611833920e-04
-3.578077810836299832e-04
-3.600673506389817646e-04
-3.623274618618221865e-04
-3.645886311050006157e-04
-3.668513829945263538e-04
-3.691162912234924320e-04
-3.713839829891929512e-04
-3.736552699917794484e-04
-3.759313355111704169e-04
-3.782145606782139069e-04
-3.805107334814428199e-04
-3.828245181810574493e-04
-3.851408635373587686e-04
-3.874582144656191218e-04
-3.897787558327925339e-04
-3.921041059770091763e-04
-3.944355419451817113e-04
-3.967741591054396721e-04
-3.991211174936282191e-04
-4.014776701481981291e-04
-4.038452969572503548e-04
-4.062255709560425032e-04
-4.086205915916352183e-04
-4.110328791128159409e-04
-4.134656619544374578e-04
-4.159231560454390575e-04
-4.184122992283434428e-04
-4.209616740604715801e-04
-4.238790893541510840e-04
-4.266579130063341552e-04
-4.293731043973902928e-04
-4.320633934326023606e-04
-4.347398478825592605e-04
-4.374072254177407970e-04
-4.400697850925894272e-04
-4.427244214153525093e-04
-4.453717953787350581e-04
-4.480140553462241826e-04
-4.506522192437856233e-04
-4.532872353895101014e-04
-4.559201316703953566e-04
-4.585519724438213984e-04
-4.611834920208446320e-04
-4.638146470705706292e-04
-4.664453560434544954e-04
-4.690761806950272117e-04
-4.717080740408441386e-04
-4.743420443319434909e-04
-4.769790764320713805e-04
-4.796201238176367454e-04
-4.822661071856026993e-04
-4.849180117816320745e-04
-4.875767842362765947e-04
-4.902436712077573588e-04
-4.929202478818339728e-04
-4.956090283653180606e-04
-4.983132745212115466e-04
-5.010346882814431524e-04
-5.037662134278475534e-04
-5.065032414093284530e-04
-5.092460773027385201e-04
-5.119958701509386145e-04
-5.147533593958808495e-04
-5.175189804426105766e-04
-5.202928549047358686e-04
-5.230750182630972134e-04
-5.258653042464755956e-04
-5.286636986040482711e-04
-5.314704694664440510e-04
-5.342866555170244780e-04
-5.371142237508008677e-04
-5.399573326967388454e-04
-5.428238407974017576e-04
-5.457303011001668480e-04
-5.486963172555148205e-04
-5.516846674233910619e-04
-5.546520317811776124e-04
-5.575997205403693258e-04
-5.605348130085507918e-04
-5.634621872367961970e-04
-5.663849747851168459e-04
-5.693055623928744424e-04
-5.722270986412425486e-04
-5.751498489193762609e-04
-5.780680290361495111e-04
-5.809862978174429315e-04
-5.839058502085103797e-04
-5.868275503065900622e-04
-5.897521999939092652e-04
-5.926805083177333344e-04
-5.956127729649374203e-04
-5.985485387832722992e-04
-6.014874171743622711e-04
-6.044295161256041382e-04
-6.073751955242290279e-04
-6.103247721707116824e-04
-6.132785928721906643e-04
-6.162368836872822442e-04
-6.191998786685415368e-04
-6.221675976899598837e-04
-6.251402141462802931e-04
-6.281178490836758499e-04
-6.311006438169952659e-04
-6.340888848666015321e-04
-6.370830415602934949e-04
-6.400837490648791928e-04
-6.430907504096916583e-04
-6.461018563745923871e-04
-6.491155730349307262e-04
-6.521320510537442772e-04
-6.551517754995739296e-04
-6.581751884007225328e-04
-6.612026834305062550e-04
-6.642347451647490075e-04
-6.672719402729399008e-04
-6.703152716936999767e-04
-6.733665974282265765e-04
-6.764313510039254851e-04
-6.795471861109625422e-04
-6.826522738085927244e-04
-6.857467178168485944e-04
-6.888471760954084644e-04
-6.919714829176637494e-04
-6.951836186970261622e-04
-6.983202481312122956e-04
-7.014310628336017928e-04
-7.045322512638785284e-04
-7.076288060984259332e-04
-7.107237485538542288e-04
-7.138271732080037069e-04
-7.169194406977386080e-04
-7.200056008105359950e-04
-7.230885656065444422e-04
-7.261689996925779766e-04
-7.292471167577030400e-04
-7.323230103989386564e-04
-7.353966994902982890e-04
-7.384681980366902820e-04
-7.415375004521385094e-04
-7.446045898239495031e-04
-7.476694376555848010e-04
-7.507320163040454020e-04
-7.537922932970841927e-04
-7.568502605677096540e-04
-7.599058442421258164e-04
-7.629592216342739874e-04
-7.660103924381767015e-04
-7.690595071478956157e-04
-7.721067949947313380e-04
-7.751527323655027502e-04
-7.781981789158898266e-04
-7.812451247971585744e-04
-7.842997623431768872e-04
-7.874098124721617964e-04
-7.904795724820168346e-04
-7.935235623600656041e-04
-7.965571606719512587e-04
-7.995840237416951268e-04
-8.026055921895869361e-04
-8.056226675654531988e-04
-8.086355165172198767e-04
-8.116448349949623164e-04
-8.146507124857649274e-04
-8.176533760271276208e-04
-8.206529878626023233e-04
-8.236496884704846977e-04
-8.266436272470478741e-04
-8.296349280779713453e-04
-8.326237646422152139e-04
-8.356102402137244312e-04
-8.385944807999257122e-04
-8.415765789601126201e-04
-8.445567239812046267e-04
-8.475349982778324076e-04
-8.505115311200350803e-04
-8.534864402480746293e-04
-8.564598461633377013e-04
-8.594318645801513057e-04
-8.624026295755982119e-04
-8.653722617232295633e-04
-8.683408988765517478e-04
-8.713086703379113729e-04
-8.742757218556107546e-04
-8.772421955098863577e-04
-8.802082564913771279e-04
-8.831740817887290262e-04
-8.861398594597336142e-04
-8.891056942395003659e-04
-8.920716545111062601e-04
-8.950379066698932462e-04
-8.980046750225456620e-04
-9.009721875115062062e-04
-9.039406664619331622e-04
-9.069103259147226481e-04
-9.098813709806918837e-04
-9.128539851697148322e-04
-9.158283439454351083e-04
-9.188046370519620254e-04
-9.217831207255500203e-04
-9.247642235372666164e-04
-9.277483059936253440e-04
-9.307347872220539386e-04
-9.337236154987049730e-04
-9.367151383801175513e-04
-9.397097292587197614e-04
-9.427076983267168586e-04
-9.457092695769331314e-04
-9.487145323485712822e-04
-9.517234400214791279e-04
-9.547357553439939082e-04
-9.577511321637866004e-04
-9.607691175078647561e-04
-9.637894807161817567e-04
-9.668127696480510735e-04
-9.698425799584686757e-04
-9.729144709739179220e-04
-9.759780837876874671e-04
-9.790177002250155525e-04
-9.820499870720755808e-04
-9.850787178324882376e-04
-9.881044917684489448e-04
-9.911267679468815928e-04
-9.941456466343590037e-04
-9.971616488886336782e-04
-1.000175347367737722e-03
-1.003187219295154087e-03
-1.006197742853598420e-03
-1.009207349061291836e-03
-1.012216287474609899e-03
-1.015224546318416188e-03
-1.018232000840502138e-03
-1.021238722709982838e-03
-1.024245001733925520e-03
-1.027251191508038453e-03
-1.030257606470907916e-03
-1.033264502497854842e-03
-1.036272068701160620e-03
-1.039280445952917020e-03
-1.042289733961698772e-03
-1.045300030152795934e-03
-1.048311427051418221e-03
-1.051324025859168287e-03
-1.054337926975623674e-03
-1.057353236556313192e-03
-1.060370047319958431e-03
-1.063388437893442173e-03
-1.066408437506827234e-03
-1.069429998554305428e-03
-1.072452996851991358e-03
-1.075477332018848209e-03
-1.078502990047081056e-03
-1.081530065876523672e-03
-1.084558722994288793e-03
-1.087589173585756797e-03
-1.090621670771674268e-03
-1.093656517527907823e-03
-1.096694139318121763e-03
-1.099735075207886048e-03
-1.102780223819155303e-03
-1.105831072652274649e-03
-1.108890279093110998e-03
-1.111961573387554303e-03
-1.115042903606977553e-03
-1.118120309399062151e-03
-1.121189623649043732e-03
-1.124253362380089882e-03
-1.127313682122377259e-03
-1.130371941291397064e-03
-1.133428930213065122e-03
-1.136485146229548882e-03
-1.139540901932134531e-03
-1.142596439128840125e-03
-1.145651990882790017e-03
-1.148707826864714399e-03
-1.151764247728337409e-03
-1.154821640781844572e-03
-1.157880511284958835e-03
-1.160941564933182235e-03
-1.164005881029606115e-03
-1.167075315100629673e-03
-1.170153603940238263e-03
-1.173250547264692578e-03
-1.176390157010431814e-03
-1.179510635622493808e-03
-1.182604095397721267e-03
-1.185685907151290408e-03
-1.188760975961655753e-03
-1.191831540406917966e-03
-1.194899369087898400e-03
-1.197965449599269760e-03
-1.201030651472811961e-03
-1.204095694219309287e-03
-1.207161195745820592e-03
-1.210227689355636294e-03
-1.213295673429648502e-03
-1.216365691662502080e-03
-1.219438361491187450e-03
-1.222514202256608229e-03
-1.225592879390169365e-03
-1.228673620848885761e-03
-1.231756333171740714e-03
-1.234841517517515364e-03
-1.237929814070448664e-03
-1.241022013117487610e-03
-1.244118714520126012e-03
-1.247220869479592764e-03
-1.250329496974678101e-03
-1.253445910825767839e-03
-1.256571657844873791e-03
-1.259708983925911241e-03
-1.262860830389289646e-03
-1.266031379004828317e-03
-1.269226565606129675e-03
-1.272453763760283962e-03
-1.275718534274772331e-03
-1.279017598747711482e-03
-1.282352311848922177e-03
-1.285698779979749240e-03
-1.288997273596104165e-03
-1.292277174478995150e-03
-1.295546902768784925e-03
-1.298811029101454295e-03
-1.302072769802320451e-03
-1.305335173680144401e-03
-1.308602392730895403e-03
-1.311882733934011114e-03
-1.315172045971868542e-03
-1.318445406498724992e-03
-1.321710145743226761e-03
-1.324971292619880892e-03
-1.328231550486225210e-03
-1.331492889142693592e-03
-1.334757161431388006e-03
-1.338026256912039358e-03
-1.341302314570524956e-03
-1.344587746708092446e-03
-1.347885720006658516e-03
-1.351200206715863494e-03
-1.354534969993381743e-03
-1.357883858681185885e-03
-1.361224567601238000e-03
-1.364548382910668600e-03
-1.367860724966862840e-03
-1.371167141090645636e-03
-1.374471450142578099e-03
-1.377776251979101474e-03
-1.381083417961059823e-03
-1.384394416573453412e-03
-1.387710415791332252e-03
-1.391032443261330798e-03
-1.394361195713900159e-03
-1.397697362461203241e-03
-1.401041347275477911e-03
-1.404393263775394196e-03
-1.407752743372792104e-03
-1.411119218051704038e-03
-1.414491789772487351e-03
-1.417869498757329261e-03
-1.421251302902715175e-03
-1.424636112744459560e-03
-1.428022871296286134e-03
-1.431410939106925184e-03
-1.434800185192153243e-03
-1.438190865338917490e-03
-1.441583465083051685e-03
-1.444978668957319634e-03
-1.448377450460225369e-03
-1.451782332081430482e-03
-1.455218034895344736e-03
-1.458649274936552054e-03
-1.462070493033262863e-03
-1.465490288637960603e-03
-1.468911018377982991e-03
-1.472333934610658979e-03
-1.475759931814923931e-03
-1.479189780400513854e-03
-1.482624288558498371e-03
-1.486064172666168304e-03
-1.489510290584639129e-03
-1.492963535324687285e-03
-1.496425017793567847e-03
-1.499896221784369210e-03
-1.503381066716991121e-03
-1.506890268423322077e-03
-1.510387915966693306e-03
-1.513885640377798936e-03
-1.517388728905055828e-03
-1.520899111847051621e-03
-1.524418179332465151e-03
-1.527947588499722897e-03
-1.531492097318398748e-03
-1.535088155717012626e-03
-1.538705746772173200e-03
-1.542305150597056418e-03
-1.545922698939716788e-03
-1.549620485720049068e-03
-1.553238398082301686e-03
-1.556847342443545834e-03
-1.560469295916133703e-03
-1.564086552889309978e-03
-1.567714040953127608e-03
-1.571355588138367843e-03
-1.575010630543216550e-03
-1.578673696440380247e-03
-1.582337906002040384e-03
-1.586000392225450639e-03
-1.589663673489227769e-03
-1.593336473907358553e-03
-1.597038449826060358e-03
-1.600764041929769732e-03
-1.604465347921024687e-03
-1.608148869464698372e-03
-1.611824158174512966e-03
-1.615498516162827691e-03
-1.619199798633674803e-03
-1.622884137653768377e-03
-1.626576626473030807e-03
-1.630291804679995238e-03
-1.634056181487264503e-03
-1.637914004342988505e-03
-1.641763813199248467e-03
-1.645549599093243387e-03
-1.649301992773244407e-03
-1.653038049154176292e-03
-1.656767911883849642e-03
-1.660502791479001594e-03
-1.664237450597294554e-03
-1.667954664521298369e-03
-1.671667697271894681e-03
-1.675382075481346433e-03
-1.679101008143280005e-03
-1.682826247963009614e-03
-1.686557437509561552e-03
-1.690291554012124386e-03
-1.694024569008911740e-03
-1.697753892912157170e-03
-1.701478962177538357e-03
-1.705200493502201375e-03
-1.708919622236959590e-03
-1.712637573271780234e-03
-1.716355578769812595e-03
-1.720075032067058807e-03
-1.723797614003208523e-03
-1.727525328460211007e-03
-1.731259983981603412e-03
-1.735001507518485475e-03
-1.738745994716461851e-03
-1.742487646518964262e-03
-1.746223356385079306e-03
-1.749953567301565371e-03
-1.753680208067431856e-03
-1.757405742764062140e-03
-1.761132729609427017e-03
-1.764864094924822879e-03
-1.768603619305975094e-03
-1.772356326938728799e-03
-1.776129130947157186e-03
-1.779925006164195800e-03
-1.783725421182547066e-03
-1.787512118971879005e-03
-1.791291097241853869e-03
-1.795072019321608536e-03
-1.798858857805507583e-03
-1.802646364003179791e-03
-1.806421258387813644e-03
-1.810172662159215129e-03
-1.813899003809016364e-03
-1.817602734630052730e-03
-1.821287568904650378e-03
-1.824956745837824634e-03
-1.828613268587964136e-03
-1.832260099010163401e-03
-1.835901485265911681e-03
-1.839559782258359810e-03
-1.843199572201470460e-03
-1.846825628628923077e-03
-1.850442741194391338e-03
-1.854052103765990722e-03
-1.857654387876217505e-03
-1.861250029064454026e-03
-1.864839530884787600e-03
-1.868423324999146651e-03
-1.872001885098839580e-03
-1.875575633172199552e-03
-1.879145019656136562e-03
-1.882710386886587983e-03
-1.886272171213065896e-03
-1.889830647758716786e-03
-1.893386115654038804e-03
-1.896938966266970006e-03
-1.900489603015254048e-03
-1.904038758160586653e-03
-1.907587990324643989e-03
-1.911142758513006967e-03
-1.914792079383720314e-03
-1.918345732745296850e-03
-1.921888961178841448e-03
-1.925426915921346627e-03
-1.928961939584472596e-03
-1.932496355491197804e-03
-1.936034334916625355e-03
-1.939582331339728682e-03
-1.943137335070788119e-03
-1.946671537589206302e-03
-1.950191755402896909e-03
-1.953703130335826543e-03
-1.957210325099101311e-03
-1.960717230573005843e-03
-1.964231629850377026e-03
-1.967784474497302760e-03
-1.971292231533028350e-03
-1.974786309616227697e-03
-1.978274463207196909e-03
-1.981759036937424945e-03
-1.985240994141879156e-03
-1.988720891883732911e-03
-1.992199059701937891e-03
-1.995675925444473364e-03
-1.999151902598916841e-03
-2.002627440696791439e-03
-2.006103168973427664e-03
-2.009579681653494987e-03
-2.013057652785144036e-03
-2.016537755234359963e-03
-2.020020443656012077e-03
-2.023505788514734505e-03
-2.026993546412558800e-03
-2.030483693886919738e-03
-2.033976293209116548e-03
-2.037470280587538873e-03
-2.040964067472450516e-03
-2.044457565526958120e-03
-2.047949131497528441e-03
-2.051437584022597349e-03
-2.054925165945409304e-03
-2.058413463420172285e-03
-2.061904023730631863e-03
-2.065398860491618471e-03
-2.068900468269463389e-03
-2.072411780856930896e-03
-2.075933780746108681e-03
-2.079461765209233981e-03
-2.082990721721467153e-03
-2.086519993106161763e-03
-2.090050081115624181e-03
-2.093581869671234941e-03
-2.097116465739179425e-03
-2.100654975981219863e-03
-2.104198625712982995e-03
-2.107748533516806688e-03
-2.111305816135722324e-03
-2.114871284038088994e-03
-2.118445695073911672e-03
-2.122029425399185598e-03
-2.125622274660732280e-03
-2.129222751186543583e-03
-2.132827828205896559e-03
-2.136434610995219252e-03
-2.140041746783505339e-03
-2.143648795382202543e-03
-2.147255785573176645e-03
-2.150863008075432070e-03
-2.154470773992445132e-03
-2.158079427517001214e-03
-2.161689401784405717e-03
-2.165301207870840017e-03
-2.168915430412088341e-03
-2.172532687755523995e-03
-2.176153659836477239e-03
-2.179779023210870470e-03
-2.183409499038502233e-03
-2.187045660071662567e-03
-2.190688168737131569e-03
-2.194337594509820910e-03
-2.197994099578770566e-03
-2.201657859964623043e-03
-2.205328808994488909e-03
-2.209006466449170425e-03
-2.212690031566100224e-03
-2.216378343020131148e-03
-2.220070048626787695e-03
-2.223763941576528680e-03
-2.227459164665268609e-03
-2.231155534792694795e-03
-2.234853861573959932e-03
-2.238559181456989400e-03
-2.242265135119159147e-03
-2.245966131487753259e-03
-2.249668288735295896e-03
-2.253373332839814225e-03
-2.257082336832971770e-03
-2.260795779388535820e-03
-2.264513093376052666e-03
-2.268233054291357575e-03
-2.271954787304575341e-03
-2.275678411692072522e-03
-2.279404680399887972e-03
-2.283134595121638633e-03
-2.286869216967857277e-03
-2.290609637809248866e-03
-2.294356938850827810e-03
-2.298112218682812902e-03
-2.301876518012502260e-03
-2.305650626534871961e-03
-2.309434088218709213e-03
-2.313222774764311929e-03
-2.317009392896474118e-03
-2.320793068914972501e-03
-2.324575486159052851e-03
-2.328357323943097690e-03
-2.332138506131120614e-03
-2.335919515758400067e-03
-2.339700862062699116e-03
-2.343483485722996917e-03
-2.347268280489811509e-03
-2.351056104790916201e-03
-2.354847059087172845e-03
-2.358640999233663216e-03
-2.362438659553545151e-03
-2.366240881336523216e-03
-2.370048349122022557e-03
-2.373861704436208697e-03
-2.377681634528117094e-03
-2.381508799623288652e-03
-2.385344115798715414e-03
-2.389188112764117911e-03
-2.393042026256120280e-03
-2.396907237381395994e-03
-2.400786096997675756e-03
-2.404681704433198064e-03
-2.408591771580259611e-03
-2.412501111710985136e-03
-2.416407699169065282e-03
-2.420316200557937059e-03
-2.424230100739777072e-03
-2.428151764808927915e-03
-2.432083081317704121e-03
-2.436025737195479657e-03
-2.439981367613919261e-03
-2.443951502978269907e-03
-2.447938038141250772e-03
-2.451943236595588438e-03
-2.455969549270964336e-03
-2.460020343875934934e-03
-2.464098928864011384e-03
-2.468209793921705142e-03
-2.472351390197635723e-03
-2.476517298464209205e-03
-2.480708163743017280e-03
-2.484917476389347790e-03
-2.489136306829675682e-03
-2.493364239806394878e-03
-2.497597898387216020e-03
-2.501834712102635194e-03
-2.506072848679874454e-03
-2.510311430409029043e-03
-2.514550315126817814e-03
-2.518790149777738741e-03
-2.523033328780011075e-03
-2.527279010963057182e-03
-2.531523294060922247e-03
-2.535773588153156233e-03
-2.540026590112764993e-03
-2.544273214067915845e-03
-2.548518033774205271e-03
-2.552762625189441970e-03
-2.557005704272752311e-03
-2.561248719125663875e-03
-2.565492327697871389e-03
-2.569737108131686654e-03
-2.573983826304582223e-03
-2.578233882587932513e-03
-2.582491870410597024e-03
-2.586756076170537710e-03
-2.591015524524009628e-03
-2.595276448585148721e-03
-2.599541217289780271e-03
-2.603811857804894103e-03
-2.608089903960886247e-03
-2.612374493183411417e-03
-2.616666527139765996e-03
-2.620966930325097088e-03
-2.625276430655798521e-03
-2.629596010517376570e-03
-2.633927238775091162e-03
-2.638271671469794022e-03
-2.642630669656087505e-03
-2.647005052484274756e-03
-2.651395181448967797e-03
-2.655801307339888950e-03
-2.660224523428622589e-03
-2.664666712786756264e-03
-2.669131126432189305e-03
-2.673621513021418039e-03
-2.678141976301229299e-03
-2.682696484212598875e-03
-2.687287911061209122e-03
-2.691917412983246827e-03
-2.696582732640728786e-03
-2.701278719638100512e-03
-2.706000979920464289e-03
-2.710747094621046571e-03
-2.715515671487422900e-03
-2.720302560636711497e-03
-2.725099637548855647e-03
-2.729913273889716940e-03
-2.734834100405314494e-03
-2.739799510733886834e-03
-2.744666132196371677e-03
-2.749379708160137881e-03
-2.754029279503189542e-03
-2.758638781619082714e-03
-2.763218704594505581e-03
-2.767774757868823876e-03
-2.772312054506231860e-03
-2.776833836896863694e-03
-2.781343835231653294e-03
-2.785846140712089358e-03
-2.790342584241378709e-03
-2.794825462414718409e-03
-2.799294965062038010e-03
-2.803754440806049963e-03
-2.808208542407708563e-03
-2.812649336044747983e-03
-2.817080847784869668e-03
-2.821504584376466340e-03
-2.825921398221020731e-03
-2.830331708035815907e-03
-2.834735714770775239e-03
-2.839133524900061545e-03
-2.843525199141105908e-03
-2.847911041174988611e-03
-2.852291701456399764e-03
-2.856668304680676229e-03
-2.861042922032486224e-03
-2.865415143542882070e-03
-2.869786730226087101e-03
-2.874160061295261137e-03
-2.878537675805370455e-03
-2.882922346075456055e-03
-2.887317122632571120e-03
-2.891725366184760837e-03
-2.896150930608243357e-03
-2.900598244057084329e-03
-2.905073115196721290e-03
-2.909582767823715166e-03
-2.914138138324862126e-03
-2.918755818585028194e-03
-2.923465284597637215e-03
-2.928333974792973748e-03
-2.934737093846950806e-03
-2.940115676735133299e-03
-2.945982426750703986e-03
-2.952313508704840217e-03
-2.958266821093791243e-03
-2.963609309400205838e-03
-2.968676855045870866e-03
-2.973584290317576873e-03
-2.978386908987440407e-03
-2.983115229783783739e-03
-2.987788417219028325e-03
-2.992419146630509452e-03
-2.997016706958510746e-03
-3.001588067625404754e-03
-3.006139468812452087e-03
-3.010675425272779648e-03
-3.015199912781096891e-03
-3.019716723419496596e-03
-3.024231454609727088e-03
-3.028756883265093514e-03
-3.033359286995662707e-03
-3.037914623618132026e-03
-3.042412037347674847e-03
-3.046889575695765906e-03
-3.051355808246447587e-03
-3.055814194935391193e-03
-3.060266965872360245e-03
-3.064716200440242844e-03
-3.069164719365580218e-03
-3.073616757779951136e-03
-3.078079626965490867e-03
-3.082569066310991701e-03
-3.087132532275660424e-03
-3.091738491675100065e-03
-3.096235600965169255e-03
-3.100700255687649509e-03
-3.105151874900236031e-03
-3.109594089858225274e-03
-3.114028574903282554e-03
-3.118457208919789281e-03
-3.122881006115574287e-03
-3.127300632400742408e-03
-3.131716857440292046e-03
-3.136130585189467190e-03
-3.140542721659533854e-03
-3.144954244901243534e-03
-3.149366101596773326e-03
-3.153779379642784875e-03
-3.158195657152806923e-03
-3.162618651278314985e-03
-3.167070398462645819e-03
-3.171521422182688177e-03
-3.175952226637024367e-03
-3.180379953699796758e-03
-3.184808855213550061e-03
-3.189241697126532493e-03
-3.193681336324472042e-03
-3.198131657126679350e-03
-3.202597088273972936e-03
-3.207073759343148645e-03
-3.211560753768938348e-03
-3.216060224900729736e-03
-3.220550782751074870e-03
-3.225030890308011600e-03
-3.229511738483514804e-03
-3.233997204501792844e-03
-3.238489146649037309e-03
-3.242988994799689273e-03
-3.247506751292261740e-03
-3.252021029079954495e-03
-3.256536003222509912e-03
-3.261059149696876602e-03
-3.265593771913377630e-03
-3.270144579096245785e-03
-3.274713029093545558e-03
-3.279285233161122193e-03
-3.283856642367521950e-03
-3.288430357014759942e-03
-3.293008602893610082e-03
-3.297592855684872148e-03
-3.302184353336956590e-03
-3.306784512508098572e-03
-3.311394889665697505e-03
-3.316017605462628914e-03
-3.320652265122236990e-03
-3.325298870322623834e-03
-3.329960893845518299e-03
-3.334639970642649942e-03
-3.339399028013279036e-03
-3.344110163255087365e-03
-3.348825678141653661e-03
-3.353559193275623684e-03
-3.358324946682089696e-03
-3.363168628986668018e-03
-3.368184400096785325e-03
-3.373060715814779620e-03
-3.377898084441000037e-03
-3.382725314311829656e-03
-3.387552527960191462e-03
-3.392384366325051914e-03
-3.397223712272467999e-03
-3.402072485499507692e-03
-3.406932258819495019e-03
-3.411804064442636175e-03
-3.416689161663599705e-03
-3.421588782260287509e-03
-3.426504571852451164e-03
-3.431437792552616273e-03
-3.436390574521497321e-03
-3.441365087286318847e-03
-3.446363645936201259e-03
-3.451387329752586552e-03
-3.456436286369046762e-03
-3.461509297838727406e-03
-3.466605755331753080e-03
-3.471725584786811147e-03
-3.476870753609140330e-03
-3.482044285881724655e-03
-3.487251225973042601e-03
-3.492489146655231025e-03
-3.497762628022815790e-03
-3.503070103016203696e-03
-3.508417663214524751e-03
-3.513814465872622250e-03
-3.519273420330315538e-03
-3.524811018148055197e-03
-3.530445886845923198e-03
-3.536210259014627155e-03
-3.542150555351009089e-03
-3.548347442434374166e-03
-3.554952013881007566e-03
-3.562349538352882483e-03
-3.572158018434246074e-03
-3.587751918711523658e-03
-3.595846697766469369e-03
-3.602755019321057794e-03
-3.609734249664819927e-03
-3.615943091620166250e-03
-3.621901813219086108e-03
-3.627699801486139464e-03
-3.633383790578759154e-03
-3.638985766349467355e-03
-3.644510946773649174e-03
-3.649974047724935389e-03
-3.655391582789269123e-03
-3.660774554891221833e-03
-3.666135123136071705e-03
-3.671481468781379043e-03
-3.676789783306655401e-03
-3.682077373959868893e-03
-3.687352463220938681e-03
-3.692620002224145104e-03
-3.697883793686185250e-03
-3.703147124965000536e-03
-3.708413408119115573e-03
-3.713686762645718176e-03
-3.718976186921518767e-03
-3.724430882507623330e-03
-3.729744096490739125e-03
-3.735060052912242412e-03
-3.740375376591997814e-03
-3.745703526155330643e-03
-3.751019301142854978e-03
-3.756329700916105629e-03
-3.761642684570354334e-03
-3.766960947598763099e-03
-3.772286411182435018e-03
-3.777620947378879102e-03
-3.782966870007342663e-03
-3.788326356388815874e-03
-3.793702519556796382e-03
-3.799098901581809962e-03
-3.804520510722664284e-03
-3.809974166920304661e-03
-3.815467741895228748e-03
-3.820999730436036579e-03
-3.826548195455581336e-03
-3.832089062734911344e-03
-3.837615753679135544e-03
-3.843130858176779796e-03
-3.848638368128987075e-03
-3.854141810189948281e-03
-3.859644384125893168e-03
-3.865151207223749275e-03
-3.870677225462082482e-03
-3.876191504657899856e-03
-3.881702565156408546e-03
-3.887220562068804952e-03
-3.892756671882713349e-03
-3.898320502395691278e-03
-3.903886563236813600e-03
-3.909439933065805839e-03
-3.914986180354240730e-03
-3.920528278667290145e-03
-3.926065471885564762e-03
-3.931598400405023064e-03
-3.937130997821225442e-03
-3.942668581947472717e-03
-3.948216944848925714e-03
-3.953782572713393506e-03
-3.959372428426921608e-03
-3.964994930713783283e-03
-3.970659896909700670e-03
-3.976382129695976708e-03
-3.982183411959883124e-03
-3.988066839026527255e-03
-3.994051037475299104e-03
-4.000193494336778954e-03
-4.006604715828587793e-03
-4.013416297361849239e-03
-4.020814878504364032e-03
-4.030355202067181786e-03
-4.043882224969430617e-03
-4.052667127995235319e-03
-4.060563905081471248e-03
-4.068092554238234015e-03
-4.075435266003180068e-03
-4.082697274278679345e-03
-4.089996162357056875e-03
-4.097545995799034557e-03
-4.105982850364120473e-03
-4.115879686737544674e-03
-4.123091730499073293e-03
-4.129550194386100159e-03
-4.135675326462529000e-03
-4.141586310706490970e-03
-4.147346210008784340e-03
-4.152999910998822486e-03
-4.158581898683788580e-03
-4.164097821100387620e-03
-4.169540353956668888e-03
-4.174932608436487946e-03
-4.180311486906562735e-03
-4.185631627176777947e-03
-4.190921018177973245e-03
-4.196183546715137602e-03
-4.201424006370579889e-03
-4.206648898415710214e-03
-4.211864530014430841e-03
-4.217078545413754931e-03
-4.222301837745634501e-03
-4.227540402417462317e-03
-4.232781648006000985e-03
-4.238044480623814891e-03
-4.243339228816922493e-03
-4.248655743293250353e-03
-4.253991280312119372e-03
-4.259351058147342606e-03
-4.264740838484937235e-03
-4.270168149911768296e-03
-4.275652835272980568e-03
-4.281178494657478240e-03
-4.286772730307419899e-03
-4.292461716969619978e-03
-4.298278413479739157e-03
-4.304270810699284411e-03
-4.310508975169269341e-03
-4.317120518912531679e-03
-4.324336585821209056e-03
-4.332707314063988235e-03
-4.343667008230300830e-03
-4.355568840604617797e-03
-4.364683287157333780e-03
-4.372456122302303960e-03
-4.379578529890681970e-03
-4.386265306478565051e-03
-4.392585544674920683e-03
-4.398656778042409066e-03
-4.404552049373178235e-03
-4.410311354772211700e-03
-4.415964652222381659e-03
-4.421531449992244234e-03
-4.427027309563236201e-03
-4.432465145854824762e-03
-4.437855161897319434e-03
-4.443206121312548440e-03
-4.448525614228149294e-03
-4.453820308633948954e-03
-4.459094900524429583e-03
-4.464353194991166340e-03
-4.469600128252371185e-03
-4.474842016500391040e-03
-4.480087229417728523e-03
-4.485336687607976991e-03
-4.490580213680650523e-03
-4.495814046493684657e-03
-4.501032242326119537e-03
-4.506235557292348481e-03
-4.511428733740552310e-03
-4.516618104514757981e-03
-4.521809875272175816e-03
-4.527010382251006604e-03
-4.532226622024237983e-03
-4.537466453582661430e-03
-4.542740945704171196e-03
-4.548062444319267428e-03
-4.553420109987826869e-03
-4.558783689661449756e-03
-4.564167824548936991e-03
-4.569594483581518318e-03
-4.575084221992486988e-03
-4.580657201701643366e-03
-4.586340767588903411e-03
-4.592170730652100907e-03
-4.598196308475466232e-03
-4.604493477648796684e-03
-4.611196301344766546e-03
-4.618558867078181862e-03
-4.627077332372442342e-03
-4.637028234336204591e-03
-4.646102841210919543e-03
-4.653712395483400321e-03
-4.660495807062403628e-03
-4.666801222725780462e-03
-4.672802994344582572e-03
-4.678594971827321203e-03
-4.684236769439076298e-03
-4.689763002671543113e-03
-4.695199573422681460e-03
-4.700564504419246781e-03
-4.705872211537398542e-03
-4.711132765410797063e-03
-4.716354695902258420e-03
-4.721544403635258291e-03
-4.726708057919748462e-03
-4.731850031838513715e-03
-4.736974059506016133e-03
-4.742083034760535831e-03
-4.747180025992614461e-03
-4.752266937482985121e-03
-4.757345724653250230e-03
-4.762418405555579604e-03
-4.767486881260607490e-03
-4.772553155575121053e-03
-4.777619253017451051e-03
-4.782686666268465281e-03
-4.787755917046609966e-03
-4.792828273734506261e-03
-4.797906501726845185e-03
-4.802993629494545225e-03
-4.808093266844726266e-03
-4.813209664216833161e-03
-4.818348498243141265e-03
-4.823518505908785947e-03
-4.828742050713596967e-03
-4.834443572976798720e-03
-4.839750470901127422e-03
-4.845036834401184045e-03
-4.850332844072435812e-03
-4.855650773426201106e-03
-4.860999982961744514e-03
-4.866389038809093570e-03
-4.871827984415877388e-03
-4.877328518212098452e-03
-4.882906894976501988e-03
-4.888582110009642712e-03
-4.894384919286731694e-03
-4.900359711709989519e-03
-4.906579557373280664e-03
-4.913173066042997306e-03
-4.920414585909416161e-03
-4.929029802677065142e-03
-4.940133418539605081e-03
-4.949162354600744607e-03
-4.956567560007285600e-03
-4.963306845848336479e-03
-4.969596574040946457e-03
-4.975618212704535637e-03
-4.981461179839108411e-03
-4.987177803467579551e-03
-4.992805251614829132e-03
-4.998368688341692234e-03
-5.003881278716093561e-03
-5.009339149002922653e-03
-5.014754528564147051e-03
-5.020136355447513132e-03
-5.025491087849220939e-03
-5.030823320268718035e-03
-5.036137253268790914e-03
-5.041436170916013815e-03
-5.046723413647091760e-03
-5.052002528530774583e-03
-5.057277707249840937e-03
-5.062547693024943563e-03
-5.067815357897909045e-03
-5.073084783250636498e-03
-5.078359376838426087e-03
-5.083642497633378277e-03
-5.088937557603867567e-03
-5.094248116341182353e-03
-5.099577881267802759e-03
-5.104930982157696029e-03
-5.110312538905259494e-03
-5.115726961575917109e-03
-5.121182099339760541e-03
-5.126686416637604715e-03
-5.132247871196704558e-03
-5.137868132945810906e-03
-5.143554542409445318e-03
-5.149326626837424925e-03
-5.155212725330260426e-03
-5.161242458371018138e-03
-5.167459523124806609e-03
-5.173950981247288361e-03
-5.180897432724651530e-03
-5.188707849895113355e-03
-5.198599452024832424e-03
-5.209240267907921940e-03
-5.217176732386419324e-03
-5.224050264662993825e-03
-5.230423174083731475e-03
-5.236511109693142707e-03
-5.242415850302717395e-03
-5.248195301146285630e-03
-5.253886393577045233e-03
-5.259515763328947990e-03
-5.265103671437398880e-03
-5.270695305170880474e-03
-5.276256372361287639e-03
-5.281809359839684248e-03
-5.287293181843288892e-03
-5.292743026051427435e-03
-5.298170783440858678e-03
-5.303582796817196687e-03
-5.308983904514397167e-03
-5.314378017863941039e-03
-5.319768787418577283e-03
-5.325159092963493990e-03
-5.330551323256993435e-03
-5.335947234496707381e-03
-5.341348907265008883e-03
-5.346759301475434434e-03
-5.352181922622323285e-03
-5.357621058088790633e-03
-5.363081230841282299e-03
-5.368568047860899917e-03
-5.374087176553188350e-03
-5.379643933498767794e-03
-5.385247044247143400e-03
-5.390906938390949144e-03
-5.396635804142957404e-03
-5.402451101721217341e-03
-5.408376292029726251e-03
-5.414447994932181096e-03
-5.420719347408176070e-03
-5.427290744194235295e-03
-5.434357569043979375e-03
-5.442420196031361179e-03
-5.452939916653076757e-03
-5.462698253900000189e-03
-5.470226318342596983e-03
-5.476912660676291900e-03
-5.483188350773438025e-03
-5.489226176888073461e-03
-5.495106842592023533e-03
-5.500879984412065937e-03
-5.506573697389383071e-03
-5.512208041535626712e-03
-5.517796933982244134e-03
-5.523350888896327859e-03
-5.528878307406004389e-03
-5.534386300006355341e-03
-5.539878550066767993e-03
-5.545357404492801123e-03
-5.550826171894396310e-03
-5.556288630328309885e-03
-5.561748040943004234e-03
-5.567207166229382054e-03
-5.572668387097801102e-03
-5.578134158989889180e-03
-5.583608149536289922e-03
-5.589093398333688789e-03
-5.594592220208860489e-03
-5.600105274886413298e-03
-5.605640121896571237e-03
-5.611210261550203526e-03
-5.616827242873823067e-03
-5.622479349824960337e-03
-5.628172404378073423e-03
-5.633907999226916985e-03
-5.639663368928071741e-03
-5.645429068621421465e-03
-5.651219067376644922e-03
-5.657048421824684148e-03
-5.662935932951196349e-03
-5.668912006262516456e-03
-5.675016265523802339e-03
-5.681312824305950748e-03
-5.687911299667169907e-03
-5.695050698035108994e-03
-5.703447306470543765e-03
-5.717742519698476578e-03
-5.727258731300532979e-03
-5.734538241322750807e-03
-5.741110455262932177e-03
-5.747318832347358963e-03
-5.753398448571256374e-03
-5.759265178493566673e-03
-5.764998035085233674e-03
-5.770650582578640275e-03
-5.776244892810811216e-03
-5.781795122050570335e-03
-5.787312986425874328e-03
-5.792806363126623559e-03
-5.798281580446928984e-03
-5.803743331164734620e-03
-5.809196479240164024e-03
-5.814645128145556896e-03
-5.820093572937112825e-03
-5.825546143414794820e-03
-5.831007160049139770e-03
-5.836481002650772965e-03
-5.841972259429062397e-03
-5.847485824288956024e-03
-5.853026953550943823e-03
-5.858601287884734887e-03
-5.864216151170942304e-03
-5.869877349606977823e-03
-5.875594680752715959e-03
-5.881379307304923643e-03
-5.887245588455436440e-03
-5.893211904369199949e-03
-5.899302904790237889e-03
-5.905552197026264771e-03
-5.912013056808107514e-03
-5.918776258712399319e-03
-5.926031340199422459e-03
-5.934265605067157168e-03
-5.945621163634950967e-03
-5.957581816810386677e-03
-5.965409912673247383e-03
-5.972189667087235421e-03
-5.978496867432125939e-03
-5.984535883997499361e-03
-5.990400351961522318e-03
-5.996144714115358987e-03
-6.001801825965213943e-03
-6.007396050583757585e-03
-6.012943661879432966e-03
-6.018458086677003216e-03
-6.023945716078005219e-03
-6.029410646134825136e-03
-6.034859323919006258e-03
-6.040297585036435990e-03
-6.045730293044115911e-03
-6.051160976308977979e-03
-6.056592738693855615e-03
-6.062028396958685228e-03
-6.067470754438586411e-03
-6.072923035800537050e-03
-6.078388826702640912e-03
-6.083872813968493887e-03
-6.089378532891265294e-03
-6.094911793612212136e-03
-6.100478400112518962e-03
-6.106085250063508774e-03
-6.111739617401967806e-03
-6.117451107873095317e-03
-6.123230405661650444e-03
-6.129091857739243920e-03
-6.135051608383013111e-03
-6.141134796954661468e-03
-6.147374980021380608e-03
-6.153824800897989000e-03
-6.160566916385112890e-03
-6.167760966623303531e-03
-6.175764679132389467e-03
-6.185767843750467065e-03
-6.201228631233068889e-03
-6.209602114750523150e-03
-6.216383361162147736e-03
-6.222598838229176366e-03
-6.228531213715915449e-03
-6.234302265910929286e-03
-6.239974344154131103e-03
-6.245586375451028793e-03
-6.251162392535092316e-03
-6.256720006353244656e-03
-6.262272155651449346e-03
-6.267829582107697917e-03
-6.273400651582883292e-03
-6.278992663795723850e-03
-6.284612251688082019e-03
-6.290265132142702775e-03
-6.295957507992056001e-03
-6.301695648826544094e-03
-6.307487252173338277e-03
-6.313338048110850309e-03
-6.319257037281644784e-03
-6.325252673927139746e-03
-6.331341447179505977e-03
-6.337515096566326278e-03
-6.343752772023036890e-03
-6.350066705524959332e-03
-6.356465905821395701e-03
-6.362957942720459670e-03
-6.369559132212820884e-03
-6.376288748825342800e-03
-6.383169449394987538e-03
-6.390234821536555643e-03
-6.397531105773679450e-03
-6.405130392766023029e-03
-6.413142460149456880e-03
-6.421788337022227289e-03
-6.431613753098197606e-03
-6.445221142583612561e-03
-6.456818970779765188e-03
-6.464907061552560563e-03
-6.472384251656637666e-03
-6.479636305602110014e-03
-6.486802060028495909e-03
-6.494443295147256379e-03
-6.501770216068347708e-03
-6.508979441150586354e-03
-6.516170161971923669e-03
-6.523378573600635555e-03
-6.530590451484741266e-03
-6.537744999714822924e-03
-6.544791222424461985e-03
-6.551705981101441090e-03
-6.558491271026367642e-03
-6.565159253723029664e-03
-6.571727906333202363e-03
-6.578214565004958381e-03
-6.584647922508124473e-03
-6.591003484224700060e-03
-6.597286374370514572e-03
-6.603517590845209284e-03
-6.609708086359744605e-03
-6.615865642824014792e-03
-6.621998634022463470e-03
-6.628114694254505501e-03
-6.634221183751232154e-03
-6.640311713007829297e-03
-6.646377879338416506e-03
-6.652432015334164284e-03
-6.658496912617328789e-03
-6.664513952945094744e-03
-6.670506166830958428e-03
-6.676479318239225691e-03
-6.682438216248032248e-03
-6.688387478633539551e-03
-6.694330260493042140e-03
-6.700270544466979672e-03
-6.706213735272359422e-03
-6.712167378515654370e-03
-6.718144037759055109e-03
-6.724169856209716301e-03
-6.730311961023915934e-03
-6.736549359439125695e-03
-6.742695779139884493e-03
-6.748800142198030372e-03
-6.754895784352288324e-03
-6.761001008237399468e-03
-6.767129634362323287e-03
-6.773294963155929160e-03
-6.779512693468547901e-03
-6.785800392027363515e-03
-6.792184768120046456e-03
-6.798705111223712905e-03
-6.805425085299354748e-03
-6.812466181666865239e-03
-6.820096244409046271e-03
-6.829171007373902036e-03
-6.842276413896120069e-03
-6.851972310770282348e-03
-6.860013219047944588e-03
-6.867390410137730328e-03
-6.874416716760145540e-03
-6.881226499822701292e-03
-6.887893718081961048e-03
-6.894443673289285535e-03
-6.900916203017137818e-03
-6.907340160846819899e-03
-6.913743303364361381e-03
-6.920167745224858891e-03
-6.926721657063206194e-03
-6.933448975186884411e-03
-6.939917375112014675e-03
-6.946252218451021143e-03
-6.952519949973923197e-03
-6.958748114465396206e-03
-6.964952386798062278e-03
-6.971143375081534366e-03
-6.977329714829449969e-03
-6.983519361801526770e-03
-6.989722488639382725e-03
-6.995972379187809231e-03
-7.002250736428683453e-03
-7.008502344590383792e-03
-7.014759466814068922e-03
-7.021030182933207797e-03
-7.027320177373397314e-03
-7.033634839605729105e-03
-7.039980210803098437e-03
-7.046362444601772523e-03
-7.052789700765726977e-03
-7.059271396179567226e-03
-7.065812208555732887e-03
-7.072422617423024249e-03
-7.079119354024721034e-03
-7.085922451445569870e-03
-7.092858179965966237e-03
-7.099963536433495648e-03
-7.107294880678849402e-03
-7.114944211879414837e-03
-7.123095397062351175e-03
-7.132218872107687346e-03
-7.145137003744750359e-03
-7.156324879185271826e-03
-7.165125842092168185e-03
-7.173629429926497991e-03
-7.182514570896691986e-03
-7.193086607538812238e-03
-7.223583709478842430e-03
-7.234895174297983900e-03
-7.244561896684431623e-03
-7.253685293156730829e-03
-7.262492458477431967e-03
-7.270893392313682035e-03
-7.279159424028125436e-03
-7.287529104464840479e-03
-7.296290240822456141e-03
-7.305966323402746099e-03
-7.317181083802193342e-03
-7.328265843082548692e-03
-7.338069893436993674e-03
-7.347024959686199175e-03
-7.355455492952911456e-03
-7.363530753185520972e-03
-7.371353741110531210e-03
-7.378987381831736414e-03
-7.386476352012061319e-03
-7.393850143753488702e-03
-7.401132656047915148e-03
-7.408339834805044433e-03
-7.415485698741841603e-03
-7.422580776689891024e-03
-7.429635828300695799e-03
-7.436658233340609492e-03
-7.443655549877359334e-03
-7.450634685626900122e-03
-7.457603161794779112e-03
-7.464568307046004492e-03
-7.471538203375760467e-03
-7.478521693346729116e-03
-7.485529295107928860e-03
-7.492573136099300868e-03
-7.499668025075623135e-03
-7.506828567045875644e-03
-7.514053427672751084e-03
-7.521360485975514543e-03
-7.528792568974429500e-03
-7.536400348004845817e-03
-7.544265411066231053e-03
-7.552523579766434736e-03
-7.561441790010170472e-03
-7.571594544867443766e-03
-7.583595772224227538e-03
-7.594950742143891098e-03
-7.604946143644042422e-03
-7.614151160670656893e-03
-7.622825055255133542e-03
-7.631125743593591970e-03
-7.639143111102031369e-03
-7.646941228628856280e-03
-7.654577159972753009e-03
-7.662104897942945136e-03
-7.669591540821252273e-03
-7.677167776038995584e-03
-7.685306762963306504e-03
-7.692997505158172267e-03
-7.700233680346113552e-03
-7.707293402813175653e-03
-7.714253022732431297e-03
-7.721151703533268851e-03
-7.728015589078096603e-03
-7.734868641289693869e-03
-7.741735929337911770e-03
-7.748653402602223572e-03
-7.755691765603756060e-03
-7.763120898534037195e-03
-7.771513693183629279e-03
-7.778949947433555501e-03
-7.786318042973583431e-03
-7.793934297547711054e-03
-7.803010910070629080e-03
-7.810364811021375253e-03
-7.817095201652302094e-03
-7.823718953390512709e-03
-7.830420042774788314e-03
-7.837583707088091600e-03
-7.845677565318620594e-03
-7.853194168759736193e-03
-7.860598059477030830e-03
-7.868128952915887098e-03
-7.875998345178825133e-03
-7.884426875920946820e-03
-7.893388829032454979e-03
-7.902317803263114726e-03
-7.910788951347558218e-03
-7.918821390326846732e-03
-7.926556170828824577e-03
-7.934140170914538714e-03
-7.941849189002980758e-03
-7.949843276441215245e-03
-7.956799460880015218e-03
-7.963556779054803414e-03
-7.970217531164447422e-03
-7.976835116132452441e-03
-7.983462660775542119e-03
-7.990192517462801902e-03
-7.997338917970164829e-03
-8.007125484542965133e-03
-8.014137432254875293e-03
-8.020862089248348425e-03
-8.027557777230742708e-03
-8.034639492892625690e-03
-8.041847452838646326e-03
-8.048390249654868711e-03
-8.054735067202334342e-03
-8.060974248952801346e-03
-8.067144938774806207e-03
-8.073269733137267146e-03
-8.079358780532674977e-03
-8.085417833479158212e-03
-8.091454231459072055e-03
-8.097476400722669609e-03
-8.103491154098141358e-03
-8.109505506723846402e-03
-8.115526874367118282e-03
-8.121561004918009807e-03
-8.127618389574098323e-03
-8.133720237127550767e-03
-8.139915804138531108e-03
-8.146382803049800891e-03
-8.153320680905573603e-03
-8.159880598932134355e-03
-8.166299039552793460e-03
-8.172668686886264133e-03
-8.179030093662276180e-03
-8.185406752706403388e-03
-8.191817424125780178e-03
-8.198279494437854531e-03
-8.204811090027241960e-03
-8.211434789192062489e-03
-8.218176117294140326e-03
-8.225074459540460126e-03
-8.232186536110019937e-03
-8.239604990821769448e-03
-8.247477437633654596e-03
-8.256089234339292204e-03
-8.265948035569015140e-03
-8.276674207451484300e-03
-8.287045395329872832e-03
-8.297133406484302753e-03
-8.306898493239622816e-03
-8.315848979637330274e-03
-8.324655331310215622e-03
-8.334267030216557792e-03
-8.342524495512870786e-03
-8.350407777680923793e-03
-8.358105089000589238e-03
-8.365711780418116916e-03
-8.373314664094522186e-03
-8.381067787003093628e-03
-8.389799493782157391e-03
-8.397935208743545488e-03
-8.405665105448267838e-03
-8.413384037423088380e-03
-8.421219285958403411e-03
-8.429276241721628260e-03
-8.437695760316832327e-03
-8.446736665358445251e-03
-8.458863041215125556e-03
-8.468752207365759510e-03
-8.478877275606699904e-03
-8.488751694614382615e-03
-8.498297307688251756e-03
-8.507370697157679018e-03
-8.516083387366979451e-03
-8.524553527404443720e-03
-8.532877923106862994e-03
-8.541164500268538795e-03
-8.549505391761802464e-03
-8.557934779909071032e-03
-8.566316012618591103e-03
-8.574556087588725006e-03
-8.582670876552955797e-03
-8.590717205778863885e-03
-8.598754793951557396e-03
-8.606846156964720329e-03
-8.615060603408108975e-03
-8.623479792867150273e-03
-8.632202131784061372e-03
-8.641353372680016243e-03
-8.651110476223911050e-03
-8.661647846841646903e-03
-8.673600198135344996e-03
-8.683917047746403384e-03
-8.693663462325695868e-03
-8.702934922109606397e-03
-8.711909908394321889e-03
-8.720685792456106533e-03
-8.729338162805300172e-03
-8.737923118785739796e-03
-8.746492860307930606e-03
-8.755104109880007535e-03
-8.763822755503802853e-03
-8.772740014387658825e-03
-8.781988184546341003e-03
-8.791762861005802954e-03
-8.802259607330942259e-03
-8.813286988080482054e-03
-8.824080857326555005e-03
-8.834276721593536941e-03
-8.843964671041426584e-03
-8.853299268049896753e-03
-8.862408228373697128e-03
-8.871385825352851029e-03
-8.880317288350814131e-03
-8.889229526924280478e-03
-8.898199054065525360e-03
-8.907337872173903826e-03
-8.916733710617519293e-03
-8.926602957573304131e-03
-8.937542755324989763e-03
-8.952515232980018389e-03
-8.967831161547867858e-03
-8.982957117089851451e-03
-8.994564664490112271e-03
-9.004962149390394188e-03
-9.014903026330900460e-03
-9.024713359406244528e-03
-9.034616784484472696e-03
-9.044805572342329292e-03
-9.055616727845605674e-03
-9.067897407355474115e-03
-9.083533983055946948e-03
-9.096217749445467682e-03
-9.106679752510560277e-03
-9.116430684206866530e-03
-9.125947058893357777e-03
-9.135472947960465717e-03
-9.145207056772353127e-03
-9.155405789086468182e-03
-9.166569356690579262e-03
-9.180067727303065084e-03
-9.195575471348638175e-03
-9.207027368832942926e-03
-9.217095846065004316e-03
-9.226697058217214753e-03
-9.236184773964373207e-03
-9.245777184770487267e-03
-9.255668296259011996e-03
-9.266188497988103734e-03
-9.278090236515712519e-03
-9.293366777803235834e-03
-9.307079041738663960e-03
-9.317909691608061706e-03
-9.328007813610428300e-03
-9.337760720748433663e-03
-9.347526518697080178e-03
-9.357701749194258234e-03
-9.368318797148056376e-03
-9.379868978657501799e-03
-9.393957942770980729e-03
-9.410268565065438295e-03
-9.422034593903672040e-03
-9.432321846067237558e-03
-9.442101756080401032e-03
-9.451756171278913321e-03
-9.461531863895311645e-03
-9.471685448863453871e-03
-9.482614804029787514e-03
-9.495220424193484554e-03
-9.511997854686482512e-03
-9.526555849493911765e-03
-9.539068372483527902e-03
-9.549715391181989865e-03
-9.559721433114787281e-03
-9.569514041713911290e-03
-9.579318636880662652e-03
-9.589341777941684519e-03
-9.599897237508203673e-03
-9.611740040570970756e-03
-9.628282610943617037e-03
-9.643286371663228884e-03
-9.654512047525987128e-03
-9.664744379521694739e-03
-9.674611779180497528e-03
-9.684388202315763472e-03
-9.694264288627185699e-03
-9.704446945454359152e-03
-9.715292035850531249e-03
-9.727756833519118906e-03
-9.746695099192459466e-03
-9.761010864963060030e-03
-9.772402507079669398e-03
-9.782956035032874809e-03
-9.793208726906255102e-03
-9.803411408918716319e-03
-9.813744647230171481e-03
-9.824411957534695539e-03
-9.835774826122967163e-03
-9.848862027796667640e-03
-9.869398406762708298e-03
-9.884031519869607152e-03
-9.896052825248080609e-03
-9.907275019426231566e-03
-9.918189297722923570e-03
-9.929019158958274360e-03
-9.939932622620717417e-03
-9.951136106413183136e-03
-9.963027573859140062e-03
-9.976869235108876133e-03
-9.995596131031736498e-03
-1.000952630671625432e-02
-1.002167037126044935e-02
-1.003308611560005392e-02
-1.004414387208096837e-02
-1.005503171644839266e-02
-1.006590984018262969e-02
-1.007699547551232921e-02
-1.008871226628449413e-02
-1.010258816036613272e-02
-1.012003930585114730e-02
-1.013246887176155742e-02
-1.014362012523861711e-02
-1.015426724054335761e-02
-1.016469700225730577e-02
-1.017507540680784306e-02
-1.018556146612548119e-02
-1.019637605843126682e-02
-1.020799497708535508e-02
-1.022224570577090486e-02
-1.023827598033388853e-02
-1.024996176456560715e-02
-1.026058084635783629e-02
-1.027079548702669598e-02
-1.028086134000938401e-02
-1.029093248029044894e-02
-1.030115980828649747e-02
-1.031176990246440717e-02
-1.032326888022949696e-02
-1.033763327058523362e-02
-1.035311981693920469e-02
-1.036448325393857228e-02
-1.037484296670498907e-02
-1.038484485696411497e-02
-1.039474442473609095e-02
-1.040472708680584280e-02
-1.041504588482211613e-02
-1.042038340531825646e-02
