5.309097162645459722e-01
5.303459491010752425e-01
5.300508840837503399e-01
5.299685839304733026e-01
5.300415450201466649e-01
5.302266958703799604e-01
5.304846969686339841e-01
5.308040693643572006e-01
5.312100615915218427e-01
5.317227329322795626e-01
5.323606874098872899e-01
5.330732606422233788e-01
5.336548785178986121e-01
5.339949936522009333e-01
5.343007363239311580e-01
5.347053348494865688e-01
5.352517640723928327e-01
5.360303633464480466e-01
5.367270226567897318e-01
5.374183219166391856e-01
5.378967498197222419e-01
5.381338832321035381e-01
5.383401329195884877e-01
5.385721401682369569e-01
5.390249443638647220e-01
5.396824993863450493e-01
5.405222531263280672e-01
5.412864513298092373e-01
5.415899640281299776e-01
5.422261923364694036e-01
5.430509867590079809e-01
5.447985345266845858e-01
5.456775666686091153e-01
5.428701623612356419e-01
5.418066684542212075e-01
5.412343322339888685e-01
5.408555024264427580e-01
5.406289960725680910e-01
5.405228591576207720e-01
5.405070749401296171e-01
5.405651247847385044e-01
5.407270402278556709e-01
5.412118245473614975e-01
5.414609750519016051e-01
5.413788818800802094e-01
5.415386246974588369e-01
5.416252073643595955e-01
5.415997111325872027e-01
5.415002947914371312e-01
5.413170951820419630e-01
5.412830418187668524e-01
5.408570918161573760e-01
5.404725420439675521e-01
5.402538776021810207e-01
5.400415056235793321e-01
5.397526393279173940e-01
5.394954840177113020e-01
5.393294275647420033e-01
5.392853234819013908e-01
5.392943127392907376e-01
5.391468719768657269e-01
5.388739779217054382e-01
5.386619724157983846e-01
5.385174079677275127e-01
5.384522001114766532e-01
5.384786770821388124e-01
5.385768872382058481e-01
5.386351244622988865e-01
5.385671693812688066e-01
5.384656567393624194e-01
5.384331628458040031e-01
5.384547317455794513e-01
5.385351059021273867e-01
5.387916941236198243e-01
5.393193549339693194e-01
5.395806956669345622e-01
5.388161820739535424e-01
5.384582561925082000e-01
5.384179403571380806e-01
5.390069441673367434e-01
5.407443842149227686e-01
5.384599335160907829e-01
5.376550769726230472e-01
5.373173321415238846e-01
5.372077637530587868e-01
5.372562987865140416e-01
5.374227134068810807e-01
5.376697967371385500e-01
5.379976863487014871e-01
5.383519454711866992e-01
5.386788475242167973e-01
5.387924559255973245e-01
5.385928716212299294e-01
5.381809804773943773e-01
5.377499759285375713e-01
5.374304634340435483e-01
5.372890104168666081e-01
5.374893004588559009e-01
5.386489647273733361e-01
5.546542977282806763e-01
5.388081513220344121e-01
5.366209185553380001e-01
5.357670141945920506e-01
5.352418186657332821e-01
5.348736420177491180e-01
5.346396003105501338e-01
5.345167535687700422e-01
5.345211460551415605e-01
5.347625766062704677e-01
5.356057527756246106e-01
5.347290219725893134e-01
5.344777687514866704e-01
5.344660332390950286e-01
5.344176622368328466e-01
5.343797784029260534e-01
5.344706736710974626e-01
5.346473994666387508e-01
5.348706671344737318e-01
5.350751444279946423e-01
5.353367159238980877e-01
5.356686342843822723e-01
5.361135495088935610e-01
5.366213920152939076e-01
5.366899128588040746e-01
5.366931946357408334e-01
5.368284114811607832e-01
5.370820857453864061e-01
5.373637291048644071e-01
5.375802281229586921e-01
5.372626720740346640e-01
5.371154769613926128e-01
5.370645897953434389e-01
5.370703384463018093e-01
5.371041467293440341e-01
5.371596425449941536e-01
5.371752701984402467e-01
5.371993742845881936e-01
5.372942081475052811e-01
5.374683008051962529e-01
5.377201432132445724e-01
5.380676960862675884e-01
5.385255354242757253e-01
5.391397057162357065e-01
5.400420720022925947e-01
5.416717047291431664e-01
5.457699926986726569e-01
5.646299772215022106e-01
5.462400908633735508e-01
5.427069643417535838e-01
5.414361930056145189e-01
5.408947499334713083e-01
5.407119786217500224e-01
5.407146774843829551e-01
5.407734598371165546e-01
5.408846297966051209e-01
5.408762884482630762e-01
5.408401589577169766e-01
5.409239207726000975e-01
5.411237548653110574e-01
5.414440357287166883e-01
5.420012135809194609e-01
5.429227506891027843e-01
5.446697427676976400e-01
5.475831063156356704e-01
5.460343375777366726e-01
5.444209784624386428e-01
5.440181275904590885e-01
5.439933957640762374e-01
5.440402788666993672e-01
5.443485995934547184e-01
5.446882664561445431e-01
5.450210358744920214e-01
5.455878723089430116e-01
5.458692050448044064e-01
5.463561197167347006e-01
5.469556760599927347e-01
5.476216693044927419e-01
5.483434855774024230e-01
5.490435276576915991e-01
5.496834010246904878e-01
5.503397549438251435e-01
5.511591298950336837e-01
5.523369202982103543e-01
5.540962436651898360e-01
5.556012739903868347e-01
5.544514500858699346e-01
5.533621223565929892e-01
5.525569170143298514e-01
5.517602337634517351e-01
5.512062716707092358e-01
5.506197995448243176e-01
5.502544381874724388e-01
5.500593887425473394e-01
5.499610665420219258e-01
5.498990743322105246e-01
5.498517521355391624e-01
5.498509774468774980e-01
5.498988107037818818e-01
5.499808655015472336e-01
5.501022783725704191e-01
5.502664597524493661e-01
5.504773962843961810e-01
5.507657739667649599e-01
5.511629093943594127e-01
5.512314019352131389e-01
5.514678691400120014e-01
5.518310131401459318e-01
5.523513506914667914e-01
5.528700030076474370e-01
5.531867556599849856e-01
5.537551829412119542e-01
5.549518138494201613e-01
5.557206202246159910e-01
5.567066592739148279e-01
5.581470042171483570e-01
5.583575629526108530e-01
5.577859207060906765e-01
5.578338277546659452e-01
5.588157344027345763e-01
5.590625380299626412e-01
5.625561794171496377e-01
5.602935162094987431e-01
5.600891611840271844e-01
5.609190604243619038e-01
5.631738138153227213e-01
5.724260542794210593e-01
5.635499380204349595e-01
5.615871643769162480e-01
5.608702547154418294e-01
5.603953576705585915e-01
5.599788873733859695e-01
5.597037738440026056e-01
5.591087298679705553e-01
5.585412537669278699e-01
5.581870939895881012e-01
5.579750811461609006e-01
5.578174192639122619e-01
5.577012598838319013e-01
5.575543447650845863e-01
5.573917693810953589e-01
5.572197745175158090e-01
5.570923480509569758e-01
5.570552233319401303e-01
5.571278833970850775e-01
5.572552520691490541e-01
5.575103675944983461e-01
5.579926046580541144e-01
5.590381773747827854e-01
5.595734654970345723e-01
5.583327275880366480e-01
5.578124218972810855e-01
5.577078648956966811e-01
5.578681562592437970e-01
5.582446077014910912e-01
5.586655213659361685e-01
5.588150935044626788e-01
5.588686388848884690e-01
5.588526466330411280e-01
5.586096986264627029e-01
5.582694874896698689e-01
5.580050327083425632e-01
5.577880099871872499e-01
5.576312238809175703e-01
5.576092139488824095e-01
5.583564916890607632e-01
5.576879592492730575e-01
5.577464407521671719e-01
5.579265313289382133e-01
5.581053264730636565e-01
5.585889277582196666e-01
5.595419293287478002e-01
5.606689272047002959e-01
5.599380966867213427e-01
5.581772421111403926e-01
5.568838807407872071e-01
5.560650209641483377e-01
5.554198242157449839e-01
5.547124394722590113e-01
5.541968005539564812e-01
5.538961700574939195e-01
5.537082459295233905e-01
5.528376777223099614e-01
5.523381341519842946e-01
5.519092106637911721e-01
5.515431083859421157e-01
5.512386498419760139e-01
5.509900148425233013e-01
5.506782236699107047e-01
5.502716723044652758e-01
5.498220078199899108e-01
5.494013660082256445e-01
5.490258660326584605e-01
5.486993234246623219e-01
5.484073879327491241e-01
5.481481337843447932e-01
5.479143266294865811e-01
5.477095942341252410e-01
5.475307769046197093e-01
5.473564197592140079e-01
5.471718196893939901e-01
5.469130138413260678e-01
5.467095042061508314e-01
5.465386746647513672e-01
5.463700706072148749e-01
5.461550578420257818e-01
5.459061141542431717e-01
5.456713151274144025e-01
5.454394895003598087e-01
5.452291392744317289e-01
5.450471862552721536e-01
5.448943625788902345e-01
5.447734748076834554e-01
5.446957799643361575e-01
5.446995916703915031e-01
5.448897704233206518e-01
5.461025980871073715e-01
5.450095207447961387e-01
5.444104297142718929e-01
5.443313987078702842e-01
5.448456840667778023e-01
5.472542991628939202e-01
5.444916680931515263e-01
5.433628634823142178e-01
5.429116479003421869e-01
5.427848690799089715e-01
5.430783185108193356e-01
5.449490168122249623e-01
5.437869504646617447e-01
5.427562683041097236e-01
5.424533094888984719e-01
5.424192917843834172e-01
5.419037806343972585e-01
5.412957691898703239e-01
5.409286834739964744e-01
5.407336950810388565e-01
5.406568826447105680e-01
5.406217861833062521e-01
5.404082321902505814e-01
5.402293855823332436e-01
5.400524754765777535e-01
5.397000956781389247e-01
5.392422895257378279e-01
5.387761686921147541e-01
5.382768026847593035e-01
5.377974192760700545e-01
5.374462714093313220e-01
5.370280772923980983e-01
5.366477647247982485e-01
5.363762157846700962e-01
5.363156279570552298e-01
5.376897908266839998e-01
5.360527245436289556e-01
5.350826659726954926e-01
5.346120865824152135e-01
5.343004922121100675e-01
5.341018758753106610e-01
5.339465728459157345e-01
5.336043784488041508e-01
5.333307792578567685e-01
5.332108198388434417e-01
5.333755466462319905e-01
5.337065034447595613e-01
5.330379367085003040e-01
5.326519516777720176e-01
5.324068158998263023e-01
5.321857756912774517e-01
5.318467263382141708e-01
5.315212717969269862e-01
5.312872632143588181e-01
5.311360559506557166e-01
5.310460619208799971e-01
5.309722186646451680e-01
5.309529260696109754e-01
5.305102549717927163e-01
5.301425663969349111e-01
5.297603583282339823e-01
5.293391318008316970e-01
5.289436083376588549e-01
5.286379016328924818e-01
5.284065766319381297e-01
5.282053323926341193e-01
5.279608270574858153e-01
5.277556738618847110e-01
5.275927790709852294e-01
5.274397174670554245e-01
5.273119916393146367e-01
5.273143782214346764e-01
5.272647991083901919e-01
5.270810718239378190e-01
5.270628827519771020e-01
5.271082642461309975e-01
5.272530035924788416e-01
5.274398484405737886e-01
5.274196834582541848e-01
5.275106706556592640e-01
5.277019478046135470e-01
5.278287624924490329e-01
5.280786203366405474e-01
5.282940851097841506e-01
5.285975231837978239e-01
5.290538224546377233e-01
5.297616401322943203e-01
5.305837951314205103e-01
5.309104471300939432e-01
5.311390680654881624e-01
5.312321882583037613e-01
5.314636983431202388e-01
5.316603602143468166e-01
5.317630426072469385e-01
5.317976884877430033e-01
5.318701158690667397e-01
5.323626564898382707e-01
5.368662457594983728e-01
5.333086849680707120e-01
5.305890889779352193e-01
5.296141089459227569e-01
5.289471182711265040e-01
5.282778736503713768e-01
5.275694255873073502e-01
5.269465396773331811e-01
5.265045843643253454e-01
5.261916541354497712e-01
5.255069346176111100e-01
5.247976425920514165e-01
5.242102873902808602e-01
5.237305949655691739e-01
5.232921542451759445e-01
5.228734235426552024e-01
5.225113299188025584e-01
5.222400141517619110e-01
5.220065709880861160e-01
5.217239954900442234e-01
5.214481954148296738e-01
5.212084630351970782e-01
5.210005432986899443e-01
5.208330902795766937e-01
5.207132008567574299e-01
5.205484115473772988e-01
5.203234402462263430e-01
5.201703498957177541e-01
5.200476875905685192e-01
5.198468980403018191e-01
5.195772606084800849e-01
5.193578616149142624e-01
5.191727059099425778e-01
5.190283870568654923e-01
5.188065179377105984e-01
5.183935756078934531e-01
5.180325136570245181e-01
5.178182433105474880e-01
5.177505299477597189e-01
5.176480986858691402e-01
5.172113227565028337e-01
5.168326611516188551e-01
5.167761485030248902e-01
5.167757174694508349e-01
5.160871711090849745e-01
5.156445269525807840e-01
5.155045062415669621e-01
5.153896585803228181e-01
5.150346958416286425e-01
5.151825018692451907e-01
5.151419382638035005e-01
5.137297261144767591e-01
5.132232053721271781e-01
5.131799465242241620e-01
5.132066467686206002e-01
5.124187545235939778e-01
5.125916094027365144e-01
5.126835819684153472e-01
5.113327546895808373e-01
5.106577620994919853e-01
5.101865738467462608e-01
5.098625706354279474e-01
5.096270337933812566e-01
5.094561250263742735e-01
5.091307787924495010e-01
5.089437336366743336e-01
5.091951991920761200e-01
5.103182294689160292e-01
5.090873622961311629e-01
5.077304552804730031e-01
5.069537692153374131e-01
5.063247568823983080e-01
5.057892621969325431e-01
5.053533997319523685e-01
5.049940912393305892e-01
5.047001512261267697e-01
5.044534143322012554e-01
5.042357107951199735e-01
5.040314260695816229e-01
5.038542024377353767e-01
5.037192259437134334e-01
5.036375500922657400e-01
5.036079362149035177e-01
5.035328001713704760e-01
5.034680177691077674e-01
5.035175696583421567e-01
5.037365372155477861e-01
5.035523027627409887e-01
5.033924949637347268e-01
5.034090674532101239e-01
5.035122668277420832e-01
5.036414580108837802e-01
5.038248556390056976e-01
5.041280956706357674e-01
5.045633122175994245e-01
5.051903224063974962e-01
5.059622067766672560e-01
5.069366064442277775e-01
5.081920103862792581e-01
5.095961329491632830e-01
5.109839175493419150e-01
5.137240958646515088e-01
5.148435869247246499e-01
5.098195397302974774e-01
5.081197299379602850e-01
5.073444649390684846e-01
5.070309068348696213e-01
5.070235178983499846e-01
5.073095787274556345e-01
5.081233935432968307e-01
5.097568310078476328e-01
5.106254220264755395e-01
5.084495762305151212e-01
5.071947715895536168e-01
5.065523063554375760e-01
5.062455647312538165e-01
5.061124341878417976e-01
5.059301406932233958e-01
5.059550522241554882e-01
5.060580446303925006e-01
5.062687051857789333e-01
5.066231692843722323e-01
5.071635169047652436e-01
5.079054441298503919e-01
5.085260969801603803e-01
5.083702915777108533e-01
5.077981589751239255e-01
5.073232404937358941e-01
5.069827149191616922e-01
5.067530649317171232e-01
5.066180874520462840e-01
5.065677942290431890e-01
5.065862541095363936e-01
5.066539535587920584e-01
5.067499590023492040e-01
5.068830345193915399e-01
5.070572364240846230e-01
5.072629665969736745e-01
5.074861548350404483e-01
5.076831469820340947e-01
5.078215735952301690e-01
5.078315962410566708e-01
5.077084922830690239e-01
5.074999251911166409e-01
5.072362061617621265e-01
5.069014813917708251e-01
5.065281023670331617e-01
5.061272833083970690e-01
5.057615288070033133e-01
5.054372377708272746e-01
5.051833249022439354e-01
5.049256280399950780e-01
5.047664937044882283e-01
5.055393705371475921e-01
5.044482868428237232e-01
5.038942375212525082e-01
5.036894807386154138e-01
5.035993090134041061e-01
5.036187278131125655e-01
5.036548984722205580e-01
5.032800978923730462e-01
5.026871715597373003e-01
5.022314227937871856e-01
5.019487364576463717e-01
5.018192773330382161e-01
5.018346380436360388e-01
5.020117882764533190e-01
5.025866890068878545e-01
5.043672316413788659e-01
5.028940441084991386e-01
5.023228065363013473e-01
5.022331669106468999e-01
5.023091622271486090e-01
5.024774435578028831e-01
5.027341972399125281e-01
5.031466312708683386e-01
5.049106021565507030e-01
5.042534657657546937e-01
5.036080747914175593e-01
5.043284097659572751e-01
5.077736995451682667e-01
5.040838569633183663e-01
5.036487328679484232e-01
5.043872465990086873e-01
5.032238327465166083e-01
5.032975815583327073e-01
5.035364115175344768e-01
5.037228132485886967e-01
5.036790630629771615e-01
5.033870057650041696e-01
5.030147633301901289e-01
5.027712191788653584e-01
5.028780253350574325e-01
5.036215258096868874e-01
5.036411986816757835e-01
5.019961892339031007e-01
5.009349060744194837e-01
5.003691132976758604e-01
5.002410679297513152e-01
5.028575695472099483e-01
5.001782620098004228e-01
4.999804205067662766e-01
5.004653338388459494e-01
5.018152033937456347e-01
5.042977586154558933e-01
5.034269428562400117e-01
5.010443706717546686e-01
4.994899873782695510e-01
4.985109423308410337e-01
4.979416387843911829e-01
4.977111006725796205e-01
4.974595640830236087e-01
4.966866320278330305e-01
4.963146624772555304e-01
4.961114815425405888e-01
4.960168963090371697e-01
4.959852080656192985e-01
4.959266619413446597e-01
4.957478897401388362e-01
4.954264919280161328e-01
4.950412517420114678e-01
4.946753665223529994e-01
4.943870292827332036e-01
4.941799553271549739e-01
4.940170977438300692e-01
4.939584912096284253e-01
4.939842907488649626e-01
4.940937750124292926e-01
4.943074553754271960e-01
4.945684032221990822e-01
4.948042742485351808e-01
4.948870726434184686e-01
4.947588538221125432e-01
4.945319552535763497e-01
4.943371803219178684e-01
4.942299475253004726e-01
4.942271958202393844e-01
4.943341996119026693e-01
4.945663368855587882e-01
4.949635822622603931e-01
4.955851688236379005e-01
4.965243971131435563e-01
4.977161755712031788e-01
4.981618584990205600e-01
4.975510042102203045e-01
4.972115134484932919e-01
4.972510753786409388e-01
4.974968615549450468e-01
4.975739643535356804e-01
4.971847047109297923e-01
4.963930055761311411e-01
4.955214144242710561e-01
4.947581021359280795e-01
4.941614645150049223e-01
4.936899874780283359e-01
4.933729104430688017e-01
4.932804552669480258e-01
4.936214986093124257e-01
4.964610812892126801e-01
4.938414934496510589e-01
4.930032136089516070e-01
4.926692871973907817e-01
4.922405570710149947e-01
4.918142165921329245e-01
4.914087968823571129e-01
4.910045711617225805e-01
4.905891017761022099e-01
4.901560530335233312e-01
4.897641538954578544e-01
4.894411341174449981e-01
4.891901976297041710e-01
4.890177441504688916e-01
4.889276841457921852e-01
4.889118518887582421e-01
4.888945317100482080e-01
4.888881614796669051e-01
4.890102250304277920e-01
4.893820084342101473e-01
4.905035457013074973e-01
5.023529593971481910e-01
4.903143819099578526e-01
4.894718694775477275e-01
4.892427438905982418e-01
4.892694862761187147e-01
4.895113276638117794e-01
4.899962113953876264e-01
4.906551953841714608e-01
4.910852517277575213e-01
4.906204960326706055e-01
4.902848887410604650e-01
4.899768824063703287e-01
4.899625765769566321e-01
4.901604538338747985e-01
4.907091758023153227e-01
4.925706999469142700e-01
4.910348836274249784e-01
4.905090746164964544e-01
4.903408322822135901e-01
4.902748470095534827e-01
4.903180609755845021e-01
4.904324370366462404e-01
4.906021098211682530e-01
4.908175693819850083e-01
4.910890987844127586e-01
4.914343870279363480e-01
4.918690786859036823e-01
4.924023013984791253e-01
4.930494374784883949e-01
4.938449336341897422e-01
4.948055847042207578e-01
4.959856781595815556e-01
4.966930352809835747e-01
4.973522579160179480e-01
4.980512610947609997e-01
4.986920670362106067e-01
4.992455073595908344e-01
4.998386328314504135e-01
5.002827291881093430e-01
5.004026049961790568e-01
5.007301480089216827e-01
5.011884515463544965e-01
5.018329572524855564e-01
5.023429865948527695e-01
5.029110836853235567e-01
5.035678622974197882e-01
5.039963448561871617e-01
5.035664905816782388e-01
5.025147513128164212e-01
5.014946779306624913e-01
5.007020704943911937e-01
5.001242837039240330e-01
4.997481654175349730e-01
4.995366099447113295e-01
4.994694795379951979e-01
4.995439251159576322e-01
4.997600265628741600e-01
5.001199856436043811e-01
5.006823583491460949e-01
5.011585864674689139e-01
5.017248248331319660e-01
5.023535965026635353e-01
5.028599582334372098e-01
5.031066096990761682e-01
5.031163159530228635e-01
5.030343728437819406e-01
5.030226452172563700e-01
5.028854411925850476e-01
5.027391278355300974e-01
5.026928671396677650e-01
5.027418270576741177e-01
5.028256978542103850e-01
5.028790191697100065e-01
5.029156807193179146e-01
5.029875042761654536e-01
5.031174854425455312e-01
5.033076668491649475e-01
5.035526869374690184e-01
5.038500828520945385e-01
5.041890537690566498e-01
5.045628466565359460e-01
5.049597688159451758e-01
5.054373934790173939e-01
5.057873403343468022e-01
5.061215381286393589e-01
5.062019539188842288e-01
5.062821718713909069e-01
5.063647575975400716e-01
5.064432668657516956e-01
5.065501455470450276e-01
5.067637535544001759e-01
5.075407984742655865e-01
5.077434715755356764e-01
5.070492980194303279e-01
5.070683227995791409e-01
5.072800046662304663e-01
5.075710003829936312e-01
5.079250836556991056e-01
5.081601112947389254e-01
5.082978792824931480e-01
5.083693763446154312e-01
5.084452207055623063e-01
5.085877322675221857e-01
5.088093064847510894e-01
5.090636646242229224e-01
5.093608487233467486e-01
5.097448519244938137e-01
5.102151591698256272e-01
5.108951074232087608e-01
5.116357627408196773e-01
5.119523593638973802e-01
5.120109112084931802e-01
5.117692505877564635e-01
5.115186170827582535e-01
5.114924213578977419e-01
5.115105782059279349e-01
5.114954872498107541e-01
5.115027562963900820e-01
5.115681153186437680e-01
5.116688051419118199e-01
5.118019930608688206e-01
5.119690262976492878e-01
5.121020306163540647e-01
5.122018168324511400e-01
5.123776937390319697e-01
5.126600175806553805e-01
5.130821355894760183e-01
5.137024982508638926e-01
5.142534702146149828e-01
5.141390447788793949e-01
5.141396801407739359e-01
5.143159047000841477e-01
5.145970655475945454e-01
5.149802853234365374e-01
5.154788786930679656e-01
5.161296935714454470e-01
5.167635163030280809e-01
5.169346472406886051e-01
5.170616764434516899e-01
5.173670320377514731e-01
5.177811034607407992e-01
5.183093544412832321e-01
5.189147475175566182e-01
5.196071782352601476e-01
5.204028722185249922e-01
5.212709713051592031e-01
5.221168129264169844e-01
5.228965783225952846e-01
5.236667565235153532e-01
5.245159955148399611e-01
5.255038170204184844e-01
5.265872603597970825e-01
5.275257229743685050e-01
5.282828237194601151e-01
5.291143695067630492e-01
5.298012457062938330e-01
5.302530879623086335e-01
5.308916566417846150e-01
5.319228669532306553e-01
5.331153083840165507e-01
5.326460082228703374e-01
5.323439905659438365e-01
5.321601523074453999e-01
5.322592997940603921e-01
5.328985862274140395e-01
5.328647745401886571e-01
5.326538183497174783e-01
5.331408774666638317e-01
5.333674094045229852e-01
5.328184193224799747e-01
5.327282092724736628e-01
5.329466627646064492e-01
5.331416132819410958e-01
5.329494083282025896e-01
5.330569944621372791e-01
5.332739043201760731e-01
5.335666597248285292e-01
5.339388015099479912e-01
5.344799770796823113e-01
5.349749702850276067e-01
5.352447123351768976e-01
5.357980344327714084e-01
5.365832668253904814e-01
5.377252363750339992e-01
5.390828595240187981e-01
5.392337493868651910e-01
5.392689470903326843e-01
5.396267916265964359e-01
5.401862008910324198e-01
5.409894302395988896e-01
5.416776096754558623e-01
5.423793948204115312e-01
5.430512408171811467e-01
5.436884442449727572e-01
5.443685046823191209e-01
5.451075437093414466e-01
5.458956686067124586e-01
5.467899750391629343e-01
5.478050118694555159e-01
5.489517547529521035e-01
5.502904022378074522e-01
5.517402880557138456e-01
5.534322126023880628e-01
5.557032996536361846e-01
5.573059891670886223e-01
5.579660273064301901e-01
5.590402507679905764e-01
5.602751587078605988e-01
5.616191035001334431e-01
5.629255109871805773e-01
5.639706657299068393e-01
5.650046221421847203e-01
5.679138912404182449e-01
5.692512901521571411e-01
5.671776183627825763e-01
5.632282846106817509e-01
5.609317287649012718e-01
5.592171055195583884e-01
5.577485063248031061e-01
5.564187096667524424e-01
5.552178155890864497e-01
5.541592492979302564e-01
5.532889231030784227e-01
5.526326379967783087e-01
5.521223345704805441e-01
5.515097134273894142e-01
5.510111087405420438e-01
5.507186677106093997e-01
5.508001978059533510e-01
5.503296516504312397e-01
5.500470596555666614e-01
5.498461214286975984e-01
5.497662460719110467e-01
5.499360913090836078e-01
5.518030921118259879e-01
5.490040884539414412e-01
5.483533283516891510e-01
5.480587862901868945e-01
5.479907012646755282e-01
5.476424501627015218e-01
5.476366994067153326e-01
5.478067887151522042e-01
5.476889471957104849e-01
5.479483052137449350e-01
5.484025855346942313e-01
5.489908888934756925e-01
5.496274279533672757e-01
5.502387347075845536e-01
5.508438990616366659e-01
5.514615453424284164e-01
5.521783889792787337e-01
5.531145438870797015e-01
5.544150990904546106e-01
5.563071320299710631e-01
5.591693817480841711e-01
5.639040448507169900e-01
5.962477827444141454e-01
5.767860634954383725e-01
5.902971140561176222e-01
6.012012063918019678e-01
5.891968459208644093e-01
5.721123387958111373e-01
5.642624446447880304e-01
5.597693071207530124e-01
5.569124957752481508e-01
5.546813780034584029e-01
5.533738916799486596e-01
5.517766100314678290e-01
5.507267756682860949e-01
5.499157956342561882e-01
5.493504558847892572e-01
5.490403655615947454e-01
5.489758320188381502e-01
5.490999243132016483e-01
5.493316642121607307e-01
5.498021778222913492e-01
5.525974112998773835e-01
5.503086620602504198e-01
5.477095637433733177e-01
5.465568260265982747e-01
5.458371713395550051e-01
5.454208539050662274e-01
5.456813567383029806e-01
5.452267094447700302e-01
5.444333333091754268e-01
5.442399027032244208e-01
5.443324360145983531e-01
5.448853288494345248e-01
5.467756804624435141e-01
5.482105918549081691e-01
5.454108061528581963e-01
5.445095068009171424e-01
5.441897217098845552e-01
5.440517858550896202e-01
5.440310631000135899e-01
5.441011959124724129e-01
5.440824869219832438e-01
5.440974560251659042e-01
5.441275550481864398e-01
5.441729797340294494e-01
5.442606310738805631e-01
5.443878940573153580e-01
5.445189774941191496e-01
5.446743268695894979e-01
5.448991060069835468e-01
5.452489238178763742e-01
5.461980139454445382e-01
5.462631557586332676e-01
5.460273618840699728e-01
5.462243577509253711e-01
5.465744473574677409e-01
5.470999478348467226e-01
5.475872940193083904e-01
5.480650032149783080e-01
5.485130163315630192e-01
5.487833560277752820e-01
5.490840011433589796e-01
5.499382725294758023e-01
5.497777744747661677e-01
5.489126396086013715e-01
5.487989063381991661e-01
5.488568133284418282e-01
5.489925351644522333e-01
5.491920811900578014e-01
5.496637169171300075e-01
5.497781640089759447e-01
5.499408909917283816e-01
5.503277561658513894e-01
5.508367330372059278e-01
5.514821730275413225e-01
5.521713961546108607e-01
5.525287005123230566e-01
5.528849377601170456e-01
5.532909104016068280e-01
5.534217091495340357e-01
5.535630039856987983e-01
5.538397038415873164e-01
5.543732490203810981e-01
5.553360869112392573e-01
5.563383174046119262e-01
5.562406357038068849e-01
5.562483901828182420e-01
5.565960202540867208e-01
5.567168239079250958e-01
5.587777469892356574e-01
5.580235235717927456e-01
5.587584746849810768e-01
5.594278509487136120e-01
5.600100802383112253e-01
5.619681812939296695e-01
5.656258617644805975e-01
5.621931470464712755e-01
5.617413301616138721e-01
5.621724691083339609e-01
5.630382684043615527e-01
5.641823934730586521e-01
5.655985030411857517e-01
5.669259388260018406e-01
5.672903767487653681e-01
5.668157643933127154e-01
5.663532507638942004e-01
5.662356535807027136e-01
5.662718480351051076e-01
5.664023910244548876e-01
5.667394913164640613e-01
5.669925223344466358e-01
5.674511064184973863e-01
5.679915819039317304e-01
5.685454260841926732e-01
5.690902469522999274e-01
5.695197401805471848e-01
5.699051847127397652e-01
5.704815479350032748e-01
5.713192249577229154e-01
5.724116199043425279e-01
5.732597363330912410e-01
5.744207394538963785e-01
5.757093728089548446e-01
5.772259576458451669e-01
5.790097847686106469e-01
5.810323360251365976e-01
5.833749297310668602e-01
5.862018008650710099e-01
5.897659183122444526e-01
5.943857058024403228e-01
6.008764375271953284e-01
6.107729473407385035e-01
6.287088489149444959e-01
6.747328829471195277e-01
7.528251463590771575e-01
6.478782264099168797e-01
6.215725551804872628e-01
6.177625383362768119e-01
6.006218679006383176e-01
5.943259655778567740e-01
5.900826969011726542e-01
5.869914631187743703e-01
5.846733063233644501e-01
5.825838638246364498e-01
5.807840660747884964e-01
5.794293003002748410e-01
5.784674230010905527e-01
5.780424507552687219e-01
5.782327024044586761e-01
5.764566949947641517e-01
5.753910661999250831e-01
5.747601821840427894e-01
5.744209627088737724e-01
5.743110690470052404e-01
5.742325741285345675e-01
5.743074454032726095e-01
5.746982950591464911e-01
5.757649019322881312e-01
5.869377473501986575e-01
5.764809204342076221e-01
5.764027942944799365e-01
5.764671167694982445e-01
5.775522934752860271e-01
5.764403693249615657e-01
5.761414194712414227e-01
5.759446369177512182e-01
5.756971981110926562e-01
5.753868240648875032e-01
5.750990936625294259e-01
5.748821365846156217e-01
5.747589190629566192e-01
5.747432224573244541e-01
5.748310858360596853e-01
5.750096666696465908e-01
5.753512969565290902e-01
5.758582994094563201e-01
5.762589636796843218e-01
5.761885942010670503e-01
5.757463991609242937e-01
5.752995024533940072e-01
5.749873811450377792e-01
5.747916462981488284e-01
5.747062876432988965e-01
5.747694087221787429e-01
5.751857461987952558e-01
5.767461744856621220e-01
5.756575466051785384e-01
5.761758675532919760e-01
5.754004427003188704e-01
5.759812684717497966e-01
5.766892123653643010e-01
5.765200532760123009e-01
5.761836024948425727e-01
5.761104822083206178e-01
5.760927740471509795e-01
5.759771637345103557e-01
5.758118147882382853e-01
5.757270151106063105e-01
5.757308747102644064e-01
5.758721485746265412e-01
5.762250433953621798e-01
5.768875182858153039e-01
5.779531481258991521e-01
5.795237949292649793e-01
5.817373826310778817e-01
5.848086795737973409e-01
5.871965941780450393e-01
5.899085022522939648e-01
5.945021843075805057e-01
6.022308998544205760e-01
6.128132745297122375e-01
6.284494022375983757e-01
6.752085060376563641e-01
7.180604531734160467e-01
6.396414410714024168e-01
6.202769214469062709e-01
6.116559330056849930e-01
6.069166515503704451e-01
6.042606537327561700e-01
6.036608847548970980e-01
6.068099995148933390e-01
6.212372913754063974e-01
6.509468233647465185e-01
6.090171010110806415e-01
5.930850925718958999e-01
5.848095169095904877e-01
5.788488439481571657e-01
5.744566022513009074e-01
5.712661872981505962e-01
5.689574518575380990e-01
5.667956498760206019e-01
5.644547318238896105e-01
5.630028529052312214e-01
5.641445550197253800e-01
5.600737271497049363e-01
5.584520047308119128e-01
5.568667154581786738e-01
5.554741711071169430e-01
5.544410009562643626e-01
5.538208329070237745e-01
5.534865856266754092e-01
5.537800953299923945e-01
5.542175154972177609e-01
5.543818104821073289e-01
5.552707789133715099e-01
5.563278655741225043e-01
5.565925916399675488e-01
5.563232625271611331e-01
5.560247165672126402e-01
5.559366952940332229e-01
5.561341891508599922e-01
5.578173642864814319e-01
5.569436542967901582e-01
5.575138219205888479e-01
5.592007686507869391e-01
5.620679347601702514e-01
5.663249929602238719e-01
5.723276225080168311e-01
5.815343528797309869e-01
5.959284887177664913e-01
6.207732486780712655e-01
6.661929962353195789e-01
6.766240167856883980e-01
6.270094826445690162e-01
5.978258170503819580e-01
5.815657749634832729e-01
5.700297253359535299e-01
5.600460035033831829e-01
5.526035364524458648e-01
5.470012006275487559e-01
5.425076893528242294e-01
5.388106758107815697e-01
5.356682125702642017e-01
5.330076046700914505e-01
5.308113664710846225e-01
5.290573910406732860e-01
5.275416377635937515e-01
5.259757730253524777e-01
5.247338190122965429e-01
5.236249208151300127e-01
5.225598992150126687e-01
5.216636965141842053e-01
5.210504892740921434e-01
5.210091381365763441e-01
5.208964213747605543e-01
5.201043217008762820e-01
5.195742489785696305e-01
5.188799456634801688e-01
5.181672188079762265e-01
5.176346765502436442e-01
5.172951074082865475e-01
5.170875285603561133e-01
5.169641333741051836e-01
5.169714029337387773e-01
5.171928990162422135e-01
5.177719999626891889e-01
5.188440165868212217e-01
5.197766527144962456e-01
5.197905895702018553e-01
5.201899713629857258e-01
5.213329295987412237e-01
5.231808043978204426e-01
5.257199638005835007e-01
5.291034216357572983e-01
5.335436502816774951e-01
5.392963195882111149e-01
5.470394819785405760e-01
5.586560237945492613e-01
5.768007030914904520e-01
6.058954492496887445e-01
6.379249477590823725e-01
6.211100485114735559e-01
5.863402741803078744e-01
5.630309561595177037e-01
5.479979697437165065e-01
5.376693631949521768e-01
5.301329006985127101e-01
5.243930041751527771e-01
5.198495742781352735e-01
5.162145909180632097e-01
5.132169470906505770e-01
5.107733785296413309e-01
5.087619611721937440e-01
5.070897214070611003e-01
5.057391424643807865e-01
5.044058230179903068e-01
5.028355623224899373e-01
5.013183537560347292e-01
4.999980892965875667e-01
4.988695614262373401e-01
4.978951862816383689e-01
4.970580997577515592e-01
4.963316375465936514e-01
4.957204001799107029e-01
4.952183212408830526e-01
4.948353075441504489e-01
4.944588738294680152e-01
4.941566044298874028e-01
4.938900026115836117e-01
4.936723979104505888e-01
4.935609338959989767e-01
4.935918375579622097e-01
4.937952304045333807e-01
4.942378391295913498e-01
4.950238712499878679e-01
4.965768727200015054e-01
5.106713977212622435e-01
4.976866813430251835e-01
4.968117044530968029e-01
4.968146597473661052e-01
4.972707833290743729e-01
4.980962448243946850e-01
4.992762282566687304e-01
5.008724382379563522e-01
5.027963160704083112e-01
5.054118011110280140e-01
5.088891270227540176e-01
5.135384209326802063e-01
5.198609362202041284e-01
5.286846040113911682e-01
5.417827886710298024e-01
5.632823028390661069e-01
6.036423941398666448e-01
6.620931907935269090e-01
6.181890155440589174e-01
5.724747315977029016e-01
5.489805263919185219e-01
5.325478887425268981e-01
5.216792369666377605e-01
5.134465963798405808e-01
5.074149502314448945e-01
5.030847093528162395e-01
5.003002057638349376e-01
4.979739596240445598e-01
4.941310027151786244e-01
4.910178793558369059e-01
4.886646526988729367e-01
4.867758260697584993e-01
4.852166752149181805e-01
4.839026033691558593e-01
4.827452073334363436e-01
4.817854452266029930e-01
4.810741184269580750e-01
4.806443388116510840e-01
4.799468381287845253e-01
4.793320500209724000e-01
4.789826561617346323e-01
4.788312093782054468e-01
4.788566563536755805e-01
4.790779119739467795e-01
4.793898051995292842e-01
4.798402974134954313e-01
4.805239314550155960e-01
4.814274378427082501e-01
4.825072861265197743e-01
4.839220551365479572e-01
4.857525712628744663e-01
4.879867436436158279e-01
4.904846638754896682e-01
4.934173368733658083e-01
4.971768895302973168e-01
5.019178672064092961e-01
5.076138363094020445e-01
5.148104197986665964e-01
5.252959588528363088e-01
5.421592523516362006e-01
5.719189128866932759e-01
6.313227115396431444e-01
6.537502718097838450e-01
5.858445970953666260e-01
5.494210949457617454e-01
5.295386986766851267e-01
5.177514975106837225e-01
5.077437139104752362e-01
5.008475828400668073e-01
4.958385246458058004e-01
4.922984093111321680e-01
4.901543594893356115e-01
4.929829664048510640e-01
4.894305362121725289e-01
4.887693280781105765e-01
4.821319739007101646e-01
4.792147901297732493e-01
4.772750625044664408e-01
4.757734359483468123e-01
4.746143080119072932e-01
4.737174306906528631e-01
4.730506451624092445e-01
4.725818971689674797e-01
4.722874752061670955e-01
4.721395416190171668e-01
4.721256478727616224e-01
4.722588792383079492e-01
4.725784724188828445e-01
4.731114840299948110e-01
4.738649269686130983e-01
4.748793970496819616e-01
4.761537045556807346e-01
4.777376817886839766e-01
4.797096120745635850e-01
4.821164935785322569e-01
4.851011437115784197e-01
4.888198865319213215e-01
4.935520354638241458e-01
4.997761546597859206e-01
5.082237808504647125e-01
5.205996941616802820e-01
5.401307331768913089e-01
5.757209382997551250e-01
6.462731568417052763e-01
6.346876328565866920e-01
5.692107554383812884e-01
5.365766339338248203e-01
5.182855988934829128e-01
5.065712561923528812e-01
4.984574227424530823e-01
4.926067348544712066e-01
4.882017217637565354e-01
4.848444556479136747e-01
4.822323590112924108e-01
4.802138813974478060e-01
4.786782896184768599e-01
4.775260203056496122e-01
4.765813951506099877e-01
4.756774602367161986e-01
4.749193416859167627e-01
4.743005054372839147e-01
4.737921751593832664e-01
4.734090540399722991e-01
4.731102864509416084e-01
4.729017749574545015e-01
4.728158274474221767e-01
4.726480506801105652e-01
4.723227536350126377e-01
4.720936828037780586e-01
4.722640931369283535e-01
4.730271909994073765e-01
4.742761253626584517e-01
4.752185535296876151e-01
4.764525330287654459e-01
4.778292798216797754e-01
4.784750434903641825e-01
4.788896282729122045e-01
4.799289017050245021e-01
4.817034978471185780e-01
4.843900909478870420e-01
4.883513773571674932e-01
4.939082817592927444e-01
5.018692994365446802e-01
5.139482289014800642e-01
5.345229435717617772e-01
5.766514952390541238e-01
7.052775983420486172e-01
6.178506247242471217e-01
5.498053988048625662e-01
5.225099545352268615e-01
5.063489359753540198e-01
5.041144084948647741e-01
4.911812723883846044e-01
4.823764763323312721e-01
4.777195344268518329e-01
4.742055222743531417e-01
4.714349050945561559e-01
4.692487125577209373e-01
4.674851388099521277e-01
4.660699369618364618e-01
4.649587632816568061e-01
4.641226657151549251e-01
4.635512201133846211e-01
4.632457060129521742e-01
4.632378996953147587e-01
4.636135319381667896e-01
4.647246068129592955e-01
4.663456842710819172e-01
4.654776769514690216e-01
4.659410869800678090e-01
4.669634927989191886e-01
4.683668999273755129e-01
4.701205441387812933e-01
4.722728796690082165e-01
4.748456516027193541e-01
4.778055756187881142e-01
4.816057570117526221e-01
4.864586610893785745e-01
4.926758702661461209e-01
5.008895339907748490e-01
5.124685138302909060e-01
5.303664969822222686e-01
5.623479685996244370e-01
6.426260136238870491e-01
6.684459429972986477e-01
5.701224099015315128e-01
5.327586920683151650e-01
5.131013724198829618e-01
5.007389682379624896e-01
4.921424287224466232e-01
4.858291799335070493e-01
4.809259216171306583e-01
4.771088939240986648e-01
4.741181822144435176e-01
4.717837084857015584e-01
4.698471343120844690e-01
4.682245480453389730e-01
4.669671978013587577e-01
4.660142345509568074e-01
4.653089987325559340e-01
4.647898353544849814e-01
4.644401242636089777e-01
4.642500114154283763e-01
4.642141510808192040e-01
4.643291946045804419e-01
4.645778398589521241e-01
4.649470725143018401e-01
4.654536627016620520e-01
4.661351977401624880e-01
4.669977447299318851e-01
4.680893067090873827e-01
4.694859131539781405e-01
4.712647984127618095e-01
4.734674825507266260e-01
4.762091205093141877e-01
4.796148734252975165e-01
4.838652601692595701e-01
4.893194516966755669e-01
4.965404075555217012e-01
5.064612629477136529e-01
5.210882414333624091e-01
5.461156439368498594e-01
6.005714950378950867e-01
7.149631744078261963e-01
5.954498707708464345e-01
5.447185113735850681e-01
5.216326725512347995e-01
5.083029888438154176e-01
4.998340158876871109e-01
4.940135867352355992e-01
4.899519167907747108e-01
4.870580782608996406e-01
4.850167552117594649e-01
4.836292848644854758e-01
4.827858568909978443e-01
4.823726282683358790e-01
4.823014537813233860e-01
4.825570278534458413e-01
4.831157457731130589e-01
4.839657303491067819e-01
4.850856760691000247e-01
4.865036202783811214e-01
4.881954575996673151e-01
4.901103154431388775e-01
4.921754254712603083e-01
4.945851865176614792e-01
4.966687763857892679e-01
4.982874551170093369e-01
5.003275344693254301e-01
5.026730100181244776e-01
5.054021622054861718e-01
5.086881586517203457e-01
5.126111564241057073e-01
5.173808043441167070e-01
5.232355624569133834e-01
5.304876941051207551e-01
5.398018812510813058e-01
5.521595156423051431e-01
5.699410979157549795e-01
5.995464925897878716e-01
6.756365587894536118e-01
6.921505990566702016e-01
6.119819987575060294e-01
5.883176997764384408e-01
5.769606905683312137e-01
5.705589284253311799e-01
5.779769931562827034e-01
5.642322429488411117e-01
5.622685629440621335e-01
5.634898333961471106e-01
5.656217533116782992e-01
5.652808740268083776e-01
5.615794068996827759e-01
5.552338416169243507e-01
5.475062813431323949e-01
5.398767604438488021e-01
5.329758163173670127e-01
5.271025445197899950e-01
5.221978240900243540e-01
5.186201509740571147e-01
5.150417369366214748e-01
5.117953958879233323e-01
5.094562920208774992e-01
5.076947290016914360e-01
5.064248888749989241e-01
5.056449799115216859e-01
5.053478902940448103e-01
5.054771857866336982e-01
5.054831676282106612e-01
5.052342455722597103e-01
5.052276107685218509e-01
5.054783892315561911e-01
5.040143674344464975e-01
5.028551326276357036e-01
5.007466506446386356e-01
4.986844028642385407e-01
4.971679927818115630e-01
4.960752700980944341e-01
4.953878933095086090e-01
4.951134808258000342e-01
4.953081398894603193e-01
4.961472589515451559e-01
4.976897070391774203e-01
5.006386346791878994e-01
5.022220639354326721e-01
4.993041113170971212e-01
4.984530427049169710e-01
4.988024853589197449e-01
4.999550670039213385e-01
5.014956456641416205e-01
5.037131573746905788e-01
5.066205942994798095e-01
5.103408195545764414e-01
5.151798323180770689e-01
5.216416624278855663e-01
5.305904568536291555e-01
5.439769935310080351e-01
5.661641978935825215e-01
6.113295960595148681e-01
6.951451845382500272e-01
6.193122787021452247e-01
5.710064148874176571e-01
5.484040039319637572e-01
5.358359769304346099e-01
5.282587969782494008e-01
5.239784874008514004e-01
5.201424274455607177e-01
5.183479075288088822e-01
5.185564015782488934e-01
5.210897567590746515e-01
5.277939365443135022e-01
5.453454680102073349e-01
5.621747154746795649e-01
5.337261206285565107e-01
5.193724312358233286e-01
5.123969740380386328e-01
5.083960329697841951e-01
5.059608762330958243e-01
5.045117068086623080e-01
5.037661245877012028e-01
5.036136382979019555e-01
5.042326845423015236e-01
5.076231378988523835e-01
5.076609632844224507e-01
5.045419641512298714e-01
5.041598713660793152e-01
5.044574959381553647e-01
5.051416070063269315e-01
5.060740543637698430e-01
5.072687699744347078e-01
5.087272993164043688e-01
5.103580626998122094e-01
5.121776661225614369e-01
5.142009710737843742e-01
5.167360820680055866e-01
5.198902950751841390e-01
5.238429427696513763e-01
5.287619288133922346e-01
5.349706691169849870e-01
5.429761570961783024e-01
5.537903920303309802e-01
5.696858339761409207e-01
5.974281627912824133e-01
6.777239811601756259e-01
6.649183283159164626e-01
6.092976656150905779e-01
5.991454736433038386e-01
6.066334379282851685e-01
6.409024968087830842e-01
8.163779301357770857e-01
6.317937970839851980e-01
5.989849211993114597e-01
5.881075500942367640e-01
5.844789943457310288e-01
5.776830932273763208e-01
5.762664488969623244e-01
5.813080852817027466e-01
5.940575366365201671e-01
6.181824447702277681e-01
6.482419201589780799e-01
6.360218673412403323e-01
6.015595307709247219e-01
5.776399885228857833e-01
5.620687273926364691e-01
5.510945175538092267e-01
5.431386089072854917e-01
5.372655332085627400e-01
5.327999010706111482e-01
5.293158807695561574e-01
5.266357183163218325e-01
5.245843856396935623e-01
5.230651703389720408e-01
5.219702260701396535e-01
5.212516203440478169e-01
5.208369335056154403e-01
5.206884851745524623e-01
5.207956354187214254e-01
5.211502997392504222e-01
5.217735140079460265e-01
5.226614390776492813e-01
5.237929302612931437e-01
5.253168550912171719e-01
5.273034500245082912e-01
5.298590749126572685e-01
5.331420029358889812e-01
5.366825602784519589e-01
5.406344862975933641e-01
5.457927699269586874e-01
5.524299653499021856e-01
5.613973248088790502e-01
5.740912210513692271e-01
5.936097233685126984e-01
6.255776648954370911e-01
6.719521483551360586e-01
6.461956649877145242e-01
6.112692723988603083e-01
5.873251908113334974e-01
5.703017704797181953e-01
5.580499617131295942e-01
5.487677889538996601e-01
5.410049071150229150e-01
5.352672976662363746e-01
5.313989646320901317e-01
5.295610257644703944e-01
5.314697372428880406e-01
5.459572009493294242e-01
5.336612052404564599e-01
5.213313844642198935e-01
5.162466661143803037e-01
5.132805975689092026e-01
5.114510973970318730e-01
5.104647373272774846e-01
5.102416004500015534e-01
5.108316603814486712e-01
5.125140962737095851e-01
5.161899185416756186e-01
5.267227123316261528e-01
5.460037759610972818e-01
5.243443464509055518e-01
5.235331132299224643e-01
5.304127360606516461e-01
5.668982634598602743e-01
5.464384918403751845e-01
5.302417814780137073e-01
5.282498817145009351e-01
5.316123587768357694e-01
5.429491969845153809e-01
5.525419783887388636e-01
5.433340448094479136e-01
5.460284814890247196e-01
5.542629400866874168e-01
5.674434567121178219e-01
5.842475504273982878e-01
5.957859137751577716e-01
5.893157367963489657e-01
5.717263678518986758e-01
5.553612623628573219e-01
5.433780358880994088e-01
5.356490902166353152e-01
5.348253796413559025e-01
5.497269844074914591e-01
5.195217127363038756e-01
5.119408764421997660e-01
5.077936043441073632e-01
5.056000399368110187e-01
5.053351475238004875e-01
5.081285313183970809e-01
5.204853365880389715e-01
5.816733961180566848e-01
5.122802780461966909e-01
5.036194616367877241e-01
5.026054487072532106e-01
5.135585410837032461e-01
5.155660613003284487e-01
4.966734686026563206e-01
4.909037177431136989e-01
4.878437263035019789e-01
4.859350624802936114e-01
4.846970506279730251e-01
4.836311500425472532e-01
4.825950892445907137e-01
4.818896419611237159e-01
4.815793767457101082e-01
4.816029234942350579e-01
4.819079055118409838e-01
4.825212454500532600e-01
4.834480852114479976e-01
4.848829075436108527e-01
4.872723171757835647e-01
4.917175460686359356e-01
5.024102322658152708e-01
5.132735132047092641e-01
4.982736225310369083e-01
4.939841252876353006e-01
4.931798382186947105e-01
4.938460673638950804e-01
4.954113419492972570e-01
4.976648211572846647e-01
5.005699969166266250e-01
5.041060929122080925e-01
5.082653652097525177e-01
5.131643467093359723e-01
5.193881042620001054e-01
5.276272316016271668e-01
5.390020202335245036e-01
5.547687503787839258e-01
5.774271868925140438e-01
6.066496001709122954e-01
6.278152302664340434e-01
6.180496876417100882e-01
6.109367828664159505e-01
5.892566160601123704e-01
5.650522861249165363e-01
5.585183492603956745e-01
5.645533970278715508e-01
5.367340868499389517e-01
5.284151400834058432e-01
5.242218243118349497e-01
5.223179071740247092e-01
5.224919513811523419e-01
5.261356567247631455e-01
5.468789862596497020e-01
5.366785225977060980e-01
5.290830008510896132e-01
5.300797375615116103e-01
5.341281572970342229e-01
5.407271183447395213e-01
5.505539522721075718e-01
5.659803661934552643e-01
6.268209845841609118e-01
5.983291264296231038e-01
5.984021573068160071e-01
5.902432648402702320e-01
5.852716857146488261e-01
5.634057947254510479e-01
5.516613378198542694e-01
5.450002664426597532e-01
5.415514584414151678e-01
5.408230147830973555e-01
5.407437718471227450e-01
5.405141788719131091e-01
5.372690771701295054e-01
5.340626695734023155e-01
5.324277373102678235e-01
5.326063965864069605e-01
5.343471884249640924e-01
5.375362288961552659e-01
5.421298365676370246e-01
5.485488248190477645e-01
5.570983661759201233e-01
5.683111649809700072e-01
5.830001026754445537e-01
6.000860022175013020e-01
6.293916232474893180e-01
6.035176805928461619e-01
5.839244487346104684e-01
5.641441551486383599e-01
5.534157067546345843e-01
5.468550959434793635e-01
5.431967899326840543e-01
5.416541888759710544e-01
5.420931554652356210e-01
5.446558096183068409e-01
5.495522224093079000e-01
5.573572173729489654e-01
5.689124487112859896e-01
5.850381107566299255e-01
6.038401922919607312e-01
6.141479750304340568e-01
6.049489271387124001e-01
5.874733361319216529e-01
5.727841629323617845e-01
5.627904062105071326e-01
5.568311858722254648e-01
5.542718760472520323e-01
5.550569835883226721e-01
5.555948089069049356e-01
5.588703800636642960e-01
5.661859969458832298e-01
5.767712600542906909e-01
5.939202704239319175e-01
6.242058383182000902e-01
6.854567834561446915e-01
6.849517749517197718e-01
6.952225456505858325e-01
6.284225080512833017e-01
5.931020045610421176e-01
5.754503238597558079e-01
5.673596654263481920e-01
5.661411406176066752e-01
5.711958803203518453e-01
5.855732318875963571e-01
6.194505145976476612e-01
6.871348387143707548e-01
6.477394055085023972e-01
5.956978243858197519e-01
5.722083935850442726e-01
5.614247453777870822e-01
5.579763651896297860e-01
5.605902852256806623e-01
5.704411958421315987e-01
5.928250588524787146e-01
6.430085831250239581e-01
6.884585973203344311e-01
6.191776013030481085e-01
5.823768587649004180e-01
5.655585164593793790e-01
5.585430842128565887e-01
5.582261460246048523e-01
5.635645071933890193e-01
5.774880942285515184e-01
6.083312093896451334e-01
6.739358782923550173e-01
6.611564475535594010e-01
6.028480068127264335e-01
5.803133454679028080e-01
5.668961694811185392e-01
5.649587690088621050e-01
5.808232995725987058e-01
5.812167355882434938e-01
6.014636798184880284e-01
6.508073413045872835e-01
6.926202548603437315e-01
6.204137935190938702e-01
5.855959660193506000e-01
5.707364783697258526e-01
5.653423963020695053e-01
5.663438447550931398e-01
5.736381727895192295e-01
5.896802208500174780e-01
6.221296746972045932e-01
6.903439027365986247e-01
6.722510964092566210e-01
6.351518175764092611e-01
5.969819835723720880e-01
5.738366399527199402e-01
5.658734898134788471e-01
5.647989031726379228e-01
5.695859152958211435e-01
5.822587966987503583e-01
6.110312524585200800e-01
6.916710885404184772e-01
6.767596680126062303e-01
6.074442628396409249e-01
5.827188422817308755e-01
5.721360472082445137e-01
5.685690774229988920e-01
5.701081845151924066e-01
5.769256151925669096e-01
5.918993039327248296e-01
6.254266707982436557e-01
7.202524508208633103e-01
6.632339547106415045e-01
6.092871717029075818e-01
5.899491273440170547e-01
5.822325758582765909e-01
5.805893635576550027e-01
5.835220216114107572e-01
5.913082088606995690e-01
6.068407932818359329e-01
6.408909016221793209e-01
7.388927610199828022e-01
6.663802089831822872e-01
6.199315379808553184e-01
6.032714378058438021e-01
5.970205102484535953e-01
5.956861855984254550e-01
5.986470896686825194e-01
6.066614025353361805e-01
6.234800860196191286e-01
6.630424904658205332e-01
7.291679738532553801e-01
6.540776871811195825e-01
6.166621497412205777e-01
5.987597137649230961e-01
5.895054500139881304e-01
5.853460109917073551e-01
5.857442708763461736e-01
5.925258328942494268e-01
6.106186685158245808e-01
6.613644481721366875e-01
7.205220115449663121e-01
6.275223806161803752e-01
5.924329092423776810e-01
5.763328859490406408e-01
5.685241674222656361e-01
5.660582019246438445e-01
5.686153946243059920e-01
5.780685003555257051e-01
6.007777417107083018e-01
6.625388758058202709e-01
7.011502056314304898e-01
6.119412911611071815e-01
5.789346607774822351e-01
5.639160834717497073e-01
5.570317479518502868e-01
5.554493784753304908e-01
5.589390632289782390e-01
5.695148345272694757e-01
5.943443024270519404e-01
6.612719309931799350e-01
6.916338168271393139e-01
6.036191799035640626e-01
5.711137641643032614e-01
5.567995208670070140e-01
5.508799417014694777e-01
5.510915107406652025e-01
5.584228716455110764e-01
5.696403580147132439e-01
