-3.675669817404525475e-07
-1.102546752562716392e-06
-1.837584513331158576e-06
-2.572871008466037779e-06
-3.308572553706312647e-06
-4.044826496296671792e-06
-4.781740107651089033e-06
-5.519391745867352483e-06
-6.257822430910664480e-06
-6.997051468893289439e-06
-7.737085745529448388e-06
-8.477928922445698845e-06
-9.219610308419667888e-06
-9.962211265368559054e-06
-1.070589637119923054e-05
-1.145099741428623474e-05
-1.219830001741861736e-05
-1.295088187203141672e-05
-1.373703023677119717e-05
-1.449780255291521769e-05
-1.525861484430457438e-05
-1.604132821120263230e-05
-1.680254351055232576e-05
-1.756171885125556997e-05
-1.832047896110911012e-05
-1.907947749801852666e-05
-1.983908547031898451e-05
-2.059962051481623035e-05
-2.136138092101447228e-05
-2.212469449691667478e-05
-2.288988491050414353e-05
-2.365711854246388413e-05
-2.442624127951820157e-05
-2.519682136947754003e-05
-2.596835440293876474e-05
-2.674059943708062548e-05
-2.751363554087671304e-05
-2.828767711993140921e-05
-2.906293824500583156e-05
-2.983960252889161779e-05
-3.061781626678694579e-05
-3.139769606708142646e-05
-3.217935013111183906e-05
-3.296289040266575654e-05
-3.374844727288550672e-05
-3.453621696480890790e-05
-3.532638747005822921e-05
-3.611835005834507228e-05
-3.691095806690469772e-05
-3.770417110171564445e-05
-3.849819318701985793e-05
-3.929312361072856419e-05
-4.008899285157241366e-05
-4.088581293870685585e-05
-4.168357080802653769e-05
-4.248226671088595197e-05
-4.328190970281919903e-05
-4.408250820353565302e-05
-4.488406277569634284e-05
-4.568654311631892284e-05
-4.648986134747623566e-05
-4.729386969293258858e-05
-4.809842036368472407e-05
-4.890341700325429031e-05
-4.970882796917486246e-05
-5.051466818506433754e-05
-5.132097783733247098e-05
-5.212779986996096682e-05
-5.293518323923329660e-05
-5.374317392392580217e-05
-5.455182048108575543e-05
-5.536114509996359345e-05
-5.617117633893720097e-05
-5.698194938541512045e-05
-5.779349328716154588e-05
-5.860584333194918116e-05
-5.941903280537452758e-05
-6.023308663349880021e-05
-6.104803587236862228e-05
-6.186392229046155933e-05
-6.268078786741959618e-05
-6.349869565536181426e-05
-6.431769893633365598e-05
-6.513789800333125157e-05
-6.595941087395029712e-05
-6.678240588420258916e-05
-6.760710735953523454e-05
-6.843364482933544934e-05
-6.926159399989195720e-05
-7.009033574945089384e-05
-7.091976611839356792e-05
-7.175000611625570457e-05
-7.258116728581232024e-05
-7.341333388444226671e-05
-7.424655900867271896e-05
-7.508090528840494216e-05
-7.591643918036794503e-05
-7.675322987854560353e-05
-7.759135355456248107e-05
-7.843089632464383953e-05
-7.927193861834158639e-05
-8.011457779344421937e-05
-8.095890785952963853e-05
-8.180502261023736565e-05
-8.265302921650619083e-05
-8.350304281790066341e-05
-8.435516348603844250e-05
-8.520950216295286594e-05
-8.606618091178130925e-05
-8.692532649445805504e-05
-8.778704606715592718e-05
-8.865143779457351769e-05
-8.951860767381081274e-05
-9.038863529620133619e-05
-9.126163091222050383e-05
-9.213770822180666897e-05
-9.301696868890818592e-05
-9.389943010895684949e-05
-9.478500372339659918e-05
-9.567349430850136116e-05
-9.656503601862542752e-05
-9.746217795703060460e-05
-9.835722654882861349e-05
-9.925325226234349429e-05
-1.001511387836995226e-04
-1.010514370555215535e-04
-1.019546379739111330e-04
-1.028612866660338909e-04
-1.037720173865386286e-04
-1.046876507408978085e-04
-1.056091830482497329e-04
-1.065380290596884549e-04
-1.074765677430145061e-04
-1.084279751479844123e-04
-1.093919655577035854e-04
-1.103583406587560489e-04
-1.113215444521475916e-04
-1.122825363163437729e-04
-1.132426472004732787e-04
-1.142029028182722783e-04
-1.151642409690234459e-04
-1.161275594527833022e-04
-1.170937284070694417e-04
-1.180635364210758098e-04
-1.190377057057601107e-04
-1.200168959359926291e-04
-1.210016289735493800e-04
-1.219922607514911661e-04
-1.229888257563427345e-04
-1.239909481148826487e-04
-1.249977675196189963e-04
-1.260081682481484222e-04
-1.270211472202964487e-04
-1.280360527200485876e-04
-1.290526884062392909e-04
-1.300711868189585729e-04
-1.310918518968584578e-04
-1.321150625034350767e-04
-1.331412389427022447e-04
-1.341708213573600261e-04
-1.352043642350864161e-04
-1.362426043093334371e-04
-1.372871234802675033e-04
-1.383434223812818331e-04
-1.393977759958087148e-04
-1.404581658632775287e-04
-1.415270046435379570e-04
-1.426073047590126208e-04
-1.437044820344901552e-04
-1.448349815108551653e-04
-1.465182618073379572e-04
-1.476609659180061485e-04
-1.487827414131670523e-04
-1.498967242437032610e-04
-1.510102503616828074e-04
-1.521291484428699547e-04
-1.532630089973174847e-04
-1.544623656068999651e-04
-1.556502046409224960e-04
-1.568030747310933393e-04
-1.579522808518030175e-04
-1.591076497353682839e-04
-1.602839741896566750e-04
-1.614821132350785504e-04
-1.626740001183790696e-04
-1.638792585063608698e-04
-1.651034101513015884e-04
-1.663466171053507026e-04
-1.675998109541554371e-04
-1.688477289820689009e-04
-1.700802914194055049e-04
-1.712962296969156029e-04
-1.724990840402673697e-04
-1.736936490636109554e-04
-1.748860972270449565e-04
-1.760848277035931275e-04
-1.772777993471752467e-04
-1.784565215972033769e-04
-1.796273106826618005e-04
-1.807935050469611227e-04
-1.819568594770837322e-04
-1.831184838386734626e-04
-1.842790579535957818e-04
-1.854395558636978691e-04
-1.866010058492184598e-04
-1.877583821957573562e-04
-1.889128960467223450e-04
-1.900669694998580184e-04
-1.912240631093409249e-04
-1.923961716764344132e-04
-1.936369477734123379e-04
-1.948005908330996405e-04
-1.959505202919764599e-04
-1.970945482532293624e-04
-1.982359552670232006e-04
-1.993771669211996667e-04
-2.005206842402573741e-04
-2.016656443545317146e-04
-2.028055491027913604e-04
-2.039386837355827709e-04
-2.050664838145754842e-04
-2.061902448519115083e-04
-2.073108618678709547e-04
-2.084289676601569496e-04
-2.095450625703154657e-04
-2.106595331164973217e-04
-2.117727146446757303e-04
-2.128849808118449261e-04
-2.139968112773171782e-04
-2.151087763733183778e-04
-2.162214949426033428e-04
-2.173356009368410113e-04
-2.184524987406399887e-04
-2.195700866043370780e-04
-2.206880472133132542e-04
-2.218063676552306518e-04
-2.229251121267372682e-04
-2.240444896645099604e-04
-2.251647848124926909e-04
-2.262864396169739223e-04
-2.274100972629033990e-04
-2.285366609362515788e-04
-2.296672556965084766e-04
-2.308031768158969044e-04
-2.319457000597990870e-04
-2.330952937993346907e-04
-2.342513171335047772e-04
-2.354138856559551130e-04
-2.365857609567534325e-04
-2.377746117506740475e-04
-2.390047843647824521e-04
-2.403003276565396362e-04
-2.415419311686539672e-04
-2.427555727471109037e-04
-2.439567954637400504e-04
-2.451497385342893409e-04
-2.463353350760089100e-04
-2.475145915767917870e-04
-2.486890157766818987e-04
-2.498601439252512435e-04
-2.510296668380984642e-04
-2.521999238397354404e-04
-2.533752542550615772e-04
-2.545641245894625371e-04
-2.557390396722425407e-04
-2.569109378756095907e-04
-2.580834438482559889e-04
-2.592586540102193027e-04
-2.604384703804862866e-04
-2.616249717855012591e-04
-2.628199411756071413e-04
-2.640215448304061852e-04
-2.652252752047834505e-04
-2.664317351707135018e-04
-2.676428755239435020e-04
-2.688581647662946494e-04
-2.700744860006931702e-04
-2.712889768465842621e-04
-2.725010198179056431e-04
-2.737116397928396339e-04
-2.749224508333814043e-04
-2.761350014397478958e-04
-2.773502251249837514e-04
-2.785679070927971068e-04
-2.797868068806774744e-04
-2.810057451289038610e-04
-2.822242332534141696e-04
-2.834423531019591991e-04
-2.846605261219714578e-04
-2.858794269220421569e-04
-2.871000376012400324e-04
-2.883240492590477544e-04
-2.895536776298390791e-04
-2.907840961333674201e-04
-2.920195329987329558e-04
-2.932613162286434871e-04
-2.945083367372758332e-04
-2.957609091085444675e-04
-2.970221617640822487e-04
-2.982995962309553661e-04
-2.996184307536564617e-04
-3.009564645831686036e-04
-3.022575339169941699e-04
-3.035513597815509002e-04
-3.048467947061039851e-04
-3.061479286953217027e-04
-3.074587325176958430e-04
-3.087892237945144558e-04
-3.101246863747020299e-04
-3.114571289130063647e-04
-3.127936098635819562e-04
-3.141365840152454680e-04
-3.154880756158773281e-04
-3.168505892129358514e-04
-3.182273597559515110e-04
-3.196225482338110879e-04
-3.210418503400980228e-04
-3.224929852698732446e-04
-3.239882269328031583e-04
-3.255590396105123574e-04
-3.271552819019696301e-04
-3.287571716991122273e-04
-3.302877866002695839e-04
-3.317168621853605615e-04
-3.330705988036086751e-04
-3.343782134881401191e-04
-3.356531741135482250e-04
-3.369047857675333546e-04
-3.381454496133029508e-04
-3.393899909407416260e-04
-3.406367433884671669e-04
-3.418633250309444094e-04
-3.430827920193335601e-04
-3.442983921285724946e-04
-3.455099074105572043e-04
-3.467165690566043068e-04
-3.479194104105687302e-04
-3.491202788179492700e-04
-3.503211503136371974e-04
-3.515240597973257053e-04
-3.527302548758104450e-04
-3.539369207911091664e-04
-3.551353668582724055e-04
-3.563219532667361023e-04
-3.574994775326079122e-04
-3.586711207627102382e-04
-3.598390479618851501e-04
-3.610047018012263464e-04
-3.621690517311426660e-04
-3.633327995268276212e-04
-3.644964737214984041e-04
-3.656604256778717144e-04
-3.668248520132255663e-04
-3.679898407851212028e-04
-3.691555021586578889e-04
-3.703220981687849189e-04
-3.714902562742539160e-04
-3.726613652972332602e-04
-3.738394310516257590e-04
-3.750240910050939291e-04
-3.762042282613453636e-04
-3.773822969870277433e-04
-3.785605808043213116e-04
-3.797402622800483130e-04
-3.809219895176685355e-04
-3.821062445782397177e-04
-3.832934773295715303e-04
-3.844840960124384921e-04
-3.856784668438972830e-04
-3.868769129106164328e-04
-3.880795440734940982e-04
-3.892864497380132960e-04
-3.904976935328319243e-04
-3.917135147564199116e-04
-3.929346171034353574e-04
-3.941624105994190330e-04
-3.953991295183589827e-04
-3.966476410830477306e-04
-3.979083796096238856e-04
-3.991750395644366733e-04
-4.004430282996684909e-04
-4.017101443001269701e-04
-4.029768376659914608e-04
-4.042485404269768878e-04
-4.055308623435172066e-04
-4.068273933589550140e-04
-4.081409122442813953e-04
-4.094749945123821178e-04
-4.108313867962065657e-04
-4.122069255669824628e-04
-4.135915507315068851e-04
-4.149714912322632898e-04
-4.163357883093521394e-04
-4.176801762652004868e-04
-4.190066587727026004e-04
-4.203268869150678100e-04
-4.216389508486795279e-04
-4.229228219427838553e-04
-4.241862697346165945e-04
-4.254391979934268875e-04
-4.266842460847186658e-04
-4.279208992307159676e-04
-4.291502991408124856e-04
-4.303784593386872359e-04
-4.315942303091402366e-04
-4.327917959355831456e-04
-4.339766740452111193e-04
-4.351525209606021960e-04
-4.363217531363483559e-04
-4.374856000604054884e-04
-4.386439290269272817e-04
-4.397962757338724771e-04
-4.409456093379393593e-04
-4.420858779305980590e-04
-4.432205194498939349e-04
-4.443523748699496068e-04
-4.454754456271192709e-04
-4.465939024443921213e-04
-4.477087466754348100e-04
-4.488205853749871466e-04
-4.499298180822286497e-04
-4.510367623598021680e-04
-4.521417342410183338e-04
-4.532449058299858891e-04
-4.543464483112158447e-04
-4.554465462679457843e-04
-4.565454447632566470e-04
-4.576436202533562536e-04
-4.587428789469827350e-04
-4.598402560873626754e-04
-4.609334756418004275e-04
-4.620244211803736789e-04
-4.631136925095091783e-04
-4.642017051922353588e-04
-4.652889386933534155e-04
-4.663760881916667600e-04
-4.674642050163102525e-04
-4.685550539360594513e-04
-4.696517453327553326e-04
-4.707556714332872261e-04
-4.718559977057168453e-04
-4.729532821131643416e-04
-4.740527962439067267e-04
-4.751563547032988666e-04
-4.762635535758841243e-04
-4.773744940812507664e-04
-4.784858377038236910e-04
-4.795827697513521670e-04
-4.806746564672836897e-04
-4.817677368644801561e-04
-4.828769515686781588e-04
-4.839751745659981452e-04
-4.850570317374014451e-04
-4.861338880414178831e-04
-4.872084556964972890e-04
-4.882821310482343691e-04
-4.893558467519154576e-04
-4.904303909649687654e-04
-4.915065696772247250e-04
-4.925854211226265988e-04
-4.936687899191882778e-04
-4.947557501039367978e-04
-4.958429333671299233e-04
-4.969322478959314893e-04
-4.980253530130207551e-04
-4.991238145760634737e-04
-5.002294390746842012e-04
-5.013447333463982858e-04
-5.024739762642393970e-04
-5.036262772535327059e-04
-5.048303050482205734e-04
-5.061984107085359952e-04
-5.075155285044763431e-04
-5.087822523082152770e-04
-5.100334335317313617e-04
-5.112829882771841028e-04
-5.125381816882823571e-04
-5.138001018988314073e-04
-5.150766802197725980e-04
-5.163745217866555492e-04
-5.176983757271269582e-04
-5.190495052433963252e-04
-5.204271976591012816e-04
-5.218052139025486369e-04
-5.231622786934231328e-04
-5.245017365883564153e-04
-5.258283465794377776e-04
-5.271481210780137872e-04
-5.284693394482786744e-04
-5.298091545807848135e-04
-5.311302017552144150e-04
-5.324321178357127593e-04
-5.337172490370578615e-04
-5.349890167589688161e-04
-5.362496338681133068e-04
-5.375008649008972128e-04
-5.387442071780323971e-04
-5.399810734508792009e-04
-5.412127443479297639e-04
-5.424402691390772802e-04
-5.436646141295797818e-04
-5.448865429533711335e-04
-5.461067753905757272e-04
-5.473261223645220497e-04
-5.485454748833662464e-04
-5.497669382652503600e-04
-5.509919576148769593e-04
-5.522161660510560566e-04
-5.534393290799188847e-04
-5.546620531076129623e-04
-5.558865890277209232e-04
-5.571142297966513723e-04
-5.583462069955746898e-04
-5.595840301734211764e-04
-5.608295877468361113e-04
-5.620854593676449795e-04
-5.633550248083096790e-04
-5.646430452109774123e-04
-5.659559334011410314e-04
-5.673028133601487610e-04
-5.687071930086107230e-04
-5.702707384641625410e-04
-5.721555269340150573e-04
-5.737072300040502171e-04
-5.751591061852190379e-04
-5.765750226933707978e-04
-5.779746401851637572e-04
-5.793629857759885482e-04
-5.807528750444435062e-04
-5.821546974934532770e-04
-5.835785289729500391e-04
-5.850321780450640219e-04
-5.865011128516339767e-04
-5.879594053705972101e-04
-5.893773150262848759e-04
-5.907489447111169412e-04
-5.920824764743537472e-04
-5.933875778829644787e-04
-5.946718738748524302e-04
-5.959408025102419515e-04
-5.971988818835871626e-04
-5.984500928104541373e-04
-5.996982305550568881e-04
-6.009481414747108730e-04
-6.022056808542286532e-04
-6.034647244523849707e-04
-6.047180179880040640e-04
-6.059746391022802214e-04
-6.072456979802076660e-04
-6.085044454665622382e-04
-6.097557446080870136e-04
-6.110064841431395166e-04
-6.122631595734118193e-04
-6.135618098835893264e-04
-6.148203309668254235e-04
-6.160733505392590459e-04
-6.173244546118228371e-04
-6.185755056944408636e-04
-6.198275986399881532e-04
-6.210817231413479078e-04
-6.223388015403896745e-04
-6.235996037959878890e-04
-6.248649920149729198e-04
-6.261377066952844572e-04
-6.274234396550504300e-04
-6.286988768784418369e-04
-6.299765195663109552e-04
-6.312587938973601709e-04
-6.325473305286433146e-04
-6.338436001714908841e-04
-6.351492413143589033e-04
-6.364661172582053439e-04
-6.377965212880365442e-04
-6.391435433041880998e-04
-6.405111834471011178e-04
-6.419047051079429522e-04
-6.433267582091062309e-04
-6.447808121701203987e-04
-6.462819435752997776e-04
-6.478619599176171917e-04
-6.495977326198554280e-04
-6.516977562258663426e-04
-6.535565375820340250e-04
-6.551052188661365960e-04
-6.565195363568143705e-04
-6.578724032527683008e-04
-6.591894307943491071e-04
-6.604848870356283541e-04
-6.617679949223465030e-04
-6.630474930161556202e-04
-6.643206061177631128e-04
-6.655823918453318555e-04
-6.668385198669302127e-04
-6.680920725848915609e-04
-6.693451619679269271e-04
-6.705996990619134124e-04
-6.718581563252001843e-04
-6.731290827023395096e-04
-6.744030852010585164e-04
-6.756718537324069018e-04
-6.769418793663994904e-04
-6.782145553827501061e-04
-6.794907521197046663e-04
-6.807714218705074316e-04
-6.820552633345355886e-04
-6.833415715763457854e-04
-6.846307180176092189e-04
-6.859228046081078389e-04
-6.872179871899586345e-04
-6.885164261946075115e-04
-6.898183330833473903e-04
-6.911240248901329153e-04
-6.924339678131552489e-04
-6.937487799764108232e-04
-6.950694186381722872e-04
-6.963973522169375485e-04
-6.977355172658183946e-04
-6.991002563327963770e-04
-7.004630705580439098e-04
-7.018320351228624077e-04
-7.032155042927534794e-04
-7.046200416358505692e-04
-7.060543358254900426e-04
-7.075317561375804587e-04
-7.090766485947641584e-04
-7.107416349020345692e-04
-7.126587066665912573e-04
-7.148466326137858928e-04
-7.165782973000967004e-04
-7.180881980517472840e-04
-7.195046763350809726e-04
-7.208734133624661311e-04
-7.222162318205604947e-04
-7.235490091621610276e-04
-7.248898834136818792e-04
-7.262175706648221762e-04
-7.275283470453697277e-04
-7.288321009150111607e-04
-7.301363348062306358e-04
-7.315079564458315531e-04
-7.328100338003240566e-04
-7.341067471219320240e-04
-7.354003398156727656e-04
-7.366883171826543730e-04
-7.379687669250012405e-04
-7.392424154286647564e-04
-7.405114087197794959e-04
-7.417779419963688170e-04
-7.430440461587695111e-04
-7.443115739208527870e-04
-7.455823124896676646e-04
-7.468580858394080479e-04
-7.481408534096845031e-04
-7.494327238500853028e-04
-7.507360892260450669e-04
-7.520541678522896234e-04
-7.533915285469205969e-04
-7.547547235431384394e-04
-7.561551246799691484e-04
-7.576336764323343687e-04
-7.591662433887869099e-04
-7.607694448186208547e-04
-7.622938525476685712e-04
-7.637492174720206251e-04
-7.651991293744497824e-04
-7.666703145514652817e-04
-7.681699177072287554e-04
-7.697204481899033723e-04
-7.713489716765220550e-04
-7.730890731344475242e-04
-7.749716861022992731e-04
-7.770175689629787996e-04
-7.790710118179555721e-04
-7.811572582108183838e-04
-7.830788066245375489e-04
-7.848026195571566888e-04
-7.864155661705396483e-04
-7.879645150051795000e-04
-7.894848358506179054e-04
-7.909730877881937516e-04
-7.924343220618856876e-04
-7.938831648757194159e-04
-7.953313692822261416e-04
-7.967952879787132403e-04
-7.983110178949592850e-04
-8.000778329259050636e-04
-8.018422037070482844e-04
-8.034190754800940582e-04
-8.049023137078892276e-04
-8.063312480377504698e-04
-8.077245520277109847e-04
-8.090950937555962952e-04
-8.104600334750688972e-04
-8.118109260064620969e-04
-8.131438007616953456e-04
-8.144694038553224047e-04
-8.157937376496171566e-04
-8.171242721086713345e-04
-8.184810191205205143e-04
-8.198554617521169874e-04
-8.212361392250233649e-04
-8.226071866097584007e-04
-8.239970706471755335e-04
-8.254517056375254569e-04
-8.272805451290388135e-04
-8.288334316927103984e-04
-8.302490711354915121e-04
-8.316304644727656736e-04
-8.330052596389192487e-04
-8.343831367422227530e-04
-8.357625238507582210e-04
-8.371626403920195969e-04
-8.386079422132430850e-04
-8.400957578214018895e-04
-8.415751258843418015e-04
-8.430031822744821213e-04
-8.444075674189921443e-04
-8.458081809887829650e-04
-8.472243129715728571e-04
-8.486566757686109241e-04
-8.501052105056583486e-04
-8.517433426356024739e-04
-8.532540462139470705e-04
-8.548045822270866623e-04
-8.565020647897103601e-04
-8.583796841438173786e-04
-8.599500726225173253e-04
-8.614323117064337509e-04
-8.628748645490569302e-04
-8.642891237161665074e-04
-8.656807749450878831e-04
-8.670553441078032719e-04
-8.684153097946456512e-04
-8.697647294212407232e-04
-8.711066077011775377e-04
-8.724424644370731841e-04
-8.737756463188528500e-04
-8.751110981275456169e-04
-8.764544827494225032e-04
-8.778142344700867739e-04
-8.791956416157598042e-04
-8.806209587340907419e-04
-8.821510392708065140e-04
-8.839994501464998322e-04
-8.855397770990425244e-04
-8.869376471910550563e-04
-8.882854765596137625e-04
-8.896082737825938835e-04
-8.909169300366226452e-04
-8.922178559093163486e-04
-8.935153213713853404e-04
-8.948116034679376440e-04
-8.961080764340323412e-04
-8.974079436931958753e-04
-8.987143155936294647e-04
-9.000305165725031031e-04
-9.013616853174033494e-04
-9.027150969345143494e-04
-9.041010437595975446e-04
-9.055382204715689554e-04
-9.070714061731877109e-04
-9.088306277339475159e-04
-9.104634806376132872e-04
-9.119509761739141851e-04
-9.134067789539068727e-04
-9.148716628647468596e-04
-9.163649281972441329e-04
-9.179179248147706360e-04
-9.195933471037864848e-04
-9.213688557020427439e-04
-9.233215338229072700e-04
-9.254032887680008201e-04
-9.276294187615663489e-04
-9.300531519361721067e-04
-9.321469683216676572e-04
-9.339672847135105371e-04
-9.356543218241863968e-04
-9.372717163752541936e-04
-9.388372294395486151e-04
-9.403659426764354734e-04
-9.418610559597251353e-04
-9.433311091653351355e-04
-9.447860811221397981e-04
-9.462503356868490201e-04
-9.476810991039252841e-04
-9.490998262460248469e-04
-9.505104046669821116e-04
-9.519172429809374947e-04
-9.533253176757794378e-04
-9.547407008564379183e-04
-9.561714293194745196e-04
-9.576286465626804301e-04
-9.591296933548765224e-04
-9.607042046542169089e-04
-9.624146734659166924e-04
-9.642456624243678220e-04
-9.660402048107252782e-04
-9.677337284133002981e-04
-9.692462164532233970e-04
-9.706979129546766671e-04
-9.721147921163408867e-04
-9.735084513273761786e-04
-9.748856747311407389e-04
-9.762514151292478459e-04
-9.776094175939498143e-04
-9.789627382640331277e-04
-9.803141419213456942e-04
-9.816663722748142362e-04
-9.830224757328975826e-04
-9.843862602244568549e-04
-9.857629821152791294e-04
-9.871605702935770665e-04
-9.885937063944805203e-04
-9.900968374768615021e-04
-9.917903888488899256e-04
-9.960822980096262214e-04
-9.978729245627704358e-04
-9.994317594557156070e-04
-1.000902447395479733e-03
-1.002325515625956953e-03
-1.003719802873614952e-03
-1.005095538970879332e-03
-1.006457546816830195e-03
-1.007795016299994906e-03
-1.009113716605058997e-03
-1.010418383778355356e-03
-1.011712076953830142e-03
-1.012997160497852711e-03
-1.014275655599417014e-03
-1.015549006685212419e-03
-1.016818550398146392e-03
-1.018085568833426713e-03
-1.019351325394546315e-03
-1.020617141975432851e-03
-1.021884487642732431e-03
-1.023155106738005138e-03
-1.024431304254891373e-03
-1.025716420466116219e-03
-1.027016282390880164e-03
-1.028343665901543247e-03
-1.029753142443912139e-03
-1.031128627559607658e-03
-1.032453595668059165e-03
-1.033769847653909224e-03
-1.035087641383602985e-03
-1.036412467065761511e-03
-1.037748191544562992e-03
-1.039097721462045598e-03
-1.040464567460430700e-03
-1.041856801631935170e-03
-1.043291752728769950e-03
-1.044812337876344088e-03
-1.046587881162297506e-03
-1.049839545549824393e-03
-1.051740461274430771e-03
-1.053506264082293420e-03
-1.055189722529048524e-03
-1.056816074719524323e-03
-1.058404178131966411e-03
-1.059964004996860609e-03
-1.061502450072082659e-03
-1.063026267760780463e-03
-1.064540407240133213e-03
-1.066049176316030689e-03
-1.067608014599263910e-03
-1.069126493112304566e-03
-1.070605104239841232e-03
-1.072066872899068990e-03
-1.073515576262784599e-03
-1.074955872827576542e-03
-1.076394131931501796e-03
-1.077837735648290440e-03
-1.079296725933209800e-03
-1.080787760425305777e-03
-1.082347001601591252e-03
-1.084096442281579087e-03
-1.087679035515320969e-03
-1.089655160336100437e-03
-1.091370958193893514e-03
-1.093010818942197204e-03
-1.094664362897512788e-03
-1.096631923717228396e-03
-1.098438015462610551e-03
-1.100020328447692819e-03
-1.101522155013023863e-03
-1.102978087729411527e-03
-1.104403052766045334e-03
-1.105805251772618014e-03
-1.107190563243376502e-03
-1.108563778226101526e-03
-1.109928961357198318e-03
-1.111289898448442059e-03
-1.112650528320768828e-03
-1.114015271907131677e-03
-1.115389879173922516e-03
-1.116782947586991703e-03
-1.118207567684992298e-03
-1.119687980415506878e-03
-1.121283050867449838e-03
-1.123238564872841572e-03
-1.125330290963955093e-03
-1.127472136358997901e-03
-1.130244280547865188e-03
-1.132114238080461632e-03
-1.133849407140896659e-03
-1.135620329464459566e-03
-1.137483541731265646e-03
-1.139069263208281058e-03
-1.140571066237994202e-03
-1.142064864510294875e-03
-1.143592556324679599e-03
-1.145195104720220236e-03
-1.146881302595104124e-03
-1.148621082615819411e-03
-1.150405692127320911e-03
-1.152093142482657484e-03
-1.153688389096241274e-03
-1.155278339203369420e-03
-1.156813825878177937e-03
-1.158362297520088013e-03
-1.159956874210998912e-03
-1.161609611988745350e-03
-1.163282059141734770e-03
-1.164900951145630970e-03
-1.166469050872254165e-03
-1.168053388396428360e-03
-1.169702532871075285e-03
-1.171449642376365397e-03
-1.173362673763667097e-03
-1.175564458777866861e-03
-1.177400872565570467e-03
-1.179066647714943628e-03
-1.180676735917929321e-03
-1.182274989171894219e-03
-1.183861839247790648e-03
-1.185441824666955135e-03
-1.187052225067208866e-03
-1.188756084912867550e-03
-1.190618569198220733e-03
-1.192200230286655227e-03
-1.193687673827770190e-03
-1.195153630816458978e-03
-1.196676343205971271e-03
-1.198161554649801452e-03
-1.199694105601945004e-03
-1.201357023775218025e-03
-1.203697030324191175e-03
-1.205367758483233409e-03
-1.206952282185369540e-03
-1.208532211097956832e-03
-1.210074098769609030e-03
-1.211625441454811103e-03
-1.213304904801426609e-03
-1.215101772900517574e-03
-1.216666537171784412e-03
-1.218201346338654290e-03
-1.219800757473521458e-03
-1.221339305159108157e-03
-1.222935418823456466e-03
-1.224998948703426294e-03
-1.226692768707127179e-03
-1.228319570816371886e-03
-1.229988285174732354e-03
-1.231714977980469250e-03
-1.233701748464044456e-03
-1.237660589235245467e-03
-1.239636501563778914e-03
-1.241389559411332222e-03
-1.243044381549096578e-03
-1.244647796380227156e-03
-1.246230219136723605e-03
-1.247805765607346018e-03
-1.249379411156881226e-03
-1.250952111033987180e-03
-1.252531898725650628e-03
-1.254136300555708239e-03
-1.255791978657994079e-03
-1.257540783599520040e-03
-1.259500595660822952e-03
-1.264842857771286688e-03
-1.266777210226610606e-03
-1.268508367338716525e-03
-1.270228657043404041e-03
-1.271892451295997262e-03
-1.273428307747681565e-03
-1.274924776012542615e-03
-1.276407086483022368e-03
-1.277887844764014069e-03
-1.279376140914223470e-03
-1.280879959830172332e-03
-1.282408216206731844e-03
-1.283969641039051091e-03
-1.285568209632548253e-03
-1.287221214051448293e-03
-1.288968875820417637e-03
-1.290936148421906182e-03
-1.293936188802691234e-03
-1.297336011527261412e-03
-1.299307764484614047e-03
-1.301069442475655258e-03
-1.302736349835242891e-03
-1.304345585150135101e-03
-1.305912273687814817e-03
-1.307448693341539681e-03
-1.308966737867067742e-03
-1.310477836026890941e-03
-1.311994840305752419e-03
-1.313537050213087198e-03
-1.315144911566479280e-03
-1.316976086630727849e-03
-1.319813743477671331e-03
-1.321542811741571732e-03
-1.323136453623696696e-03
-1.324677975741428426e-03
-1.326196655710765171e-03
-1.327707168624292500e-03
-1.329219409375692607e-03
-1.330741436584625959e-03
-1.332281482946839901e-03
-1.333849604016168477e-03
-1.335461092345169298e-03
-1.337144410219370805e-03
-1.338976514382750338e-03
-1.341465153778198527e-03
-1.343563346182130580e-03
-1.345316791812711799e-03
-1.346979029463679645e-03
-1.348598919846955013e-03
-1.350191625599572731e-03
-1.351763504603864519e-03
-1.353320413155389978e-03
-1.354867639268730883e-03
-1.356408883438797730e-03
-1.357947546745896794e-03
-1.359490505717819708e-03
-1.361051425742054732e-03
-1.362651107125412153e-03
-1.364363307690963367e-03
-1.366916946430429824e-03
-1.368780233491628806e-03
-1.370413022656058466e-03
-1.371978917109606400e-03
-1.373519720752391926e-03
-1.375058309108667665e-03
-1.376619503672960043e-03
-1.378186177464879592e-03
-1.379734169858259918e-03
-1.381277153899573840e-03
-1.382831862750566465e-03
-1.384418170284895666e-03
-1.386068978287413600e-03
-1.387859857873929847e-03
-1.389970150508568203e-03
-1.392473360735779764e-03
-1.394174025931116390e-03
-1.395760544834478978e-03
-1.397346748361449897e-03
-1.398953533571778429e-03
-1.400480196226294716e-03
-1.401965502584756607e-03
-1.403434061233443941e-03
-1.404899420639704744e-03
-1.406371752324053759e-03
-1.407861815853728160e-03
-1.409384069903540926e-03
-1.410967975588373058e-03
-1.412586317582120721e-03
-1.414279805237672605e-03
-1.416230134417051367e-03
-1.420370890553801502e-03
-1.422306298281772463e-03
-1.424072190019387563e-03
-1.425746560173801747e-03
-1.427415886670169165e-03
-1.429187556314048813e-03
-1.430867835642279928e-03
-1.432519275549104520e-03
-1.434179306211369465e-03
-1.435856201315699465e-03
-1.437622264814697459e-03
-1.439941370877328986e-03
-1.442343264665746361e-03
-1.444235464997278839e-03
-1.445981100188897805e-03
-1.447655331110797583e-03
-1.449290138361813973e-03
-1.450905253976730869e-03
-1.452519828060383489e-03
-1.454166596489669949e-03
-1.455963732456155846e-03
-1.457677549431157793e-03
-1.459317655193470564e-03
-1.461014822353945419e-03
-1.463065522365192273e-03
-1.465623550706229850e-03
-1.467500428988577355e-03
-1.469229915637360051e-03
-1.470907807538335277e-03
-1.472604860292103801e-03
-1.474422296133814925e-03
-1.476051477360407205e-03
-1.477623573560737924e-03
-1.479181348262081919e-03
-1.480748421509470170e-03
-1.482352931929109552e-03
-1.484057267057137253e-03
-1.486199063735260673e-03
-1.488570571841929535e-03
-1.490410022528809719e-03
-1.492135875730493666e-03
-1.493831268209899754e-03
-1.495537642369537679e-03
-1.497267616976771798e-03
-1.498902687272485323e-03
-1.500501649600916032e-03
-1.502103397644560800e-03
-1.503751751373072487e-03
-1.505577166745375450e-03
-1.509837151959070312e-03
-1.511687553660934213e-03
-1.513362030760245780e-03
-1.514963400671254234e-03
-1.516525442910032773e-03
-1.518066592333111586e-03
-1.519608345672995853e-03
-1.521180962994139740e-03
-1.522850186432833652e-03
-1.524597626783252835e-03
-1.526277708072343309e-03
-1.528094727725415325e-03
-1.531459979780214198e-03
-1.533572777223879413e-03
-1.535352457549765681e-03
-1.537014936546232668e-03
-1.538615143305999133e-03
-1.540175481222094689e-03
-1.541706389541097622e-03
-1.543224546477595105e-03
-1.544748953326013918e-03
-1.546311652047438479e-03
-1.548010202421901127e-03
-1.553470136948509328e-03
-1.555229821497250420e-03
-1.556826662264310102e-03
-1.558382339455932630e-03
-1.559928909570462707e-03
-1.561484436777837992e-03
-1.563067640629300925e-03
-1.564702390826622214e-03
-1.566421804891859892e-03
-1.568242334625602474e-03
-1.570178768898644606e-03
-1.572984045957515065e-03
-1.575047941681950725e-03
-1.576806652772821948e-03
-1.578478792932713759e-03
-1.580123100785479906e-03
-1.581766340247203750e-03
-1.583418129096569871e-03
-1.585075972913019271e-03
-1.586735680046302832e-03
-1.588402906605224096e-03
-1.590108346907093129e-03
-1.591962911638877820e-03
-1.596208533350518266e-03
-1.598342256126983330e-03
-1.600240977093658756e-03
-1.602018629195178789e-03
-1.603699432596861207e-03
-1.605313005127229076e-03
-1.606884840351097132e-03
-1.608436947523550486e-03
-1.609993611998761232e-03
-1.611591743727047721e-03
-1.613332346611429102e-03
-1.617567228859639883e-03
-1.619420810064942096e-03
-1.621162464895742339e-03
-1.623130604609279715e-03
-1.624817420606383678e-03
-1.626405812490072655e-03
-1.627970992638672065e-03
-1.629543112943387939e-03
-1.631147883816019828e-03
-1.632824625885542780e-03
-1.634679209583267401e-03
-1.637907528031057325e-03
-1.639870171965762680e-03
-1.641651360616225297e-03
-1.643689948060633732e-03
-1.645411489535453242e-03
-1.647082213127926131e-03
-1.648940627394512859e-03
-1.650642561716764156e-03
-1.652349954336496118e-03
-1.654203678134735789e-03
-1.658061028959600947e-03
-1.660021856273119489e-03
-1.661761641300829595e-03
-1.663432284601307209e-03
-1.665072760072106028e-03
-1.666705520774636184e-03
-1.668349923334866425e-03
-1.670030885952300537e-03
-1.671797337759572954e-03
-1.673799042507972956e-03
-1.680470619669360843e-03
-1.682512707670280605e-03
-1.684259672049659429e-03
-1.685928976885131547e-03
-1.687573161957223178e-03
-1.689215375944685960e-03
-1.690869952584495017e-03
-1.692556378956266983e-03
-1.694323313650714091e-03
-1.696469183194881936e-03
-1.698416324914409081e-03
-1.700624158731622870e-03
-1.703411082726757897e-03
-1.705332766171685499e-03
-1.707138952939835086e-03
-1.708917643331919756e-03
-1.710687074419348086e-03
-1.712452704418887528e-03
-1.714240884692186384e-03
-1.716090189223917761e-03
-1.718109440641213403e-03
-1.721599528280104430e-03
-1.723621390985474733e-03
-1.725461283089368969e-03
-1.727249199355185283e-03
-1.729026179535075869e-03
-1.730825569870142466e-03
-1.732685872578354491e-03
-1.734686995718548452e-03
-1.737192275927612606e-03
-1.739602385115390781e-03
-1.741554869038930420e-03
-1.743382618869970813e-03
-1.745164849608848989e-03
-1.746947583055380449e-03
-1.748768716092197195e-03
-1.750665882999435929e-03
-1.752927280857519143e-03
-1.755652924617878696e-03
-1.757620130772741263e-03
-1.759437947717601425e-03
-1.761194847294866861e-03
-1.762914760240708034e-03
-1.764617162242299031e-03
-1.766334281863346511e-03
-1.768131952281537522e-03
-1.770347612755074351e-03
-1.772670607634307949e-03
-1.774527864985442349e-03
-1.776285438814362294e-03
-1.777996418790506183e-03
-1.779693223466161101e-03
-1.781401040048979922e-03
-1.783150227818830480e-03
-1.785007382497871831e-03
-1.787312014879915978e-03
-1.789523487107480548e-03
-1.791307195355140713e-03
-1.793010710306575106e-03
-1.794696227609193784e-03
-1.796393766639869938e-03
-1.798129844791551690e-03
-1.799943583168039929e-03
-1.801931727452243948e-03
-1.804830791131029066e-03
-1.807017381875386519e-03
-1.808862019483159500e-03
-1.810616971768430616e-03
-1.812337764134919205e-03
-1.814053997702180787e-03
-1.815790622752722072e-03
-1.817583307104797541e-03
-1.819521573558136041e-03
-1.822391728847461145e-03
-1.824770067185066402e-03
-1.826813968924367870e-03
-1.828791447363808942e-03
-1.830997475991469337e-03
-1.832906568125625135e-03
-1.834738567111582341e-03
-1.836580298209433693e-03
-1.838504442988719845e-03
-1.840776391901166598e-03
-1.844043124850203164e-03
-1.846171853630673709e-03
-1.848105842758851480e-03
-1.849960670042727351e-03
-1.851788674189447370e-03
-1.853640297492020750e-03
-1.855479440594609564e-03
-1.857374522960975050e-03
-1.859477246429652730e-03
-1.864643587723091578e-03
-1.866947598504808958e-03
-1.869016908431775370e-03
-1.871013529472387305e-03
-1.872989405268143948e-03
-1.874973107165445185e-03
-1.876987653078865392e-03
-1.879066961195663410e-03
-1.881296240427543509e-03
-1.884179328768276207e-03
-1.887018594641354241e-03
-1.889382997639854622e-03
-1.891642524324166352e-03
-1.893872046512812268e-03
-1.896127015289406081e-03
-1.898498118249158928e-03
-1.901408300824192210e-03
-1.904300978374462439e-03
-1.906511515114450717e-03
-1.908574313131183864e-03
-1.910591025358732153e-03
-1.912628576518637935e-03
-1.914800264382177097e-03
-1.917677868462863700e-03
-1.920369876015404209e-03
-1.922435042696180041e-03
-1.924374773438208841e-03
-1.926297660724496374e-03
-1.928292853796031991e-03
-1.930510977914745574e-03
-1.933345865208102587e-03
-1.936047311337785182e-03
-1.938119582080011227e-03
-1.940027747188155516e-03
-1.941869835928256016e-03
-1.943698551729378110e-03
-1.945571558143677215e-03
-1.947621294616230792e-03
-1.950973986967530216e-03
-1.953435307501916185e-03
-1.955517900205427928e-03
-1.957456509819599511e-03
-1.959305716070613990e-03
-1.961147957451725432e-03
-1.963062060072906512e-03
-1.965319637291074173e-03
-1.968649161791069524e-03
-1.970771160130335709e-03
-1.972695493517750975e-03
-1.974547416361160934e-03
-1.976381661035531145e-03
-1.978248605147170380e-03
-1.980249747988604980e-03
-1.983137673696178105e-03
-1.985666440876276972e-03
-1.987774962149746472e-03
-1.989769147648257075e-03
-1.991710999415974293e-03
-1.993622501051617313e-03
-1.995524372505497190e-03
-1.997501961931491543e-03
-2.000664795765549897e-03
-2.002985213872765513e-03
-2.004969514061372138e-03
-2.006838471018679293e-03
-2.008656804279196351e-03
-2.010465033376318544e-03
-2.012315879098558469e-03
-2.014397434810466514e-03
-2.017560457104217164e-03
-2.019592286336080456e-03
-2.021466761786383515e-03
-2.023286126272227925e-03
-2.025095208051608253e-03
-2.026937348244328696e-03
-2.028904941434928055e-03
-2.031775656159751087e-03
-2.034006995469517243e-03
-2.035925873304367251e-03
-2.037762836954559731e-03
-2.039578082641435586e-03
-2.041409648383063491e-03
-2.043309357349865074e-03
-2.045442784515238976e-03
-2.049527118647032076e-03
-2.051651751234229160e-03
-2.053599522387816734e-03
-2.055487313352588608e-03
-2.057360669182495272e-03
-2.059254009292521559e-03
-2.061222772241855239e-03
-2.063500072884250081e-03
-2.066553520422953483e-03
-2.068860300796004914e-03
-2.071050047267708472e-03
-2.073206942973304656e-03
-2.075353899230414356e-03
-2.077529719414661358e-03
-2.079898222936638064e-03
-2.084531520587962206e-03
-2.086661561016445177e-03
-2.088646082928580228e-03
-2.090613142368247246e-03
-2.092629888576835739e-03
-2.094805885040074145e-03
-2.097762633219590889e-03
-2.100103258221741598e-03
-2.102149293407906683e-03
-2.104226650062157589e-03
-2.106310203230044031e-03
-2.108550462747715848e-03
-2.112515352155952542e-03
-2.114620476303397112e-03
-2.116512841508044751e-03
-2.118377729501852436e-03
-2.120284730509180982e-03
-2.122323626166933153e-03
-2.124844963310223989e-03
-2.127487850617337806e-03
-2.129399583525315443e-03
-2.131209368276265614e-03
-2.133018941937181445e-03
-2.134906153788973526e-03
-2.137062360844543818e-03
-2.143650962277088290e-03
-2.145738013223819074e-03
-2.147588390442933814e-03
-2.149373913376217970e-03
-2.151171992364808716e-03
-2.153093374941295046e-03
-2.155878816869960524e-03
-2.158368305750335558e-03
-2.160379602251238929e-03
-2.162243482938253081e-03
-2.164051215504003700e-03
-2.165872390244905077e-03
-2.167880393646348658e-03
-2.171873189825590522e-03
-2.174007973892000400e-03
-2.175939553981431906e-03
-2.177799061195972996e-03
-2.179649444460141083e-03
-2.181581576957358770e-03
-2.184274005188946433e-03
-2.186545843633314057e-03
-2.188499494498841180e-03
-2.190378848461738137e-03
-2.192254766635204355e-03
-2.194194521133008280e-03
-2.196402024368548922e-03
-2.199516280965485571e-03
-2.201515079672811126e-03
-2.203407247679423087e-03
-2.205296617283081240e-03
-2.207244872375113687e-03
-2.209358730831278983e-03
-2.212404436179871148e-03
-2.214690602946767228e-03
-2.216692600083836062e-03
-2.218662800800408341e-03
-2.220676585298564376e-03
-2.222807479322908009e-03
-2.225348022807271953e-03
-2.228132137018001835e-03
-2.230190532772180489e-03
-2.232140399839654954e-03
-2.234082568452477879e-03
-2.236094090040774418e-03
-2.238397516734158543e-03
-2.241902870376843993e-03
-2.244026181017821919e-03
-2.245977066264281952e-03
-2.247879461925728073e-03
-2.249804878865946378e-03
-2.251883847155244922e-03
-2.256178616234394418e-03
-2.258434707399836761e-03
-2.260442961519282257e-03
-2.262396652045528533e-03
-2.264372678038473197e-03
-2.266474437705889855e-03
-2.269299417380188366e-03
-2.271810639413618382e-03
-2.273982046773870280e-03
-2.276077961164912900e-03
-2.278173662335181149e-03
-2.280416702089449466e-03
-2.287949379417453244e-03
-2.290339334004021232e-03
-2.292430513989640595e-03
-2.294403135667200111e-03
-2.296331174691190746e-03
-2.298332125425406325e-03
-2.306067921024168577e-03
-2.308229972544761921e-03
-2.310194518825636756e-03
-2.312108864706008404e-03
-2.314043636675644500e-03
-2.316124587723789041e-03
-2.321710363388129750e-03
-2.323780088388294196e-03
-2.325774799662450043e-03
-2.327844848059923422e-03
-2.330066539983022267e-03
-2.332605354455674629e-03
-2.335682303532538029e-03
-2.337675441203002080e-03
-2.339476151829500417e-03
-2.341193402897401299e-03
-2.342875150924350613e-03
-2.344558424404397101e-03
-2.346295453079516591e-03
-2.348246868202341631e-03
-2.353967755204133816e-03
-2.356073699045113656e-03
-2.357942828601578000e-03
-2.359698943379617830e-03
-2.361401690994191505e-03
-2.363089137127905026e-03
-2.364800993511440019e-03
-2.366624329675603988e-03
-2.369295771925794547e-03
-2.371519274163347291e-03
-2.373390040016354341e-03
-2.375163813070457763e-03
-2.376903845970335105e-03
-2.378645769933074305e-03
-2.380428403858991793e-03
-2.382334411439757105e-03
-2.384938446564288661e-03
-2.387057786106261403e-03
-2.388866932953703781e-03
-2.390610806987991666e-03
-2.392348784395426087e-03
-2.394116022298775626e-03
-2.395952999483252910e-03
-2.397947348953266555e-03
-2.400609687425170335e-03
-2.402815232475652429e-03
-2.404641280753794241e-03
-2.406401003623548362e-03
-2.408159218946770430e-03
-2.409952884728894240e-03
-2.411821060877006317e-03
-2.413838366229881238e-03
-2.416321726861903052e-03
-2.419238157435943393e-03
-2.421449976758194289e-03
-2.423554769449887125e-03
-2.425646568216976995e-03
-2.427769150714853552e-03
-2.429966007232109426e-03
-2.432313354330140065e-03
-2.435207357834312525e-03
-2.437833824297297447e-03
-2.440123292977269820e-03
-2.442420150333246553e-03
-2.444875675380764335e-03
-2.447016652075140186e-03
-2.448914659678558259e-03
-2.450696480969738467e-03
-2.452426160215570583e-03
-2.454127110487980268e-03
-2.455813202521972549e-03
-2.457503037189945339e-03
-2.459213019140316092e-03
-2.461000076191877106e-03
-2.463102319299248499e-03
-2.466375178914903543e-03
-2.468614448688288832e-03
-2.470627620105858568e-03
-2.472552164345054315e-03
-2.474449520583066331e-03
-2.476371886110717568e-03
-2.478389032085193122e-03
-2.480594682422787578e-03
-2.482881231574807224e-03
-2.485415271930913050e-03
-2.488428046506618863e-03
-2.492462586026977789e-03
-2.494796290751444268e-03
-2.496875730783720826e-03
-2.498882843778416074e-03
-2.500776725306907977e-03
-2.502638404008772355e-03
-2.504499252863778835e-03
-2.506380859324197630e-03
-2.508269491827141984e-03
-2.510170242561393650e-03
-2.512170120921863870e-03
-2.514628944337737870e-03
-2.517689946725520933e-03
-2.519821277367384482e-03
-2.521746014710224415e-03
-2.523579344398951818e-03
-2.525369401084165411e-03
-2.527167905836291695e-03
-2.528934123588566507e-03
-2.530686408906746010e-03
-2.532452879312030447e-03
-2.534254727509233085e-03
-2.536118611064508421e-03
-2.538085033672032864e-03
-2.540218779454206377e-03
-2.542584693930538542e-03
-2.546005787222416217e-03
-2.549002286567736419e-03
-2.552058520970068578e-03
-2.554484844538906785e-03
-2.556695670157038691e-03
-2.558825676006182270e-03
-2.560939465192646480e-03
-2.562963242185856139e-03
-2.564923523944107053e-03
-2.566874130302432278e-03
-2.568862476445943344e-03
-2.570943970211736485e-03
-2.573215801809913827e-03
-2.575799719142124466e-03
-2.578174308050962260e-03
-2.580748523340337108e-03
-2.582946949558628802e-03
-2.584885493665645129e-03
-2.586797983984090443e-03
-2.588760082622543202e-03
-2.590842292413686465e-03
-2.593159710029158127e-03
-2.595818884509326629e-03
-2.598073126800715116e-03
-2.599999060351687596e-03
-2.601833092873873099e-03
-2.603662737704737218e-03
-2.605543070508753445e-03
-2.607547305809254645e-03
-2.609962810186883253e-03
-2.612355310638192485e-03
-2.614735055879502390e-03
-2.617358457667529059e-03
-2.619856629216266164e-03
-2.621989686607206771e-03
-2.623986950272105823e-03
-2.625972164396084274e-03
-2.628037007876504738e-03
-2.630308256448388171e-03
-2.633355854763763659e-03
-2.636212472270305085e-03
-2.639181611902463587e-03
-2.643120228120965365e-03
-2.645957551863586943e-03
-2.648445185831183046e-03
-2.650599715034451798e-03
-2.652616523591944109e-03
-2.654566454878937165e-03
-2.656494606723014407e-03
-2.658427940075314133e-03
-2.660392853767512555e-03
-2.662426231293757439e-03
-2.664585076791681217e-03
-2.666960719156841186e-03
-2.669790872717348051e-03
-2.673342884769169814e-03
-2.676112735977453916e-03
-2.678678841848247671e-03
-2.681745452431494314e-03
-2.683969206366376703e-03
-2.686005296781979190e-03
-2.687973404860377613e-03
-2.689917010053499702e-03
-2.691864682955347199e-03
-2.693846161151203233e-03
-2.695908469280250408e-03
-2.698158434456865429e-03
-2.701249083955525876e-03
-2.704025546520827383e-03
-2.706231182405094415e-03
-2.708253015498707228e-03
-2.710199945647584485e-03
-2.712121553774204941e-03
-2.714047481159331809e-03
-2.716035067880540055e-03
-2.718218352370960211e-03
-2.720490569324773844e-03
-2.722580762288262513e-03
-2.724703731955546715e-03
-2.726981208350354180e-03
-2.729696006288917509e-03
-2.733490721444353788e-03
-2.736037443807126657e-03
-2.739258251523990495e-03
-2.741759138384258776e-03
-2.744039026002176307e-03
-2.746340622754583904e-03
-2.748830405568503110e-03
-2.752208367731268090e-03
-2.755171929301192257e-03
-2.757889937411550640e-03
-2.760887244004806007e-03
-2.763979045262043854e-03
-2.766754953491434854e-03
-2.768995848947963800e-03
-2.771097925773458037e-03
-2.773164360265534256e-03
-2.775273922678844762e-03
-2.777580489899511562e-03
-2.788045111675629961e-03
-2.790285079867005358e-03
-2.792297539251475946e-03
-2.794236442025144207e-03
-2.796161090205417921e-03
-2.798133820423376328e-03
-2.800346215739768496e-03
-2.803725711435278711e-03
-2.805858141774031367e-03
-2.807821649456254676e-03
-2.809727999653066632e-03
-2.811631794663593809e-03
-2.813604939944203132e-03
-2.815953244290736457e-03
-2.818379625111222531e-03
-2.820380246314924122e-03
-2.822348643037986271e-03
-2.824415809123514975e-03
-2.826983676539773782e-03
-2.829171403957109199e-03
-2.831721630968120351e-03
-2.834816555186914222e-03
-2.836885720393866883e-03
-2.838791475474056192e-03
-2.840652466617576977e-03
-2.842532851072498978e-03
-2.844533301551099846e-03
-2.847202339811172322e-03
-2.849288658038351407e-03
-2.851870926701582931e-03
-2.855163859859510822e-03
-2.857531482736708206e-03
-2.859790403040962659e-03
-2.861878907978732123e-03
-2.863828709636861980e-03
-2.865739226416863517e-03
-2.867727444643586310e-03
-2.870352112915419696e-03
-2.873222206633441189e-03
-2.875476532627541104e-03
-2.877620446292694645e-03
-2.879927627684186753e-03
-2.882300950815208651e-03
-2.884418126473553556e-03
-2.886565383871109169e-03
-2.889433244205541484e-03
-2.891928017697220632e-03
-2.894102374948359646e-03
-2.896215683130365370e-03
-2.898347080999008618e-03
-2.900562146705198963e-03
-2.902984537637820495e-03
-2.906297019585002417e-03
-2.909269305507500292e-03
-2.912091245334313960e-03
-2.914630010753427314e-03
-2.917528592914830909e-03
-2.920180941145544828e-03
-2.922538686177755807e-03
-2.924854355213724055e-03
-2.927337575147959114e-03
-2.930188114293463819e-03
-2.932867728472676738e-03
-2.937218538831554149e-03
-2.939857817133351148e-03
-2.942326294512187523e-03
-2.944972412823654295e-03
-2.947844849935821188e-03
-2.950648990085902312e-03
-2.953986094542004892e-03
-2.956435932946810397e-03
-2.958626665926611388e-03
-2.960729776602000207e-03
-2.962804496487558836e-03
-2.964888544680244209e-03
-2.967038775145258711e-03
-2.969241280712631159e-03
-2.971604842710862115e-03
-2.974472229141378321e-03
-2.977282668637615259e-03
-2.979823499385747532e-03
-2.982871539990328280e-03
-2.986698793649322781e-03
-2.989053224882187720e-03
-2.991176907067405466e-03
-2.993189443890598156e-03
-2.995133503349678428e-03
-2.997038586333933274e-03
-2.998928338800666005e-03
-3.000824190926731916e-03
-3.002750579021107313e-03
-3.004744429035866027e-03
-3.006879747097790379e-03
-3.009366083148612425e-03
-3.012368543332422099e-03
-3.014823493396434628e-03
-3.017008188059611129e-03
-3.019078031442634646e-03
-3.021090875145127086e-03
-3.023073424353595051e-03
-3.025036756195587095e-03
-3.026992718020760087e-03
-3.028954236187098026e-03
-3.030935711295534851e-03
-3.032955958713556832e-03
-3.035044368403072568e-03
-3.037264606209455486e-03
-3.039840960034734252e-03
-3.042810582600807834e-03
-3.044958316330226289e-03
-3.047133403727642076e-03
-3.050095486544113221e-03
-3.052890316845413565e-03
-3.056179467705533170e-03
-3.059074354903490445e-03
-3.061490162299729256e-03
-3.063843026152146543e-03
-3.066228167193374432e-03
-3.068557838315610908e-03
-3.070812411989587432e-03
-3.073031636593004379e-03
-3.075131591109725449e-03
-3.077111147815392300e-03
-3.079007789776988524e-03
-3.080850519781352936e-03
-3.082660611226861747e-03
-3.084455309632305742e-03
-3.086249032829169181e-03
-3.088054599169165471e-03
-3.089888783943450790e-03
-3.091772260846559206e-03
-3.093727130245582657e-03
-3.095775855416760258e-03
-3.097937150428387021e-03
-3.100233970474097767e-03
-3.102771015619953943e-03
-3.107128982188789301e-03
-3.109546994253253871e-03
-3.111712171386948889e-03
-3.113784521156737206e-03
-3.115836656504056279e-03
-3.117925222562933918e-03
-3.120103024223719324e-03
-3.122439544036903492e-03
-3.124982316263347215e-03
-3.127483400468311636e-03
-3.129835056966623341e-03
-3.132187134854524935e-03
-3.134772647853334426e-03
-3.138017436546847172e-03
-3.140545999866795057e-03
-3.142778143827795745e-03
-3.144910032098047203e-03
-3.147000094072871512e-03
-3.149108465929972844e-03
-3.151402798699742824e-03
-3.153991584796567160e-03
-3.155927541607206344e-03
-3.157737527727966231e-03
-3.159485353109725558e-03
-3.161195728787258297e-03
-3.162881375421755514e-03
-3.164550417757316936e-03
-3.166209093571570321e-03
-3.167862653808750650e-03
-3.169515962462177150e-03
-3.171173857911990801e-03
-3.172841718167451752e-03
-3.174525499466729350e-03
-3.176231725797062921e-03
-3.177969552065951220e-03
-3.179761219226917568e-03
-3.181644101214242681e-03
-3.183668640079129197e-03
-3.185987250017396910e-03
-3.188596382314168309e-03
-3.191071186123051184e-03
-3.193504699705029815e-03
-3.196506558861722525e-03
-3.199049561544931031e-03
-3.201682615120660103e-03
-3.204432632003872961e-03
-3.207242524780884452e-03
-3.209974355061206985e-03
-3.212361243666972399e-03
-3.214557572519871620e-03
-3.216655771069998337e-03
-3.218713495012903714e-03
-3.220875469848283323e-03
-3.223345568789670601e-03
-3.225401827448570735e-03
-3.227368260942387046e-03
-3.229304395832799379e-03
-3.231241989949840132e-03
-3.233199675239939452e-03
-3.235284720476516718e-03
-3.237710974202445691e-03
-3.241413387982450267e-03
-3.244426159238256169e-03
-3.247413141331478847e-03
-3.250048346368550334e-03
-3.253426706770534693e-03
-3.256108433635995780e-03
-3.259209992420353252e-03
-3.262337914051172127e-03
-3.265558079553421145e-03
-3.269657637470446687e-03
-3.272229679955107606e-03
-3.275284713932902214e-03
-3.277862480183690863e-03
-3.280346344001094927e-03
-3.283121938236543969e-03
-3.285451153432816795e-03
-3.288550979172466526e-03
-3.290888691230509089e-03
-3.294058824024226340e-03
-3.296470434983600484e-03
-3.299152116051917716e-03
-3.301671310636744572e-03
-3.304147788924072238e-03
-3.306825100230059711e-03
-3.309264680833701178e-03
-3.312223437416772498e-03
-3.314699464586290389e-03
-3.317837138165913302e-03
-3.320464057272931591e-03
-3.323506317205571214e-03
-3.326769510093918747e-03
-3.330263761846197212e-03
-3.332792940580087127e-03
-3.335046429596033590e-03
-3.337800936663137819e-03
-3.340313726033161679e-03
-3.342526384066957235e-03
-3.345279566616676803e-03
-3.347811109095988336e-03
-3.350050412553651213e-03
-3.352892428557852078e-03
-3.355378363345096204e-03
-3.357626777668598628e-03
-3.360585884531586132e-03
-3.363040892257362913e-03
-3.365354003786902304e-03
-3.368563163744342503e-03
-3.371050026511945852e-03
-3.373514833799662327e-03
-3.377013436227982446e-03
-3.379651274792117022e-03
-3.382552988123288529e-03
-3.386552574306755936e-03
-3.389927775107159924e-03
-3.393369077363761477e-03
-3.395903899002794546e-03
-3.398220037854282616e-03
-3.400451799171810841e-03
-3.402654215790335002e-03
-3.404855066261980312e-03
-3.407081394533273411e-03
-3.409371899201985023e-03
-3.411847273475765441e-03
-3.419677797719566925e-03
-3.422303861407960390e-03
-3.424869694141352561e-03
-3.427799442189405354e-03
-3.431180260225041856e-03
-3.434230394663284613e-03
-3.437665328005490295e-03
-3.440236470384383516e-03
-3.442592537139632647e-03
-3.444888627990638774e-03
-3.447141611256698823e-03
-3.449427833100426888e-03
-3.451832754900796552e-03
-3.454556040059508781e-03
-3.457687559625610696e-03
-3.461365578564357115e-03
-3.464466547770439497e-03
-3.467081631045587642e-03
-3.469662385459870713e-03
-3.472406541670136626e-03
-3.475475459916665955e-03
-3.478427433841524419e-03
-3.481355503973326826e-03
-3.485498933301967028e-03
-3.488874097893002180e-03
-3.491685509311781566e-03
-3.494294533293085259e-03
-3.497073964840780036e-03
-3.500609658675268854e-03
-3.503261318669848023e-03
-3.505824363422060941e-03
-3.508440515659239090e-03
-3.511328040298300479e-03
-3.515955047165508773e-03
-3.518957720365256669e-03
-3.523095844222945416e-03
-3.529354122238759217e-03
-3.531986269662779065e-03
-3.533169934367696996e-03
