4.753175685769241432e-01
4.748839087742614540e-01
4.744761346008969372e-01
4.740807709761407085e-01
4.736943933714288790e-01
4.733548727048721427e-01
4.730511526110327547e-01
4.727546542514107220e-01
4.725034990332052098e-01
4.723065066450384819e-01
4.721661788250041680e-01
4.720901754625544400e-01
4.718973360675656759e-01
4.717932578632771934e-01
4.717961620728214900e-01
4.719443800376406095e-01
4.723306779981831793e-01
4.730832688110294115e-01
4.755064966794660397e-01
4.728608564789207880e-01
4.722564454684256008e-01
4.734242547707850912e-01
4.712097099152536273e-01
4.707642632014221173e-01
4.704720765464987520e-01
4.702746881410614921e-01
4.701527638032290124e-01
4.701214324025390079e-01
4.702230807704949056e-01
4.705263407312070822e-01
4.707405830075545028e-01
4.703208558476720813e-01
4.700139787650830514e-01
4.697962385698800092e-01
4.696182588057037366e-01
4.694795589165055016e-01
4.694123881378065022e-01
4.693409469590730798e-01
4.690920391570907455e-01
4.690000787885197364e-01
4.690011967675904447e-01
4.689375604190462177e-01
4.689662521248123550e-01
4.689843891563966749e-01
4.691138429624089889e-01
4.693717667071187205e-01
4.697101632383923753e-01
4.701256741751217993e-01
4.706005520889314786e-01
4.715092665003917105e-01
4.719597343682188639e-01
4.720118489104381254e-01
4.715255736589470392e-01
4.709576429019405319e-01
4.703810254629776644e-01
4.699773421247798733e-01
4.697392422720246818e-01
4.695682053468390182e-01
4.694304302807448814e-01
4.692972441904647574e-01
4.691557755353947257e-01
4.690450769007177834e-01
4.689677305330623991e-01
4.689225244838803319e-01
4.689112042859377993e-01
4.687968369376050437e-01
4.685975134531815134e-01
4.684734998777647097e-01
4.684315024277654893e-01
4.685178940827697258e-01
4.688013952833541276e-01
4.689056720552278179e-01
4.691075374132499531e-01
4.693453791552159582e-01
4.694070370641158507e-01
4.692073092630272280e-01
4.689909956545269543e-01
4.687442973488947229e-01
4.684591419337453821e-01
4.682692040250727716e-01
4.682497424060457769e-01
4.689727825082223855e-01
4.683192067132931902e-01
4.681554330672637598e-01
4.681270702097659053e-01
4.682616313443126455e-01
4.682974193430650134e-01
4.684459589169975291e-01
4.685329768767103609e-01
4.686472977083755986e-01
4.688018188355834170e-01
4.689206705803760089e-01
4.691934144748871049e-01
4.692764098851225363e-01
4.692132319466157386e-01
4.693178345443018706e-01
4.694547055433970772e-01
4.696583082552736044e-01
4.698364985613862621e-01
4.699967617635320560e-01
4.701460200976262382e-01
4.703125014902259649e-01
4.705708055940343582e-01
4.708294995488697121e-01
4.711384860513277428e-01
4.715020894687883546e-01
4.719174422331550156e-01
4.722740382683915938e-01
4.725365607371156962e-01
4.728384762355195559e-01
4.732196175316023545e-01
4.736838471330656053e-01
4.742063194826459105e-01
4.748103407567624834e-01
4.754919566531345398e-01
4.763411159709974307e-01
4.782596198982931313e-01
4.773934040686459990e-01
4.768550850072351688e-01
4.767794279794989043e-01
4.769434424578779530e-01
4.774927228136726653e-01
4.774703204755170183e-01
4.778074474806128236e-01
4.783243719837362296e-01
4.790135124375763942e-01
4.798797207992919200e-01
4.809966793823683973e-01
4.825082073381354308e-01
4.845217230550844523e-01
4.854605505591484405e-01
4.847882553160686170e-01
4.845467842464815100e-01
4.850789784806903704e-01
4.860019157627603614e-01
4.864926548065106604e-01
4.866896640192130419e-01
4.873179717256023169e-01
4.861121784745683905e-01
4.849569836330967498e-01
4.847198020579683853e-01
4.845490337016778448e-01
4.846032474463273232e-01
4.848479902811121400e-01
4.853297395736683173e-01
4.857205715033705573e-01
4.863211765680214294e-01
4.870422817656227532e-01
4.876979337175369467e-01
4.884131047714060370e-01
4.891763370283827017e-01
4.897519259977964889e-01
4.900285396133087223e-01
4.903203348884054291e-01
4.905560686710485618e-01
4.908592150114344799e-01
4.912383774925825342e-01
4.916875970529412943e-01
4.922464567702103944e-01
4.926232694269466195e-01
4.929667347892889850e-01
4.934155611791609108e-01
4.940503141386492492e-01
4.951823959686740828e-01
4.952623792895430310e-01
4.959025020605522527e-01
4.968412765212727455e-01
4.980467881379436190e-01
4.997441326265837369e-01
5.029855777050453725e-01
5.483809960855084986e-01
5.047024261003790757e-01
5.033799741162016117e-01
5.032347816285810405e-01
5.035924873962701609e-01
5.045648009203994588e-01
5.065007689918935574e-01
5.126675252973814656e-01
5.108179842027056328e-01
5.080664830487318095e-01
5.080147047980378971e-01
5.088482871300596955e-01
5.111070276363798293e-01
5.130558734140334698e-01
5.130584333589721657e-01
5.148259947879104681e-01
5.170994891406099914e-01
5.193753703380561415e-01
5.207480072602544974e-01
5.206331835729959279e-01
5.195313966250191262e-01
5.182991703723875965e-01
5.174082263858952313e-01
5.168765477787889973e-01
5.168968186068138015e-01
5.176873068450930093e-01
5.175149600656534510e-01
5.165625426099705875e-01
5.161355226373144367e-01
5.161433101728635231e-01
5.162011465102489538e-01
5.162667529751959750e-01
5.164969784588138157e-01
5.169057685262634649e-01
5.174807311022889822e-01
5.177512040487040057e-01
5.183074854315857793e-01
5.189104532740542730e-01
5.198422169852319197e-01
5.220570840804501511e-01
5.286724645039924120e-01
5.239744381587702060e-01
5.256486681071135258e-01
5.287751370500298753e-01
5.287159398824275991e-01
5.256232355680876545e-01
5.235433491493252101e-01
5.223270676678656299e-01
5.211820882100910435e-01
5.202822883057783843e-01
5.197521650671550475e-01
5.193907505838981642e-01
5.188413457367599957e-01
5.184609263564964321e-01
5.178978884355064372e-01
5.175980913007838247e-01
5.173905209473731448e-01
5.172865618208473126e-01
5.172609230825575555e-01
5.173713942890726392e-01
5.177226482221192194e-01
5.180531580957379312e-01
5.183211824380047350e-01
5.187848033805846359e-01
5.201224842142916360e-01
5.193802515873391368e-01
5.194597043041443429e-01
5.198848491681873352e-01
5.200440666017419611e-01
5.200297527496072769e-01
5.200739418462666519e-01
5.201782290141522269e-01
5.203918805738149134e-01
5.206926132790076212e-01
5.211251552684690314e-01
5.215480819904723120e-01
5.219596197314547714e-01
5.223708738004432250e-01
5.230057392337028599e-01
5.242522692738633694e-01
5.273467376918185012e-01
5.312479191986670957e-01
5.266636039188939966e-01
5.244946473668476994e-01
5.234340428099090170e-01
5.226626071700550824e-01
5.219361558858507388e-01
5.213361070852645662e-01
5.209345583102962252e-01
5.206569639948431805e-01
5.203400658391759137e-01
5.203449994183114713e-01
5.207190589633162725e-01
5.216638464056664315e-01
5.206254863423672719e-01
5.204696864577461612e-01
5.206992305452815550e-01
5.211030912910311619e-01
5.217280959086989522e-01
5.226398363683041337e-01
5.236381574669520811e-01
5.244980097652678364e-01
5.250615069917902167e-01
5.256352188725716967e-01
5.262031139143477088e-01
5.265716893120014896e-01
5.266780472449411610e-01
5.266631784947026773e-01
5.263726684353020602e-01
5.262980454726805535e-01
5.264022246573312191e-01
5.266226715567908778e-01
5.268892070827628782e-01
5.271121614804553657e-01
5.270988869974728708e-01
5.270516962548883466e-01
5.271359617452876511e-01
5.272709418657584024e-01
5.272273056355758492e-01
5.273264692028062361e-01
5.276817201849973715e-01
5.279447921138984423e-01
5.282463040435034785e-01
5.282637188987862054e-01
5.286318188691375708e-01
5.290464829265690838e-01
5.293650112879667580e-01
5.297396995031556921e-01
5.304801502601789176e-01
5.324740893060636582e-01
5.347620876388815558e-01
5.357583814360464824e-01
5.333865817680009114e-01
5.327525128117667208e-01
5.329819714493384541e-01
5.337620790071633259e-01
5.353059745329697972e-01
5.377804138965208702e-01
5.371231498916477776e-01
5.363194060472376012e-01
5.365420422595541527e-01
5.370663440533194333e-01
5.374700654009261225e-01
5.378001299879690000e-01
5.385757052676465317e-01
5.400148492516493315e-01
5.422496256603451803e-01
5.451446746968596768e-01
5.495325520195846192e-01
5.567357049926381363e-01
5.614959035214790450e-01
5.666756488676858439e-01
5.658526343882929188e-01
5.600147622994299246e-01
5.536518048148960647e-01
5.490006040042740842e-01
5.452395451142688643e-01
5.422860731412177948e-01
5.405115923255373600e-01
5.401506562633848763e-01
5.397329564078027220e-01
5.373366124723614190e-01
5.355086078464652566e-01
5.342205909300055122e-01
5.327152148609742843e-01
5.312865093802132677e-01
5.300960710676004828e-01
5.288130906488350824e-01
5.280130384783480180e-01
5.277876593766129831e-01
5.270793832122435685e-01
5.267704212990583779e-01
5.260178842541055610e-01
5.250076732461852469e-01
5.241446238586030537e-01
5.232680928589599212e-01
5.225018923069242316e-01
5.218612623186642541e-01
5.213584757949496495e-01
5.210212519241781415e-01
5.208249113961537224e-01
5.207412112028910744e-01
5.206524720897035552e-01
5.204963413064159772e-01
5.202259270958559112e-01
5.199018896510599896e-01
5.196604690246426905e-01
5.193112883856142448e-01
5.193739690715986068e-01
5.193181246606068946e-01
5.185053599979256855e-01
5.178624376146134800e-01
5.172530695017633073e-01
5.168487741389200529e-01
5.167083597492186930e-01
5.164414866526023662e-01
5.163487739257270892e-01
5.167078380289704675e-01
5.164374771301630807e-01
5.164503187766567027e-01
5.165809829068213066e-01
5.168271541144202619e-01
5.171584986896641256e-01
5.176428452631831600e-01
5.182794716480010333e-01
5.188369179554584987e-01
5.191197003752464623e-01
5.195941749816537225e-01
5.203600070293080693e-01
5.208449926554615805e-01
5.210893094338022724e-01
5.213344286444999698e-01
5.217273677676039778e-01
5.226614227687098602e-01
5.242058237520558217e-01
5.261754824521930329e-01
5.281586708783949646e-01
5.300367027429677691e-01
5.321069376645530813e-01
5.340321690625169371e-01
5.350062498589222004e-01
5.343047090642636388e-01
5.322499344305456903e-01
5.293791218858661107e-01
5.268252826326732530e-01
5.253876405323344434e-01
5.236527715033368890e-01
5.201360118437233782e-01
5.176801249677489558e-01
5.161533526286719020e-01
5.149031822076108877e-01
5.135100408347594847e-01
5.121669283791149274e-01
5.111618706033245196e-01
5.093912592780911464e-01
5.106966718665317817e-01
5.055118686941716399e-01
5.039575598962335867e-01
5.028160600319533380e-01
5.019411366757436932e-01
5.012880018863141718e-01
5.003285537509181147e-01
4.995321920621401124e-01
4.983639868087720859e-01
4.976564914071614498e-01
4.973336727878363561e-01
4.961739265034181834e-01
4.954966687608806097e-01
4.950198634647381968e-01
4.946029791141989818e-01
4.940122256927356736e-01
4.934437280612057330e-01
4.928803215585425002e-01
4.923638095543257931e-01
4.919098075996081176e-01
4.915749697471704649e-01
4.917573528700884822e-01
4.910443432371749961e-01
4.910768477634246953e-01
4.911255726772351671e-01
4.915309876543597079e-01
4.904100054016252708e-01
4.895857235819868758e-01
4.891127512311039260e-01
4.888077935781232619e-01
4.886739853983032011e-01
4.888209332581620048e-01
4.888629451019049221e-01
4.894283260925506029e-01
4.903026377481364828e-01
4.901604712110426698e-01
4.899671304759410928e-01
4.903429801999091286e-01
4.909460780453406281e-01
4.912157161238257519e-01
4.912772602671839905e-01
4.910317054973254436e-01
4.895823276482673680e-01
4.890661272778784041e-01
4.891292250710696510e-01
4.906882404369903861e-01
4.899767885694074621e-01
4.883475934128608809e-01
4.875033641668295448e-01
4.870718830747383099e-01
4.869382482314355554e-01
4.870096023571989785e-01
4.872352041526013533e-01
4.875780218272408595e-01
4.880895297774065500e-01
4.888181173641892308e-01
4.896282203191106852e-01
4.902766272475962972e-01
4.911317450888235125e-01
4.918193974979730987e-01
4.928934540600333203e-01
4.941402242598903483e-01
4.957202392838712113e-01
4.977850918603863861e-01
5.007718468909331255e-01
5.062686512262966065e-01
5.182851206801196708e-01
5.107597947202998645e-01
5.075880863290858080e-01
5.076692574098298216e-01
5.090468829282286389e-01
5.112907289508145103e-01
5.139941346544646406e-01
5.174162380140894246e-01
5.214559538031594554e-01
5.254433376969681602e-01
5.281950637000775162e-01
5.290227645370210174e-01
5.258617810713733798e-01
5.210216685188258090e-01
5.168763182240255771e-01
5.134279977402422812e-01
5.108727390555602987e-01
5.094350047610349819e-01
5.096379033845699347e-01
5.067952692410861992e-01
5.040799807368262497e-01
5.017841888797975880e-01
4.999224715309055211e-01
4.984995250037618786e-01
4.973817134993110955e-01
4.965293539011245150e-01
4.959434355836380148e-01
4.956789685632503328e-01
4.953361409861490872e-01
4.947860641767430345e-01
4.946550602541081032e-01
4.949186194381714476e-01
4.955928949132764605e-01
4.955981594047552674e-01
4.951510392189271692e-01
4.952807337560437007e-01
4.952388179208343510e-01
4.949940672356574201e-01
4.949303979582773128e-01
4.951059332441766214e-01
4.954771312012852258e-01
4.960936483379988493e-01
4.971129839338138678e-01
4.978476537123110446e-01
4.990503485042288578e-01
5.008303758948552398e-01
5.033670070824646237e-01
5.063661541077161266e-01
5.094442884510778091e-01
5.145499000951631041e-01
5.270831273302526432e-01
5.461131881831167156e-01
5.232331092326878430e-01
5.169910725366692050e-01
5.151679978182760467e-01
5.148339186353640962e-01
5.152322764327380566e-01
5.174244681830399983e-01
5.202369669002431252e-01
5.241717628937409001e-01
5.293431278054244737e-01
5.334559268665541865e-01
5.337992384639433929e-01
5.294875062263079135e-01
5.234607780753225414e-01
5.179786448180405678e-01
5.136403821527261160e-01
5.102261630890980726e-01
5.076057861186734632e-01
5.056070581593746782e-01
5.041966804976444338e-01
5.032868126224842031e-01
5.030311168655980936e-01
5.039754889390897219e-01
5.030042526135636294e-01
5.019714843382135916e-01
5.019908327665614234e-01
5.024641786924969322e-01
5.008647114935215194e-01
5.000163939566408811e-01
4.999129016880528575e-01
5.004287768890101074e-01
5.035912745161504889e-01
5.004128689435878297e-01
5.000091040009402299e-01
4.998530353541993376e-01
4.998603075497374815e-01
5.000631025148043474e-01
5.004910927857246783e-01
5.012789477615435807e-01
5.024444365093598819e-01
5.032195798702179257e-01
5.050178987028675071e-01
5.087784269075974475e-01
5.079854184700196562e-01
5.082042513651505722e-01
5.064355978540351355e-01
5.054788608863074462e-01
5.054498905852233825e-01
5.055915822095125023e-01
5.062350369809253126e-01
5.072443383511522352e-01
5.086598754437763326e-01
5.104898761957179509e-01
5.128678917432801798e-01
5.156789377304583644e-01
5.189874918249122171e-01
5.238926683137223872e-01
5.320293702533792635e-01
5.480917884046893063e-01
5.854632013757561371e-01
5.773137574334394895e-01
5.475055540837826529e-01
5.325744929381421855e-01
5.255906120274064230e-01
5.219018095327940809e-01
5.181832975735694014e-01
5.158643639126407887e-01
5.149144231630812252e-01
5.136768797406154885e-01
5.118795450915423206e-01
5.107282285869367833e-01
5.100478010494727821e-01
5.089522434327774514e-01
5.086258343872979149e-01
5.082066955517923201e-01
5.084811550980511408e-01
5.079357622132609773e-01
5.070982270713092488e-01
5.069266784043636731e-01
5.069234143572761697e-01
5.069836284815757432e-01
5.072019115911517995e-01
5.074129063148774543e-01
5.076553588718508703e-01
5.080560470453389099e-01
5.086478217927241641e-01
5.092717152058738872e-01
5.095922684498302990e-01
5.100366254013799505e-01
5.107749298824143525e-01
5.119243091366162401e-01
5.136409144456578479e-01
5.159790894822835483e-01
5.178976854634513849e-01
5.221717620755089717e-01
5.356501248885218169e-01
5.300736418515252790e-01
5.237143127966659151e-01
5.212450155236210136e-01
5.213206137859074385e-01
5.229322941360677879e-01
5.257027369068401068e-01
5.307656729112253391e-01
5.406248197814602641e-01
5.620916303483007859e-01
5.888723193159299818e-01
5.576256422104105548e-01
5.376295102310136853e-01
5.281004207234344383e-01
5.233394887355847791e-01
5.194763554022876484e-01
5.181651118098643538e-01
5.178558085849518378e-01
5.147514987858475832e-01
5.122328271363941754e-01
5.108860068468153992e-01
5.103110427363671819e-01
5.145760470447098278e-01
5.093697282361374645e-01
5.087357125337974573e-01
5.083617449632484853e-01
5.079606446624199689e-01
5.074079609602512031e-01
5.068645585367319573e-01
5.065615256754607554e-01
5.064658019635638331e-01
5.062705766281654363e-01
5.063483538656804450e-01
5.065912472531062249e-01
5.070961040401059661e-01
5.077163951719376733e-01
5.086432001945171422e-01
5.097621050437225465e-01
5.111853130999165495e-01
5.130349782926679758e-01
5.154075628784919871e-01
5.185103325197539803e-01
5.252354003344591460e-01
5.304219862572366884e-01
5.406108230458129826e-01
5.415642837325285175e-01
5.339475615435618217e-01
5.321800057424216357e-01
5.330414134338277155e-01
5.346609558790683669e-01
5.382165602619314315e-01
5.440581774041060026e-01
5.527411344653117009e-01
5.654724876523202770e-01
5.980425077425156610e-01
5.816046891285833187e-01
5.804754740472457542e-01
5.661749654839705048e-01
5.483861838652861476e-01
5.378344172106331866e-01
5.315036026633751520e-01
5.283803874085938324e-01
5.247556088944936858e-01
5.220002887278917258e-01
5.204944716028723217e-01
5.202131420553671726e-01
5.215031518230820451e-01
5.262250924334107571e-01
5.480472015595296842e-01
5.432664429639298964e-01
5.287011864594347577e-01
5.184742367927599460e-01
5.133100304209524678e-01
5.099875259590501697e-01
5.078982116990095053e-01
5.073590922074121545e-01
5.058732063604582940e-01
5.043787141169221444e-01
5.038596367685319599e-01
5.038989617584814784e-01
5.047557484160392072e-01
5.070033476473668754e-01
5.081683955414000309e-01
5.088336731913779554e-01
5.081144536551061019e-01
5.102585808197332984e-01
5.167114307687162844e-01
5.501152366252533010e-01
5.261332230204937010e-01
5.122700230919898789e-01
5.084139925963718776e-01
5.074231725956552808e-01
5.075265768865804272e-01
5.073527650107753084e-01
5.090247799714006094e-01
5.131490852305780059e-01
5.170176984550804988e-01
5.157538859985522084e-01
5.109625098177257296e-01
5.088464645519338303e-01
5.086313602034308046e-01
5.097753743330980525e-01
5.101312687130670209e-01
5.110655667683250414e-01
5.253177753454275623e-01
5.162127777597143030e-01
5.196653784958099598e-01
5.309319109147820903e-01
5.476771052561379971e-01
5.254983813275787563e-01
5.178555124235693086e-01
5.143860834380492575e-01
5.122691754695340993e-01
5.103757727762626706e-01
5.089875524339235735e-01
5.075558381077179826e-01
5.061961607505758298e-01
5.053888167875949522e-01
5.048037646770050513e-01
5.046330984505096318e-01
5.052247682291868269e-01
5.066249795070183470e-01
5.076893660180005208e-01
5.089590530038956562e-01
5.129159124727635799e-01
5.208036908075989180e-01
5.457804514876728463e-01
5.245036064575292478e-01
5.122968067270656789e-01
5.076602880809264473e-01
5.053031602528081923e-01
5.041076135364701560e-01
5.037824934852287440e-01
5.041395785426541210e-01
5.056120316015387806e-01
5.118085527212052899e-01
5.081251432336545415e-01
5.089900339419952680e-01
5.082143486722600079e-01
5.082273954732391408e-01
5.094523279763240042e-01
5.116416178200150489e-01
5.153677677806093316e-01
5.229179557510160725e-01
5.415188717478476299e-01
5.364185988151790596e-01
5.257423924575564955e-01
5.235525483531928703e-01
5.246019365996632544e-01
5.274766930272547505e-01
5.329730134932489927e-01
5.432730445845272982e-01
5.510998799701105622e-01
5.618696056604880473e-01
5.695568658627904179e-01
5.807831305803526911e-01
5.968282646258776802e-01
5.790719795882933729e-01
5.599257831378688932e-01
5.577383914997062764e-01
5.476578408837761147e-01
5.358271113220803850e-01
5.299999261005569062e-01
5.255778341002580456e-01
5.222555611966922529e-01
5.200872473876662072e-01
5.201501124005815102e-01
5.172903453473738367e-01
5.167651393088686929e-01
5.183190139335371871e-01
5.509515969162429583e-01
5.177250667454715849e-01
5.158340905395000231e-01
5.163582079077396747e-01
5.183233841168778389e-01
5.219378686742879303e-01
5.282241937284677391e-01
5.396586067823239130e-01
5.460812963949803756e-01
5.399526817351339991e-01
5.328168037709951621e-01
5.165347682569916277e-01
5.101192843269133359e-01
5.058792486562088131e-01
5.029194922037488746e-01
5.007028903432395595e-01
4.990661438977442299e-01
4.979582281429353885e-01
4.970647448622736442e-01
4.962820914435188691e-01
4.959496401936656085e-01
4.961118627069270315e-01
4.968846594024411978e-01
4.984344550664648321e-01
5.009883775051862109e-01
5.053312362561773741e-01
5.135820307328432532e-01
5.345998848637213419e-01
7.017316060456153526e-01
5.358361327975088573e-01
5.123347231548772696e-01
5.024293653986886543e-01
4.966921260889585188e-01
4.930526087658179124e-01
4.905417149012156752e-01
4.886838334122146077e-01
4.859769921606988397e-01
4.839748023200935445e-01
4.822973717359267387e-01
4.809836270401712244e-01
4.800166026091838289e-01
4.799596684772884370e-01
4.786358118001836637e-01
4.778442166923828616e-01
4.774316599376514647e-01
4.772211266780739258e-01
4.771502036738639596e-01
4.773367523607431884e-01
4.774945279321049507e-01
4.780898749386628954e-01
4.792047230643768918e-01
4.810480522150374916e-01
4.834947185802216940e-01
4.901699951961774882e-01
4.890709350482626006e-01
4.854171975995569821e-01
4.853451041292548562e-01
4.863776631049351873e-01
4.881811462474154872e-01
4.905250868689423061e-01
4.935560582802397400e-01
4.972994252641660951e-01
5.021797653183457388e-01
5.090831726946054570e-01
5.208298029536049256e-01
5.495609522322016938e-01
6.422027705673536424e-01
5.432636418025976743e-01
5.310678153097524445e-01
5.177455458537487676e-01
5.105207963094084977e-01
5.051894422176339550e-01
5.017399325193087067e-01
4.996036655164698415e-01
4.985105543705007913e-01
4.982332072880301110e-01
4.995938153994530784e-01
5.029571812185927859e-01
4.982617851068064652e-01
4.948287234955500158e-01
4.935931895090930888e-01
4.929519489895706763e-01
4.930044782084902488e-01
4.939243827578975177e-01
4.960789820894128122e-01
4.998282559600972230e-01
5.043229958660969681e-01
5.138271954289079790e-01
5.360036655048386889e-01
6.656609817459735456e-01
5.437774865532259971e-01
5.186654450277493611e-01
5.107795610016913068e-01
5.108541790162790530e-01
5.346049639756899063e-01
5.164423155267937604e-01
4.983457016082323832e-01
4.918799383672560199e-01
4.887394010239072273e-01
4.872225036779042617e-01
4.852271257217265488e-01
4.849129907028047470e-01
4.856289997541042847e-01
4.849379290907724904e-01
4.843755320865773539e-01
4.848855343988557887e-01
4.863127127240818859e-01
4.886228845718013081e-01
4.912889595983415680e-01
4.953895476590791103e-01
5.022857885360560992e-01
5.151300081329361902e-01
5.460129576562603448e-01
5.566823527207586109e-01
5.725100587755063142e-01
6.123454468514927251e-01
5.382354339094289619e-01
5.233269597558209973e-01
5.225071391878798321e-01
5.289676017632668481e-01
5.116415357285786225e-01
5.046895253100930345e-01
5.034128420928273284e-01
5.059982976529364684e-01
5.166042986670427162e-01
5.136685775670793985e-01
5.142891692307555163e-01
5.162256196426980859e-01
5.100245020034871457e-01
5.043470170224845228e-01
5.043759460248771198e-01
4.998731465911180338e-01
4.997645439617319774e-01
5.018805503820487068e-01
5.059695179732970338e-01
5.106716500118226865e-01
5.110558058400989090e-01
5.097007564389803846e-01
5.110042916020072212e-01
5.163293978021965547e-01
5.215355388176110552e-01
5.299731612272539083e-01
5.465540268401619661e-01
5.222478051027156232e-01
5.095373331955189711e-01
5.056657346569347622e-01
5.043879570436914372e-01
5.027432067234814950e-01
5.012925334346332029e-01
5.027386658285980525e-01
5.088011021544532886e-01
5.231382637950641179e-01
5.076174021437951378e-01
5.006986328223047567e-01
4.992237820332911524e-01
5.050272910903843560e-01
5.015200790259496388e-01
5.049643125307327063e-01
5.132541760241351447e-01
5.536130546182468359e-01
5.090536957560087838e-01
5.010436528333749306e-01
4.998085718594660887e-01
4.968152335445547574e-01
4.971579573438280053e-01
5.075399346340050410e-01
5.153502907782075981e-01
4.972414118313084330e-01
4.949445166444129129e-01
5.011329948630529607e-01
4.967887792187755669e-01
5.016258933210205884e-01
5.369622365879049841e-01
5.110226730947668994e-01
5.069681560280705490e-01
5.133199886085895169e-01
5.204992934654356640e-01
5.458520684065490958e-01
6.851821464808526274e-01
5.602594317629254750e-01
5.295482594764600037e-01
5.163423441327864571e-01
5.100406384183426844e-01
5.074738432648127073e-01
5.071666800169595257e-01
5.078936161340291688e-01
5.076496330258395417e-01
5.064680445100376849e-01
5.069714566036375158e-01
5.104547106018726410e-01
5.182562704234338069e-01
5.374055197112362903e-01
7.251318562175773641e-01
5.406037387988297249e-01
5.191712898678121357e-01
5.157319226673282575e-01
5.135786539707841714e-01
5.010276338866367363e-01
4.960333912378840915e-01
4.937990140184452814e-01
4.930856602714296932e-01
4.933596172104038891e-01
4.942785700052934050e-01
4.959553941849640379e-01
4.985547529861836247e-01
5.014826213387834075e-01
5.064153720563754346e-01
5.156718059899274564e-01
5.355119039787618052e-01
5.969617817380938884e-01
6.342751119446712327e-01
5.366591259483310949e-01
5.162668655705713316e-01
5.067596575281154703e-01
5.014787951659733789e-01
4.973640104219324010e-01
4.946294887289288678e-01
4.935030708696649393e-01
4.917867135672184253e-01
4.926339678270134637e-01
4.960720447246241838e-01
5.044033890914989549e-01
5.295446893685469281e-01
6.105016430358779500e-01
5.160371328110195943e-01
4.996383429700061440e-01
4.931789902547196180e-01
4.900553400332399723e-01
4.883477498799884131e-01
4.885835136480037311e-01
4.885263006874090985e-01
4.900166290499639032e-01
4.924089184449724210e-01
4.958934405318400906e-01
5.028465740250585014e-01
5.163768180739166658e-01
5.711629463961789277e-01
5.470111955391334657e-01
5.213430363799236300e-01
5.079568152762843347e-01
5.034897961397999389e-01
4.997833547057077275e-01
4.970248421803667993e-01
4.952943212152356445e-01
4.943940081309778356e-01
4.941674304832812670e-01
4.946505301501937790e-01
4.962135359877812846e-01
4.994898783042832635e-01
5.054844082540096428e-01
5.198890947681266139e-01
5.977538138117786115e-01
5.360383218326167931e-01
5.103586138873601463e-01
5.030060726139182758e-01
4.996860205897762364e-01
4.967621181431022270e-01
4.981118194744986738e-01
4.953484168834750845e-01
4.903958487408682232e-01
4.880715942641799532e-01
4.878933005101693254e-01
4.898476308828088044e-01
4.949936527791957697e-01
5.071377953870944699e-01
5.353548515112376283e-01
5.822459513964554079e-01
5.112846469751805012e-01
4.981063765942683741e-01
4.962290624163335218e-01
4.958045695027204491e-01
4.862449744140808217e-01
4.811304502001899630e-01
4.788592629789021893e-01
4.781663958577748730e-01
4.786615372617439301e-01
4.803354658104450614e-01
4.832932305772901782e-01
4.884642922104623919e-01
4.927470254685535345e-01
5.016495418022247632e-01
5.254135564328877850e-01
6.645926805835806750e-01
5.206510594652176138e-01
5.054251061949953661e-01
4.981029830421193627e-01
5.000743035473043108e-01
5.147291296074504308e-01
5.049691066397945516e-01
4.996352976248852884e-01
5.005941797897324186e-01
5.037759309028196908e-01
5.138932982077625278e-01
5.633540222736288516e-01
5.475149731424415744e-01
5.070685504603744675e-01
4.948703495395951335e-01
4.893179852908242089e-01
4.862646320946655831e-01
4.846239242492412225e-01
4.850239331111623198e-01
4.888218871807138988e-01
5.042046448902531841e-01
5.026069444246449303e-01
4.972840452112415321e-01
5.062774212340674929e-01
5.430340591954559981e-01
5.633694178317806278e-01
5.058462678541991719e-01
4.924534187918579997e-01
4.880540525043309819e-01
4.901249829507043909e-01
5.017882883082003254e-01
4.866994053323039360e-01
4.824392952088076281e-01
4.826610792338630884e-01
4.856907343043557757e-01
4.908203593407479692e-01
5.026341445732680491e-01
5.476355915090745929e-01
5.518499441586595111e-01
5.048289338147675664e-01
4.936692922871162015e-01
4.908065269812037501e-01
4.922826391583637884e-01
4.959503192985005859e-01
4.878453066675475513e-01
4.851295160442911092e-01
4.870774006006529655e-01
4.944610927261079425e-01
5.161886809207086868e-01
6.760509668536380801e-01
5.082163400610566484e-01
4.892687790232911338e-01
4.816668592320513254e-01
4.791420532314965008e-01
4.818174393374622388e-01
4.801642656222637195e-01
4.796347178662389021e-01
4.887545898070752570e-01
4.990570363028865031e-01
4.926983737315987488e-01
5.075982271903458631e-01
6.254802296989014909e-01
5.201387423551026012e-01
4.905994336863994110e-01
4.804839050872752870e-01
4.769575969197640264e-01
4.813456143827060663e-01
4.735047821301490711e-01
4.710084179607563759e-01
4.729269188731057838e-01
4.798698623599829127e-01
4.996546099722491419e-01
7.342825676547244385e-01
5.026321750767047680e-01
4.808847929934532694e-01
4.732672771259158195e-01
4.701404332296996169e-01
4.695392498810094795e-01
4.711728546707406595e-01
4.755639879238879875e-01
4.839497052368207930e-01
4.962000518725187548e-01
5.101170166356132629e-01
5.776466214603642735e-01
5.234757958471292216e-01
4.956758114622227818e-01
4.880810901819168657e-01
4.833570351312024282e-01
4.806346389376199846e-01
4.804176413136828638e-01
4.817819385240478813e-01
4.845510918451493287e-01
4.877182406593929542e-01
4.919452122529385241e-01
5.076148885486808648e-01
6.707396978272192056e-01
5.150077458488117044e-01
4.941048479902288015e-01
4.832592200815614691e-01
4.758038499973393787e-01
4.720787927164619702e-01
4.698584804473586174e-01
4.680047200229019988e-01
4.698173155194650397e-01
4.767188584807554586e-01
4.961168028769037397e-01
6.800133170124017523e-01
5.047547810872188290e-01
4.867538229489941082e-01
4.976569029745515071e-01
4.757163896378235335e-01
4.663269901537705486e-01
4.634234660286631335e-01
4.636106085157116197e-01
4.666795403036226308e-01
4.741084900870167762e-01
4.925635103411244997e-01
6.049222956487355640e-01
5.105087841651911873e-01
4.906155536743108114e-01
5.069885518421044512e-01
4.788287912545892699e-01
4.750065690240553029e-01
4.916960469783371313e-01
4.789594713123215275e-01
4.816653425518062637e-01
4.993356534003005609e-01
6.513487217065636603e-01
5.078077577914790197e-01
4.839143770550990431e-01
4.758501729448229023e-01
4.725250955636871031e-01
4.715237081220694515e-01
4.728556554275515911e-01
4.772430378460136846e-01
4.871970402654776655e-01
5.122001889637834982e-01
7.483143180297897601e-01
5.235827952854013034e-01
4.918817599428202403e-01
4.816145435635019734e-01
4.775585330185831423e-01
4.766241866963386586e-01
4.778951407043786626e-01
4.820954262234061760e-01
4.969571618015669046e-01
5.255542418056013965e-01
5.093200526735471856e-01
5.349346455878151163e-01
5.902199093584218348e-01
5.129478300716644457e-01
4.988210239190616346e-01
4.949710311300744570e-01
4.939469350171083462e-01
4.940998585428456602e-01
4.971891011314196751e-01
5.041909133549629107e-01
5.215881233280629248e-01
6.358088836368672725e-01
5.391032427844516528e-01
5.181787006543928653e-01
5.040526774527346321e-01
4.988409178186941073e-01
4.991768990021807073e-01
5.026636351710246364e-01
5.144918903466579874e-01
5.584462799944226452e-01
5.680083040389833915e-01
5.229368264619715934e-01
5.078796982067466104e-01
5.010162834665440323e-01
4.990765054792903332e-01
5.015617734882704681e-01
5.080827738346750388e-01
5.405453371948955033e-01
5.715566419323689917e-01
5.098686232569691335e-01
4.963800909761943991e-01
4.911175137287528414e-01
4.885528304764372165e-01
4.883866948706445665e-01
4.919628364699202838e-01
5.028360806945801897e-01
5.467080489752347283e-01
5.465094125597345087e-01
5.019205347899570180e-01
4.910230783289682432e-01
4.861722727241188369e-01
4.849032024996758339e-01
4.863382671547923364e-01
4.910878872235531767e-01
5.028451374073251712e-01
5.459571258451818565e-01
5.494707440241898277e-01
5.040255280696248619e-01
4.926825251885229573e-01
4.887286788839191876e-01
4.883120603803853821e-01
4.907404295565769847e-01
4.969667935333337838e-01
5.117918007181814222e-01
5.812766333444786548e-01
5.376247082181716541e-01
5.078051199480038136e-01
4.996977492138152677e-01
4.969250522526408864e-01
4.969857983801742596e-01
4.996074125818040779e-01
5.059989073966265627e-01
5.211972054836578883e-01
5.964159731144720311e-01
5.435985654627870645e-01
5.182967943650249598e-01
5.137606345750477255e-01
5.303573957722412802e-01
5.165154391385792243e-01
5.132283563199440124e-01
5.164888896933151896e-01
5.255395566789657913e-01
5.557862347112679791e-01
6.082074162559425456e-01
5.320883097655004779e-01
5.176351460366387380e-01
5.124239909481149713e-01
5.116777503605488553e-01
5.139519954734240725e-01
5.156698413966857020e-01
5.236360343512139748e-01
5.457338595007134030e-01
7.070001300370202246e-01
5.453998368342967140e-01
5.271352582044962487e-01
5.221861628804930211e-01
5.220881027710684297e-01
5.250645290721636105e-01
5.296628156764601192e-01
5.381163612060932966e-01
5.585287990704769223e-01
6.144298054432894007e-01
5.934248273959453757e-01
5.578308551520237968e-01
5.483319216483285574e-01
5.457477681042712803e-01
5.480207873829168186e-01
5.574167376595995371e-01
5.948974904338765191e-01
6.029379756130380796e-01
5.534394429581241948e-01
5.401042842881368378e-01
5.354636825609631057e-01
5.388216285172007236e-01
5.473829258640559026e-01
5.893348605672350526e-01
5.822532819895563927e-01
5.369954178233760089e-01
5.254044459436707504e-01
5.226199526226548153e-01
5.268149124850792786e-01
5.439683685897405141e-01
5.887558967237087604e-01
5.728900304765922602e-01
5.293211571318293673e-01
5.169409494051379061e-01
5.122812607352538183e-01
5.118843177423603175e-01
5.164027766985036516e-01
5.320355083585806000e-01
6.168703721213482094e-01
5.532389010492152481e-01
5.269857760727955087e-01
5.145117216799783844e-01
5.085858567483040327e-01
5.092153538063804996e-01
5.171995222260142855e-01
5.484179401631336104e-01
6.069857253271430109e-01
5.240037345721658690e-01
5.083198571760043638e-01
5.031335114756165794e-01
5.029962124049561778e-01
5.080289903635815119e-01
5.231107217029559164e-01
5.955985836643969966e-01
5.543679238467535964e-01
5.217497418522284436e-01
5.157790008486650146e-01
5.209411751761076070e-01
5.156219131421873048e-01
5.139639711547046019e-01
5.256433445715686936e-01
6.250015391028792555e-01
5.359791812882234163e-01
5.074200295682984585e-01
4.978039159407784409e-01
4.945234545864152786e-01
4.959921581527669265e-01
5.036381877954677622e-01
5.315599687440675236e-01
6.047584216232037013e-01
5.120527384168408469e-01
4.964007539142215597e-01
4.911355464346623956e-01
4.908401644079447568e-01
4.955479606212630506e-01
5.104015438046876074e-01
5.912166769636753028e-01
5.332174346824040123e-01
5.025227110121525120e-01
4.940679782120476204e-01
4.922880953858986830e-01
4.949221540854230050e-01
5.035579245973728080e-01
5.291873796675238273e-01
6.598027688150653880e-01
5.253958699026385348e-01
5.077852640095630310e-01
5.028699456119911648e-01
5.036104662452911551e-01
5.086069296969252251e-01
5.203763277967703438e-01
5.566577737746414289e-01
5.959206047781591131e-01
5.342510291918748377e-01
5.238199863624586339e-01
5.219544143667782521e-01
5.225955488702277441e-01
5.261945916508521393e-01
5.441285797685398995e-01
6.964290033913630440e-01
5.343428692484776255e-01
5.141577355776196789e-01
5.081040478786268411e-01
5.094003382458662799e-01
5.210822115914096608e-01
5.816379165934585371e-01
5.561584190002791805e-01
5.207539222925613442e-01
5.179198098043870102e-01
5.154717393334176112e-01
5.233391475821380645e-01
6.388462929752604103e-01
5.309588438080039552e-01
5.047649653494913347e-01
4.972117771842307077e-01
4.969916634787231446e-01
5.048645061635755882e-01
5.401440733114524217e-01
5.715379737675416738e-01
5.072618729128735016e-01
4.942451443532145383e-01
4.915370645105746616e-01
4.962809237005116336e-01
5.171546478970047156e-01
7.289838021403399759e-01
5.149720795786830729e-01
4.957486860264744277e-01
4.912669043187616880e-01
4.947766185158677388e-01
5.074488037164911480e-01
5.781837719762834560e-01
5.341077866953672926e-01
4.984925199996702583e-01
4.884710301058803883e-01
4.863508514997310628e-01
4.922953661890557830e-01
5.175301262395689550e-01
6.368246868930046434e-01
5.056908287246392186e-01
4.888755020538927409e-01
4.848913973498562013e-01
4.886066396239132636e-01
5.015584503534885608e-01
5.796030316864350107e-01
5.271271088064676258e-01
4.953659992819042790e-01
4.881334991472727758e-01
4.887530884045424018e-01
4.963064587397709171e-01
5.238547356449267944e-01
6.051174526117876207e-01
5.054637823262582152e-01
4.905934232498048719e-01
4.878550187763524004e-01
4.915604832875899444e-01
5.052518112806794193e-01
5.810283727761321737e-01
5.316086645002907618e-01
5.002240292346746831e-01
4.935661823197984299e-01
4.948136668343550704e-01
5.036540406933349701e-01
5.375381493405119171e-01
5.693398815719717954e-01
5.052418143083022839e-01
4.924361157608770356e-01
4.900806690304930768e-01
4.956407260159339523e-01
5.214224487128240604e-01
6.056811341223434786e-01
5.027943136179142680e-01
4.863558926807360350e-01
4.817564645781259869e-01
4.847750036896306125e-01
5.015440924163218073e-01
6.564996216167063858e-01
5.102636514599818707e-01
4.875368878694970598e-01
4.829459465295521392e-01
4.866803019361788385e-01
5.013905110072126581e-01
5.676542761417167071e-01
5.381444818862053392e-01
5.092722191969821788e-01
5.014272806712362085e-01
5.024946433103223420e-01
5.187655007856647460e-01
7.597693036427175528e-01
5.178710697038918509e-01
4.951848970039460784e-01
4.875426813786711833e-01
4.885975075712271076e-01
5.050056835432432667e-01
7.801869067369572308e-01
5.024724384490583118e-01
4.818549122907081483e-01
4.772355347759636990e-01
4.814138584573725566e-01
5.007640054512233485e-01
7.235877169839073364e-01
5.090133696120792139e-01
4.935302519622384865e-01
4.970696458007500818e-01
5.117061394872469693e-01
5.414042333273341168e-01
5.948693518544808656e-01
5.048863884067993357e-01
4.811045106473155197e-01
4.693522764020243709e-01
4.639848396348623116e-01
4.637113245636775849e-01
4.700892135978645414e-01
4.942284114911412729e-01
7.006972072233761395e-01
4.881561417581110063e-01
4.664255567483304721e-01
4.577299670692634437e-01
4.524444840678331636e-01
4.530454390405376786e-01
4.587406074970716285e-01
4.754865977749430095e-01
5.640308341269488768e-01
5.030967560251967674e-01
4.660027196294151963e-01
4.548042437508240665e-01
4.504130222631804181e-01
4.504009864050347312e-01
4.554490926125590589e-01
4.708284435283175418e-01
5.439696093361114926e-01
5.050082013795204050e-01
4.651787325652166349e-01
4.538703960415430561e-01
4.506704747881519202e-01
4.515187470287039262e-01
4.564929709817061032e-01
4.712211175733422297e-01
5.318017028211411423e-01
5.143213802469578377e-01
4.699031233386937179e-01
4.591663495940376261e-01
4.567156743818345799e-01
4.589170663898593516e-01
4.656797338084816551e-01
4.801431031895364576e-01
5.228642430115049144e-01
5.594070260539640849e-01
5.000863495112228829e-01
4.902345372206126650e-01
4.904167462726160553e-01
4.964690365103305858e-01
5.099777143563751780e-01
5.325615554366137649e-01
5.859024344373812143e-01
5.656288459002923874e-01
5.329519699192646343e-01
5.298712776672472868e-01
5.403727962427411491e-01
5.162439405849964524e-01
4.974854715085501589e-01
4.996181156900599274e-01
5.002909169012866863e-01
4.782644274615371338e-01
4.726606450063564058e-01
4.723702358593229733e-01
4.762163378164173122e-01
4.884767496887175708e-01
5.267229977466503232e-01
5.908905928843696254e-01
5.041635411071676565e-01
4.863081863036217145e-01
4.826569336933937970e-01
4.849024613987248933e-01
4.908783483122892144e-01
4.999531570330945085e-01
5.177187352245550267e-01
5.285985114557746334e-01
5.536670401660597207e-01
5.836905757656978277e-01
6.489416529685134716e-01
5.235819430971392352e-01
4.988566548633669440e-01
4.904607998321437456e-01
4.766100430758944961e-01
4.719080425826428504e-01
4.728436984655166042e-01
4.788433136020647241e-01
4.820728200725098445e-01
4.793704074998171305e-01
4.879829554419152227e-01
5.305390177779328864e-01
5.651096990110956453e-01
4.883215739790352505e-01
4.686158169961237019e-01
4.599898929698659766e-01
4.562498457324924983e-01
4.576110174327531754e-01
4.560241533174445583e-01
4.564259935211517072e-01
4.603371323777668556e-01
4.676652446271695185e-01
4.762934813039572668e-01
4.917227569679537558e-01
5.198443774929960570e-01
5.463976969763287839e-01
6.164324383571355703e-01
5.915856395221166242e-01
5.661947840879169025e-01
5.263509253119607045e-01
5.083087276322295622e-01
5.002164537611225592e-01
4.977224002597965269e-01
4.888893905677665908e-01
4.805934767717988665e-01
4.767355409902979124e-01
4.776357380811249720e-01
4.848134668199509667e-01
5.035441094569496068e-01
5.406660218878877044e-01
5.392498468740402062e-01
5.598274005863231872e-01
5.213626933006033637e-01
4.875651956034716128e-01
4.765647776714037054e-01
4.750097410265221587e-01
4.810291679472513127e-01
4.991641083387604594e-01
5.353015367587260487e-01
5.207281817983121508e-01
4.896668754059779749e-01
4.749717123546596254e-01
4.694519873051041792e-01
4.701416767776706029e-01
4.777761760849785211e-01
5.075697063321441549e-01
5.020226895173945936e-01
5.022881606426706780e-01
5.266428411363532902e-01
5.299432558800197812e-01
5.031327406681226355e-01
4.887527936937263173e-01
4.851801561412415476e-01
4.907507131084479224e-01
5.081552583393759148e-01
5.650455447951302501e-01
5.519318764069546246e-01
5.590032577827690474e-01
6.250041926051930208e-01
5.678550547677303495e-01
5.357269465308823753e-01
5.111825441369778344e-01
5.141462369319789172e-01
4.854253586267349152e-01
4.805580736583223156e-01
4.805006568794083499e-01
4.820795969606154752e-01
4.893518102747904663e-01
5.013624285429011396e-01
5.168756278118040726e-01
5.455272129503507816e-01
5.931898652836353758e-01
5.542044723511744264e-01
5.394813649347655060e-01
5.563030901278949170e-01
5.041794381752625620e-01
4.880414322666614679e-01
4.802762658826353337e-01
4.738221218778246868e-01
4.718092920530727596e-01
4.756322569733918426e-01
4.882442185652371980e-01
5.185790974086077476e-01
5.878730330487036415e-01
5.408447387292487640e-01
4.931274239298432116e-01
4.766946633764277963e-01
4.698570460163499218e-01
4.672138526475461684e-01
4.667349714167560726e-01
4.718836070351396517e-01
4.889253385608178792e-01
5.028626327422537345e-01
4.902367104011172150e-01
4.922167273491402928e-01
5.052878317709442735e-01
5.396288964491757767e-01
6.186554977403470046e-01
5.568978147131975476e-01
5.929582186868372906e-01
5.289093744588270196e-01
5.074019165062306769e-01
5.064367288557372060e-01
5.221639750535610469e-01
5.881827671649905165e-01
5.753331757373599809e-01
5.564509142745406312e-01
5.688652629433708086e-01
5.748545582334358972e-01
5.534474456232341133e-01
5.014257120829627157e-01
4.841361094934032439e-01
4.778107622052424341e-01
4.800896066131091211e-01
4.975096706401194169e-01
8.041852724344706882e-01
4.939920131567601125e-01
4.724144779407666306e-01
4.658085454055451713e-01
4.651210247403442244e-01
4.714445687276708208e-01
4.980798667226906118e-01
5.824270229684049838e-01
4.797009255951331097e-01
4.631773818427860068e-01
4.584996814064840609e-01
4.602980508436606000e-01
4.709019810757735236e-01
5.145881204166803391e-01
5.246001614225827003e-01
4.757491563374601218e-01
4.692884048408447195e-01
4.752794498599388628e-01
5.151673289340406026e-01
4.975598377978421860e-01
5.245380521192076761e-01
5.664259005281033765e-01
4.824635682494312627e-01
4.650593791441564040e-01
4.600187561480070797e-01
4.622933817320255545e-01
4.746067843580238921e-01
5.437573545306728651e-01
4.939825361995756614e-01
5.332317777519323121e-01
5.721277150274589607e-01
5.037569862745452376e-01
4.915520917452469996e-01
4.811405161498539806e-01
4.724155548201677823e-01
4.746255923764863272e-01
4.898506303773745296e-01
5.540879798209897844e-01
5.402939106951804016e-01
4.923102145950177255e-01
4.942282089063244066e-01
5.009409611576425281e-01
5.023643245750800679e-01
4.920065273874866252e-01
5.003760511016692725e-01
5.749699399395681310e-01
5.270553712880654551e-01
4.947340388913444853e-01
4.893957263143067782e-01
4.931964282093874719e-01
5.099646407901553546e-01
5.238644499831718315e-01
5.729346198865766793e-01
5.839677785532214616e-01
5.915151890356247222e-01
5.735823949401969157e-01
6.046901197637694070e-01
5.371377712431377738e-01
5.183274634453389762e-01
5.190503647199791182e-01
5.341480297395103660e-01
5.606923066277083034e-01
5.459725725576292099e-01
6.230992126178299673e-01
5.360130045747458771e-01
5.274554862039186887e-01
5.412351949071237955e-01
5.549601450306789197e-01
5.580546645611303980e-01
5.895080691634696501e-01
5.339397233669234133e-01
5.070497980220078915e-01
4.957066794616680760e-01
4.907186284586836922e-01
4.899503755799450855e-01
4.943505006738209695e-01
4.985968688948801408e-01
5.122716963161552117e-01
5.530663242155322568e-01
5.640649160685693442e-01
5.812581568945762722e-01
5.650171343989977002e-01
6.235961137334933291e-01
5.493617260856890061e-01
5.171775571053348619e-01
4.997942471521512608e-01
4.893074512480800053e-01
4.831002284122118406e-01
4.803054482496280087e-01
4.800071746522728278e-01
4.826256650757820288e-01
4.891344625459407847e-01
5.022063772039462304e-01
5.310904074814182252e-01
5.654477092447554032e-01
5.260706087029433098e-01
5.141675249699017014e-01
4.928297631328132367e-01
4.848149689963615061e-01
4.804881564303686292e-01
4.773152668432905643e-01
4.754044747797278037e-01
4.751889559814062025e-01
4.767062563629546057e-01
4.799019405775581393e-01
4.858947242092968577e-01
4.989291022872874293e-01
5.356083173871836189e-01
6.043712668329452864e-01
5.270980918594717624e-01
5.224752873330369418e-01
5.794349820109052640e-01
5.495664722262765256e-01
5.767831081091981948e-01
5.639417286627536052e-01
5.305166489750777759e-01
5.219581519565829053e-01
5.199858390234011196e-01
5.116137371605724571e-01
5.030765027241039800e-01
4.963191550144249731e-01
4.831387151245231659e-01
4.721702107813252614e-01
4.652680179829224993e-01
4.616120794236676650e-01
4.607801756194502829e-01
4.620414804853715252e-01
4.689189141807326711e-01
4.854440239470789176e-01
4.728939467509130634e-01
4.700201961768449288e-01
4.731732010190199400e-01
4.792473890077103005e-01
4.868627886100880264e-01
4.963993107305577634e-01
5.165088451500515765e-01
6.424349615144521186e-01
5.185645291755399677e-01
4.934284780622406053e-01
4.848510265862636115e-01
4.848339576693808661e-01
4.833626042819277324e-01
4.833330321778194216e-01
4.908129464301652090e-01
5.045915845637575226e-01
5.065573616420571135e-01
5.025217741789491654e-01
5.056785849223920382e-01
5.245332453013920038e-01
5.764929352708074717e-01
5.305598626993409672e-01
5.052463777040955284e-01
4.958796532121715894e-01
4.926838449645466467e-01
4.967953552256489380e-01
5.172119563457420188e-01
5.434231864640897136e-01
4.840316236148090590e-01
4.680842992926040336e-01
4.636796281174559442e-01
4.526243368466675854e-01
4.466862446150406396e-01
4.435884256694440642e-01
4.421871242191215412e-01
4.421459405758700889e-01
4.433171325891229198e-01
4.457844603064141098e-01
4.498467230040723019e-01
4.565225399263785899e-01
4.732005760012495954e-01
4.788604000889997159e-01
5.037273121537675369e-01
4.960005569965675321e-01
5.056162381089490676e-01
5.378956747138718963e-01
5.531364066715691585e-01
5.712567509495670715e-01
5.273996386961229410e-01
5.722719553640142065e-01
5.377211277689554203e-01
5.458424099431655740e-01
5.580608557220105848e-01
5.733395030371449819e-01
5.629860292826222024e-01
5.299788249260942719e-01
5.108954361803812461e-01
5.010178440334425165e-01
5.011655530356649013e-01
5.322438864921686941e-01
5.149025902844066582e-01
4.807213818514249337e-01
4.731198597663187067e-01
4.726464796189743245e-01
4.794702321365242881e-01
4.983447282262196132e-01
5.014373222560797316e-01
5.314234642750889082e-01
6.136236466638688158e-01
5.494161827957486643e-01
5.497824817397615194e-01
5.192024381852782255e-01
5.777512648243575688e-01
5.191450557128024501e-01
5.611357342254301717e-01
5.515053690839925027e-01
5.755041617963801981e-01
6.013152920275147695e-01
5.196651207946703099e-01
5.559850976537751288e-01
5.073319370782565230e-01
5.187142298339524338e-01
5.150789809718672174e-01
5.006775684640794033e-01
5.384446790607669842e-01
4.904280606505879714e-01
5.593471225542930858e-01
4.893171526569718988e-01
5.306074911057151455e-01
4.967187903498015422e-01
5.067383480130240869e-01
5.152657936098382629e-01
4.985727533999887440e-01
5.520609457958449706e-01
5.017048752842377946e-01
5.702386743666822966e-01
5.149911395914282819e-01
5.556336583231237247e-01
5.812169225112296944e-01
5.730690792614039353e-01
5.431311680619480553e-01
4.986513965311952790e-01
5.162936548531752434e-01
5.234281979110892991e-01
4.930648456101781596e-01
5.198723708349874961e-01
5.120096956818895872e-01
4.871651104611221528e-01
5.287924685316204299e-01
5.041227032360010574e-01
4.874438107949917165e-01
5.432669714123057325e-01
5.051359860279021063e-01
5.023101197411723451e-01
5.843247072152958355e-01
5.300542805097957499e-01
5.127708556069696666e-01
5.927646324353511575e-01
5.237174178234117461e-01
5.429493200111221718e-01
6.397921921995433081e-01
6.020358679438417848e-01
5.863436180330228176e-01
5.328308637875507348e-01
5.130292704409781246e-01
4.991565011049095557e-01
4.902671992390023048e-01
4.863951996604639061e-01
4.871567503406343813e-01
4.920290586829551005e-01
5.077012234407041191e-01
7.422253924175390427e-01
5.183131118117242364e-01
5.166458849764636874e-01
5.433032581926606763e-01
5.643712473541655505e-01
5.537818614906079295e-01
5.918939780534538952e-01
5.353573914081826146e-01
5.176412370551773945e-01
5.164227666832976738e-01
5.086326038576325370e-01
5.128833585667209594e-01
5.135501841282223978e-01
5.396214119254462149e-01
5.618708261718297070e-01
5.880561831519122151e-01
5.612122910933836639e-01
5.293298244514387241e-01
5.118835756955740779e-01
5.225933543109222423e-01
5.489682303359390003e-01
5.419459273179497716e-01
5.374702013062422346e-01
6.014712949043796719e-01
5.735493593841469728e-01
5.320264153187229672e-01
5.189417467403136808e-01
5.336395121851871259e-01
5.848999592249998214e-01
5.138904403147630529e-01
5.036941720614732665e-01
5.048262578961340008e-01
5.225471211372828551e-01
6.184971406080058687e-01
5.851417745606962706e-01
6.193095885265051947e-01
7.027610473831710225e-01
5.122625821978885607e-01
4.821621146963808169e-01
