-5.372173306206207144e-07
-1.611822745051227912e-06
-2.686584009703452125e-06
-3.761501128352051637e-06
-4.836574045929964427e-06
-5.911802779312580469e-06
-6.987187532336847084e-06
-8.062728529711904457e-06
-9.138425894450463716e-06
-1.021427940650632138e-05
-1.129028971591505837e-05
-1.236645675872782846e-05
-1.344278065873449890e-05
-1.451926115603185963e-05
-1.559589852295761858e-05
-1.667269311422803213e-05
-1.774964506551235388e-05
-1.882675450304294174e-05
-1.990402106943900407e-05
-2.098144554407710416e-05
-2.205902785412661160e-05
-2.313676820397958522e-05
-2.421466618851564334e-05
-2.529272221818423816e-05
-2.637093666224554767e-05
-2.744930964804215279e-05
-2.852784067852720540e-05
-2.960653084405073798e-05
-3.068537997730214073e-05
-3.176438822871663348e-05
-3.284355500587921028e-05
-3.392288080406036244e-05
-3.500236612652418700e-05
-3.608201112859088511e-05
-3.716181596358225647e-05
-3.824177993838606682e-05
-3.932190434918769739e-05
-4.040218906964376799e-05
-4.148263421310804944e-05
-4.256323908979897652e-05
-4.364400427703252205e-05
-4.472493036489222362e-05
-4.580601750936441618e-05
-4.688726484625149737e-05
-4.796867407452776177e-05
-4.905024485735154371e-05
-5.013197738124031133e-05
-5.121387065487592594e-05
-5.229592540489935715e-05
-5.337814237416083074e-05
-5.446052174884474795e-05
-5.554306371235995243e-05
-5.662576714671185840e-05
-5.770863406140414043e-05
-5.879166413391700985e-05
-5.987485751735022177e-05
-6.095821306872917233e-05
-6.204173162882575809e-05
-6.312541407227367785e-05
-6.420926060535236957e-05
-6.529326985715844245e-05
-6.637744435722403580e-05
-6.746178355232501644e-05
-6.854628766084225333e-05
-6.963095519307849202e-05
-7.071578717954274396e-05
-7.180078468760342503e-05
-7.288594794963021428e-05
-7.397127720543128504e-05
-7.505677075958505640e-05
-7.614243160114497755e-05
-7.722825914968645122e-05
-7.831425359583477075e-05
-7.940041322940238899e-05
-8.048673924698768190e-05
-8.157323291480000904e-05
-8.265989449485200424e-05
-8.374672196520549505e-05
-8.483371904188796719e-05
-8.592088484038473695e-05
-8.700821965412774972e-05
-8.809571996337695055e-05
-8.918338978147755114e-05
-9.027122942750764878e-05
-9.135923921121946734e-05
-9.244741944569589975e-05
-9.353576763770909963e-05
-9.462428676121348303e-05
-9.571297725929905909e-05
-9.680183948646003955e-05
-9.789087076195190917e-05
-9.898007444963941026e-05
-1.000694508721533538e-04
-1.011590004164064638e-04
-1.022487200770250126e-04
-1.033386135502745162e-04
-1.044286812504902073e-04
-1.055189235893427835e-04
-1.066093372722454191e-04
-1.076999263385225447e-04
-1.087906912594638342e-04
-1.098816325002527350e-04
-1.109727505331781217e-04
-1.120640416235607617e-04
-1.131555102957815251e-04
-1.142471571264902508e-04
-1.153389826612505331e-04
-1.164309828532994473e-04
-1.175231627418282798e-04
-1.186155228753982271e-04
-1.197080638521974549e-04
-1.208007811366318407e-04
-1.218936803690784387e-04
-1.229867621818092616e-04
-1.240800272361841650e-04
-1.251734705206564158e-04
-1.262670982437041900e-04
-1.273609111754891998e-04
-1.284549100835086222e-04
-1.295490957570200052e-04
-1.306434624506191966e-04
-1.317380172866089438e-04
-1.328327611956892085e-04
-1.339276951194401377e-04
-1.350228126892893954e-04
-1.361181219403650999e-04
-1.372136238819710030e-04
-1.383093195737039593e-04
-1.394052018364178025e-04
-1.405012798196825230e-04
-1.415975547027770176e-04
-1.426940277008403868e-04
-1.437906907479913343e-04
-1.448875541305572057e-04
-1.459846193696545669e-04
-1.470818802277173987e-04
-1.481793455937463477e-04
-1.492770115728569991e-04
-1.503748850798514169e-04
-1.514729621436838869e-04
-1.525712501202480809e-04
-1.536697446365975495e-04
-1.547684538496518769e-04
-1.558673730376325395e-04
-1.569665109512063950e-04
-1.580658626301190139e-04
-1.591654377292028855e-04
-1.602652308104746126e-04
-1.613652521682551466e-04
-1.624654962181226736e-04
-1.635659743740580652e-04
-1.646666899127735562e-04
-1.657676365228732962e-04
-1.668688272707941067e-04
-1.679702554507889189e-04
-1.690719354783265516e-04
-1.701738603103741809e-04
-1.712760457468487374e-04
-1.723784840979014632e-04
-1.734811932675439650e-04
-1.745841648527202139e-04
-1.756874187861523495e-04
-1.767909461022343365e-04
-1.778947694369703569e-04
-1.789988789259178148e-04
-1.801032860094808896e-04
-1.812080033457563744e-04
-1.823130506597436806e-04
-1.834184277470507496e-04
-1.845241452451684694e-04
-1.856302149967348214e-04
-1.867366497941835846e-04
-1.878434631199521476e-04
-1.889506716924449492e-04
-1.900582918945570299e-04
-1.911663424073450912e-04
-1.922748439522337094e-04
-1.933838190983916405e-04
-1.944932930333376220e-04
-1.956032933013718278e-04
-1.967138504781473785e-04
-1.978249973834111941e-04
-1.989367704179345608e-04
-2.000492085569849365e-04
-2.011623635030934665e-04
-2.022762689517509926e-04
-2.033909685524859512e-04
-2.045065039369964310e-04
-2.056229114287821957e-04
-2.067402172589716258e-04
-2.078584312368292331e-04
-2.089775393003812098e-04
-2.100975175437502784e-04
-2.112182584054211887e-04
-2.123396391868759281e-04
-2.134615043750676122e-04
-2.145836774433140803e-04
-2.157059781503489759e-04
-2.168282399638288283e-04
-2.179503230617108045e-04
-2.190721048473953658e-04
-2.201935280510269877e-04
-2.213145522986792457e-04
-2.224351614461550497e-04
-2.235553573260995464e-04
-2.246751541503666516e-04
-2.257945740246070088e-04
-2.269136436046093053e-04
-2.280323916721282984e-04
-2.291508327595392913e-04
-2.302690042278454641e-04
-2.313869413097524586e-04
-2.325046703073319065e-04
-2.336222155923106669e-04
-2.347396002382318159e-04
-2.358568446702014043e-04
-2.369739686399752188e-04
-2.380909724937207983e-04
-2.392078912725192907e-04
-2.403247401401298333e-04
-2.414415326944530094e-04
-2.425582818992300105e-04
-2.436749994473297320e-04
-2.447916958621121353e-04
-2.459083820162133449e-04
-2.470250668633600100e-04
-2.481417589285106473e-04
-2.492584664305352860e-04
-2.503751965146072678e-04
-2.514919425147255083e-04
-2.526087338912130775e-04
-2.537255597294674203e-04
-2.548424417926353769e-04
-2.559593691672246152e-04
-2.570763478667581481e-04
-2.581933968655025780e-04
-2.593105067689727150e-04
-2.604276948130479497e-04
-2.615449519738355377e-04
-2.626622942354384094e-04
-2.637797134299457724e-04
-2.648972241191538401e-04
-2.660148178542653952e-04
-2.671325084638853653e-04
-2.682502886504067874e-04
-2.693681707178763318e-04
-2.704861475534281468e-04
-2.716042307959742885e-04
-2.727224142570205956e-04
-2.738407082422122940e-04
-2.749591060526856978e-04
-2.760776103477580179e-04
-2.771962307476227849e-04
-2.783149616223390410e-04
-2.794338118623507228e-04
-2.805527758665826710e-04
-2.816718622248304271e-04
-2.827910660047061597e-04
-2.839103950603716342e-04
-2.850298438509257792e-04
-2.861494202864856007e-04
-2.872691167070673401e-04
-2.883889432104824735e-04
-2.895088981132998285e-04
-2.906289852045995659e-04
-2.917491978940978115e-04
-2.928695448788376510e-04
-2.939900242456827684e-04
-2.951106300793648884e-04
-2.962313757589596364e-04
-2.973522544021944825e-04
-2.984732674070622593e-04
-2.995944157522245632e-04
-3.007157089085499280e-04
-3.018371393104235523e-04
-3.029587075271678032e-04
-3.040804145666431424e-04
-3.052022689550293322e-04
-3.063242632184159930e-04
-3.074463984803488259e-04
-3.085686755074368293e-04
-3.096911021496229210e-04
-3.108136722250742778e-04
-3.119363860809576394e-04
-3.130592444150481768e-04
-3.141822478912592587e-04
-3.153054035246460884e-04
-3.164287050296810122e-04
-3.175521534402037105e-04
-3.186757493702785382e-04
-3.197994992474306741e-04
-3.209233979936110259e-04
-3.220474457997779538e-04
-3.231716433571563130e-04
-3.242959965016334323e-04
-3.254204999098009310e-04
-3.265451544481878798e-04
-3.276699606322708291e-04
-3.287949239098031384e-04
-3.299200401344348776e-04
-3.310453093486875886e-04
-3.321707320195210755e-04
-3.332963086056794921e-04
-3.344220440295586627e-04
-3.355479336827338344e-04
-3.366739784629313448e-04
-3.378001787948115009e-04
-3.389265392275131461e-04
-3.400530563263393091e-04
-3.411797300426622215e-04
-3.423065608290087880e-04
-3.434335529909349205e-04
-3.445607024843422295e-04
-3.456880101133652516e-04
-3.468154762391595369e-04
-3.479431047631598162e-04
-3.490708907375461578e-04
-3.501988362432095769e-04
-3.513269416176578730e-04
-3.524552072038389383e-04
-3.535836365295974559e-04
-3.547122281610803896e-04
-3.558409808833706833e-04
-3.569698950247612856e-04
-3.580989738551920709e-04
-3.592282131796853406e-04
-3.603576147034326382e-04
-3.614871788926166118e-04
-3.626169087923569734e-04
-3.637468032119395289e-04
-3.648768610542418855e-04
-3.660070826040362491e-04
-3.671374706664121135e-04
-3.682680217723666161e-04
-3.693987374056018069e-04
-3.705296178495576243e-04
-3.716606633682451033e-04
-3.727918764888649150e-04
-3.739232561994487725e-04
-3.750548017072974361e-04
-3.761865132835273684e-04
-3.773183932389567730e-04
-3.784504386608045223e-04
-3.795826507762001256e-04
-3.807150299970363250e-04
-3.818475784669317363e-04
-3.829802954182781605e-04
-3.841131801057828810e-04
-3.852462327662564689e-04
-3.863794553573551838e-04
-3.875128455557153018e-04
-3.886464044252635475e-04
-3.897801322035876481e-04
-3.909140291267210188e-04
-3.920480969238360203e-04
-3.931823349685448221e-04
-3.943167427800098324e-04
-3.954513205937093545e-04
-3.965860699733925188e-04
-3.977209890515531754e-04
-3.988560786782890943e-04
-3.999913392151999147e-04
-4.011267721183431334e-04
-4.022623769042166231e-04
-4.033981531640362661e-04
-4.045341011140735077e-04
-4.056702220164298822e-04
-4.068065145305110875e-04
-4.079429793601985210e-04
-4.090796167217636281e-04
-4.102164268233732258e-04
-4.113534107523797445e-04
-4.124905681630597343e-04
-4.136278988937647227e-04
-4.147654031501080141e-04
-4.159030818710052202e-04
-4.170409340344960469e-04
-4.181789602808461126e-04
-4.193171608459778099e-04
-4.204555366277284989e-04
-4.215940874769952273e-04
-4.227328132233587610e-04
-4.238717140718772924e-04
-4.250107902283861705e-04
-4.261500423130559767e-04
-4.272894698588158846e-04
-4.284290732933238033e-04
-4.295688528349606017e-04
-4.307088089601229797e-04
-4.318489416903492639e-04
-4.329892510684940632e-04
-4.341297372923991205e-04
-4.352704007301033684e-04
-4.364112412180709555e-04
-4.375522590871483430e-04
-4.386934545856924217e-04
-4.398348280266750621e-04
-4.409763795377719120e-04
-4.421181092463255524e-04
-4.432600173360778939e-04
-4.444021040127532629e-04
-4.455443693420768625e-04
-4.466868136907553577e-04
-4.478294372121105482e-04
-4.489722401113116490e-04
-4.501152223088666915e-04
-4.512583841129735873e-04
-4.524017258384915863e-04
-4.535452476974732861e-04
-4.546889494838612933e-04
-4.558328318878812624e-04
-4.569768949606034525e-04
-4.581211389480532858e-04
-4.592655636009856934e-04
-4.604101693509443649e-04
-4.615549565870624704e-04
-4.626999255233910091e-04
-4.638450763513324304e-04
-4.649904085813894028e-04
-4.661359234392481454e-04
-4.672816208038943486e-04
-4.684275008821625619e-04
-4.695735630386721482e-04
-4.707198078606200653e-04
-4.718662359749492552e-04
-4.730128476000405868e-04
-4.741596419450821998e-04
-4.753066205931411048e-04
-4.764537833156223812e-04
-4.776011304152838477e-04
-4.787486609951763228e-04
-4.798963757999263890e-04
-4.810442755510679902e-04
-4.821923604612088354e-04
-4.833406307640508714e-04
-4.844890853463734715e-04
-4.856377263934286148e-04
-4.867865534877724443e-04
-4.879355668471196950e-04
-4.890847652224694642e-04
-4.902341495164330709e-04
-4.913837207092264237e-04
-4.925334790329971568e-04
-4.936834230736542040e-04
-4.948335554133542757e-04
-4.959838755275169930e-04
-4.971343837535391330e-04
-4.982850784570613811e-04
-4.994359608154752550e-04
-5.005870319044758432e-04
-5.017382919593194046e-04
-5.028897412386879040e-04
-5.040413779505703573e-04
-5.051932053390384425e-04
-5.063452226790055022e-04
-5.074974302411439098e-04
-5.086498260539196181e-04
-5.098024114568167064e-04
-5.109551877866547187e-04
-5.121081553203232772e-04
-5.132613119082085618e-04
-5.144146612804378904e-04
-5.155682027778718535e-04
-5.167219365167508016e-04
-5.178758602037980552e-04
-5.190299753446980802e-04
-5.201842835363956752e-04
-5.213387850602213547e-04
-5.224934802152692015e-04
-5.236483664032842711e-04
-5.248034481967200904e-04
-5.259587244996755118e-04
-5.271141956104674620e-04
-5.282698587295575621e-04
-5.294257156558401789e-04
-5.305817682552671499e-04
-5.317380168458063494e-04
-5.328944583880002028e-04
-5.340510980982315914e-04
-5.352079347634708384e-04
-5.363649687242233455e-04
-5.375221967524046462e-04
-5.386796209315702910e-04
-5.398372433602638409e-04
-5.409950643984196006e-04
-5.421530844164079710e-04
-5.433112997945688250e-04
-5.444697168007772703e-04
-5.456283338852729869e-04
-5.467871514323041637e-04
-5.479461655494288763e-04
-5.491053786821353810e-04
-5.502647933611770625e-04
-5.514244100105480939e-04
-5.525842244208378773e-04
-5.537442437917317051e-04
-5.549044638158973086e-04
-5.560648874674001263e-04
-5.572255102438417040e-04
-5.583863376477093965e-04
-5.595473699425701497e-04
-5.607086076221401427e-04
-5.618700511663687891e-04
-5.630316955931302658e-04
-5.641935466558223311e-04
-5.653556050008168299e-04
-5.665178711760088248e-04
-5.676803397833829479e-04
-5.688430172495761994e-04
-5.700059040569804836e-04
-5.711690007784708811e-04
-5.723323016093573301e-04
-5.734958132568301892e-04
-5.746595331843629140e-04
-5.758234637006642842e-04
-5.769876035042198481e-04
-5.781519583617500402e-04
-5.793165272579559044e-04
-5.804813071974557204e-04
-5.816463006379501977e-04
-5.828115062815886205e-04
-5.839769305499009633e-04
-5.851425683309763315e-04
-5.863084222489378661e-04
-5.874744909382112468e-04
-5.886407813857630345e-04
-5.898072880213822700e-04
-5.909740138084762506e-04
-5.921409572269276111e-04
-5.933081252776917225e-04
-5.944755127257339566e-04
-5.956431230770276031e-04
-5.968109542424659963e-04
-5.979790145839158910e-04
-5.991473027456839517e-04
-6.003158145070353058e-04
-6.014845535211588157e-04
-6.026535179790570851e-04
-6.038227169532506267e-04
-6.049921434958527300e-04
-6.061618020265502338e-04
-6.073316902345249346e-04
-6.085018185776336352e-04
-6.096721790151971021e-04
-6.108427760902479520e-04
-6.120136076879223452e-04
-6.131846849333211225e-04
-6.143559993022629229e-04
-6.155275568699991595e-04
-6.166993545896337636e-04
-6.178714055403711214e-04
-6.190437042483676322e-04
-6.202162480922757126e-04
-6.213890470578853353e-04
-6.225620947466481425e-04
-6.237354019165142205e-04
-6.249089617603731384e-04
-6.260827859719819699e-04
-6.272568671684686237e-04
-6.284312180090401156e-04
-6.296058305896856666e-04
-6.307807180364610744e-04
-6.319558724605656153e-04
-6.331313080097933366e-04
-6.343070162088126906e-04
-6.354830132319078118e-04
-6.366593027430367258e-04
-6.378358753387214364e-04
-6.390127490208952210e-04
-6.401899135652922013e-04
-6.413673879983594617e-04
-6.425451620741817749e-04
-6.437232570939421805e-04
-6.449016617716685218e-04
-6.460803994252639626e-04
-6.472594581848900575e-04
-6.484388644306671168e-04
-6.496186050537477996e-04
-6.507987087126521075e-04
-6.519791622016102295e-04
-6.531599858341508025e-04
-6.543411836311685548e-04
-6.555227726315893122e-04
-6.567047790628777193e-04
-6.578872026310467191e-04
-6.590700586088793500e-04
-6.602533617368067098e-04
-6.614371308096833602e-04
-6.626213852248818981e-04
-6.638061480147561255e-04
-6.649914429390779702e-04
-6.661772989404735057e-04
-6.673637473036952983e-04
-6.685508253776450971e-04
-6.697385730135563264e-04
-6.709270391694888147e-04
-6.721162697053140178e-04
-6.733063379422699057e-04
-6.744973192478465052e-04
-6.756893039316924643e-04
-6.768824307715748390e-04
-6.780767997504044686e-04
-6.792725651534325948e-04
-6.804699116695900329e-04
-6.816690582044371283e-04
-6.828702571539668753e-04
-6.840737636056859472e-04
-6.852798381570268660e-04
-6.864886366135802831e-04
-6.876998965541503139e-04
-6.889128265032962162e-04
-6.901260316705126741e-04
-6.913379092938765069e-04
-6.925473713098595496e-04
-6.937540146240150918e-04
-6.949579401809291568e-04
-6.961594338356080769e-04
-6.973589152345915920e-04
-6.985567025059591373e-04
-6.997531086453401272e-04
-7.009483912522318505e-04
-7.021427464045659761e-04
-7.033363335334774646e-04
-7.045292828360416593e-04
-7.057217013369809777e-04
-7.069136578505830215e-04
-7.081052487966088549e-04
-7.092965363356684705e-04
-7.104875722162562468e-04
-7.116783950062988140e-04
-7.128690503842571857e-04
-7.140595721747411417e-04
-7.152499894692576632e-04
-7.164403107826622374e-04
-7.176305768892277115e-04
-7.188208069679458134e-04
-7.200110192974173984e-04
-7.212012285831015390e-04
-7.223914495503303002e-04
-7.235816938883088412e-04
-7.247719736465096929e-04
-7.259622981248270435e-04
-7.271526772498759783e-04
-7.283431186480004982e-04
-7.295336225832116384e-04
-7.307242072730479876e-04
-7.319148682807252726e-04
-7.331056256900669865e-04
-7.342964704432075607e-04
-7.354874215743656407e-04
-7.366784703187745365e-04
-7.378696213260482750e-04
-7.390608895005978951e-04
-7.402522674411216030e-04
-7.414437685928643162e-04
-7.426353857787892920e-04
-7.438271313133792972e-04
-7.450189986701882816e-04
-7.462109987510512354e-04
-7.474031247389767429e-04
-7.485953872857775693e-04
-7.497877801032615253e-04
-7.509803127889735919e-04
-7.521729791104547758e-04
-7.533657881746425033e-04
-7.545587335731074319e-04
-7.557518179277522563e-04
-7.569450483599915458e-04
-7.581384199943919100e-04
-7.593319403516041177e-04
-7.605256040251751060e-04
-7.617194183905384719e-04
-7.629133780711061519e-04
-7.641074902656752599e-04
-7.653017476287882204e-04
-7.664961592936947454e-04
-7.676907223396201019e-04
-7.688854411990186932e-04
-7.700803088730445722e-04
-7.712753339553790610e-04
-7.724705138799636828e-04
-7.736658526029671634e-04
-7.748613433481432722e-04
-7.760569899925018333e-04
-7.772527971855458517e-04
-7.784487630951852921e-04
-7.796448913038878104e-04
-7.808411760884537145e-04
-7.820376245385451952e-04
-7.832342343135900720e-04
-7.844310090061590302e-04
-7.856279438124280645e-04
-7.868250398560538983e-04
-7.880222986171858679e-04
-7.892197290412239497e-04
-7.904173229914546184e-04
-7.916150816873468443e-04
-7.928130058550975079e-04
-7.940111037794128634e-04
-7.952093688516903569e-04
-7.964078007970387674e-04
-7.976064013596184665e-04
-7.988051702736420623e-04
-8.000041160908244464e-04
-8.012032314373973563e-04
-8.024025174794280346e-04
-8.036019748834943854e-04
-8.048016105798305730e-04
-8.060014193987941056e-04
-8.072014014161021933e-04
-8.084015572610292466e-04
-8.096018932846060778e-04
-8.108024036067584817e-04
-8.120030895052421371e-04
-8.132039516061118078e-04
-8.144049957107268867e-04
-8.156062177173684091e-04
-8.168076170808058478e-04
-8.180091954629320483e-04
-8.192109524912671858e-04
-8.204128943497535076e-04
-8.216150156110657576e-04
-8.228173176118014354e-04
-8.240198009327182049e-04
-8.252224702095523057e-04
-8.264253217448169764e-04
-8.276283561948760692e-04
-8.288315741200591447e-04
-8.300349796773742739e-04
-8.312385697558655195e-04
-8.324423448735629449e-04
-8.336463055806930811e-04
-8.348504555614200129e-04
-8.360547905431614524e-04
-8.372593121389604320e-04
-8.384640219329941857e-04
-8.396689194903883546e-04
-8.408740089350663638e-04
-8.420792889858308428e-04
-8.432847587700464942e-04
-8.444904188295021541e-04
-8.456962718043081750e-04
-8.469023146822074466e-04
-8.481085493652340546e-04
-8.493149763912910544e-04
-8.505215979589531017e-04
-8.517284140698855310e-04
-8.529354240245368146e-04
-8.541426283644737438e-04
-8.553500276407000058e-04
-8.565576234745853057e-04
-8.577654139476642570e-04
-8.589734003608961999e-04
-8.601815843385374194e-04
-8.613899663427737607e-04
-8.625985478012410113e-04
-8.638073278655067355e-04
-8.650163071055594344e-04
-8.662254862266127731e-04
-8.674348644901463956e-04
-8.686444436339924025e-04
-8.698542241722950763e-04
-8.710642063489704157e-04
-8.722743919132858181e-04
-8.734847805491607886e-04
-8.746953728835382691e-04
-8.759061695389203095e-04
-8.771171701297264534e-04
-8.783283752021864288e-04
-8.795397858597509000e-04
-8.807514038281505364e-04
-8.819632274987831977e-04
-8.831752603116749256e-04
-8.843875018268443355e-04
-8.855999527672686611e-04
-8.868126116492458522e-04
-8.880254804485288034e-04
-8.892385607461861241e-04
-8.904518533103811251e-04
-8.916653560572251891e-04
-8.928790732057878543e-04
-8.940930048555451037e-04
-8.953071518442712318e-04
-8.965215150528171861e-04
-8.977360915572996092e-04
-8.989508844973181922e-04
-9.001658956448999049e-04
-9.013811270421889787e-04
-9.025965743446606737e-04
-9.038122446265450805e-04
-9.050281374478608143e-04
-9.062442539085058257e-04
-9.074605895132981104e-04
-9.086771495839807145e-04
-9.098939364986513567e-04
-9.111109514944315535e-04
-9.123281891519896547e-04
-9.135456582166634476e-04
-9.147633590022019590e-04
-9.159812929390165337e-04
-9.171994614944889435e-04
-9.184178578864887754e-04
-9.196364877712692731e-04
-9.208553517222606288e-04
-9.220744582476569917e-04
-9.232938020931058531e-04
-9.245133893293067118e-04
-9.257332170675702798e-04
-9.269532929851997949e-04
-9.281736128591289159e-04
-9.293941830091911882e-04
-9.306150009256164424e-04
-9.318360766400468620e-04
-9.330574042750727770e-04
-9.342789927225814139e-04
-9.355008377213147597e-04
-9.367229500061302616e-04
-9.379453323317132885e-04
-9.391679792679630268e-04
-9.403909006920896374e-04
-9.416140933919958655e-04
-9.428375713733672114e-04
-9.440613268231201616e-04
-9.452853738949329454e-04
-9.465097061078786567e-04
-9.477343400944304719e-04
-9.489592679142733189e-04
-9.501845063687452964e-04
-9.514100485595866630e-04
-9.526359159769404172e-04
-9.538620984613777054e-04
-9.550886183569140542e-04
-9.563154663584372273e-04
-9.575426685783927638e-04
-9.587702190758662368e-04
-9.599981317924832780e-04
-9.612264141534154760e-04
-9.624550808831067172e-04
-9.636841410741725511e-04
-9.649136074211250858e-04
-9.661434925022360787e-04
-9.673738118552988041e-04
-9.686045803730669590e-04
-9.698358153023001194e-04
-9.710675334487772759e-04
-9.722997570000835310e-04
-9.735325056312582603e-04
-9.747658022635219410e-04
-9.759996701471651548e-04
-9.772341623490721219e-04
-9.784692793706195602e-04
-9.797050474854573920e-04
-9.809414931488680267e-04
-9.821786221653194815e-04
-9.834164675955880952e-04
-9.846550524892361267e-04
-9.858943863023661436e-04
-9.871344681376958974e-04
-9.883753007344786568e-04
-9.896168345805422817e-04
-9.908590199783073871e-04
-9.921017863205872089e-04
-9.933450486971917570e-04
-9.945887050399893070e-04
-9.958326471637413135e-04
-9.970767655020917886e-04
-9.983209525508129900e-04
-9.995651210644718176e-04
-1.000809197373220272e-03
-1.002053125062185579e-03
-1.003296864395597510e-03
-1.004540390502017821e-03
-1.005783690922190665e-03
-1.007026763017226934e-03
-1.008269597297939413e-03
-1.009512211436636164e-03
-1.010754626336818340e-03
-1.011996858335750815e-03
-1.013238923649129042e-03
-1.014480841938003586e-03
-1.015722629912896302e-03
-1.016964305250001033e-03
-1.018205864489418744e-03
-1.019447344956070367e-03
-1.020688762201404920e-03
-1.021930130085335620e-03
-1.023171462378180685e-03
-1.024412770038396481e-03
-1.025654068116499396e-03
-1.026895366012969824e-03
-1.028136674347313040e-03
-1.029378002353587007e-03
-1.030619359815743152e-03
-1.031860754742486286e-03
-1.033102195305946047e-03
-1.034343688006922335e-03
-1.035585241416336899e-03
-1.036826856370742789e-03
-1.038068548734782937e-03
-1.039310306115592830e-03
-1.040552139526362829e-03
-1.041794070423596175e-03
-1.043036087959636760e-03
-1.044278211595361938e-03
-1.045520429597379675e-03
-1.046762761547248566e-03
-1.048005198606039023e-03
-1.049247756281235233e-03
-1.050490425127392768e-03
-1.051733220760131537e-03
-1.052976134626626425e-03
-1.054219180820492596e-03
-1.055462350468383548e-03
-1.056705657460965675e-03
-1.057949094534271772e-03
-1.059192673495856774e-03
-1.060436386702168221e-03
-1.061680236819295686e-03
-1.062924235025519692e-03
-1.064168374602436629e-03
-1.065412665867571107e-03
-1.066657100995183072e-03
-1.067901691331862857e-03
-1.069146431443956935e-03
-1.070391329591524610e-03
-1.071636379629925528e-03
-1.072881590512109184e-03
-1.074126956709720027e-03
-1.075372486349701617e-03
-1.076618170256504747e-03
-1.077864020117669241e-03
-1.079110034200914114e-03
-1.080356210227506608e-03
-1.081602555487171102e-03
-1.082849062064683565e-03
-1.084095739950385884e-03
-1.085342587246684865e-03
-1.086589607662058476e-03
-1.087836792892260540e-03
-1.089084153272690259e-03
-1.090331687630841095e-03
-1.091579398518782718e-03
-1.092827279206121105e-03
-1.094075338024191879e-03
-1.095323573335749145e-03
-1.096571988194572356e-03
-1.097820576058783359e-03
-1.099069340425473662e-03
-1.100318282087897614e-03
-1.101567401806446966e-03
-1.102816708766329867e-03
-1.104066195356412372e-03
-1.105315862013123152e-03
-1.106565709429574440e-03
-1.107815746121398881e-03
-1.109065963876276761e-03
-1.110316364054231286e-03
-1.111566947377795600e-03
-1.112817722218606420e-03
-1.114068681935420635e-03
-1.115319826480609677e-03
-1.116571156417056621e-03
-1.117822679157831622e-03
-1.119074387987528674e-03
-1.120326283714057070e-03
-1.121578366835240814e-03
-1.122830637868443837e-03
-1.124083103624329283e-03
-1.125335758378254170e-03
-1.126588602371025871e-03
-1.127841636066606590e-03
-1.129094865872426467e-03
-1.130348285351856497e-03
-1.131601895592138085e-03
-1.132855697205448209e-03
-1.134109696568796899e-03
-1.135363888612239691e-03
-1.136618273155587389e-03
-1.137872850584753515e-03
-1.139127626587965736e-03
-1.140382595943290056e-03
-1.141637759240698990e-03
-1.142893114538745536e-03
-1.144148664538713334e-03
-1.145404414541584259e-03
-1.146660362292384328e-03
-1.147916505678248100e-03
-1.149172845033130663e-03
-1.150429385381457337e-03
-1.151686119406747366e-03
-1.152943050151344906e-03
-1.154200178137720911e-03
-1.155457508478452411e-03
-1.156715039131950284e-03
-1.157972767820147908e-03
-1.159230694849022747e-03
-1.160488824739847047e-03
-1.161747151399050715e-03
-1.163005677224382417e-03
-1.164264402488845995e-03
-1.165523327474993209e-03
-1.166782456423320902e-03
-1.168041787508511398e-03
-1.169301319032256536e-03
-1.170561051245244677e-03
-1.171820988208893688e-03
-1.173081123882369070e-03
-1.174341460799865899e-03
-1.175601999409137122e-03
-1.176862743913931197e-03
-1.178123692671118050e-03
-1.179384843747022238e-03
-1.180646197376011841e-03
-1.181907757257572023e-03
-1.183169518414683985e-03
-1.184431482781911349e-03
-1.185693650587071879e-03
-1.186956022003249345e-03
-1.188218600588264451e-03
-1.189481384848978252e-03
-1.190744373357532915e-03
-1.192007566313768585e-03
-1.193270967079773648e-03
-1.194534570525651596e-03
-1.195798378770485115e-03
-1.197062392376824214e-03
-1.198326614757161401e-03
-1.199591044660941463e-03
-1.200855680360102262e-03
-1.202120522048044648e-03
-1.203385572809523296e-03
-1.204650828450559708e-03
-1.205916290630493215e-03
-1.207181959529624038e-03
-1.208447835339687693e-03
-1.209713920991561942e-03
-1.210980215251900027e-03
-1.212246716919884726e-03
-1.213513426167489584e-03
-1.214780345817345619e-03
-1.216047471447434525e-03
-1.217314804957903007e-03
-1.218582346796837079e-03
-1.219850099953734279e-03
-1.221118063352233385e-03
-1.222386235473549299e-03
-1.223654616485880808e-03
-1.224923209015238434e-03
-1.226192009504578628e-03
-1.227461019360220895e-03
-1.228730238743369618e-03
-1.229999667815229181e-03
-1.231269309079463525e-03
-1.232539161480028511e-03
-1.233809224005177896e-03
-1.235079496807234278e-03
-1.236349982297713090e-03
-1.237620677111861411e-03
-1.238891581931911290e-03
-1.240162697705660122e-03
-1.241434027007159990e-03
-1.242705568956892215e-03
-1.243977322189726564e-03
-1.245249286858540749e-03
-1.246521465205097101e-03
-1.247793854196821428e-03
-1.249066455046632385e-03
-1.250339267896971585e-03
-1.251612292888282241e-03
-1.252885532164182969e-03
-1.254158984841380331e-03
-1.255432650054233434e-03
-1.256706527930862016e-03
-1.257980620555043672e-03
-1.259254925032204930e-03
-1.260529441838853515e-03
-1.261804171941771635e-03
-1.263079117601040302e-03
-1.264354278057377989e-03
-1.265629652092981061e-03
-1.266905239844851039e-03
-1.268181043251992435e-03
-1.269457059717926661e-03
-1.270733290283487804e-03
-1.272009735079904225e-03
-1.273286394230632723e-03
-1.274563269591744152e-03
-1.275840360416613528e-03
-1.277117665954952130e-03
-1.278395186339764678e-03
-1.279672923364394421e-03
-1.280950874527619909e-03
-1.282229040231785966e-03
-1.283507421793173009e-03
-1.284786020301242893e-03
-1.286064835568700992e-03
-1.287343866521184488e-03
-1.288623113285702892e-03
-1.289902577536805595e-03
-1.291182257049827697e-03
-1.292462152727935631e-03
-1.293742264684150101e-03
-1.295022593048922310e-03
-1.296303139436738583e-03
-1.297583903190013821e-03
-1.298864883684469618e-03
-1.300146081042563573e-03
-1.301427496817497698e-03
-1.302709128848111853e-03
-1.303990977378211014e-03
-1.305273043785470932e-03
-1.306555328877800903e-03
-1.307837832608460538e-03
-1.309120553985798630e-03
-1.310403493128942110e-03
-1.311686650147247946e-03
-1.312970026501325549e-03
-1.314253620275263046e-03
-1.315537432272639862e-03
-1.316821462592154823e-03
-1.318105712643458105e-03
-1.319390181872770462e-03
-1.320674869753735159e-03
-1.321959776391934405e-03
-1.323244903144726869e-03
-1.324530248144273337e-03
-1.325815811528352484e-03
-1.327101594667645657e-03
-1.328387598167335426e-03
-1.329673822068278000e-03
-1.330960265481406779e-03
-1.332246928513081130e-03
-1.333533811271769842e-03
-1.334820915024570454e-03
-1.336108238137234672e-03
-1.337395781304206999e-03
-1.338683544627738975e-03
-1.339971529329297972e-03
-1.341259734944588722e-03
-1.342548161020085118e-03
-1.343836807676690448e-03
-1.345125676080027866e-03
-1.346414764634151773e-03
-1.347704073370814548e-03
-1.348993603661474694e-03
-1.350283355922909934e-03
-1.351573330291899744e-03
-1.352863525965530833e-03
-1.354153943039948516e-03
-1.355444581622844424e-03
-1.356735442802570191e-03
-1.358026525201783130e-03
-1.359317829415784828e-03
-1.360609355558040079e-03
-1.361901104675711238e-03
-1.363193076385327274e-03
-1.364485270320958676e-03
-1.365777686583302675e-03
-1.367070326182107110e-03
-1.368363187761678645e-03
-1.369656271284491744e-03
-1.370949578092695020e-03
-1.372243108697990266e-03
-1.373536862821378435e-03
-1.374830839974694463e-03
-1.376125040267850430e-03
-1.377419463794549159e-03
-1.378714111488932303e-03
-1.380008982201585965e-03
-1.381304076457423591e-03
-1.382599394362360457e-03
-1.383894936795693198e-03
-1.385190703468097695e-03
-1.386486694074484660e-03
-1.387782908717660746e-03
-1.389079348260380264e-03
-1.390376011564553593e-03
-1.391672899020646170e-03
-1.392970010956728899e-03
-1.394267348253985794e-03
-1.395564910681046378e-03
-1.396862697839007517e-03
-1.398160709829454618e-03
-1.399458946751086508e-03
-1.400757409384723040e-03
-1.402056096800330387e-03
-1.403355009444329227e-03
-1.404654147428519018e-03
-1.405953511486202068e-03
-1.407253101385119720e-03
-1.408552916905891905e-03
-1.409852958146440294e-03
-1.411153225819972157e-03
-1.412453719018658127e-03
-1.413754438069458885e-03
-1.415055383231611508e-03
-1.416356555311915066e-03
-1.417657954116524621e-03
-1.418959579320033804e-03
-1.420261431030356292e-03
-1.421563509339418552e-03
-1.422865814895923897e-03
-1.424168346974341581e-03
-1.425471105949704942e-03
-1.426774091926708010e-03
-1.428077305504427130e-03
-1.429380746524211432e-03
-1.430684414831295825e-03
-1.431988310519050067e-03
-1.433292434165345242e-03
-1.434596785072517200e-03
-1.435901363498581773e-03
-1.437206169703997283e-03
-1.438511204350012562e-03
-1.439816467293963953e-03
-1.441121958302593598e-03
-1.442427677478486103e-03
-1.443733624914123048e-03
-1.445039801111991373e-03
-1.446346205561388487e-03
-1.447652838570512301e-03
-1.448959700234730974e-03
-1.450266791022780666e-03
-1.451574110840181397e-03
-1.452881659597338171e-03
-1.454189437394060036e-03
-1.455497444670328377e-03
-1.456805680955519655e-03
-1.458114146388744814e-03
-1.459422841279645056e-03
-1.460731766104061968e-03
-1.462040920826690460e-03
-1.463350305271560181e-03
-1.464659919536703825e-03
-1.465969763718155683e-03
-1.467279838185286955e-03
-1.468590142623238393e-03
-1.469900677276925194e-03
-1.471211442246822543e-03
-1.472522437861112365e-03
-1.473833664090595796e-03
-1.475145120928278430e-03
-1.476456808464310377e-03
-1.477768726996564475e-03
-1.479080876263916267e-03
-1.480393256329981533e-03
-1.481705867521609932e-03
-1.483018710173311661e-03
-1.484331784317394209e-03
-1.485645089844167543e-03
-1.486958626856882404e-03
-1.488272395452905350e-03
-1.489586395854503031e-03
-1.490900628022151508e-03
-1.492215092073867488e-03
-1.493529788105352196e-03
-1.494844716306675814e-03
-1.496159876668512467e-03
-1.497475269304104906e-03
-1.498790894311263777e-03
-1.500106751840202257e-03
-1.501422841814870068e-03
-1.502739164399025107e-03
-1.504055719741215214e-03
-1.505372508102231777e-03
-1.506689529468641098e-03
-1.508006783899396019e-03
-1.509324271486645053e-03
-1.510641992345962414e-03
-1.511959946542185129e-03
-1.513278134275375386e-03
-1.514596555549529988e-03
-1.515915210395180068e-03
-1.517234098964759248e-03
-1.518553221404372877e-03
-1.519872577762759747e-03
-1.521192168162488478e-03
-1.522511992671948811e-03
-1.523832051337992155e-03
-1.525152344408309268e-03
-1.526472871926198849e-03
-1.527793633940510709e-03
-1.529114630645089790e-03
-1.530435862111878542e-03
-1.531757328362859383e-03
-1.533079029542028238e-03
-1.534400965700011277e-03
-1.535723137210842637e-03
-1.537045543938075909e-03
-1.538368185796112897e-03
-1.539691063025983020e-03
-1.541014175903021588e-03
-1.542337524344405963e-03
-1.543661108477145660e-03
-1.544984928369963484e-03
-1.546308984294642030e-03
-1.547633276294591020e-03
-1.548957804298756180e-03
-1.550282568450467302e-03
-1.551607569097335215e-03
-1.552932806237694585e-03
-1.554258279825804223e-03
-1.555583990012099349e-03
-1.556909936842765241e-03
-1.558236120923761625e-03
-1.559562541859405016e-03
-1.560889199560988594e-03
-1.562216094300294955e-03
-1.563543226492325466e-03
-1.564870595923251173e-03
-1.566198202768154246e-03
-1.567526047054679239e-03
-1.568854129298635769e-03
-1.570182449246781964e-03
-1.571511006881132211e-03
-1.572839802578274160e-03
-1.574168836225187107e-03
-1.575498108296935484e-03
-1.576827618520071361e-03
-1.578157367089105811e-03
-1.579487354014252887e-03
-1.580817580114746157e-03
-1.582148044779074780e-03
-1.583478747887445692e-03
-1.584809689756827566e-03
-1.586140870941221692e-03
-1.587472291089908616e-03
-1.588803950421713296e-03
-1.590135848933638130e-03
-1.591467987335226653e-03
-1.592800365219027015e-03
-1.594132982474794069e-03
-1.595465839643095407e-03
-1.596798936510657185e-03
-1.598132273697872030e-03
-1.599465850800618760e-03
-1.600799668049268654e-03
-1.602133725425947119e-03
-1.603468023989473856e-03
-1.604802562900298213e-03
-1.606137341977564859e-03
-1.607472361594974863e-03
-1.608807622460850517e-03
-1.610143124090468447e-03
-1.611478866748838890e-03
-1.612814850382338072e-03
-1.614151075967851234e-03
-1.615487542849791680e-03
-1.616824250861070844e-03
-1.618161200703238656e-03
-1.619498392067764136e-03
-1.620835825739352920e-03
-1.622173501152568420e-03
-1.623511418610945611e-03
-1.624849578034215369e-03
-1.626187980767079821e-03
-1.627526625699760032e-03
-1.628865512598554055e-03
-1.630204641918209241e-03
-1.631544014506935980e-03
-1.632883629706038953e-03
-1.634223487903985195e-03
-1.635563588963218074e-03
-1.636903934231104252e-03
-1.638244522129794767e-03
-1.639585353494177333e-03
-1.640926428713496144e-03
-1.642267747370640407e-03
-1.643609310404303692e-03
-1.644951117119375361e-03
-1.646293167904988586e-03
-1.647635462595609113e-03
-1.648978002816714472e-03
-1.650320787196069006e-03
-1.651663815485759912e-03
-1.653007088155189486e-03
-1.654350606234089582e-03
-1.655694368946525330e-03
-1.657038376705610716e-03
-1.658382629335597436e-03
-1.659727128423882370e-03
-1.661071872674946270e-03
-1.662416861920368305e-03
-1.663762097181109567e-03
-1.665107577927482652e-03
-1.666453305294135490e-03
-1.667799278403214736e-03
-1.669145497719237703e-03
-1.670491963017828319e-03
-1.671838676278736280e-03
-1.673185635794105508e-03
-1.674532841251630266e-03
-1.675880293205311844e-03
-1.677227992908147947e-03
-1.678575939373039283e-03
-1.679924133104249151e-03
-1.681272573855085994e-03
-1.682621263555228452e-03
-1.683970201275752920e-03
-1.685319386584671619e-03
-1.686668819137815412e-03
-1.688018499380050663e-03
-1.689368428702930913e-03
-1.690718605990459977e-03
-1.692069031808074442e-03
-1.693419705864562808e-03
-1.694770630494391028e-03
-1.696121803656414073e-03
-1.697473225024670462e-03
-1.698824895194350759e-03
-1.700176815684684151e-03
-1.701528985262323879e-03
-1.702881404539446919e-03
-1.704234073188537479e-03
-1.705586993604235602e-03
-1.706940164599379806e-03
-1.708293585586662111e-03
-1.709647256142754479e-03
-1.711001176821325132e-03
-1.712355349301031282e-03
-1.713709772210636473e-03
-1.715064446215719407e-03
-1.716419370949795464e-03
-1.717774549261141814e-03
-1.719129978637212730e-03
-1.720485658660120265e-03
-1.721841590042516579e-03
-1.723197774632145851e-03
-1.724554210900341999e-03
-1.725910899592286718e-03
-1.727267840286761391e-03
-1.728625035941955268e-03
-1.729982485098924272e-03
-1.731340186934882119e-03
-1.732698140935462483e-03
-1.734056347784118657e-03
-1.735414809547641823e-03
-1.736773524507850830e-03
-1.738132493496080677e-03
-1.739491716031937862e-03
-1.740851195596526679e-03
-1.742210929097431915e-03
-1.743570916023506889e-03
-1.744931157227402885e-03
-1.746291654959319928e-03
-1.747652407351862891e-03
-1.749013415298761309e-03
-1.750374678272326179e-03
-1.751736199941511529e-03
-1.753097978454021266e-03
-1.754460012775238553e-03
-1.755822302270226842e-03
-1.757184847785753234e-03
-1.758547651845576709e-03
-1.759910712343604189e-03
-1.761274030290693737e-03
-1.762637605082884029e-03
-1.764001441016294081e-03
-1.765365534255880497e-03
-1.766729884180251453e-03
-1.768094491811700308e-03
-1.769459359955094513e-03
-1.770824486266309172e-03
-1.772189871865670341e-03
-1.773555516079716732e-03
-1.774921423513653451e-03
-1.776287591810143951e-03
-1.777654019657237683e-03
-1.779020706294209830e-03
-1.780387652760562212e-03
-1.781754862213547064e-03
-1.783122332019826395e-03
-1.784490062421206780e-03
-1.785858054177191789e-03
-1.787226311644851684e-03
-1.788594827937584064e-03
-1.789963607453204375e-03
-1.791332649428434287e-03
-1.792701956303321964e-03
-1.794071525148543955e-03
-1.795441358431237866e-03
-1.796811455349933695e-03
-1.798181821352162757e-03
-1.799552452763752974e-03
-1.800923345380178731e-03
-1.802294504098966854e-03
-1.803665928059805523e-03
-1.805037620058014269e-03
-1.806409576735501510e-03
-1.807781800941654637e-03
-1.809154291758097166e-03
-1.810527053095367656e-03
-1.811900079526029828e-03
-1.813273375003698895e-03
-1.814646938567254786e-03
-1.816020773377391428e-03
-1.817394875669786636e-03
-1.818769248655316417e-03
-1.820143892069636671e-03
-1.821518805954824849e-03
-1.822893991114460377e-03
-1.824269447999626870e-03
-1.825645177067181102e-03
-1.827021178789633993e-03
-1.828397453640162595e-03
-1.829774002112816156e-03
-1.831150824712080016e-03
-1.832527922805859966e-03
-1.833905300177796072e-03
-1.835282949605776537e-03
-1.836660876200491010e-03
-1.838039078738806786e-03
-1.839417561482314944e-03
-1.840796319444781837e-03
-1.842175356993713820e-03
-1.843554673825131829e-03
-1.844934270066045379e-03
-1.846314146860650318e-03
-1.847694304890068473e-03
-1.849074744860734754e-03
-1.850455467474643179e-03
-1.851836473483636780e-03
-1.853217763632897253e-03
-1.854599339890183884e-03
-1.855981202501189031e-03
-1.857363356583041636e-03
-1.858745793265725865e-03
-1.860128519553749804e-03
-1.861511533848170252e-03
-1.862894842297735387e-03
-1.864278437986532921e-03
-1.865662330057582530e-03
-1.867046515476977753e-03
-1.868430993877123747e-03
-1.869815773031691108e-03
-1.871200843626907862e-03
-1.872586213660820675e-03
-1.873971881287350705e-03
-1.875357854238535182e-03
-1.876744124108875589e-03
-1.878130698895419393e-03
-1.879517576640066245e-03
-1.880904764592794542e-03
-1.882292256320972079e-03
-1.883680059388992412e-03
-1.885068171728843112e-03
-1.886456603988895253e-03
-1.887845347045669087e-03
-1.889234410632933958e-03
-1.890623797909940507e-03
-1.892013501940570386e-03
-1.893403536650795083e-03
-1.894793892522783629e-03
-1.896184579826987182e-03
-1.897575593141964667e-03
-1.898966946802582711e-03
-1.900358631871323922e-03
-1.901750662057222208e-03
-1.903143029639231543e-03
-1.904535753051050939e-03
-1.905928820603808305e-03
-1.907322246773590635e-03
-1.908716024694556701e-03
-1.910110174133117233e-03
-1.911504683920983716e-03
-1.912899573705217904e-03
-1.914294850517861413e-03
-1.915690503021649782e-03
-1.917086557847502704e-03
-1.918483000249215920e-03
-1.919879853958583737e-03
-1.921277108827945668e-03
-1.922674784171407580e-03
-1.924072881001048785e-03
-1.925471415631485606e-03
-1.926870397122915080e-03
-1.928269840663299206e-03
-1.929669750587836852e-03
-1.931070143971203024e-03
-1.932471033554983286e-03
-1.933872436581607346e-03
-1.935274384754825938e-03
-1.936676879802701201e-03
-1.938079941402826023e-03
-1.939483589073587311e-03
-1.940887849242733942e-03
-1.942292738520312589e-03
-1.943698286493988903e-03
-1.945104518697005069e-03
-1.946511465440226019e-03
-1.947919151388921577e-03
-1.949327607265960438e-03
-1.950736850190315508e-03
-1.952146917248098745e-03
-1.953557817861217849e-03
-1.954969567915965101e-03
-1.956382165228864878e-03
-1.957795596541078709e-03
-1.959209840088682597e-03
-1.960624821764733738e-03
-1.962040462470504565e-03
-1.963456662163354238e-03
-1.964873305220327104e-03
-1.966290267986781082e-03
-1.967707427742770854e-03
-1.969124671261424098e-03
-1.970541891024302217e-03
-1.971959018349900283e-03
-1.973375998050808100e-03
-1.974792792301283129e-03
-1.976209385368354887e-03
-1.977625765590462770e-03
-1.979041941019499262e-03
-1.980457921603617777e-03
-1.981873727550209630e-03
-1.983289338852500805e-03
-1.984704815877091910e-03
-1.986120181715178568e-03
-1.987535456622890884e-03
-1.988950665930633299e-03
-1.990365824811823892e-03
-1.991780956872024611e-03
-1.993196078825532069e-03
-1.994611212398744726e-03
-1.996026367906966748e-03
-1.997441564981272677e-03
-1.998856815952021471e-03
-2.000272139154102291e-03
-2.001687539681107353e-03
-2.003103034246223046e-03
-2.004518631579688126e-03
-2.005934337534043266e-03
-2.007350168154342640e-03
-2.008766128742789370e-03
-2.010182225332779460e-03
-2.011598474602194209e-03
-2.013014878316399248e-03
-2.014431453825071827e-03
-2.015848192731706234e-03
-2.017265115640265449e-03
-2.018682221236023366e-03
-2.020099522064167097e-03
-2.021517011958517962e-03
-2.022934707240575669e-03
-2.024352609390156488e-03
-2.025770726444942049e-03
-2.027189053350197945e-03
-2.028607603876575460e-03
-2.030026381167560068e-03
-2.031445386875274650e-03
-2.032864628808139784e-03
-2.034284104377559466e-03
-2.035703823784928979e-03
-2.037123793297346275e-03
-2.038544014274945582e-03
-2.039964485165079999e-03
-2.041385214644253487e-03
-2.042806206929759227e-03
-2.044227465039738512e-03
-2.045648993619142431e-03
-2.047070795202832194e-03
-2.048492876692287190e-03
-2.049915238487964864e-03
-2.051337886812998335e-03
-2.052760822905841387e-03
-2.054184055383156959e-03
-2.055607585440433205e-03
-2.057031415342303049e-03
-2.058455558159089094e-03
-2.059880009045333971e-03
-2.061304777537076305e-03
-2.062729862452705731e-03
-2.064155280400714609e-03
-2.065581024825791090e-03
-2.067007108553231554e-03
-2.068433529208268951e-03
-2.069860306125992366e-03
-2.071287431320567585e-03
-2.072714922178309216e-03
-2.074142774070586448e-03
-2.075571011032062430e-03
-2.076999640094556732e-03
-2.078428652794950260e-03
-2.079858074348628350e-03
-2.081287897082950700e-03
-2.082718142620842983e-03
-2.084148815001296562e-03
-2.085579928549186057e-03
-2.087011502304059185e-03
-2.088443546922613692e-03
-2.089876079655383911e-03
-2.091309114809369873e-03
-2.092742675730563384e-03
-2.094176780583101305e-03
-2.095611454139612029e-03
-2.097046719840456319e-03
-2.098482610844998320e-03
-2.099919157527829761e-03
-2.101356428590772651e-03
-2.102794438896160578e-03
-2.104233235771801880e-03
-2.105672858836671324e-03
-2.107113379698488664e-03
-2.108554883392566026e-03
-2.109997458774715007e-03
-2.111441210506215249e-03
-2.112886299245109178e-03
-2.114332839873278580e-03
-2.115781005369798962e-03
-2.117231002132680118e-03
-2.118683060150061692e-03
-2.120137413472833465e-03
-2.121594307964880244e-03
-2.123053890071835426e-03
-2.124516074941684707e-03
-2.125980390539461418e-03
-2.127445769530500463e-03
-2.128910829311214670e-03
-2.130374298034531932e-03
-2.131835355791977804e-03
-2.133293816854120450e-03
-2.134749808042402108e-03
-2.136203612124742968e-03
-2.137655482117528649e-03
-2.139105776403749104e-03
-2.140554772218195012e-03
-2.142002689992761333e-03
-2.143449710167666389e-03
-2.144895984045880333e-03
-2.146341635615223176e-03
-2.147786771188653354e-03
-2.149231455511269040e-03
-2.150675787609857004e-03
-2.152119812255159914e-03
-2.153563592860008313e-03
-2.155007186748103543e-03
-2.156450632713524662e-03
-2.157893966134749597e-03
-2.159337214207246447e-03
-2.160780410042528743e-03
-2.162223574161736828e-03
-2.163666728338120571e-03
-2.165109890511662805e-03
-2.166553079273270122e-03
-2.167996308924058368e-03
-2.169439593834643354e-03
-2.170882943972385348e-03
-2.172326375447064528e-03
-2.173769884697751564e-03
-2.175213482793258990e-03
-2.176657194771558501e-03
-2.178101013017852416e-03
-2.179544964779678295e-03
-2.180989038803038405e-03
-2.182433258468674531e-03
-2.183877610589579632e-03
-2.185322118812837999e-03
-2.186766774836534921e-03
-2.188211595942846088e-03
-2.189656571832676590e-03
-2.191101720675936448e-03
-2.192547033723513117e-03
-2.193992526611343585e-03
-2.195438190069176621e-03
-2.196884026962386827e-03
-2.198330052674224433e-03
-2.199776260984886989e-03
-2.201222663208102226e-03
-2.202669251127331584e-03
-2.204116037479275647e-03
-2.205563015475364708e-03
-2.207010195962144650e-03
-2.208457569966237877e-03
-2.209905150116875383e-03
-2.211352931654642084e-03
-2.212800922621549482e-03
-2.214249116041622223e-03
-2.215697521852244556e-03
-2.217146138253300869e-03
-2.218594967944742535e-03
-2.220044003842014391e-03
-2.221493256868822819e-03
-2.222942725290444343e-03
-2.224392408601172377e-03
-2.225842311349923719e-03
-2.227292428083393894e-03
-2.228742769593727857e-03
-2.230193330480023661e-03
-2.231644114854658412e-03
-2.233095116094929722e-03
-2.234546347127497334e-03
-2.235997801404265850e-03
-2.237449482651143740e-03
-2.238901386109493075e-03
-2.240353520885918215e-03
-2.241805882267633443e-03
-2.243258473676790210e-03
-2.244711287216261120e-03
-2.246164328530309007e-03
-2.247617603274187914e-03
-2.249071110537403939e-03
-2.250524852411284193e-03
-2.251978822427669336e-03
-2.253433028270079852e-03
-2.254887468235988734e-03
-2.256342145098733099e-03
-2.257797051585352932e-03
-2.259252196252337086e-03
-2.260707578300102938e-03
-2.262163199324596086e-03
-2.263619053578080909e-03
-2.265075147806827616e-03
-2.266531480489386574e-03
-2.267988054043601487e-03
-2.269444862273095609e-03
-2.270901908490996490e-03
-2.272359196978102069e-03
-2.273816727042299313e-03
-2.275274500184054638e-03
-2.276732511328094510e-03
-2.278190766394794231e-03
-2.279649264012917342e-03
-2.281108006315091252e-03
-2.282566987376832834e-03
-2.284026214090295603e-03
-2.285485685899146802e-03
-2.286945403887852279e-03
-2.288405363490286781e-03
-2.289865570009541607e-03
-2.291326022218043157e-03
-2.292786722018491652e-03
-2.294247664368698203e-03
-2.295708851968281117e-03
-2.297170288207528444e-03
-2.298631972608933260e-03
-2.300093906272171473e-03
-2.301556085126499340e-03
-2.303018513887811203e-03
-2.304481191459317735e-03
-2.305944119540659365e-03
-2.307407291602614485e-03
-2.308870715024835540e-03
-2.310334390932866633e-03
-2.311798318533231367e-03
-2.313262494135437386e-03
-2.314726922014509469e-03
-2.316191601163697378e-03
-2.317656533140421971e-03
-2.319121712358596099e-03
-2.320587142512819945e-03
-2.322052826354115140e-03
-2.323518764917875679e-03
-2.324984957647102668e-03
-2.326451401240325900e-03
-2.327918099538472951e-03
-2.329385051632715253e-03
-2.330852258925708576e-03
-2.332319715627639845e-03
-2.333787425950806238e-03
-2.335255389974366658e-03
-2.336723612618052393e-03
-2.338192091826285512e-03
-2.339660825575573533e-03
-2.341129814133258158e-03
-2.342599057774230609e-03
-2.344068560850010030e-03
-2.345538317427231512e-03
-2.347008329848021546e-03
-2.348478598372949477e-03
-2.349949127164907559e-03
-2.351419914468189098e-03
-2.352890958565168056e-03
-2.354362259698872251e-03
-2.355833821847452825e-03
-2.357305639258955310e-03
-2.358777714547177773e-03
-2.360250047758638559e-03
-2.361722642940766725e-03
-2.363195498434111919e-03
-2.364668612561571237e-03
-2.366141985550851423e-03
-2.367615617644869275e-03
-2.369089512412325682e-03
-2.370563665004654652e-03
-2.372038077351312779e-03
-2.373512749683781564e-03
-2.374987685423657346e-03
-2.376462883127539172e-03
-2.377938341411756085e-03
-2.379414060486362281e-03
-2.380890043627736929e-03
-2.382366286118431375e-03
-2.383842790102175258e-03
-2.385319555632703370e-03
-2.386796586092421180e-03
-2.388273880111091430e-03
-2.389751436316478461e-03
-2.391229254910642865e-03
-2.392707336103083726e-03
-2.394185682833782636e-03
-2.395664291150345626e-03
-2.397143162643722292e-03
-2.398622297504982015e-03
-2.400101698558199104e-03
-2.401581364641858229e-03
-2.403061294629305067e-03
-2.404541488717604203e-03
-2.406021949588055264e-03
-2.407502673370420787e-03
-2.408983661857599934e-03
-2.410464915141852238e-03
-2.411946435989520410e-03
-2.413428223322244826e-03
-2.414910275999715417e-03
-2.416392594215444056e-03
-2.417875178149953008e-03
-2.419358030215645883e-03
-2.420841147213748101e-03
-2.422324530453989766e-03
-2.423808180124331635e-03
-2.425292098514053585e-03
-2.426776284703557884e-03
-2.428260737811549497e-03
-2.429745458001564273e-03
-2.431230447474730383e-03
-2.432715703058141443e-03
-2.434201226277687979e-03
-2.435687017210419469e-03
-2.437173078174592611e-03
-2.438659408288690322e-03
-2.440146006648769017e-03
-2.441632873425247929e-03
-2.443120008781107799e-03
-2.444607414665012080e-03
-2.446095088539101958e-03
-2.447583031491284977e-03
-2.449071243688871746e-03
-2.450559726957513007e-03
-2.452048480617530224e-03
-2.453537503972258449e-03
-2.455026797199777455e-03
-2.456516362026817113e-03
-2.458006195931505822e-03
-2.459496300200592067e-03
-2.460986674937326590e-03
-2.462477321995448776e-03
-2.463968240737135496e-03
-2.465459430437411115e-03
-2.466950891250707656e-03
-2.468442623342004261e-03
-2.469934628229530915e-03
-2.471426904004148106e-03
-2.472919451526278678e-03
-2.474412270957571103e-03
-2.475905363719665964e-03
-2.477398729315294368e-03
-2.478892367267282459e-03
-2.480386277724733191e-03
-2.481880462019914191e-03
-2.483374918235914386e-03
-2.484869647445098195e-03
-2.486364649808225913e-03
-2.487859926649127473e-03
-2.489355477579779929e-03
-2.490851302086372066e-03
-2.492347400317784789e-03
-2.493843772436221684e-03
-2.495340419552793954e-03
-2.496837340356328205e-03
-2.498334535503632381e-03
-2.499832005153690417e-03
-2.501329750338232571e-03
-2.502827770756277381e-03
-2.504326066113171656e-03
-2.505824636569342623e-03
-2.507323483059487046e-03
-2.508822604254001831e-03
-2.510322000983777890e-03
-2.511821673508052299e-03
-2.513321622674480338e-03
-2.514821848357273737e-03
-2.516322350194832858e-03
-2.517823128361240670e-03
-2.519324182994164829e-03
-2.520825514838009873e-03
-2.522327123155254647e-03
-2.523829008418188025e-03
-2.525331170792899371e-03
-2.526833610899448246e-03
-2.528336328655123033e-03
-2.529839323958671393e-03
-2.531342596981511761e-03
-2.532846148252887453e-03
-2.534349977055705416e-03
-2.535854084025457311e-03
-2.537358469370087910e-03
-2.538863133646929171e-03
-2.540368076876631243e-03
-2.541873298917751711e-03
-2.543378799935047674e-03
-2.544131603904320471e-03
