4.605067109131565362e-01
4.605042576057867820e-01
4.605018658758919803e-01
4.604995364902464416e-01
4.604972702260548001e-01
4.604956709728723618e-01
4.604935170849445147e-01
4.604914285145673136e-01
4.604894060832331326e-01
4.604879917522988197e-01
4.604860870907055981e-01
4.604842508965633074e-01
4.604824840434155742e-01
4.604812635697071999e-01
4.604796202210304501e-01
4.604780486956521202e-01
4.604765499270019324e-01
4.604751248658034424e-01
4.604741636994990062e-01
4.604728699780183954e-01
4.604716526722902326e-01
4.604705128030202044e-01
4.604697680613360489e-01
4.604687662322019537e-01
4.604678447514772843e-01
4.604670047180929315e-01
4.604664875741611985e-01
4.604657927955592145e-01
4.604651826035626727e-01
4.604646581843070408e-01
4.604643806839810449e-01
4.604640093060261008e-01
4.604637270930705961e-01
4.604635353282808263e-01
4.604634353225103838e-01
4.604634801888800033e-01
4.604635440118617917e-01
4.604637033481985275e-01
4.604639596200019724e-01
4.604642752015041807e-01
4.604647046383090747e-01
4.604652350883876588e-01
4.604658680982411378e-01
4.604664700423352075e-01
4.604672863710262964e-01
4.604682096994657803e-01
4.604692417136578841e-01
4.604701470591208157e-01
4.604713734611171616e-01
4.604727133958635976e-01
4.604741687064811129e-01
4.604757412813361150e-01
4.604770578546497073e-01
4.604788403375845718e-01
4.604807455238205671e-01
4.604827754855688737e-01
4.604844401846734936e-01
4.604866936603866923e-01
4.604890778900201376e-01
4.604915951551034614e-01
4.604936309246147053e-01
4.604963866857678667e-01
4.604992820762741079e-01
4.605023196170854871e-01
4.605047517667938406e-01
4.605080443570627735e-01
4.605114863973850392e-01
4.605150806839870548e-01
4.605188300934192625e-01
4.605218049332359675e-01
4.605258329927492400e-01
4.605300245264060122e-01
4.605343827416852331e-01
4.605378220215379237e-01
4.605424799511270151e-01
4.605473138953000700e-01
4.605523274466854500e-01
4.605562669953616184e-01
4.605616038580038207e-01
4.605671308063166713e-01
4.605728518835653928e-01
4.605773319322656878e-01
4.605834028767029631e-01
4.605896797727411229e-01
4.605961671939928781e-01
4.606028698711392422e-01
4.606081004719131400e-01
4.606151917386310246e-01
4.606225121416293034e-01
4.606300670691599874e-01
4.606359499610706010e-01
4.606439288759283657e-01
4.606521581711425783e-01
4.606606440198330876e-01
4.606672400987023575e-01
4.606761904920750883e-01
4.606854156606356998e-01
4.606949227206767472e-01
4.607023019769836969e-01
4.607123203404350775e-01
4.607226416704015559e-01
4.607332742247618462e-01
4.607442266056543390e-01
4.607527157451142830e-01
4.607642496347506000e-01
4.607761289408109917e-01
4.607883637354888151e-01
4.607978390672031188e-01
4.608107215693659775e-01
4.608239896377997469e-01
4.608376551565295243e-01
4.608482322670212628e-01
4.608626236111404428e-01
4.608774480393538764e-01
4.608927196889730515e-01
4.609045355427766055e-01
4.609206259622781188e-01
4.609372061805822596e-01
4.609542931647064856e-01
4.609719047557613303e-01
4.609855287765000642e-01
4.610041042082371754e-01
4.610232583075649093e-01
4.610430127498837405e-01
4.610582961169598093e-01
4.610791569670090739e-01
4.611006841867983930e-01
4.611229043903041780e-01
4.611401010978673498e-01
4.611636028021750544e-01
4.611878790291202290e-01
4.612129628361069655e-01
4.612323866561590102e-01
4.612589695101523835e-01
4.612864618656088433e-01
4.613113263756983273e-01
4.613406382679107742e-01
4.613671648278026005e-01
4.613984612493021720e-01
4.614268033487868292e-01
4.614602709947143167e-01
4.614906026436689790e-01
4.615264535814589397e-01
4.615589728324526186e-01
4.615974489258372615e-01
4.616323821323715104e-01
4.616737604036827425e-01
4.617113673955031139e-01
4.617559665592174123e-01
4.617965469648481203e-01
4.618447354326730703e-01
4.618950089374012635e-01
4.619408421936068154e-01
4.619953896800627624e-01
4.620451909346847130e-01
4.621045564203932754e-01
4.621588418144783605e-01
4.622236659168371675e-01
4.622830449743746684e-01
4.623540864169755071e-01
4.624192831579905238e-01
4.624974458753102757e-01
4.625693254688730272e-01
4.626556928684053549e-01
4.627352953509830669e-01
4.628250343128646471e-01
4.629197565568289874e-01
4.630267295315060316e-01
4.631330883594907966e-01
4.632458188907037089e-01
4.633654745525879748e-01
4.634926677873251744e-01
4.636280762691359358e-01
4.637724493138816739e-01
4.639266141747065975e-01
4.640914817250801350e-01
4.642680507090215514e-01
4.644574092770146767e-01
4.646607318272023002e-01
4.648792681396669013e-01
4.651143202952202627e-01
4.653672007310568626e-01
4.656391618311804259e-01
4.659312835375761797e-01
4.662550901104345891e-01
4.665898295971055432e-01
4.669447146094471979e-01
4.673173852586075538e-01
4.677033511702435864e-01
4.680952466017558877e-01
4.684821115122357327e-01
4.688489579349353620e-01
4.691870405769787977e-01
4.694528255916204373e-01
4.696373198340522137e-01
4.697242161260047344e-01
4.697052727334024569e-01
4.695824080089549546e-01
4.693671999999091682e-01
4.690780315193257000e-01
4.687240955475079351e-01
4.683493532897395895e-01
4.679605906566593476e-01
4.675712908237430465e-01
4.671910129087768482e-01
4.668259708169356648e-01
4.664797840630878767e-01
4.661541946305767237e-01
4.658496611213318039e-01
4.655566887102836060e-01
4.652932884083151865e-01
4.650484992416522578e-01
4.648210345709076208e-01
4.646095777842295105e-01
4.644128408574219602e-01
4.642295983934336401e-01
4.640587055507503500e-01
4.638888265314287107e-01
4.637402082192629837e-01
4.636009787794120318e-01
4.634703442328660938e-01
4.633475858479038645e-01
4.632320537446595887e-01
4.631231605410460195e-01
4.630203752770425396e-01
4.629232177419541627e-01
4.628312532667648305e-01
4.627440879936756679e-01
4.626613646121396362e-01
4.625776407372392818e-01
4.625079744846337104e-01
4.624320985294579911e-01
4.623688200263897374e-01
4.622997453122068001e-01
4.622339305062180825e-01
4.621788689282064766e-01
4.621185716875882421e-01
4.620680308242594014e-01
4.620125776793075900e-01
4.619660149153106410e-01
4.619148338977052126e-01
4.618717870408150517e-01
4.618243895500312446e-01
4.617844626523319174e-01
4.617404289550755547e-01
4.617032809470336674e-01
4.616622485193470626e-01
4.616275840464409419e-01
4.615892381532673006e-01
4.615568001520276575e-01
4.615208661910564225e-01
4.614861182259174521e-01
4.614566670851493746e-01
4.614239739893886694e-01
4.613962313325967735e-01
4.613653946829107677e-01
4.613391971489884669e-01
4.613100410822696396e-01
4.612852435937189743e-01
4.612576116256595360e-01
4.612340848473432953e-01
4.612078372191760756e-01
4.611854654358366057e-01
4.611604768996790393e-01
4.611391562414542400e-01
4.611153141846890957e-01
4.610949511198261797e-01
4.610721540054583678e-01
4.610470958013626608e-01
4.610308201127789607e-01
4.610094499650946864e-01
4.609885311901835703e-01
4.609680424600751114e-01
4.609530075307019525e-01
4.609332232177080768e-01
4.609138155747964927e-01
4.608947669481759379e-01
4.608807676108725437e-01
4.608623073525169866e-01
4.608441618611341384e-01
4.608263164893784958e-01
4.608131826988594582e-01
4.607958294288765355e-01
4.607787395787551477e-01
4.607619010160565742e-01
4.607453022126136721e-01
4.607330655776101236e-01
4.607168603563461806e-01
4.607008661156682949e-01
4.606850733904638284e-01
4.606734174464148790e-01
4.606579561104433007e-01
4.606426727981744462e-01
4.606275598392572945e-01
4.606163943475748423e-01
4.606015623759505684e-01
4.605868818879845228e-01
4.605723467880590838e-01
4.605615992587027141e-01
4.605473050881874753e-01
4.605331414987197669e-01
4.605191037792336628e-01
4.605051875581337995e-01
4.604948895574610956e-01
4.604811764284065245e-01
4.604675744283842631e-01
4.604540803528016091e-01
4.604440907661939142e-01
4.604307787053863454e-01
4.604175671846694740e-01
4.604044540048036760e-01
4.603947444179763981e-01
4.603817987739355355e-01
4.603689466353615978e-01
4.603561866526421076e-01
4.603467384295366061e-01
4.603341370810633548e-01
4.603216251822346838e-01
4.603092020837500353e-01
4.602968672988341226e-01
4.602877359904750110e-01
4.602755550485982394e-01
4.602634618398517841e-01
4.602514564008017284e-01
4.602425720777553741e-01
4.602307206826394825e-01
4.602189577377903129e-01
4.602072836763529406e-01
4.601986488759160498e-01
4.601871316686772517e-01
4.601757049562529844e-01
4.601643694553451680e-01
4.601559902968031524e-01
4.601448163233970989e-01
4.601337358147192802e-01
4.601227496739895284e-01
4.601118588398614984e-01
4.601038160345769512e-01
4.600930943446053800e-01
4.600824706821425858e-01
4.600719460730587906e-01
4.600641804772976351e-01
4.600538317258434096e-01
4.600435849014893885e-01
4.600334410574746236e-01
4.600259636608982072e-01
4.600160025738561642e-01
4.600061473502032316e-01
4.599963990256384361e-01
4.599892208644744684e-01
4.599796620835210903e-01
4.599702129902559777e-01
4.599608745717784219e-01
4.599516477985078344e-01
4.599448639222819546e-01
4.599358348202516877e-01
4.599269199370971117e-01
4.599181201717002510e-01
4.599116588263824634e-01
4.599030626281620515e-01
4.598945839118776524e-01
4.598862234974042673e-01
4.598800937477732775e-01
4.598719422811122226e-01
4.598639112606851542e-01
4.598560014268693319e-01
4.598502115000003276e-01
4.598425154736042741e-01
4.598349425655649525e-01
4.598274934419531168e-01
4.598201687504214208e-01
4.598148198080020954e-01
4.598077143893825047e-01
4.598007350948846716e-01
4.597938825098209503e-01
4.597888891480933493e-01
4.597822596802229045e-01
4.597757584587214841e-01
4.597693860188552528e-01
4.597647541401386206e-01
4.597586083345929775e-01
4.597525927285280867e-01
4.597467078208644642e-01
4.597409541032680957e-01
4.597367878767530391e-01
4.597312649176397703e-01
4.597258744717857004e-01
4.597206170129645719e-01
4.597168241942766742e-01
4.597118006076109098e-01
4.597069113022514419e-01
4.597021567488465688e-01
4.596987423111749682e-01
4.596942247226952216e-01
4.596898431920762862e-01
4.596855982015192188e-01
4.596825671622279397e-01
4.596785623053138425e-01
4.596746953459249219e-01
4.596709667921220488e-01
4.596673771612576065e-01
4.596648392843985520e-01
4.596614940560943552e-01
4.596582892293706868e-01
4.596552253651484676e-01
4.596530832243767573e-01
4.596502674476651840e-01
4.596475942506650925e-01
4.596450642514671170e-01
4.596433240574338552e-01
4.596410462059923319e-01
4.596389133451958542e-01
4.596369261636875092e-01
4.596355948008594705e-01
4.596338642899746585e-01
4.596322814634579146e-01
4.596308470937435775e-01
4.596295619778538177e-01
4.596287596344675874e-01
4.596277377192975466e-01
4.596268673844103869e-01
4.596261495275957842e-01
4.596257748528235210e-01
4.596253260921152051e-01
4.596250324317743274e-01
4.596248948840997994e-01
4.596249579433238641e-01
4.596250961395890733e-01
4.596253934051832135e-01
4.596258508812663957e-01
4.596263630236365749e-01
4.596271037362466561e-01
4.596280079907975047e-01
4.596290770723724384e-01
4.596303123071449614e-01
4.596314118412032634e-01
4.596329411744669580e-01
4.596346405294877147e-01
4.596365113972417649e-01
4.596380913222036235e-01
4.596402660775797955e-01
4.596426166919229672e-01
4.596451448391877248e-01
4.596472218348410799e-01
4.596500648617372620e-01
4.596530902979737987e-01
4.596563000206172478e-01
4.596588928030458376e-01
4.596624297289610417e-01
4.596661564061620409e-01
4.596700749371361305e-01
4.596741874886356993e-01
4.596774640199958739e-01
4.596819215327809793e-01
4.596865793713411086e-01
4.596914399604095092e-01
4.596952834572180513e-01
4.597005049274315303e-01
4.597059362023716012e-01
4.597115799943261583e-01
4.597160175292758222e-01
4.597220400128012030e-01
4.597282829035063689e-01
4.597347492348687892e-01
4.597398110914472924e-01
4.597466760321874402e-01
4.597537732387202980e-01
4.597611061044852843e-01
4.597686781261228761e-01
4.597745799126522481e-01
4.597825792049292648e-01
4.597908278280776195e-01
4.597993296958553522e-01
4.598059384218903811e-01
4.598148932583256965e-01
4.598241127321312516e-01
4.598336012272022932e-01
4.598409606193850085e-01
4.598509308720469813e-01
4.598611829132087658e-01
4.598717216580980316e-01
4.598798807231686547e-01
4.598909335008588561e-01
4.599022873049471438e-01
4.599139476527653869e-01
4.599259202355440168e-01
4.599351719807665551e-01
4.599477052262643806e-01
4.599605673045504273e-01
4.599737646148781556e-01
4.599839504905514076e-01
4.599977504855038979e-01
4.600119043889706050e-01
4.600264194070577961e-01
4.600376111036748594e-01
4.600527761324032516e-01
4.600683233224143187e-01
4.600842608026525782e-01
4.600965391195406817e-01
4.601131799855836535e-01
4.601302349009520065e-01
4.601477130475781774e-01
4.601656239135792914e-01
4.601794110293140894e-01
4.601981029577485449e-01
4.602172553708147595e-01
4.602368790094410467e-01
4.602519768097536601e-01
4.602724520520621865e-01
4.602934299752829417e-01
4.603149227564463097e-01
4.603314519976937635e-01
4.603538763554049229e-01
4.603739809411793726e-01
4.603974488911627416e-01
4.604184881827734777e-01
4.604430497942088030e-01
4.604682162884855545e-01
4.604907776529531538e-01
4.605171210471132315e-01
4.605407375361216249e-01
4.605683166700138553e-01
4.605930414334471479e-01
4.606219190078379433e-01
4.606478086771359504e-01
4.606780515010854282e-01
4.607051664095290211e-01
4.607368456362174181e-01
4.607652500261437134e-01
4.607984414110836702e-01
4.608282036635235057e-01
4.608629878117817547e-01
4.608941806646550399e-01
4.609306433032510641e-01
4.609680380373497588e-01
4.610015763526520427e-01
4.610407916125741634e-01
4.610759659862740945e-01
4.611171018051460346e-01
4.611540024780488856e-01
4.611971651998818533e-01
4.612358881528408339e-01
4.612811909837671309e-01
4.613218384990167009e-01
4.613694022349124624e-01
4.614120836502950684e-01
4.614620377338224388e-01
4.615068705479024036e-01
4.615593545505209394e-01
4.616064659753043586e-01
4.616616317505690126e-01
4.617182950213881698e-01
4.617691756663327984e-01
4.618287846908342154e-01
4.618823272835122506e-01
4.619450814757167234e-01
4.620014724324877364e-01
4.620676004837219186e-01
4.621270555345505793e-01
4.621968244945823812e-01
4.622595977648789600e-01
4.623333248429892239e-01
4.623997205287723733e-01
4.624777881067838603e-01
4.625481751799233043e-01
4.626310495446065985e-01
4.627167140402634882e-01
4.627941343133010199e-01
4.628855376732519122e-01
4.629683076855509727e-01
4.630662434846319897e-01
4.631551361165376357e-01
4.632605880583690050e-01
4.633565618815332354e-01
4.634707506242957686e-01
4.635749958086762823e-01
4.636994381569448653e-01
4.638134352832088414e-01
4.639500211076258984e-01
4.640756187096983232e-01
4.642170349964169773e-01
4.643662335682068321e-01
4.645239957314468149e-01
4.647026935436031070e-01
4.648810839191583333e-01
4.650711401396474542e-01
4.652741731934769698e-01
4.654916868458101042e-01
4.657254139685387817e-01
4.659773613762074329e-01
4.662498654733520098e-01
4.665456617410973505e-01
4.668679720166759584e-01
4.672206147796689746e-01
4.676081452760613710e-01
4.680360344266045192e-01
4.685108980364742770e-01
4.690407908277079985e-01
4.696355824519264366e-01
4.703074334918692090e-01
4.710986318084907087e-01
4.719773477549426555e-01
4.729905015321819173e-01
4.741658980313116500e-01
4.755356234601739174e-01
4.771329084654193364e-01
4.789824857224700416e-01
4.810767812586028147e-01
4.833644373934387617e-01
4.855190191085025919e-01
4.871251664035295970e-01
4.876688393247202158e-01
4.869136366937489302e-01
4.851738849881117588e-01
4.829729841078578279e-01
4.807316089764286371e-01
4.786349657317459649e-01
4.768244560592895254e-01
4.752394073429793142e-01
4.739040601424419075e-01
4.727569550402497267e-01
4.717666971590098179e-01
4.709063888468181802e-01
4.701538513734734304e-01
4.694910822671781725e-01
4.688850952988530274e-01
4.683629528813028631e-01
4.678944354369433678e-01
4.674717939446038084e-01
4.670886567101776854e-01
4.667397481961921279e-01
4.664206696781800221e-01
4.661277278400696167e-01
4.658405383850376391e-01
4.655922399995640615e-01
4.653618817990884393e-01
4.651475199419332629e-01
4.649474678279330586e-01
4.647602538640613901e-01
4.645845876316239687e-01
4.644193328450583746e-01
4.642634857894687994e-01
4.641161581330128794e-01
4.639765631151270830e-01
4.638353840325680211e-01
4.637178654827360802e-01
4.635897646976443465e-01
4.634827365128172949e-01
4.633656658199469258e-01
4.632675453774228735e-01
4.631599036518643797e-01
4.630567543378907303e-01
4.629699635631457366e-01
4.628743974662827276e-01
4.627938144057051617e-01
4.627048973545511701e-01
4.626297737494633466e-01
4.625467193396322618e-01
4.624764205540564110e-01
4.623985583380554876e-01
4.623325415606742150e-01
4.622592971952533825e-01
4.621970972425935020e-01
4.621279787538566941e-01
4.620691975513246952e-01
4.620037844733407839e-01
4.619401974704144265e-01
4.618860161950625876e-01
4.618256074492588792e-01
4.617740797648791640e-01
4.617165697106206390e-01
4.616674701159295124e-01
4.616126211050947115e-01
4.615657578100829106e-01
4.615133675317638628e-01
4.614685770450313029e-01
4.614184727386825835e-01
4.613756151444841636e-01
4.613276485700136820e-01
4.612866034510969548e-01
4.612406466060419152e-01
4.612013095980741495e-01
4.611572510878010345e-01
4.611141642737863200e-01
4.610772730039144340e-01
4.610359392583613936e-01
4.610005452235887424e-01
4.609608829410344333e-01
4.609269184959990939e-01
4.608888542558395862e-01
4.608562582480659753e-01
4.608197253605871291e-01
4.607839838892896500e-01
4.607490172037104204e-01
4.607233572853420833e-01
4.606897084544740451e-01
4.606567919638384634e-01
4.606245934227485295e-01
4.606009735966608010e-01
4.605699983039395207e-01
4.605397038015411337e-01
4.605100773593150398e-01
4.604811066187921575e-01
4.604598679855438914e-01
4.604320160370343751e-01
4.604047875386756972e-01
4.603781713313291890e-01
4.603586708281138251e-01
4.603331001059108862e-01
4.603081123475248893e-01
4.602836973343438776e-01
4.602658223475336596e-01
4.602423856966996740e-01
4.602194947474333997e-01
4.601971400099280629e-01
4.601807867072170710e-01
4.601593480078735032e-01
4.601384202413267843e-01
4.601179944885311901e-01
4.600980619667467408e-01
4.600834975832853169e-01
4.600644075099272201e-01
4.600457872330486753e-01
4.600276285117390063e-01
4.600143740793991576e-01
4.599970037906449538e-01
4.599800733439221578e-01
4.599635752638088215e-01
4.599515477201253644e-01
4.599357891560899025e-01
4.599204439354318552e-01
4.599055058160986253e-01
4.598946325340145247e-01
4.598803931335914696e-01
4.598665459719101234e-01
4.598530865850530835e-01
4.598400110504179406e-01
4.598305209783950520e-01
4.598181094406562641e-01
4.598060738520760582e-01
4.597944123782085613e-01
4.597859777492209199e-01
4.597749681507813935e-01
4.597643302659467079e-01
4.597540640882025742e-01
4.597466754273571987e-01
4.597370609241262507e-01
4.597278200685647742e-01
4.597189541647977440e-01
4.597104647811843248e-01
4.597044127876994124e-01
4.596965867946793960e-01
4.596891427792169638e-01
4.596820830857195617e-01
4.596771089593548743e-01
4.596707280003309304e-01
4.596647386905506893e-01
4.596591440134895623e-01
4.596552758534237504e-01
4.596503795157040329e-01
4.596458869638708200e-01
4.596418019063439608e-01
4.596390749150373600e-01
4.596357125991961112e-01
4.596327691943851157e-01
4.596302493491107310e-01
4.596281580079206175e-01
4.596269409509773918e-01
4.596256123667827320e-01
4.596247275822028522e-01
4.596242928430441799e-01
4.596243332562783834e-01
4.596247023564260514e-01
4.596255408169778733e-01
4.596268565148305396e-01
4.596282286903702885e-01
4.596304000310170168e-01
4.596330729208181753e-01
4.596362572527449286e-01
4.596390546828728052e-01
4.596431597174057138e-01
4.596478066628162940e-01
4.596530078949696563e-01
4.596587765452177510e-01
4.596635510723374729e-01
4.596703467462674442e-01
4.596777502196510712e-01
4.596857778811178075e-01
4.596922860493499741e-01
4.597014485229196090e-01
4.597112855879137983e-01
4.597218177123731930e-01
4.597302533978860350e-01
4.597420549740661722e-01
4.597546146455466776e-01
4.597679580548671430e-01
4.597785637695607774e-01
4.597933453419082994e-01
4.598089898174215762e-01
4.598255294901082979e-01
4.598429987417745890e-01
4.598568002379716524e-01
4.598759858355009333e-01
4.598936555897167322e-01
4.599148198521074149e-01
4.599342899856520006e-01
4.599575958365132444e-01
4.599790180302799625e-01
4.600046500538525485e-01
4.600281963847878131e-01
4.600563642737725556e-01
4.600822305080342067e-01
4.601131731856775708e-01
4.601415827234104361e-01
4.601755732686043654e-01
4.602067818651582320e-01
4.602441334410101170e-01
4.602834215898404246e-01
4.603195078968803644e-01
4.603627318882076991e-01
4.604024515884470037e-01
4.604500616007962122e-01
4.604938390144238669e-01
4.605463579938858243e-01
4.605946869602662863e-01
4.606527246818648558e-01
4.607061821017771619e-01
4.607704521891691218e-01
4.608297143893932968e-01
4.609010548439831378e-01
4.609669172414014304e-01
4.610463149619137835e-01
4.611197153816816163e-01
4.612083349765343510e-01
4.612963890851057847e-01
4.613895972900462494e-01
4.614883399935383879e-01
4.615930295390677229e-01
4.617041119987652653e-01
4.618220685580791129e-01
4.619474161949560509e-01
4.620807072584491304e-01
4.622225273658779332e-01
4.623734908226173612e-01
4.625342324446625186e-01
4.627053942658551633e-01
4.628876050537574782e-01
4.630814499044046961e-01
4.632874263377294022e-01
4.635208760013478924e-01
4.637527608843993732e-01
4.639969713900518600e-01
4.642527336348716283e-01
4.645095814792289945e-01
4.647828929370851903e-01
4.650604462621680257e-01
4.653373005319315081e-01
4.656069282774392692e-01
4.658692763955171734e-01
4.660976051764401662e-01
4.662902796753421453e-01
4.664370462482888557e-01
4.665290464623868538e-01
4.665601260142260842e-01
4.665278622923679230e-01
4.664339944268559579e-01
4.662782355925230715e-01
4.660794184986305488e-01
4.658435412176003543e-01
4.655810425194304436e-01
4.653016547011117332e-01
4.650137773142745123e-01
4.647242077803565574e-01
4.644381393015727388e-01
4.641501756489490593e-01
4.638815075029245616e-01
4.636242523474093935e-01
4.633792436764950784e-01
4.631467879464874482e-01
4.629268201724045517e-01
4.627190238604065309e-01
4.625229206941212645e-01
4.623259652692069954e-01
4.621521510529868482e-01
4.619881456654636454e-01
4.618333123539728469e-01
4.616870339152700509e-01
4.615487213092774321e-01
4.614178185468251203e-01
4.612938049866008305e-01
4.611761958897844238e-01
4.610645418125997042e-01
4.609584272655655734e-01
4.608574689301910832e-01
4.607613136425267042e-01
4.606696362790509980e-01
4.605821376433861802e-01
4.604985424042387088e-01
4.604185971468591765e-01
4.603370642483510244e-01
4.602591586834932080e-01
4.601938133591650937e-01
4.601220811675827971e-01
4.600618114382840629e-01
4.599955361308015189e-01
4.599397624465399459e-01
4.598783310442117744e-01
4.598265566038791663e-01
4.597694425896374781e-01
4.597212397957462504e-01
4.596679890710563821e-01
4.596229883818663819e-01
4.595732077006081107e-01
4.595310884458936873e-01
4.594844358866111977e-01
4.594449186953339925e-01
4.594010957896002001e-01
4.593586729714406180e-01
4.593226815359851001e-01
4.592827005511536109e-01
4.592487486221146220e-01
4.592109943722006427e-01
4.591789050536425054e-01
4.591431873459774771e-01
4.591128039602517807e-01
4.590789540585066275e-01
4.590501373780212502e-01
4.590180051042700438e-01
4.589906310216668173e-01
4.589600823010103192e-01
4.589340398508918173e-01
4.589049546395042589e-01
4.588766051698522364e-01
4.588524148260642588e-01
4.588253680561325543e-01
4.588022763401012893e-01
4.587764404038388588e-01
4.587543709187009155e-01
4.587296627691863082e-01
4.587085463658613915e-01
4.586848907581080326e-01
4.586646647100467433e-01
4.586419932938169963e-01
4.586226005563217023e-01
4.586008511161998591e-01
4.585822397083214597e-01
4.585613554792841717e-01
4.585409111863580911e-01
4.585208927546893243e-01
4.585012867479735243e-01
4.584869147261634859e-01
4.584679999397288652e-01
4.584494636352688390e-01
4.584312944691323888e-01
4.584179715921008480e-01
4.584004190872248419e-01
4.583832049607046155e-01
4.583663195666106138e-01
4.583539353262221505e-01
4.583376032020569091e-01
4.583215752724719705e-01
4.583058432800469206e-01
4.582943034061004450e-01
4.582790704220467970e-01
4.582641123038481701e-01
4.582494219385748746e-01
4.582349924839241306e-01
4.582244073926844408e-01
4.582104188496574637e-01
4.581966736929913853e-01
4.581831659855696848e-01
4.581732573724227597e-01
4.581601515705083782e-01
4.581472679711016682e-01
4.581346013950926555e-01
4.581253107069399033e-01
4.581130120137980599e-01
4.581009170104217709e-01
4.580890211561863268e-01
4.580802971926135059e-01
4.580687393942111107e-01
4.580573690279867716e-01
4.580461820933433570e-01
4.580351747224259973e-01
4.580271047129584328e-01
4.580164026565154978e-01
4.580058701521401154e-01
4.579955037732611478e-01
4.579879059915600847e-01
4.579778224189277602e-01
4.579678960874157267e-01
4.579581239503574541e-01
4.579509642867594099e-01
4.579414549493150410e-01
4.579320918918947658e-01
4.579228723953064906e-01
4.579161204710711086e-01
4.579071459138088773e-01
4.578983078415744812e-01
4.578896038190831130e-01
4.578810314803070103e-01
4.578747573943792726e-01
4.578664100234687839e-01
4.578581881668197240e-01
4.578500896968087375e-01
4.578441657544331522e-01
4.578362782786439267e-01
4.578285086333677145e-01
4.578208548998183858e-01
4.578152597741165231e-01
4.578078044373202760e-01
4.578004599943009123e-01
4.577932247096507257e-01
4.577879391445473511e-01
4.577808908593969939e-01
4.577739471886952405e-01
4.577671065589709598e-01
4.577603674366742537e-01
4.577554491513503576e-01
4.577488841077207438e-01
4.577424165501744469e-01
4.577360450841397310e-01
4.577313991176227281e-01
4.577251925718123782e-01
4.577190784564384995e-01
4.577130555007465906e-01
4.577086678022906363e-01
4.577028014247083165e-01
4.576970228669125507e-01
4.576913309682757447e-01
4.576871887238686543e-01
4.576816457813046024e-01
4.576761864450786810e-01
4.576708096532959846e-01
4.576655143686267913e-01
4.576616663385808526e-01
4.576565112815792480e-01
4.576514350000761011e-01
4.576464365428460912e-01
4.576428088177622033e-01
4.576379443414637094e-01
4.576331551823698551e-01
4.576284404669037631e-01
4.576250234257637217e-01
4.576204369573096953e-01
4.576159226278561087e-01
4.576114796335654655e-01
4.576082644355830564e-01
4.576039444093823461e-01
4.575996935964834478e-01
4.575955112562087312e-01
4.575913966636855346e-01
4.575884255231924547e-01
4.575844278059012504e-01
4.575804959211333678e-01
4.575766291997249713e-01
4.575738423510352093e-01
4.575700881106607443e-01
4.575663972640102717e-01
4.575627691929297081e-01
4.575601598464289488e-01
4.575566401972501751e-01
4.575531816869946589e-01
4.575497837430991810e-01
4.575473456213706713e-01
4.575440523391625658e-01
4.575408181076027758e-01
4.575376423961188821e-01
4.575345246847152270e-01
4.575322951493842050e-01
4.575292777326118165e-01
4.575263169385138107e-01
4.575234122846547624e-01
4.575213413966914278e-01
4.575185338694948145e-01
4.575157812037685678e-01
4.575130829520698827e-01
4.575111658058408914e-01
4.575085617422389728e-01
4.575060109054519542e-01
4.575035128794612826e-01
4.575017449221120969e-01
4.574993383519865287e-01
4.574969834898326981e-01
4.574946799491446114e-01
4.574924273509164419e-01
4.574908423263852608e-01
4.574886780022867638e-01
4.574865636158924609e-01
4.574844988150644221e-01
4.574830538173456085e-01
4.574810749781997310e-01
4.574791447907346487e-01
4.574772629284227787e-01
4.574759543751966140e-01
4.574741563280554923e-01
4.574724057384079168e-01
4.574707023022456798e-01
4.574695268673688031e-01
4.574679052497975240e-01
4.574663299796393190e-01
4.574648007743021827e-01
4.574633173566189370e-01
4.574623061222516385e-01
4.574609021966297151e-01
4.574595433233910602e-01
4.574582292446075504e-01
4.574573444279818046e-01
4.574561081472480195e-01
4.574549159758877215e-01
4.574537676741878278e-01
4.574530066474621348e-01
4.574519345667176773e-01
4.574509057165281889e-01
4.574499198723628868e-01
4.574489768136407730e-01
4.574483690875484343e-01
4.574475003981013921e-01
4.574466739069946719e-01
4.574458894074890369e-01
4.574454001423025606e-01
4.574446886556869929e-01
4.574440186095956040e-01
4.574433898096872397e-01
4.574430168919424444e-01
4.574424598284666521e-01
4.574419434919963501e-01
4.574414676999927765e-01
4.574412091385265944e-01
4.574408038811270116e-01
4.574404386781263376e-01
4.574401133563503197e-01
4.574398277451530159e-01
4.574397113485290656e-01
4.574394948417693785e-01
4.574393175889104879e-01
4.574391794283191315e-01
4.574391732741857064e-01
4.574391031577870192e-01
4.574390717009063634e-01
4.574390787503552769e-01
4.574391811795052165e-01
4.574392552670801249e-01
4.574393674504826923e-01
4.574395175852616346e-01
4.574397270239613511e-01
4.574399432450662606e-01
4.574401970288831665e-01
4.574404882380688764e-01
4.574408167373373857e-01
4.574411595911532791e-01
4.574415530429141175e-01
4.574419834232366644e-01
4.574424506044618699e-01
4.574428972088684930e-01
4.574434285053320393e-01
4.574439962620226452e-01
4.574446003588265586e-01
4.574451494078924929e-01
4.574458168311341111e-01
4.574465202741248016e-01
4.574472596249229417e-01
4.574479098909577379e-01
4.574487118298220523e-01
4.574495493767712362e-01
4.574504224266587316e-01
4.574513308763230035e-01
4.574521077091885379e-01
4.574530778805729891e-01
4.574540831783269201e-01
4.574551235067708665e-01
4.574559990671548948e-01
4.574571004898933535e-01
4.574582366905409203e-01
4.574594075809664262e-01
4.574603809000611365e-01
4.574616123060000206e-01
4.574628781697911983e-01
4.574641784111306286e-01
4.574652485995953644e-01
4.574666088293281585e-01
4.574680032262836704e-01
4.574694317180126868e-01
4.574708942342572970e-01
4.574720859742930079e-01
4.574736078855261567e-01
4.574751636396308108e-01
4.574767531748726856e-01
4.574780400813465153e-01
4.574796886069756874e-01
4.574813707563034071e-01
4.574830864767124861e-01
4.574844679467277020e-01
4.574862423120941157e-01
4.574880501171166847e-01
4.574898913191574046e-01
4.574913668492399665e-01
4.574932664166427854e-01
4.574951992781464694e-01
4.574971654018450962e-01
4.574991647588894650e-01
4.575007588778853274e-01
4.575028163479205601e-01
4.575049069884367658e-01
4.575070307828151273e-01
4.575087182424312227e-01
4.575109000414023797e-01
4.575131149667063246e-01
4.575153630152316575e-01
4.575171437111290595e-01
4.575194497439715180e-01
4.575217889115215653e-01
4.575241612257083257e-01
4.575260352029729694e-01
4.575284655800866962e-01
4.575309291586512339e-01
4.575334259670431614e-01
4.575359560383286395e-01
4.575379484949811393e-01
4.575405368851146459e-01
4.575431586543206586e-01
4.575458138543998521e-01
4.575479003372120990e-01
4.575506141968741503e-01
4.575533616576351048e-01
4.575561427919000446e-01
4.575583239552188375e-01
4.575611642245868693e-01
4.575640383969087344e-01
4.575669465672536074e-01
4.575692232925075986e-01
4.575721912220143128e-01
4.575751934437943258e-01
4.575782300773131861e-01
4.575813012488971765e-01
4.575837006715719468e-01
4.575868326245713380e-01
4.575899994994442332e-01
4.575932014493489519e-01
4.575956993828554364e-01
4.575989631198651431e-01
4.576022623916320420e-01
4.576055973795866150e-01
4.576081955880394458e-01
4.576115935538451196e-01
4.576150277744885364e-01
4.576184984605202177e-01
4.576211990102270755e-01
4.576247340551520271e-01
4.576283061836062260e-01
4.576319156344207939e-01
4.576355626536461330e-01
4.576383962716512599e-01
4.576421096633295771e-01
4.576458613350463112e-01
4.576496515571760737e-01
4.576525932944348618e-01
4.576564516611736910e-01
4.576603493477707230e-01
4.576642866412639066e-01
4.576673394427126507e-01
4.576713467604104357e-01
4.576753944832428478e-01
4.576794829009245835e-01
4.576826498173483526e-01
4.576868101536492039e-01
4.576910119612260797e-01
4.576952555087721586e-01
4.576995410537154640e-01
4.577028567187081953e-01
4.577072163487296841e-01
4.577111028958998351e-01
4.577155426017058271e-01
4.577194994978381337e-01
4.577240198396295701e-01
4.577280474791264320e-01
4.577326487808608957e-01
4.577367473205785076e-01
4.577414295962214386e-01
4.577455988851457658e-01
4.577503617513329348e-01
4.577546012475736670e-01
4.577594438210362271e-01
4.577643283319426937e-01
4.577686732760836708e-01
4.577736348961797264e-01
4.577780462416896623e-01
4.577830822635730601e-01
4.577875572324233144e-01
4.577926639741233261e-01
4.577971988680845650e-01
4.578023715195682075e-01
4.578069615867229603e-01
4.578121940592022598e-01
4.578168333675994850e-01
4.578221181605675594e-01
4.578267994945855457e-01
4.578321275957001335e-01
4.578368423893864336e-01
4.578422032292825961e-01
4.578475766736151975e-01
4.578523230433667601e-01
4.578577101007356709e-01
4.578624623425536222e-01
4.578678488862537033e-01
4.578725941850108061e-01
4.578779651520671345e-01
4.578826900644073494e-01
4.578880299293782152e-01
4.578927208583561947e-01
4.578980142371949502e-01
4.579026580103913169e-01
4.579078903701734315e-01
4.579124748915856524e-01
4.579176333141317112e-01
4.579227478070261870e-01
4.579272221721578107e-01
4.579322477581370121e-01
4.579366414649215233e-01
4.579415724756346062e-01
4.579458821682191871e-01
4.579507166781239813e-01
4.579549423805195918e-01
4.579596823834908847e-01
4.579638275476653475e-01
4.579684788940945883e-01
4.579725502423965255e-01
4.579771223451913342e-01
4.579811295241605906e-01
4.579856348757936346e-01
4.579895899658206204e-01
4.579940435115922859e-01
4.579984761656007430e-01
4.580023788593264311e-01
4.580067857443564372e-01
4.580106737106492409e-01
4.580150727229871932e-01
4.580189616410298981e-01
4.580233705451987603e-01
4.580272756815869095e-01
4.580317114479169338e-01
4.580356471115999417e-01
4.580401253418406315e-01
4.580441044231439718e-01
4.580486388681015431e-01
4.580526724595374577e-01
4.580572746377618576e-01
4.580613717417606479e-01
4.580660506470113913e-01
4.580707732094390638e-01
4.580749798488219504e-01
4.580797875679860076e-01
4.580840698599817351e-01
4.580889645510853869e-01
4.580933227865583435e-01
4.580983032972992808e-01
4.581027351737262943e-01
4.581077974090771443e-01
4.581122980885262153e-01
4.581174351305468684e-01
4.581219973932365019e-01
4.581271997345532365e-01
4.581318142458025156e-01
4.581370701794744149e-01
4.581417259076809856e-01
4.581470220953390293e-01
4.581523339598902456e-01
4.581570291366606207e-01
4.581623594488146156e-01
4.581670646832797233e-01
4.581723998065165282e-01
4.581771038099759497e-01
4.581824318643384908e-01
4.581871253667737509e-01
4.581924373016733609e-01
4.581971139317671526e-01
4.582024044358418702e-01
4.582070613997418218e-01
4.582123295053668888e-01
4.582169679510106342e-01
4.582222172515705294e-01
4.582268422740274905e-01
4.582320807153916764e-01
4.582373179443964828e-01
4.582419402979825418e-01
4.582471858828386924e-01
4.582518222518293105e-01
4.582570919573666357e-01
4.582617568435712885e-01
4.582670677945774873e-01
4.582717764568591812e-01
4.582771461740856034e-01
4.582819138429694572e-01
4.582873594382871896e-01
4.582922006969648576e-01
4.582977382616834627e-01
4.583026666030139973e-01
4.583083108119153648e-01
4.583140173358956071e-01
4.583191022808661974e-01
4.583249347683853170e-01
4.583301347199464360e-01
4.583361036678065270e-01
4.583414271169735654e-01
4.583475414706252860e-01
4.583529956173107434e-01
4.583592629359903303e-01
4.583648538487948843e-01
4.583712804918592676e-01
4.583770132753989257e-01
4.583836046038503587e-01
4.583894835737635787e-01
4.583962441357643525e-01
4.584022729743330027e-01
4.584092066819242528e-01
4.584162341560433784e-01
4.584224988654220789e-01
4.584297045886120969e-01
4.584361265932255791e-01
4.584435135044790943e-01
4.584500952849382416e-01
4.584576661371395079e-01
4.584644100501543695e-01
4.584721674988430640e-01
4.584790758485893236e-01
4.584870225178330205e-01
4.584940976071278929e-01
4.585022361532283264e-01
4.585094803352894322e-01
4.585178134894158930e-01
4.585252292005942421e-01
4.585337598113057300e-01
4.585423969418189749e-01
4.585500806679738695e-01
4.585589199158990326e-01
4.585667819205914708e-01
4.585758265600187178e-01
4.585838697975623823e-01
4.585931233097350068e-01
4.586013509239433295e-01
4.586108170203808676e-01
4.586192323646978153e-01
4.586289149991620850e-01
4.586375216459158688e-01
4.586474250384422469e-01
4.586562268007529641e-01
4.586663554485514438e-01
4.586753563891540209e-01
4.586857150880944700e-01
4.586961985444944490e-01
4.587055133977349652e-01
4.587162348717728211e-01
4.587257604298177194e-01
4.587367255520035103e-01
4.587464668998643136e-01
4.587576816655047351e-01
4.587676442175860902e-01
4.587791150166933840e-01
4.587893045450993634e-01
4.588010381836646334e-01
4.588114608374644354e-01
4.588234645785259080e-01
4.588341269229582187e-01
4.588464085164993822e-01
4.588573175605560328e-01
4.588698852919591009e-01
4.588826092114307031e-01
4.588939112699020328e-01
4.589069351780675210e-01
4.589185039856605863e-01
4.589318377636250612e-01
4.589436822881157174e-01
4.589564973160316086e-01
4.589694664772513422e-01
4.589825925702764597e-01
4.589958785042630995e-01
4.590093273196692580e-01
4.590229421887837002e-01
4.590367264308787831e-01
4.590506835195361512e-01
4.590648171020439428e-01
4.590791310100478251e-01
4.590945819142276396e-01
4.591092815348592482e-01
4.591241745889241277e-01
4.591392658744022359e-01
4.591545604882657505e-01
4.591700638639116261e-01
4.591857818013948545e-01
4.592017205122548851e-01
4.592178866532591885e-01
4.592342873680989035e-01
4.592509303088538886e-01
4.592678236572073081e-01
4.592849760921279834e-01
4.593023967053213030e-01
4.593200947931332379e-01
4.593380794737682571e-01
4.593569631376584472e-01
4.593755537953175816e-01
4.593944478295918787e-01
4.594136407864118921e-01
4.594331180358580680e-01
4.594528509656310433e-01
4.594727945484662346e-01
4.594928892433232104e-01
4.595130704707678371e-01
4.595339497500385839e-01
4.595541796645102872e-01
4.595744464382544026e-01
4.595948095520437371e-01
4.596153471664847778e-01
4.596361371800530837e-01
4.596572450907053242e-01
4.596787200693074338e-01
4.597013224895640793e-01
4.597236378275963986e-01
4.597463938121792992e-01
4.597696016134730224e-01
4.597932701754312013e-01
4.598174075932031091e-01
4.598420219667974651e-01
4.598671219079492056e-01
4.598935682480687070e-01
4.599196855563492670e-01
4.599463200341066260e-01
4.599734842129787893e-01
4.600011917412941687e-01
4.600294573854411539e-01
4.600582970530948113e-01
4.600877278000573556e-01
4.601197718549839277e-01
4.601504833307026865e-01
4.601818457022132658e-01
4.602138810587982909e-01
4.602466128376782040e-01
4.602800659078384871e-01
4.603142666294878227e-01
4.603492429480653958e-01
4.603850244735121500e-01
4.604216426014147712e-01
4.604591306131307071e-01
4.604975238122694936e-01
4.605368596509489820e-01
4.605771778970818020e-01
4.606185207886339672e-01
4.606637789997960475e-01
4.607044629702019001e-01
4.607521626355534639e-01
4.608012572934818141e-01
4.608454540221313955e-01
4.608973584112980859e-01
4.609441333269949648e-01
4.609991305430140018e-01
4.610487484964135296e-01
4.611071625293515774e-01
4.611599272250923587e-01
4.612221303370492853e-01
4.612783914476255021e-01
4.613448131549595654e-01
4.614049749947246037e-01
4.614761130032226655e-01
4.615406450999160470e-01
4.616170786816006788e-01
4.616865287180632604e-01
4.617689350493606182e-01
4.618548435139080977e-01
4.619331188182569936e-01
4.620262755283339184e-01
4.621113221525125492e-01
4.622127518803084145e-01
4.623055454874896997e-01
4.624093893857489923e-01
4.625181605874282287e-01
4.626322256376175224e-01
4.627519839410391689e-01
4.628778704181875092e-01
4.630103580677848440e-01
4.631499603071169702e-01
4.632972327963975068e-01
4.634527744143778216e-01
4.636285024566624835e-01
4.638032121657324480e-01
4.639882794707425595e-01
4.641844452999044912e-01
4.643924551997708483e-01
4.646130311086977827e-01
4.648468290824218641e-01
4.650943777228850884e-01
4.653559908195308847e-01
4.656316464911566255e-01
4.659208247277002446e-01
4.662222965373495898e-01
4.665338629050672092e-01
4.668520527147452803e-01
4.671718091142287865e-01
4.674862247215357813e-01
4.677864254430268987e-01
4.680703382993569028e-01
4.683074415222787668e-01
4.684953792917145865e-01
4.686236117453098649e-01
4.686847025383702459e-01
4.686756560706908381e-01
4.685984952179666485e-01
4.684598719414735379e-01
4.682627577708396438e-01
4.680320790325486202e-01
4.677742858382633040e-01
4.675003736924815412e-01
4.672196171990875002e-01
4.669393287292485928e-01
4.666649296715714157e-01
4.664001950889171133e-01
4.661475640015297350e-01
4.658929846993861701e-01
4.656689894351023207e-01
4.654592726936443992e-01
4.652635682506620629e-01
4.650813814291561155e-01
4.649120805106713439e-01
4.647549613729494711e-01
4.646092920258240166e-01
4.644743424645314533e-01
4.643494039582087285e-01
4.642338009128426091e-01
4.641268975448498146e-01
4.640281010449114341e-01
4.639368623702468386e-01
4.638526755329397400e-01
4.637750759132150402e-01
4.636990634318207682e-01
4.636337703292839896e-01
4.635738727810290172e-01
4.635155461373131058e-01
4.634690074688586070e-01
4.634205787106807639e-01
4.633822272511138873e-01
4.633426646115900160e-01
4.633116803189694100e-01
4.632801331268513456e-01
4.632558412283219740e-01
4.632316111714570583e-01
4.632134593987456417e-01
4.631959771021724181e-01
4.631835172994359096e-01
4.631723234975717030e-01
4.631651969414550818e-01
4.631599276193364978e-01
4.631576984541081465e-01
4.631582283815656176e-01
4.631615249981521076e-01
4.631668088441758258e-01
4.631754632462412591e-01
4.631853834825765404e-01
4.631992939977385704e-01
4.632137895959516638e-01
4.632329178943517256e-01
4.632519825722180573e-01
4.632763525852093833e-01
4.633000346810969283e-01
4.633297334119161337e-01
4.633581374259228003e-01
4.633933176774298612e-01
4.634266075397102669e-01
4.634674927138240363e-01
4.635115383277189083e-01
4.635527881800288741e-01
4.636030354854772662e-01
4.636498932770503068e-01
4.637067827874503112e-01
4.637596798675158172e-01
4.638237614543200826e-01
4.638832329938362697e-01
4.639551858248283089e-01
4.640218907511339252e-01
4.641025493659479695e-01
4.641772964627733922e-01
4.642676849281079376e-01
4.643514671220498324e-01
4.644528441201339342e-01
4.645606951016453823e-01
4.646608027983032962e-01
4.647821714030754281e-01
4.648950027317782507e-01
4.650232468811543174e-01
4.651597444032588569e-01
4.653052105672357275e-01
4.654604530450763278e-01
4.656263867500364251e-01
4.658040516369925665e-01
4.659946341226774424e-01
4.661994930186769692e-01
4.664201910555577646e-01
4.666585334350385472e-01
4.669166151907546691e-01
4.671968796961086801e-01
4.675021912758869358e-01
4.678592574724625974e-01
4.682277373023330247e-01
4.686337580565183569e-01
4.690673691234833464e-01
4.695652095139352666e-01
4.701214817429272830e-01
4.707463789739401161e-01
4.714523056461877859e-01
4.722829035254468844e-01
4.732032936358303021e-01
4.742600054183994662e-01
4.754770712045832681e-01
4.768785741628119301e-01
4.784818540651603613e-01
4.802821088501699753e-01
4.822223051188460063e-01
4.841466441617152117e-01
4.857833619919442181e-01
4.866847465905989045e-01
4.865943764198576438e-01
4.855423503761713278e-01
4.838194931259781062e-01
4.818700505824075608e-01
4.799400064173803271e-01
4.781649348293221524e-01
4.765411936614786237e-01
4.751725734478643992e-01
4.739836757143245372e-01
4.729500597292571884e-01
4.720480892107853377e-01
4.712569439234566282e-01
4.705590290734520953e-01
4.699397531945345152e-01
4.693697005618250317e-01
4.688755541812569261e-01
4.684156727738777448e-01
4.680129020192518863e-01
4.676461168982639638e-01
4.673107076280432759e-01
4.670028001172908949e-01
4.667191200024787268e-01
4.664568843151111199e-01
4.662137148697289568e-01
4.659875687576439107e-01
4.657766822821083341e-01
4.655795255179155379e-01
4.653947652819270253e-01
4.652212348079054482e-01
4.650579087751214868e-01
4.649038826521693646e-01
4.647489161368223431e-01
4.646027600992729822e-01
4.644815410040011860e-01
4.643499191943460391e-01
4.642404224748721830e-01
4.641211782794876228e-01
4.640217064521029999e-01
4.639130894974377584e-01
4.638222575152545213e-01
4.637228324308246830e-01
4.636394990468571953e-01
4.635480777305540090e-01
4.634712941793279750e-01
4.633868848327873380e-01
4.633158559653506869e-01
4.632376242339990569e-01
4.631623910853722159e-01
4.630989176863799517e-01
4.630288220819610556e-01
4.629695916919441823e-01
4.629040785093120891e-01
4.628486408766981919e-01
4.627872323826868750e-01
4.627351989455792958e-01
4.626774817502744552e-01
4.626285154017452106e-01
4.625741299622143643e-01
4.625279367947394138e-01
4.624765689106860589e-01
4.624328915154304886e-01
4.623872845474615301e-01
4.623428774931269136e-01
4.622996168180405485e-01
4.622546571067628896e-01
4.622136095257570743e-01
4.621735632810299865e-01
4.621344766541700677e-01
4.620963103892549162e-01
4.620590275664294144e-01
4.620225934551134284e-01
4.619869754072986612e-01
4.619521427328054930e-01
4.619180666065171303e-01
4.618847199416803440e-01
4.618520773024824000e-01
4.618201147921404126e-01
4.617888099644936184e-01
4.617581417102600283e-01
4.617280901720020592e-01
4.616966719210914838e-01
4.616659127046132127e-01
4.616395643784858005e-01
4.616099875450618284e-01
4.615846452747635054e-01
4.615561872725763570e-01
4.615317982264705021e-01
4.615044015785084719e-01
4.614809177890004110e-01
4.614545301008890488e-01
4.614319076831674415e-01
4.614064808710711674e-01
4.613846794267201235e-01
4.613601690904927111e-01
4.613391512226033275e-01
4.613155161830632123e-01
4.612952471422268608e-01
4.612724490628050122e-01
4.612500825766436274e-01
4.612308995555007285e-01
4.612093161376278894e-01
4.611908039487279676e-01
4.611699712992521349e-01
4.611521025887331260e-01
4.611319904466733566e-01
4.611147395744692457e-01
4.610953195521487191e-01
4.610786624542078660e-01
4.610599079077680185e-01
4.610438219895705569e-01
4.610257078813817522e-01
4.610101719018070976e-01
4.609926746944867371e-01
4.609776686779216703e-01
4.609607662196698041e-01
4.609441723495367738e-01
4.609299427904468560e-01
4.609139121849734622e-01
4.609001670374398563e-01
4.608846806416236896e-01
4.608714037108982975e-01
4.608564435473633258e-01
4.608436195488018750e-01
4.608291686352339322e-01
4.608167831238248469e-01
4.608028254162502280e-01
4.607908647402131908e-01
4.607773850549906069e-01
4.607658362887848691e-01
4.607528202558301977e-01
4.607416711620714866e-01
4.607291051626484224e-01
4.607167738552621628e-01
4.607062152626797413e-01
4.606943144684950697e-01
4.606841273081209720e-01
4.606726451077917672e-01
4.606628192149980205e-01
4.606517442886084446e-01
4.606422700068162901e-01
4.606315915884108270e-01
4.606211204181918095e-01
4.606108536592398162e-01
4.606033694028345837e-01
4.605934537749334923e-01
4.605837351258377232e-01
4.605742108799009693e-01
4.605648785257046018e-01
4.605580871252492603e-01
4.605490847409761668e-01
4.605402676560945152e-01
4.605316335816823092e-01
4.605253602553515679e-01
4.605170411242620609e-01
4.605088989860708359e-01
4.605009317481195130e-01
4.604951534049975259e-01
4.604874873682285319e-01
4.604799907214092158e-01
4.604726615449865612e-01
4.604673570368234548e-01
4.604603164615490019e-01
4.604534382939434178e-01
4.604467207674365348e-01
4.604401621531111211e-01
4.604354301416664352e-01
4.604291455893182450e-01
4.604230153788306246e-01
4.604170379118235346e-01
4.604127378530504244e-01
4.604070239559107658e-01
4.604014585693084749e-01
4.603960402101216487e-01
4.603921558632616540e-01
4.603869913351341103e-01
4.603819698995801901e-01
4.603770901752520794e-01
4.603736064401403039e-01
4.603689714808095190e-01
4.603644745613532652e-01
4.603601143906446702e-01
4.603558896998203309e-01
4.603528932979725208e-01
4.603489027253941379e-01
4.603450442525303665e-01
4.603413166880268026e-01
4.603386902416263249e-01
4.603351889761185256e-01
4.603318154400493634e-01
4.603285685112216141e-01
4.603262998255140404e-01
4.603232718276041857e-01
4.603203674381758370e-01
4.603175855970790820e-01
4.603156631659842679e-01
4.603130932988484525e-01
4.603106431437004598e-01
4.603083116967410793e-01
4.603060979683477605e-01
4.603045985768894899e-01
4.603025885335929601e-01
4.603006935581058223e-01
4.602989127114330836e-01
4.602977357219497079e-01
4.602961523984490655e-01
4.602946806874955166e-01
4.602933196975281249e-01
4.602924554594262641e-01
4.602912861398908984e-01
4.602902251524197963e-01
4.602892716507841486e-01
4.602887110000528637e-01
4.602879436169090566e-01
4.602872814538361279e-01
4.602867237090944585e-01
4.602862695927769088e-01
4.602860810678234271e-01
4.602858064537088123e-01
4.602856333571741509e-01
4.602855610331837988e-01
4.602856570730113894e-01
4.602857593633517541e-01
4.602859604406643879e-01
4.602862596064136169e-01
4.602866325984081852e-01
4.602871017940675102e-01
4.602876672239481493e-01
4.602883282387242869e-01
4.602889710727336436e-01
4.602897978587287553e-01
4.602907185157885106e-01
4.602917324476916705e-01
4.602928390731503838e-01
4.602938143450267527e-01
4.602950818492372309e-01
4.602964405284381000e-01
4.602978898606616132e-01
4.602991209285058893e-01
4.603007277165170885e-01
4.603024238099366894e-01
4.603042087519572667e-01
4.603056904519853276e-01
4.603076298530634491e-01
4.603096569430277230e-01
4.603117713366351449e-01
4.603134992244280466e-01
4.603157655517970959e-01
4.603181182289761142e-01
4.603205569489416393e-01
4.603230814266603410e-01
4.603251160112351581e-01
4.603277899646258664e-01
4.603305490090730534e-01
4.603333929460782792e-01
4.603356666797012164e-01
4.603386587920241801e-01
4.603417353766516285e-01
4.603448963276557948e-01
4.603474076026847217e-01
4.603507160347596883e-01
4.603541086749876610e-01
4.603575855152882701e-01
4.603603337274409513e-01
4.603639579973414220e-01
4.603676665840327753e-01
4.603714595813349075e-01
4.603753371107937586e-01
4.603783862241215830e-01
4.603824120792139318e-01
4.603865229451756247e-01
4.603907190490174606e-01
4.603940076902310885e-01
4.603983536101638463e-01
4.604027855388894142e-01
4.604073038102361459e-01
4.604108349369522846e-01
4.604155052147704819e-01
4.604202629004872649e-01
4.604251084350027834e-01
4.604288861325888105e-01
4.604338865671285808e-01
4.604389762094496796e-01
4.604441556068429309e-01
4.604492539551883201e-01
