-1.947369116184205495e-06
-5.842833753155751708e-06
-9.738924701574447340e-06
-1.363565732426241794e-05
-1.753302191997985204e-05
-2.143102631380067180e-05
-2.532966698398642080e-05
-2.922894420198662857e-05
-3.312886077966314957e-05
-3.702941314209784451e-05
-4.093060290044636673e-05
-4.483243032438188891e-05
-4.873489820467202804e-05
-5.263800560761922043e-05
-5.654175151204032801e-05
-6.044613620193040049e-05
-6.435116242609062454e-05
-6.825682412647804398e-05
-7.216312545110792342e-05
-7.607006668930438309e-05
-7.997765056133587791e-05
-8.388587872332209372e-05
-8.779474761788641501e-05
-9.170425995241870964e-05
-9.561441231809020280e-05
-9.952520625244876129e-05
-1.034366420428201039e-04
-1.073487223713920358e-04
-1.112614463586458768e-04
-1.151748130361340827e-04
-1.190888226791919635e-04
-1.230034779478028639e-04
-1.269187733086152292e-04
-1.308347125607012273e-04
-1.347512958955743301e-04
-1.386685258859543524e-04
-1.425864039271695916e-04
-1.465049268918328096e-04
-1.504240950690460821e-04
-1.543439110476274578e-04
-1.582643715815068575e-04
-1.621854781543863311e-04
-1.661072310626954263e-04
-1.700296328710493299e-04
-1.739526827532200670e-04
-1.778763798094828985e-04
-1.818007265689258745e-04
-1.857257174950888157e-04
-1.896513564300095211e-04
-1.935776436606806428e-04
-1.975045817053100450e-04
-2.014321721207634752e-04
-2.053604116589724526e-04
-2.092893006027107816e-04
-2.132188414438740409e-04
-2.171490310838297688e-04
-2.210798709724182132e-04
-2.250113613885273978e-04
-2.289435048012933294e-04
-2.328763004472156339e-04
-2.368097474547692372e-04
-2.407438461056177204e-04
-2.446785988451383176e-04
-2.486140006682235892e-04
-2.525500551155968054e-04
-2.564867623419120335e-04
-2.604241246519922726e-04
-2.643621433504605989e-04
-2.683008156472155292e-04
-2.722401439460009342e-04
-2.761801252960660591e-04
-2.801207610904077328e-04
-2.840620516149083841e-04
-2.880039992357863454e-04
-2.919466032403894573e-04
-2.958898628048212132e-04
-2.998337782177395994e-04
-3.037783518197167965e-04
-3.077235785498011467e-04
-3.116694619806903432e-04
-3.156160023881637855e-04
-3.195632020815963870e-04
-3.235110625301462761e-04
-3.274595807852831442e-04
-3.314087571257839926e-04
-3.353585938405956313e-04
-3.393090881326221719e-04
-3.432602413576679723e-04
-3.472120537869605172e-04
-3.511645276879082900e-04
-3.551176623987073455e-04
-3.590714571547470868e-04
-3.630259141934599754e-04
-3.669810290516384299e-04
-3.709368048424588338e-04
-3.748932418311534676e-04
-3.788503420929512089e-04
-3.828081068765198935e-04
-3.867665336612091664e-04
-3.907256227195787801e-04
-3.946853762618607320e-04
-3.986457916256291867e-04
-4.026068701193930011e-04
-4.065686120119371694e-04
-4.105310194795208645e-04
-4.144940919056372408e-04
-4.184578285689743993e-04
-4.224222297583013486e-04
-4.263872976065785636e-04
-4.303530276965616963e-04
-4.343194232098168683e-04
-4.382864843839318070e-04
-4.422542114874694619e-04
-4.462226048067563511e-04
-4.501916646226788998e-04
-4.541613948445544224e-04
-4.581317939116313909e-04
-4.621028603012389269e-04
-4.660745942867139391e-04
-4.700469961645969974e-04
-4.740200662031179846e-04
-4.779938046949316899e-04
-4.819682119171497803e-04
-4.859432916727302043e-04
-4.899190386609131309e-04
-4.938954555492314213e-04
-4.978725421550533881e-04
-5.018502990224993354e-04
-5.058287261712202110e-04
-5.098078241517756126e-04
-5.137875929712709677e-04
-5.177680363560588361e-04
-5.217491531822604500e-04
-5.257309418046363092e-04
-5.297134025149530245e-04
-5.336965355886569284e-04
-5.376803413117414721e-04
-5.416648199640938799e-04
-5.456499751619325878e-04
-5.496358017121893980e-04
-5.536223020332631251e-04
-5.576094764002670345e-04
-5.615973251019701351e-04
-5.655858484125975139e-04
-5.695750466254700939e-04
-5.735649200095949141e-04
-5.775554720895970107e-04
-5.815467019758546741e-04
-5.855386078635893554e-04
-5.895311900373512159e-04
-5.935244487795809931e-04
-5.975183843685005769e-04
-6.015129970915467084e-04
-6.055082872268302552e-04
-6.095042581939491555e-04
-6.135009052727902201e-04
-6.174982309544718717e-04
-6.214962350405972558e-04
-6.254949180294344657e-04
-6.294942800280090012e-04
-6.334943214983956850e-04
-6.374950453941208295e-04
-6.414964510047527213e-04
-6.454985368234966714e-04
-6.495013031327934172e-04
-6.535047502121971164e-04
-6.575088783415949933e-04
-6.615136878153071720e-04
-6.655191788965675315e-04
-6.695253548384405562e-04
-6.735322110090757874e-04
-6.775397496339152781e-04
-6.815479710853278306e-04
-6.855568770132158818e-04
-6.895664687947000715e-04
-6.935767441408335898e-04
-6.975877033443822484e-04
-7.015993481085391892e-04
-7.056116763969333405e-04
-7.096246893814051049e-04
-7.136383887524910818e-04
-7.176527742577265556e-04
-7.216678452991454051e-04
-7.256836021536372527e-04
-7.297000464879799253e-04
-7.337171750178006491e-04
-7.377349902791818792e-04
-7.417534924711866040e-04
-7.457726830442101829e-04
-7.497925634316615628e-04
-7.538131315978358060e-04
-7.578343878258397837e-04
-7.618563337367101340e-04
-7.658789674233057454e-04
-7.699022900159446792e-04
-7.739263017975117620e-04
-7.779510043670612163e-04
-7.819763975074334184e-04
-7.860024806787269114e-04
-7.900292541579423400e-04
-7.940567195182657301e-04
-7.980848739260748559e-04
-8.021137222684604495e-04
-8.061432626795816958e-04
-8.101734943869454142e-04
-8.142044187232633234e-04
-8.182360357271711848e-04
-8.222683459142565709e-04
-8.263013477356473402e-04
-8.303350432864453623e-04
-8.343694334337348195e-04
-8.384045178679855326e-04
-8.424402958685517362e-04
-8.464767687159646670e-04
-8.505139364679559222e-04
-8.545517996261242644e-04
-8.585903553639528951e-04
-8.626296097249408490e-04
-8.666695598380513843e-04
-8.707102063577609741e-04
-8.747515488026769148e-04
-8.787935886007680608e-04
-8.828363255600768511e-04
-8.868797586987220427e-04
-8.909238907852667921e-04
-8.949687205980216831e-04
-8.990142487677044159e-04
-9.030604747825021761e-04
-9.071074001713030910e-04
-9.111550247131727787e-04
-9.152033484257637852e-04
-9.192523708154709539e-04
-9.233020950952797179e-04
-9.273525190940379304e-04
-9.314036433160088890e-04
-9.354554680485183127e-04
-9.395079938115946661e-04
-9.435612207866483914e-04
-9.476151492601170290e-04
-9.516697795320938624e-04
-9.557251118027521031e-04
-9.597811461917737930e-04
-9.638378834039285081e-04
-9.678953230126685625e-04
-9.719534666132734202e-04
-9.760123137037002294e-04
-9.800718656970408560e-04
-9.841321206186526283e-04
-9.881930795110349663e-04
-9.922547432574813087e-04
-9.963171113099855702e-04
-1.000380184780103043e-03
-1.004443963798951067e-03
-1.008508448791745060e-03
-1.012573638556557576e-03
-1.016639534856200733e-03
-1.020706138492255555e-03
-1.024773449224025690e-03
-1.028841466523378045e-03
-1.032910191479996520e-03
-1.036979624218559159e-03
-1.041049765172052943e-03
-1.045120611880223649e-03
-1.049192167005275067e-03
-1.053264430727507417e-03
-1.057337404242630896e-03
-1.061411088821850868e-03
-1.065485482838468556e-03
-1.069560587469098323e-03
-1.073636401460409395e-03
-1.077712925729112925e-03
-1.081790160568307790e-03
-1.085868107121745751e-03
-1.089946765421734298e-03
-1.094026135130654609e-03
-1.098106216525618350e-03
-1.102187010738830963e-03
-1.106268515907782302e-03
-1.110350733004139556e-03
-1.114433663619074366e-03
-1.118517307496236235e-03
-1.122601666612266236e-03
-1.126686739392646075e-03
-1.130772526117929111e-03
-1.134859027871470971e-03
-1.138946243547378501e-03
-1.143034174014290194e-03
-1.147122819555645989e-03
-1.151212181237037946e-03
-1.155302259134294296e-03
-1.159393052949320158e-03
-1.163484563717509523e-03
-1.167576789289803685e-03
-1.171669731680591298e-03
-1.175763391311202000e-03
-1.179857768288772313e-03
-1.183952862883863588e-03
-1.188048675387909370e-03
-1.192145206066586027e-03
-1.196242456648288766e-03
-1.200340427024992884e-03
-1.204439116425093381e-03
-1.208538525133251440e-03
-1.212638653431796776e-03
-1.216739501613717245e-03
-1.220841069951794644e-03
-1.224943358737462518e-03
-1.229046369592867727e-03
-1.233150100646285274e-03
-1.237254552929223372e-03
-1.241359727061852603e-03
-1.245465622774610814e-03
-1.249572240909935239e-03
-1.253679581188604786e-03
-1.257787645517205455e-03
-1.261896433594422717e-03
-1.266005944932091509e-03
-1.270116179818203683e-03
-1.274227138539085757e-03
-1.278338821375180068e-03
-1.282451228614589489e-03
-1.286564360539421692e-03
-1.290678218608398709e-03
-1.294792800985988812e-03
-1.298908108897767200e-03
-1.303024142633280036e-03
-1.307140902466974453e-03
-1.311258388688729681e-03
-1.315376601574547166e-03
-1.319495541429072105e-03
-1.323615209598449916e-03
-1.327735606171387417e-03
-1.331856730537483990e-03
-1.335978582982066953e-03
-1.340101163792128958e-03
-1.344224473248445406e-03
-1.348348511638675085e-03
-1.352473280253896348e-03
-1.356598777714324022e-03
-1.360725004949991934e-03
-1.364851962471602675e-03
-1.368979650181345598e-03
-1.373108068692618922e-03
-1.377237217962345994e-03
-1.381367098608476951e-03
-1.385497711376859620e-03
-1.389629056581798139e-03
-1.393761133841375788e-03
-1.397893943435479791e-03
-1.402027485648327243e-03
-1.406161760760693547e-03
-1.410296769067787004e-03
-1.414432510848606661e-03
-1.418568987213819632e-03
-1.422706196863243733e-03
-1.426844141230731999e-03
-1.430982820204818040e-03
-1.435122234083041626e-03
-1.439262383145845092e-03
-1.443403267673892820e-03
-1.447544888716900680e-03
-1.451687246107558060e-03
-1.455830339810781915e-03
-1.459974170110345248e-03
-1.464118737295905248e-03
-1.468264041649791629e-03
-1.472410083467878827e-03
-1.476556863025835220e-03
-1.480704381267239356e-03
-1.484852637763545147e-03
-1.489001632771103090e-03
-1.493151366960598914e-03
-1.497301840030385023e-03
-1.501453052847656622e-03
-1.505605005122423456e-03
-1.509757697716329616e-03
-1.513911130832878982e-03
-1.518065304699667273e-03
-1.522220219439707201e-03
-1.526375875344876398e-03
-1.530532272698725826e-03
-1.534689411794687430e-03
-1.538847292911871278e-03
-1.543005916828876778e-03
-1.547165283133922209e-03
-1.551325392321944996e-03
-1.555486244678383478e-03
-1.559647840497224713e-03
-1.563810180062574773e-03
-1.567973263655320082e-03
-1.572137091771730333e-03
-1.576301664948043246e-03
-1.580466982924910724e-03
-1.584633046071370899e-03
-1.588799854669531442e-03
-1.592967409189904870e-03
-1.597135709800689973e-03
-1.601304756726373846e-03
-1.605474550254060162e-03
-1.609645090831501868e-03
-1.613816378513099892e-03
-1.617988414133519903e-03
-1.622161197209703865e-03
-1.626334728343281633e-03
-1.630509007798597310e-03
-1.634684035873634755e-03
-1.638859812956527939e-03
-1.643036339200820706e-03
-1.647213614925480130e-03
-1.651391640420274420e-03
-1.655570416061791228e-03
-1.659749942069410622e-03
-1.663930218710585329e-03
-1.668111246273418224e-03
-1.672293025109627962e-03
-1.676475555423495578e-03
-1.680658837533322014e-03
-1.684842871733871483e-03
-1.689027658356656580e-03
-1.693213197628939959e-03
-1.697399489844930720e-03
-1.701586535326482519e-03
-1.705774334335274922e-03
-1.709962887177951529e-03
-1.714152194118856443e-03
-1.718342255466187574e-03
-1.722533071477294619e-03
-1.726724642465482518e-03
-1.730916968728513083e-03
-1.735110050526178505e-03
-1.739303888430909772e-03
-1.743498482813521377e-03
-1.747693833346053438e-03
-1.751889940750706032e-03
-1.756086804671874724e-03
-1.760284425906921690e-03
-1.764482804747946609e-03
-1.768681941409444569e-03
-1.772881836325290728e-03
-1.777082489723080805e-03
-1.781283901904462397e-03
-1.785486073055952971e-03
-1.789689003495076314e-03
-1.793892693593091003e-03
-1.798097143518306851e-03
-1.802302353942408786e-03
-1.806508324912248220e-03
-1.810715056727807415e-03
-1.814922549532083096e-03
-1.819130803481505687e-03
-1.823339819143066087e-03
-1.827549596824740163e-03
-1.831760136642324177e-03
-1.835971439174355346e-03
-1.840183504612236121e-03
-1.844396333263720322e-03
-1.848609925211630589e-03
-1.852824280827336523e-03
-1.857039400543047947e-03
-1.861255284648422048e-03
-1.865471933211848565e-03
-1.869689347313796546e-03
-1.873907527207174795e-03
-1.878126472244612266e-03
-1.882346183222027847e-03
-1.886566659464516960e-03
-1.890787902195212311e-03
-1.895009911438427785e-03
-1.899232687925245244e-03
-1.903456231803657417e-03
-1.907680543385192884e-03
-1.911905622648757408e-03
-1.916131470042103935e-03
-1.920358086033524536e-03
-1.924585470926776232e-03
-1.928813624692771178e-03
-1.933042548548424833e-03
-1.937272242233722963e-03
-1.941502706029996084e-03
-1.945733939905158749e-03
-1.949965943919051981e-03
-1.954198718985167282e-03
-1.958432265398157845e-03
-1.962666583076200233e-03
-1.966901672926568700e-03
-1.971137535058842261e-03
-1.975374169785215628e-03
-1.979611577429762903e-03
-1.983849758290245902e-03
-1.988088712695068594e-03
-1.992328440021173819e-03
-1.996568942278287295e-03
-2.000810219076831764e-03
-2.005052270787510693e-03
-2.009295097497365568e-03
-2.013538699759287454e-03
-2.017783077683410475e-03
-2.022028231608352655e-03
-2.026274160483843012e-03
-2.030520865568208322e-03
-2.034768347669024813e-03
-2.039016607107813073e-03
-2.043265644214753429e-03
-2.047515459319249054e-03
-2.051766052748371649e-03
-2.056017424828637807e-03
-2.060269574662654257e-03
-2.064522503832710854e-03
-2.068776212631684430e-03
-2.073030701399303233e-03
-2.077285970473852217e-03
-2.081542020195614739e-03
-2.085798850888109790e-03
-2.090056461511391461e-03
-2.094314853701595425e-03
-2.098574027862953884e-03
-2.102833984354401942e-03
-2.107094723517222157e-03
-2.111356245701578871e-03
-2.115618551257969493e-03
-2.119881640545662194e-03
-2.124145512311881312e-03
-2.128410168875549680e-03
-2.132675610384104914e-03
-2.136941837150185819e-03
-2.141208849302023154e-03
-2.145476647437249973e-03
-2.149745231703636961e-03
-2.154014602716580740e-03
-2.158284758548623117e-03
-2.162555701324953006e-03
-2.166827431816509275e-03
-2.171099950408650336e-03
-2.175373257481516553e-03
-2.179647353439562174e-03
-2.183922238668700722e-03
-2.188197911493494630e-03
-2.192474374551500738e-03
-2.196751628058990491e-03
-2.201029672431298323e-03
-2.205308508088976716e-03
-2.209588135446916013e-03
-2.213868554942211020e-03
-2.218149767002519646e-03
-2.222431769639099386e-03
-2.226714565448872918e-03
-2.230998155098196101e-03
-2.235282539053362605e-03
-2.239567717779000766e-03
-2.243853691749508883e-03
-2.248140461436620718e-03
-2.252428027343267303e-03
-2.256716387089130471e-03
-2.261005544591299099e-03
-2.265295499878750007e-03
-2.269586251803290544e-03
-2.273877800943235883e-03
-2.278170149307312542e-03
-2.282463297448522610e-03
-2.286757244260528843e-03
-2.291051992080128663e-03
-2.295347541397596558e-03
-2.299643892829106306e-03
-2.303941045141089106e-03
-2.308239000667566820e-03
-2.312537760201349712e-03
-2.316837324423781652e-03
-2.321137691976393747e-03
-2.325438866011220185e-03
-2.329740846882644156e-03
-2.334043635370708358e-03
-2.338347229943416039e-03
-2.342651633262970989e-03
-2.346956846633663218e-03
-2.351262870952774975e-03
-2.355569704518001295e-03
-2.359877351011729907e-03
-2.364185811313590513e-03
-2.368495083548305402e-03
-2.372805171495628862e-03
-2.377116076485386031e-03
-2.381427799744373353e-03
-2.385740339142516930e-03
-2.390053700252248170e-03
-2.394367883744585868e-03
-2.398682890808356838e-03
-2.402998719104765257e-03
-2.407315373141205583e-03
-2.411632853529077636e-03
-2.415951163100782395e-03
-2.420270302495253212e-03
-2.424590276344784634e-03
-2.428911083964369055e-03
-2.433232729895373758e-03
-2.437555214004016868e-03
-2.441878541745823306e-03
-2.446202712582667971e-03
-2.450527732342222542e-03
-2.454853600609041564e-03
-2.459180320912413009e-03
-2.463507898552874664e-03
-2.467836333492900991e-03
-2.472165633050638078e-03
-2.476495795944888556e-03
-2.480826829459048533e-03
-2.485158731795555909e-03
-2.489491510300201327e-03
-2.493825161491769471e-03
-2.498159690807466582e-03
-2.502495093434142781e-03
-2.506831370491346966e-03
-2.511168517447814885e-03
-2.515506530709754607e-03
-2.519845403311182785e-03
-2.524185130839629032e-03
-2.528525694085681508e-03
-2.532867085559331599e-03
-2.537209292468589616e-03
-2.541552302179117540e-03
-2.545896101946221179e-03
-2.550240680732285270e-03
-2.554586029815397730e-03
-2.558932140285685719e-03
-2.563279005973528868e-03
-2.567626622325347441e-03
-2.571974985054126250e-03
-2.576324095144855164e-03
-2.580673949519773913e-03
-2.585024552706705059e-03
-2.589375903415458424e-03
-2.593728006151652110e-03
-2.598080858779217017e-03
-2.602434468010783597e-03
-2.606788833426576524e-03
-2.611143960540074360e-03
-2.615499849001334809e-03
-2.619856504251560914e-03
-2.624213926727514412e-03
-2.628572120852434857e-03
-2.632931086293477385e-03
-2.637290827871008325e-03
-2.641651345891671276e-03
-2.646012644149209336e-03
-2.650374724336379550e-03
-2.654737588204891807e-03
-2.659101237771355208e-03
-2.663465671677744950e-03
-2.667830894390044172e-03
-2.672196905485924034e-03
-2.676563707170509510e-03
-2.680931300880540213e-03
-2.685299689981546223e-03
-2.689668873967376861e-03
-2.694038854659797089e-03
-2.698409632413301118e-03
-2.702781209007798502e-03
-2.707153584349808462e-03
-2.711526760549753945e-03
-2.715900738224696909e-03
-2.720275518574566398e-03
-2.724651102630093469e-03
-2.729027491091717827e-03
-2.733404683515683331e-03
-2.737782681912936944e-03
-2.742161486406158311e-03
-2.746541098381904966e-03
-2.750921518703930424e-03
-2.755302747719845513e-03
-2.759684786270422130e-03
-2.764067634511646609e-03
-2.768451293545193259e-03
-2.772835763660830288e-03
-2.777221045797917398e-03
-2.781607140465491845e-03
-2.785994048303819248e-03
-2.790381770800709482e-03
-2.794770308102378920e-03
-2.799159658557259789e-03
-2.803549824350715092e-03
-2.807940805923503369e-03
-2.812332603872591541e-03
-2.816725218684812404e-03
-2.821118650841669684e-03
-2.825512900874072031e-03
-2.829907969227885012e-03
-2.834303856347308859e-03
-2.838700562694418394e-03
-2.843098088741946583e-03
-2.847496434957963451e-03
-2.851895601725495943e-03
-2.856295590549895458e-03
-2.860696400818318885e-03
-2.865098032069690603e-03
-2.869500485581655269e-03
-2.873903761994034411e-03
-2.878307861491902209e-03
-2.882712784559426922e-03
-2.887118531516130737e-03
-2.891525103244418915e-03
-2.895932499654252368e-03
-2.900340721035510327e-03
-2.904749767851488862e-03
-2.909159640852809758e-03
-2.913570340059123964e-03
-2.917981866240038080e-03
-2.922394219246782221e-03
-2.926807401700926015e-03
-2.931221411896722806e-03
-2.935636250772200029e-03
-2.940051917365460454e-03
-2.944468411521183882e-03
-2.948885735128525809e-03
-2.953303887912372971e-03
-2.957722871191226233e-03
-2.962142685011714960e-03
-2.966563329727445186e-03
-2.970984805007903518e-03
-2.975407111531103155e-03
-2.979830250002479808e-03
-2.984254220767756927e-03
-2.988679023434914761e-03
-2.993104660391043836e-03
-2.997531130689790047e-03
-3.001958434674656395e-03
-3.006386571898111981e-03
-3.010815542128564282e-03
-3.015245347055883762e-03
-3.019675987013359375e-03
-3.024107461501612804e-03
-3.028539772109040129e-03
-3.032972918744936131e-03
-3.037406901757910838e-03
-3.041841720588855935e-03
-3.046277376003714288e-03
-3.050713868767207515e-03
-3.055151198299133064e-03
-3.059589368070603221e-03
-3.064028376216443306e-03
-3.068468223052289723e-03
-3.072908907400306866e-03
-3.077350429241176855e-03
-3.081792790702087004e-03
-3.086235992109997994e-03
-3.090680032797665788e-03
-3.095124914549995943e-03
-3.099570637208004520e-03
-3.104017201090769618e-03
-3.108464605498739708e-03
-3.112912851246929513e-03
-3.117361939170004703e-03
-3.121811869579937948e-03
-3.126262641732102665e-03
-3.130714258577915743e-03
-3.135166718857163026e-03
-3.139620021815670015e-03
-3.144074167212851378e-03
-3.148529156969837040e-03
-3.152984991401597270e-03
-3.157441669708438425e-03
-3.161899193861006374e-03
-3.166357563618826809e-03
-3.170816779301977029e-03
-3.175276841213325874e-03
-3.179737749661293300e-03
-3.184199504963292071e-03
-3.188662107424189429e-03
-3.193125555005060789e-03
-3.197589851875903832e-03
-3.202054997071823728e-03
-3.206520990659433856e-03
-3.210987832937273190e-03
-3.215455524213872707e-03
-3.219924064801649166e-03
-3.224393454876350873e-03
-3.228863692229633209e-03
-3.233334778246721442e-03
-3.237806714774138506e-03
-3.242279502119971291e-03
-3.246753140580760366e-03
-3.251227630457709239e-03
-3.255702972066565337e-03
-3.260179163148801962e-03
-3.264656207792704379e-03
-3.269134105068127738e-03
-3.273612855274832256e-03
-3.278092458724679581e-03
-3.282572915702886007e-03
-3.287054226524532830e-03
-3.291536391491711733e-03
-3.296019408284278640e-03
-3.300503278466759838e-03
-3.304988003667963525e-03
-3.309473584201638729e-03
-3.313960020362771708e-03
-3.318447312454453346e-03
-3.322935460779663508e-03
-3.327424465630057782e-03
-3.331914324549600792e-03
-3.336405042322354575e-03
-3.340896618024169484e-03
-3.345389051197633634e-03
-3.349882342668641932e-03
-3.354376492212707284e-03
-3.358871500635185470e-03
-3.363367364576874685e-03
-3.367864085951910447e-03
-3.372361666834189364e-03
-3.376860107512258402e-03
-3.381359408282880175e-03
-3.385859569446481032e-03
-3.390360591307040039e-03
-3.394862474155657672e-03
-3.399365215338789881e-03
-3.403868819624511488e-03
-3.408373285784693785e-03
-3.412878614118874943e-03
-3.417384804925371888e-03
-3.421891858497616568e-03
-3.426399775141919513e-03
-3.430908555142941907e-03
-3.435418195760209237e-03
-3.439928698744099123e-03
-3.444440065965337361e-03
-3.448952297714358295e-03
-3.453465394293031565e-03
-3.457979355996676496e-03
-3.462494183118502988e-03
-3.467009872829995842e-03
-3.471526430502080984e-03
-3.476043854971244684e-03
-3.480562145808385743e-03
-3.485081303776449424e-03
-3.489601328697689020e-03
-3.494122221347151225e-03
-3.498643981538318570e-03
-3.503166606412477790e-03
-3.507690097548255004e-03
-3.512214457329743134e-03
-3.516739686057035463e-03
-3.521265784033333901e-03
-3.525792751536527270e-03
-3.530320588873370191e-03
-3.534849293037711782e-03
-3.539378869315545906e-03
-3.543909316299331813e-03
-3.548440634290828122e-03
-3.552972823585243134e-03
-3.557505884475897773e-03
-3.562039817248341400e-03
-3.566574622208440459e-03
-3.571110296262114403e-03
-3.575646841325719194e-03
-3.580184259444396666e-03
-3.584722550903363114e-03
-3.589261716007929870e-03
-3.593801755043868340e-03
-3.598342666579656957e-03
-3.602884451770926866e-03
-3.607427110031147244e-03
-3.611970646762885373e-03
-3.616515058851299536e-03
-3.621060346886251224e-03
-3.625606508760870206e-03
-3.630153543686898132e-03
-3.634701455171973628e-03
-3.639250241748936965e-03
-3.643799906378530906e-03
-3.648350448455239814e-03
-3.652901868266389407e-03
-3.657454164310958156e-03
-3.662007337749684233e-03
-3.666561389796263448e-03
-3.671116320748901707e-03
-3.675672129082485640e-03
-3.680228819713970978e-03
-3.684786390141248091e-03
-3.689344840651642699e-03
-3.693904169689621320e-03
-3.698464376549415178e-03
-3.703025464360076846e-03
-3.707587433417813827e-03
-3.712150282146775560e-03
-3.716714013664246252e-03
-3.721278627307089693e-03
-3.725844123369514982e-03
-3.730410500252911987e-03
-3.734977759167645850e-03
-3.739545901373486636e-03
-3.744114925255170867e-03
-3.748684836690441280e-03
-3.753255632296781386e-03
-3.757827312667716413e-03
-3.762399875386623904e-03
-3.766973319645816609e-03
-3.771547649247253275e-03
-3.776122864480924157e-03
-3.780698963689266279e-03
-3.785275950111244292e-03
-3.789853823048305870e-03
-3.794432582792550690e-03
-3.799012227659104290e-03
-3.803592758902185622e-03
-3.808174177822309936e-03
-3.812756484712687133e-03
-3.817339677871123271e-03
-3.821923762665657698e-03
-3.826508735325084842e-03
-3.831094593527595293e-03
-3.835681340149998952e-03
-3.840268976005423163e-03
-3.844857501355436469e-03
-3.849446915996534990e-03
-3.854037222808304186e-03
-3.858628419498466577e-03
-3.863220505798237170e-03
-3.867813482549053994e-03
-3.872407351602324965e-03
-3.877002111687621877e-03
-3.881597763601196682e-03
-3.886194307123780334e-03
-3.890791747718003180e-03
-3.895390080777327846e-03
-3.899989302966422322e-03
-3.904589417924708705e-03
-3.909190427535791379e-03
-3.913792330499155092e-03
-3.918395127624263452e-03
-3.922998818681522337e-03
-3.927603406657875773e-03
-3.932208889152577491e-03
-3.936815265878967907e-03
-3.941422537700911555e-03
-3.946030705448300147e-03
-3.950639769398689438e-03
-3.955249729313381479e-03
-3.959860590445285489e-03
-3.964472348138903257e-03
-3.969084999851713036e-03
-3.973698548685011822e-03
-3.978312996577804128e-03
-3.982928343280289774e-03
-3.987544589080238566e-03
-3.992161732060961477e-03
-3.996779775861769579e-03
-4.001398719645887780e-03
-4.006018563703861446e-03
-4.010639306100682866e-03
-4.015260948211696324e-03
-4.019883491474751658e-03
-4.024506936185945349e-03
-4.029131280386177849e-03
-4.033756531072407725e-03
-4.038382683687835595e-03
-4.043009736860780912e-03
-4.047637688675442824e-03
-4.052266543697835566e-03
-4.056896302216617123e-03
-4.061526962242378858e-03
-4.066158527530117084e-03
-4.070790997205198103e-03
-4.075424371554392522e-03
-4.080058648562201462e-03
-4.084693829640606566e-03
-4.089329916285744382e-03
-4.093966908779944625e-03
-4.098604805080174884e-03
-4.103243611454199247e-03
-4.107883324571792727e-03
-4.112523944730828163e-03
-4.117165469854078275e-03
-4.121807898930018865e-03
-4.126451235919370575e-03
-4.131095481118673973e-03
-4.135740632419504514e-03
-4.140386693748165925e-03
-4.145033664161079656e-03
-4.149681541557370679e-03
-4.154330327392097288e-03
-4.158980023203140419e-03
-4.163630629284709173e-03
-4.168282143490520397e-03
-4.172934573213993303e-03
-4.177587914111491330e-03
-4.182242166491212387e-03
-4.186897327909000488e-03
-4.191553396888370031e-03
-4.196210378196729707e-03
-4.200868274613744902e-03
-4.205527085400229126e-03
-4.210186806558269268e-03
-4.214847438902546983e-03
-4.219508985061959372e-03
-4.224171445323832152e-03
-4.228834819991478255e-03
-4.233499109361993362e-03
-4.238164313730696797e-03
-4.242830428327293291e-03
-4.247497461125404605e-03
-4.252165409802444174e-03
-4.256834274666720930e-03
-4.261504056007447971e-03
-4.266174754122387114e-03
-4.270846369309522217e-03
-4.275518896713736972e-03
-4.280192339097377285e-03
-4.284866699432288151e-03
-4.289541978003130751e-03
-4.294218175117991976e-03
-4.298895291067972302e-03
-4.303573326153165013e-03
-4.308252280676549972e-03
-4.312932149673209814e-03
-4.317612941861170839e-03
-4.322294655240921379e-03
-4.326977288736322258e-03
-4.331660843659546067e-03
-4.336345319284284905e-03
-4.341030716933591549e-03
-4.345717035887264323e-03
-4.350404271503904852e-03
-4.355092426002404871e-03
-4.359781503182502682e-03
-4.364471503350397796e-03
-4.369162426798189891e-03
-4.373854273823418737e-03
-4.378547044730285442e-03
-4.383240734373461400e-03
-4.387935351433669418e-03
-4.392630893225168975e-03
-4.397327360082914360e-03
-4.402024752309552369e-03
-4.406723070197737790e-03
-4.411422314048563109e-03
-4.416122484160123207e-03
-4.420823575293275631e-03
-4.425525590295409373e-03
-4.430228532437574529e-03
-4.434932402016311670e-03
-4.439637199338042350e-03
-4.444342924695088293e-03
-4.449049578388430959e-03
-4.453757160716165231e-03
-4.458465666332789290e-03
-4.463175104476801991e-03
-4.467885473105726035e-03
-4.472596771001313698e-03
-4.477308999587870098e-03
-4.482022157992648914e-03
-4.486736247731548666e-03
-4.491451261832812847e-03
-4.496167203856260564e-03
-4.500884077481281942e-03
-4.505601883018406362e-03
-4.510320620762509058e-03
-4.515040288101790367e-03
-4.519760886797841160e-03
-4.524482418584940824e-03
-4.529204880848847203e-03
-4.533928281397758830e-03
-4.538652615948990388e-03
-4.543377884800858801e-03
-4.548104085299931043e-03
-4.552831216064867625e-03
-4.557559282013179391e-03
-4.562288280479553926e-03
-4.567018216276808040e-03
-4.571749088160936836e-03
-4.576480896427814749e-03
-4.581213638390257969e-03
-4.585947315769334232e-03
-4.590681930422113588e-03
-4.595417482661900976e-03
-4.600153969759768202e-03
-4.604891400608379648e-03
-4.609629770056744569e-03
-4.614369078248192757e-03
-4.619109322288705854e-03
-4.623850500221959869e-03
-4.628592617833771072e-03
-4.633335675419236743e-03
-4.638079670205352834e-03
-4.642824607170803475e-03
-4.647570485020180442e-03
-4.652317304049025104e-03
-4.657065061454024324e-03
-4.661813759020527748e-03
-4.666563398668222007e-03
-4.671313977564928166e-03
-4.676065504018556140e-03
-4.680817973469753035e-03
-4.685571386202513899e-03
-4.690325739374778813e-03
-4.695081031513392844e-03
-4.699837267824968912e-03
-4.704594448627030800e-03
-4.709352571028002643e-03
-4.714111640165663530e-03
-4.718871654689871242e-03
-4.723632614904271776e-03
-4.728394517903189431e-03
-4.733157365521822868e-03
-4.737921159727265241e-03
-4.742685900821386191e-03
-4.747451585874751245e-03
-4.752218224327919849e-03
-4.756985810673186599e-03
-4.761754345115831732e-03
-4.766523824480728422e-03
-4.771294246745938494e-03
-4.776065618016578362e-03
-4.780837935298043462e-03
-4.785611203894646337e-03
-4.790385422395404547e-03
-4.795160591110514403e-03
-4.799936707028829019e-03
-4.804713772033397667e-03
-4.809491788146602609e-03
-4.814270755685967629e-03
-4.819050671590052737e-03
-4.823831544737089416e-03
-4.828613370219558831e-03
-4.833396148337554266e-03
-4.838179876022752346e-03
-4.842964551689754593e-03
-4.847750180882570703e-03
-4.852536763916504015e-03
-4.857324297691256731e-03
-4.862112787672900893e-03
-4.866902232402270378e-03
-4.871692632185675720e-03
-4.876483983893398211e-03
-4.881276289474545393e-03
-4.886069551006455569e-03
-4.890863765347752690e-03
-4.895658942417391302e-03
-4.900455076871201854e-03
-4.905252168081464248e-03
-4.910050217211470169e-03
-4.914849223827344460e-03
-4.919649188865338196e-03
-4.924450111986833356e-03
-4.929251986414251441e-03
-4.934054815501687230e-03
-4.938858603891427279e-03
-4.943663351890004165e-03
-4.948469059796511971e-03
-4.953275727919037585e-03
-4.958083356567111188e-03
-4.962891946049485803e-03
-4.967701489499098955e-03
-4.972511998082240758e-03
-4.977323468418726193e-03
-4.982135900797879380e-03
-4.986949295528231296e-03
-4.991763652924974259e-03
-4.996578973283538616e-03
-5.001395249645712582e-03
-5.006212485802019607e-03
-5.011030685814876762e-03
-5.015849850001696808e-03
-5.020669978664682453e-03
-5.025491072109589119e-03
-5.030313130650831965e-03
-5.035136154585395651e-03
-5.039960136833609994e-03
-5.044785088765380010e-03
-5.049611008971610637e-03
-5.054437894629004724e-03
-5.059265748383556804e-03
-5.064094568209220881e-03
-5.068924356746551396e-03
-5.073755111957622965e-03
-5.078586828059727942e-03
-5.083419507791453462e-03
-5.088253156270927668e-03
-5.093087773804350071e-03
-5.097923360702361073e-03
-5.102759917271715295e-03
-5.107597443818834293e-03
-5.112435933017578371e-03
-5.117275396739340287e-03
-5.122115831358020621e-03
-5.126957237183038529e-03
-5.131799614374932261e-03
-5.136642963384785432e-03
-5.141487284523682533e-03
-5.146332578097823074e-03
-5.151178836649394910e-03
-5.156026064355945238e-03
-5.160874265403458949e-03
-5.165723440095582042e-03
-5.170573588738069937e-03
-5.175424711640008724e-03
-5.180276809118478099e-03
-5.185129881471683966e-03
-5.189983921118357379e-03
-5.194838940109747227e-03
-5.199694936704357673e-03
-5.204551908302823549e-03
-5.209409857422908630e-03
-5.214268782157471804e-03
-5.219128685038154636e-03
-5.223989555798724815e-03
-5.228851399899925312e-03
-5.233714221938634559e-03
-5.238578022215945040e-03
-5.243442801047382140e-03
-5.248308558748471242e-03
-5.253175295613310425e-03
-5.258043011962865165e-03
-5.262911699963512824e-03
-5.267781372066293599e-03
-5.272652024573387664e-03
-5.277523657789551237e-03
-5.282396272031197881e-03
-5.287269867597421680e-03
-5.292144444800639391e-03
-5.297020003957819689e-03
-5.301896537087236183e-03
-5.306774048664975041e-03
-5.311652543092848511e-03
-5.316532020679165527e-03
-5.321412481741005784e-03
-5.326293926575353943e-03
-5.331176355508837617e-03
-5.336059760437605881e-03
-5.340944154083260287e-03
-5.345829534527335447e-03
-5.350715899254621100e-03
-5.355603250672635873e-03
-5.360491582584336889e-03
-5.365380893937232720e-03
-5.370271191829645296e-03
-5.375162472299410688e-03
-5.380054742056272765e-03
-5.384947999278133501e-03
-5.389842244264420046e-03
-5.394737473036981257e-03
-5.399633688038640855e-03
-5.404530891735759290e-03
-5.409429084419881129e-03
-5.414328262085432719e-03
-5.419228435993295179e-03
-5.424129599832516746e-03
-5.429031749554336095e-03
-5.433934883149138528e-03
-5.438839007578355478e-03
-5.443744123164173665e-03
-5.448650225811868530e-03
-5.453557322395830020e-03
-5.458465411051882654e-03
-5.463374492092998302e-03
-5.468284561405800659e-03
-5.473195621512383369e-03
-5.478107674925958293e-03
-5.483020721950282450e-03
-5.487934758429569015e-03
-5.492849797023469094e-03
-5.497765830528633657e-03
-5.502682858355756323e-03
-5.507600871297979594e-03
-5.512519877469479468e-03
-5.517439879398011726e-03
-5.522360872879494842e-03
-5.527282864964622178e-03
-5.532205853731930745e-03
-5.537129839497501038e-03
-5.542054818002517536e-03
-5.546980791853006743e-03
-5.551907763611474422e-03
-5.556835733584675197e-03
-5.561764697492810328e-03
-5.566694667358373927e-03
-5.571625636373367385e-03
-5.576557604847653948e-03
-5.581490568453140177e-03
-5.586424524944400005e-03
-5.591359481789015540e-03
-5.596295439301512964e-03
-5.601232393131150289e-03
-5.606170350549666281e-03
-5.611109309546780111e-03
-5.616049270452672104e-03
-5.620990228868305572e-03
-5.625932187456772482e-03
-5.630875148860958745e-03
-5.635819108650852449e-03
-5.640764080225957322e-03
-5.645710055920516446e-03
-5.650657035491390978e-03
-5.655605014487141702e-03
-5.660553989672578723e-03
-5.665503969798924011e-03
-5.670454955180037615e-03
-5.675406941327953980e-03
-5.680359935704148988e-03
-5.685313936253044709e-03
-5.690268943272847046e-03
-5.695224952250610428e-03
-5.700181965914707938e-03
-5.705139986958651654e-03
-5.710099015689751312e-03
-5.715059047554538196e-03
-5.720020095381528336e-03
-5.724982151816493392e-03
-5.729945217169185590e-03
-5.734909286843503651e-03
-5.739874358313801217e-03
-5.744840439585008340e-03
-5.749807526049033335e-03
-5.754775625430919028e-03
-5.759744735526761694e-03
-5.764714856650088315e-03
-5.769685984148842373e-03
-5.774658120734854627e-03
-5.779631269243745706e-03
-5.784605429973388446e-03
-5.789580598244525866e-03
-5.794556788363935951e-03
-5.799533992284167105e-03
-5.804512209083179108e-03
-5.809491434775937435e-03
-5.814471665146703216e-03
-5.819452909848976674e-03
-5.824435169170527615e-03
-5.829418438370814748e-03
-5.834402725396259370e-03
-5.839388027946812443e-03
-5.844374346320124758e-03
-5.849361675738795618e-03
-5.854350018948739631e-03
-5.859339378872840953e-03
-5.864329750706387401e-03
-5.869321147908945768e-03
-5.874313562720501203e-03
-5.879306995452471263e-03
-5.884301441253958487e-03
-5.889296897434670441e-03
-5.894293372403658360e-03
-5.899290866446249559e-03
-5.904289374713211913e-03
-5.909288905305176698e-03
-5.914289455866583722e-03
-5.919291026689421642e-03
-5.924293612879161230e-03
-5.929297217226126016e-03
-5.934301842712819131e-03
-5.939307489633782744e-03
-5.944314153045748839e-03
-5.949321847825483900e-03
-5.954330566127041813e-03
-5.959340305936033921e-03
-5.964351063672546083e-03
-5.969362834799873951e-03
-5.974375629384964803e-03
-5.979389442453353354e-03
-5.984404282374788941e-03
-5.989420146626844854e-03
-5.994437035495736588e-03
-5.999454943969917409e-03
-6.004473874796856236e-03
-6.009493831095169547e-03
-6.014514813156957018e-03
-6.019536815938142382e-03
-6.024559853536226584e-03
-6.029583917751546451e-03
-6.034609008803704100e-03
-6.039635121696473874e-03
-6.044662253590238343e-03
-6.049690413235220277e-03
-6.054719600897096043e-03
-6.059749811489378857e-03
-6.064781053452206194e-03
-6.069813324283801492e-03
-6.074846618869811365e-03
-6.079880940069282147e-03
-6.084916290967190555e-03
-6.089952671847753685e-03
-6.094990077550321850e-03
-6.100028523427947214e-03
-6.105068000933466799e-03
-6.110108508820100148e-03
-6.115150042405370634e-03
-6.120192598052298649e-03
-6.125236185594129523e-03
-6.130280805308419012e-03
-6.135326451996769848e-03
-6.140373134228993557e-03
-6.145420849440696998e-03
-6.150469597906327301e-03
-6.155519374413276346e-03
-6.160570181864111206e-03
-6.165622023377670402e-03
-6.170674899206529673e-03
-6.175728804120650395e-03
-6.180783752606777703e-03
-6.185839736215226203e-03
-6.190896749695085077e-03
-6.195954790078839203e-03
-6.201013866363735971e-03
-6.206073978811676994e-03
-6.211135122156874466e-03
-6.216197305046522459e-03
-6.221260524885030563e-03
-6.226324781920422602e-03
-6.231390070872144804e-03
-6.236456394666856085e-03
-6.241523756429057102e-03
-6.246592156418984132e-03
-6.251661589324331025e-03
-6.256732070659909439e-03
-6.261803592040759980e-03
-6.266876151614253487e-03
-6.271949745567551027e-03
-6.277024369068406884e-03
-6.282100032547588420e-03
-6.287176736258448528e-03
-6.292254474860259350e-03
-6.297333256971127113e-03
-6.302413080044977356e-03
-6.307493938742525508e-03
-6.312575836106448790e-03
-6.317658775161105744e-03
-6.322742756143973075e-03
-6.327827773710326120e-03
-6.332913842436171947e-03
-6.338000953816314009e-03
-6.343089108082011762e-03
-6.348178299867668350e-03
-6.353268526248179171e-03
-6.358359796214130277e-03
-6.363452109995337835e-03
-6.368545462228536458e-03
-6.373639861540936202e-03
-6.378735302557281273e-03
-6.383831784107840690e-03
-6.388929307821089587e-03
-6.394027878122932051e-03
-6.399127491037548410e-03
-6.404228148172763646e-03
-6.409329848367062432e-03
-6.414432602575681486e-03
-6.419536392338165420e-03
-6.424641225810656664e-03
-6.429747107415395568e-03
-6.434854035961889984e-03
-6.439962011659750019e-03
-6.445071029131388407e-03
-6.450181096971263628e-03
-6.455292212608654268e-03
-6.460404376232409263e-03
-6.465517582480595493e-03
-6.470631834358364642e-03
-6.475747134851772557e-03
-6.480863484160215293e-03
-6.485980876918873150e-03
-6.491099327487703796e-03
-6.496218827464539380e-03
-6.501339377058656943e-03
-6.506460970896132956e-03
-6.511583606185311623e-03
-6.516707291671419711e-03
-6.521832027551743849e-03
-6.526957808475009060e-03
-6.532084642939084418e-03
-6.537212528363811614e-03
-6.542341459401579407e-03
-6.547471439016350203e-03
-6.552602470144330837e-03
-6.557734552970262421e-03
-6.562867682158968208e-03
-6.568001872672812880e-03
-6.573137116815064296e-03
-6.578273412099266970e-03
-6.583410755167107276e-03
-6.588549140906008184e-03
-6.593688579567880126e-03
-6.598829071322365181e-03
-6.603970610879916769e-03
-6.609113206585415234e-03
-6.614256855883127173e-03
-6.619401558922044515e-03
-6.624547310447814752e-03
-6.629694113332029737e-03
-6.634841970455829241e-03
-6.639990876556645105e-03
-6.645140845058628010e-03
-6.650291868253499494e-03
-6.655443946275485523e-03
-6.660597073916751931e-03
-6.665751248882911817e-03
-6.670906479146254675e-03
-6.676062764837342733e-03
-6.681220100779206028e-03
-6.686378495132316857e-03
-6.691537945338388305e-03
-6.696698451533644736e-03
-6.701860008570426075e-03
-6.707022619203972802e-03
-6.712186286245147571e-03
-6.717351009814853668e-03
-6.722516784797627487e-03
-6.727683623395597223e-03
-6.732851520302562953e-03
-6.738020472974115549e-03
-6.743190478319061043e-03
-6.748361533312263738e-03
-6.753533645709963729e-03
-6.758706810468861903e-03
-6.763881035468766179e-03
-6.769056315632515641e-03
-6.774232656246437223e-03
-6.779410049724599041e-03
-6.784588498731758399e-03
-6.789768005937779627e-03
-6.794948571451464581e-03
-6.800130190314557233e-03
-6.805312873428115417e-03
-6.810496615135441800e-03
-6.815681415534791121e-03
-6.820867269729080640e-03
-6.826054177192841799e-03
-6.831242141186799621e-03
-6.836431163046108317e-03
-6.841621241641115958e-03
-6.846812383251799083e-03
-6.852004581781812043e-03
-6.857197836084072406e-03
-6.862392147509499551e-03
-6.867587517374817985e-03
-6.872783945758076385e-03
-6.877981431540280965e-03
-6.883179984644605121e-03
-6.888379596346472233e-03
-6.893580259663689702e-03
-6.898781980737234143e-03
-6.903984763210413433e-03
-6.909188603594684785e-03
-6.914393503151483600e-03
-6.919599460790570866e-03
-6.924806482450640566e-03
-6.930014562340991446e-03
-6.935223699347736748e-03
-6.940433894750741572e-03
-6.945645152071078243e-03
-6.950857467936444323e-03
-6.956070842401018695e-03
-6.961285276118833742e-03
-6.966500776396267192e-03
-6.971717329962712206e-03
-6.976934944114332460e-03
-6.982153616667763352e-03
-6.987373349372716369e-03
-6.992594142844921201e-03
-6.997815996033329711e-03
-7.003038913416803624e-03
-7.008262887320704237e-03
-7.013487922218120119e-03
-7.018714017072325007e-03
-7.023941174111647534e-03
-7.029169390135314721e-03
-7.034398667370878044e-03
-7.039629004794489830e-03
-7.044860408847553046e-03
-7.050092867873836155e-03
-7.055326389346028293e-03
-7.060560970715945572e-03
-7.065796615137287517e-03
-7.071033319559272279e-03
-7.076271085048269072e-03
-7.081509910648819961e-03
-7.086749801520686454e-03
-7.091990752596144532e-03
-7.097232762902305758e-03
-7.102475833539401151e-03
-7.107719965564140985e-03
-7.112965159011497285e-03
-7.118211412956432227e-03
-7.123458735948551279e-03
-7.128707119514743340e-03
-7.133956559165932632e-03
-7.139207059531638144e-03
-7.144458623540517195e-03
-7.149711248367163208e-03
-7.154964935000451831e-03
-7.160219682565749366e-03
-7.165475495822137830e-03
-7.170732370098464870e-03
-7.175990304504886730e-03
-7.181249300052039430e-03
-7.186509359559223320e-03
-7.191770482146475629e-03
-7.197032667844327491e-03
-7.202295913105061231e-03
-7.207560227448950307e-03
-7.212825606490058661e-03
-7.218092043645207845e-03
-7.223359538530038648e-03
-7.228628096828892957e-03
-7.233897718602166904e-03
-7.239168400420048499e-03
-7.244440147557873466e-03
-7.249712958322218626e-03
-7.254986832758714144e-03
-7.260261767519704534e-03
-7.265537764374552232e-03
-7.270814825083959931e-03
-7.276092949709656033e-03
-7.281372134980146349e-03
-7.286652389389969287e-03
-7.291933707873177184e-03
-7.297216090488722884e-03
-7.302499534054707198e-03
-7.307784036913123060e-03
-7.313069604134692092e-03
-7.318356235790135500e-03
-7.323643928766832012e-03
-7.328932687928557677e-03
-7.334222511741650408e-03
-7.339513397139563189e-03
-7.344805348886263019e-03
-7.350098367070900807e-03
-7.355392450195563647e-03
-7.360687592214310015e-03
-7.365983802425923876e-03
-7.371281080387315221e-03
-7.376579421888518340e-03
-7.381878830516663825e-03
-7.387179302865587438e-03
-7.392480842497883842e-03
-7.397783446060346435e-03
-7.403087109951744793e-03
-7.408391835474037457e-03
-7.413697626973858590e-03
-7.419004484564561963e-03
-7.424312408347066850e-03
-7.429621398413410738e-03
-7.434931454892379499e-03
-7.440242577880451513e-03
-7.445554761756456585e-03
-7.450868015372535957e-03
-7.456182335862759913e-03
-7.461497723346699473e-03
-7.466814177938818631e-03
-7.472131699773787439e-03
-7.477450288975506787e-03
-7.482769940153510824e-03
-7.488090655975110366e-03
-7.493412439590896312e-03
-7.498735291135760761e-03
-7.504059210744928876e-03
-7.509384198567392588e-03
-7.514710254746703733e-03
-7.520037379426525170e-03
-7.525365567252917387e-03
-7.530694834318785169e-03
-7.536025172945381989e-03
-7.541356578940727751e-03
-7.546689055998534457e-03
-7.552022600741170599e-03
-7.557357216288029811e-03
-7.562692900453860112e-03
-7.568029649374308221e-03
-7.573367456967461386e-03
-7.578706334885221274e-03
-7.584046283300227564e-03
-7.589387302404770885e-03
-7.594729392382149058e-03
-7.600072553418768528e-03
-7.605416780283591471e-03
-7.610762089145906018e-03
-7.616108469657101310e-03
-7.621455922005249128e-03
-7.626804446411172833e-03
-7.632154043073047234e-03
-7.637504712193154965e-03
-7.642856453994095745e-03
-7.648209263237615296e-03
-7.653563134980556626e-03
-7.658918080041154930e-03
-7.664274098630352583e-03
-7.669631190977299617e-03
-7.674989357312922422e-03
-7.680348597859487647e-03
-7.685708907352317709e-03
-7.691070302035196704e-03
-7.696432773298012009e-03
-7.701796319031783966e-03
-7.707160940859991705e-03
-7.712526637660532813e-03
-7.717893411050114061e-03
-7.723261259901414988e-03
-7.728630179479001328e-03
-7.734000164213328254e-03
-7.739371225837232693e-03
-7.744743364625827908e-03
-7.750116580837906888e-03
-7.755490874744253027e-03
-7.760866246608877361e-03
-7.766242696712333249e-03
-7.771620219581554245e-03
-7.776998832040193932e-03
-7.782378523568667106e-03
-7.787759294439755564e-03
-7.793141144947890453e-03
-7.798524075381951803e-03
-7.803908086028710223e-03
-7.809293171268882894e-03
-7.814679326339946108e-03
-7.820066562479355277e-03
-7.825454879967663757e-03
-7.830844279127391339e-03
-7.836234760256410858e-03
-7.841626323660699782e-03
-7.847018969652452824e-03
-7.852412692413546225e-03
-7.857807509320857697e-03
-7.863203411544339438e-03
-7.868600396031655286e-03
-7.873998466278564479e-03
-7.879397619434680422e-03
-7.884797858994208042e-03
-7.890199182137402900e-03
-7.895601585062750338e-03
-7.901005061682453423e-03
-7.906409624398369473e-03
-7.911815273543010285e-03
-7.917222009473201538e-03
-7.922629832510907910e-03
-7.928038743017284951e-03
-7.933448734663617330e-03
-7.938859825820765437e-03
-7.944272005467656328e-03
-7.949685273968776222e-03
-7.955099631671069815e-03
-7.960515078942465017e-03
-7.965931616130905724e-03
-7.971349243606651314e-03
-7.976767954738006594e-03
-7.982187745236957177e-03
-7.987608627050724053e-03
-7.993030600547790243e-03
-7.998453666099636372e-03
-8.003877824083405201e-03
-8.009303074870355310e-03
-8.014729418845845110e-03
-8.020156849015247502e-03
-8.025585384801470212e-03
-8.031015016692455433e-03
-8.036445741421816003e-03
-8.041877563085941816e-03
-8.047310478365377051e-03
-8.052744491358621026e-03
-8.058179591113656670e-03
-8.063615775513621742e-03
-8.069053056876329677e-03
-8.074491435590469557e-03
-8.079930912060939718e-03
-8.085371486687087383e-03
-8.090813159874699068e-03
-8.096255932023344037e-03
-8.101699795410866045e-03
-8.107144770755914109e-03
-8.112590846258704858e-03
-8.118038022327578318e-03
-8.123486299377535858e-03
-8.128935677818249772e-03
-8.134386158064832451e-03
-8.139837740537281263e-03
-8.145290417062245325e-03
-8.150744184082792110e-03
-8.156199054476953592e-03
-8.161655028682823776e-03
-8.167112107110741093e-03
-8.172570290189806741e-03
-8.178029578347345563e-03
-8.183489963018208968e-03
-8.188951466311822358e-03
-8.194414077753564563e-03
-8.199877794077159443e-03
-8.205342619466704512e-03
-8.210808550600523503e-03
-8.216275591667931977e-03
-8.221743739310616306e-03
-8.227212987449439296e-03
-8.232683330870682603e-03
-8.238154783989481977e-03
-8.243627347242710179e-03
-8.249101021063576233e-03
-8.254575805896391394e-03
-8.260051702183024425e-03
-8.265528710364566933e-03
-8.271006820906978696e-03
-8.276486049065834294e-03
-8.281966390418449286e-03
-8.287447845400919277e-03
-8.292930414465660149e-03
-8.298414098061090982e-03
-8.303898896633077342e-03
-8.309384800207264554e-03
-8.314871814443680620e-03
-8.320359944905875160e-03
-8.325849192035494895e-03
-8.331339556302275184e-03
-8.336831038143976969e-03
-8.342323638008908304e-03
-8.347817356368913977e-03
-8.353312182712069323e-03
-8.358808133674289209e-03
-8.364305206481126298e-03
-8.369803397460628958e-03
-8.375302711275289802e-03
-8.380803144166892871e-03
-8.386304700813251856e-03
-8.391807377528981426e-03
-8.397311166548404593e-03
-8.402816071692909006e-03
-8.408322100210918748e-03
-8.413829252569726691e-03
-8.419337529222858940e-03
-8.424846930649598775e-03
-8.430357457299031410e-03
-8.435869097647930026e-03
-8.441381870151198896e-03
-8.446895769235629459e-03
-8.452410795363851648e-03
-8.457926949003935491e-03
-8.463444230615180253e-03
-8.468962640674204678e-03
-8.474482179636311230e-03
-8.480002835428934738e-03
-8.485524614603390248e-03
-8.491047523985328915e-03
-8.496571564031607515e-03
-8.502096735216957413e-03
-8.507623037997680271e-03
-8.513150472863051377e-03
-8.518679040272369996e-03
-8.524208727567983424e-03
-8.529739554819837366e-03
-8.535271518052889306e-03
-8.540804613541896906e-03
-8.546338846033840753e-03
-8.551874211715992935e-03
-8.557410715338775731e-03
-8.562948339547404863e-03
-8.568487093603249782e-03
-8.574026984765836801e-03
-8.579568013514449198e-03
-8.585110180308053174e-03
-8.590653485635590947e-03
-8.596197929969462415e-03
-8.601743513775406136e-03
-8.607290223323627032e-03
-8.612838080389706441e-03
-8.618387078322076178e-03
-8.623937217590360582e-03
-8.629488498674620089e-03
-8.635040922047032552e-03
-8.640594488189767830e-03
-8.646149197573338441e-03
-8.651705035873757943e-03
-8.657262010805855112e-03
-8.662820130295623144e-03
-8.668379394821235095e-03
-8.673939804854646773e-03
-8.679501360888575157e-03
-8.685064063383207689e-03
-8.690627897504965560e-03
-8.696192886614717565e-03
-8.701759025651290003e-03
-8.707326310914087486e-03
-8.712894747120225603e-03
-8.718464330507047499e-03
-8.724035065799551347e-03
-8.729606949228863044e-03
-8.735179968610395917e-03
-8.740754130083461249e-03
-8.746329443140021809e-03
-8.751905908263912792e-03
-8.757483525929532497e-03
-8.763062296619050784e-03
-8.768642220814304444e-03
-8.774223298998351517e-03
-8.779805515114924575e-03
-8.785388894429035922e-03
-8.790973429137372008e-03
-8.796559119715330333e-03
-8.802145966649632669e-03
-8.807733970420561498e-03
-8.813323131513173259e-03
-8.818913433340958008e-03
-8.824504884747508271e-03
-8.830097494800237534e-03
-8.835691263991862776e-03
-8.841286192789121756e-03
-8.846882281684176341e-03
-8.852479531165191595e-03
-8.858077941702346969e-03
-8.863677496115607291e-03
-8.869278221289578212e-03
-8.874880111361282964e-03
-8.880483161922803070e-03
-8.886087378408347170e-03
-8.891692756341718074e-03
-8.897299301174221853e-03
-8.902906990262748899e-03
-8.908515835520880444e-03
-8.914125846526288477e-03
-8.919737023765916817e-03
-8.925349367723045546e-03
-8.930962878885284617e-03
-8.936577557734137756e-03
-8.942193404768095100e-03
-8.947810401610634123e-03
-8.953428577011091072e-03
-8.959047922045049184e-03
-8.964668437166700699e-03
-8.970290122857549342e-03
-8.975912979600986219e-03
-8.981537007893058977e-03
-8.987162208220045301e-03
-8.992788561582920615e-03
-8.998416078002668961e-03
-9.004044767796703930e-03
-9.009674631454966942e-03
-9.015305669461959326e-03
-9.020937882316393264e-03
-9.026571270493333188e-03
-9.032205814458071913e-03
-9.037841544688451911e-03
-9.043478454353492957e-03
-9.049116538738966042e-03
-9.054755803394320957e-03
-9.060396243708135344e-03
-9.066037865319231948e-03
-9.071680663567893710e-03
-9.077324622119409270e-03
-9.082969749016456262e-03
-9.088616056473153293e-03
-9.094263544992875481e-03
-9.099912215057348597e-03
-9.105562067163397444e-03
-9.111213101808735004e-03
-9.116865319489630970e-03
-9.122518699362203165e-03
-9.128173273936668330e-03
-9.133829032983431517e-03
-9.139485976993655392e-03
-9.145144106474822898e-03
-9.150803421914543989e-03
-9.156463923694957430e-03
-9.162125590533642949e-03
-9.167788433762091849e-03
-9.173452464808273810e-03
-9.179117684175563951e-03
-9.184784092368003527e-03
-9.190451689865541951e-03
-9.196120477187208486e-03
-9.201790454819280818e-03
-9.207461600704514026e-03
-9.213133949015572810e-03
-9.218807491709557489e-03
-9.224482224250873941e-03
-9.230158152036871400e-03
-9.235835270647085871e-03
-9.241513585510174877e-03
-9.247193092209893273e-03
-9.252873771653957746e-03
-9.258555633389398132e-03
-9.264238690811832377e-03
-9.269922944421638000e-03
-9.275608394727408168e-03
-9.281295042240511606e-03
-9.286982887467543080e-03
-9.292671907079275151e-03
-9.298362137249882586e-03
-9.304053566627334959e-03
-9.309746195722445883e-03
-9.315440025046251016e-03
-9.321135055111895440e-03
-9.326831286444958735e-03
-9.332528719549038065e-03
-9.338227330406234650e-03
-9.343927131680751508e-03
-9.349628136152587921e-03
-9.355330344334333859e-03
-9.361033756756009794e-03
-9.366738373927652184e-03
-9.372444196385054660e-03
-9.378151224644137862e-03
-9.383859433963803731e-03
-9.389568862576136432e-03
-9.395279501202113970e-03
-9.400991345192788451e-03
-9.406704400080290185e-03
-9.412418661393195940e-03
-9.418134134667521806e-03
-9.423850789478049883e-03
-9.429568641715069255e-03
-9.432427800882048352e-03
