4.400018582142626866e-01
4.400107340562696701e-01
4.400197373272315970e-01
4.400288702745213665e-01
4.400370603448559570e-01
4.400464423024190164e-01
4.400559600574061037e-01
4.400656155752868393e-01
4.400742693079830459e-01
4.400841880041860277e-01
4.400942493558891444e-01
4.401044547116900185e-01
4.401135941433306775e-01
4.401240723011465295e-01
4.401346968821027161e-01
4.401454680840580780e-01
4.401551037840693570e-01
4.401661489603463928e-01
4.401773388178277235e-01
4.401886716117796583e-01
4.401987940076300676e-01
4.402103877352442352e-01
4.402221153838994927e-01
4.402325740514512198e-01
4.402445391058118496e-01
4.402566215105093717e-01
4.402688133090644218e-01
4.402796545350107227e-01
4.402920254071259198e-01
4.403044751858656292e-01
4.403169902904180422e-01
4.403280735829379622e-01
4.403406686078140675e-01
4.403532801736744773e-01
4.403658876955569568e-01
4.403769893022330129e-01
4.403895270159209341e-01
4.404019907025846781e-01
4.404143523452944131e-01
4.404251527559945867e-01
4.404372415572762045e-01
4.404491385477579679e-01
4.404608099466640336e-01
4.404709012502868726e-01
4.404820559575442496e-01
4.404928845738691479e-01
4.405021558781806457e-01
4.405122800062216126e-01
4.405219808669335047e-01
4.405312277392230969e-01
4.405390152641376345e-01
4.405473372784062258e-01
4.405551328613560580e-01
4.405623839642368589e-01
4.405683624047592173e-01
4.405745595078229271e-01
4.405801857287797718e-01
4.405852414321457244e-01
4.405892925402531413e-01
4.405932969014526579e-01
4.405967592638017072e-01
4.405996984294500152e-01
4.406019501568042007e-01
4.406039726021754310e-01
4.406055465391542358e-01
4.406067035021922207e-01
4.406074914307708812e-01
4.406079579626125953e-01
4.406081071354797096e-01
4.406080970385309881e-01
4.406077482800140888e-01
4.406071852422752677e-01
4.406064426334420081e-01
4.406057633700715681e-01
4.406047734152878093e-01
4.406036963963634312e-01
4.406025613066509861e-01
4.406016332995609242e-01
4.406004609838247155e-01
4.405993034485566340e-01
4.405981822970964079e-01
4.405973381638006448e-01
4.405963369228083626e-01
4.405954238407047141e-01
4.405946135615553816e-01
4.405940907265618600e-01
4.405935072351198634e-01
4.405930601665431490e-01
4.405927585961565973e-01
4.405927118774889961e-01
4.405927035641609701e-01
4.405928606336236841e-01
4.405932293394290711e-01
4.405937095521166302e-01
4.405943676428971112e-01
4.405952066112023835e-01
4.405961826443712259e-01
4.405973669271215920e-01
4.405987377786558801e-01
4.406002963604987444e-01
4.406019064547593844e-01
4.406038190582153291e-01
4.406059210564617912e-01
4.406082125870766086e-01
4.406104648524618583e-01
4.406131115902036099e-01
4.406159474505373930e-01
4.406189721058182962e-01
4.406218650113023494e-01
4.406252426137778899e-01
4.406288078451898738e-01
4.406325602845966305e-01
4.406364995307123222e-01
4.406406252163291293e-01
4.406449370212978112e-01
4.406484765224785716e-01
4.406531134728545185e-01
4.406579359965678289e-01
4.406629440456085733e-01
4.406681376658092009e-01
4.406735170043953320e-01
4.406790823170218530e-01
4.406848339743406617e-01
4.406894541372779472e-01
4.406955331800648246e-01
4.407018002297709569e-01
4.407082561412824506e-01
4.407149019124349532e-01
4.407217386887760657e-01
4.407287677696440920e-01
4.407359906131254057e-01
4.407417198899449828e-01
4.407492858509032829e-01
4.407570504518841248e-01
4.407650157997435869e-01
4.407731841892913449e-01
4.407815581102185187e-01
4.407901402544135983e-01
4.407968994238731786e-01
4.408058530956932564e-01
4.408150235013053031e-01
4.408244141642069236e-01
4.408340288518112771e-01
4.408438715860370505e-01
4.408539466546798069e-01
4.408642586236005689e-01
4.408723353399826017e-01
4.408830737810660594e-01
4.408940632229985668e-01
4.409053093995130013e-01
4.409168183941908348e-01
4.409285966590894557e-01
4.409406510348432007e-01
4.409529887723614427e-01
4.409626171930830507e-01
4.409754696048652778e-01
4.409886276325373222e-01
4.410021002903152243e-01
4.410158971329481981e-01
4.410300282893341861e-01
4.410445045001078479e-01
4.410557796565005018e-01
4.410708875697960107e-01
4.410863735697711507e-01
4.411022510801101415e-01
4.411185343624985378e-01
4.411352385774123253e-01
4.411523798506013505e-01
4.411699753458710460e-01
4.411836659386131343e-01
4.412021010612333094e-01
4.412210436391111323e-01
4.412405155068137574e-01
4.412580983965525006e-01
4.412786268484322205e-01
4.412997561391713841e-01
4.413215146452388327e-01
4.413411859439031470e-01
4.413642080544020740e-01
4.413879531304942261e-01
4.414094451580786727e-01
4.414346491739908340e-01
4.414606920725615558e-01
4.414876205661837361e-01
4.415120417915011641e-01
4.415407704286441470e-01
4.415705418969474993e-01
4.416014203120136594e-01
4.416294944854172733e-01
4.416626418246698549e-01
4.416971149414349873e-01
4.417330043490840241e-01
4.417657401327039213e-01
4.418045610837767478e-01
4.418451125221533604e-01
4.418875266845829763e-01
4.419263749550640941e-01
4.419726903696143960e-01
4.420213372292679521e-01
4.420725170909239332e-01
4.421196476809934883e-01
4.421726290642412627e-01
4.422322449720076376e-01
4.422914161109745002e-01
4.423582794492466053e-01
4.424249334320168314e-01
4.425006206362440131e-01
4.425764545828800856e-01
4.426630561329172320e-01
4.427503456944031912e-01
4.428506987366799819e-01
4.429525729451832539e-01
4.430706346953341979e-01
4.431915263074121536e-01
4.433329998594818799e-01
4.434794188929234715e-01
4.436471589334052279e-01
4.438347984452454265e-01
4.440464265684571643e-01
4.442873720889867206e-01
4.445647198136008504e-01
4.448881110868920796e-01
4.452575941242811752e-01
4.457165856638334867e-01
4.462827170002952037e-01
4.470014869068831831e-01
4.479490686674251210e-01
4.492634310593922597e-01
4.512022966733784668e-01
4.544309079803360851e-01
4.606143647099750771e-01
4.726127085853333853e-01
4.692292830815625315e-01
4.585995697937603199e-01
4.534360496821435715e-01
4.506420236437981286e-01
4.489024698437912853e-01
4.477119356755988044e-01
4.468426185460498412e-01
4.461776777945247741e-01
4.456434909776390008e-01
4.452165078376714713e-01
4.448616038369837544e-01
4.445614832507274183e-01
4.443118040886985809e-01
4.440873336558213702e-01
4.438905306885804758e-01
4.437164575049147852e-01
4.435565559181647854e-01
4.434220873060451540e-01
4.432925498912680395e-01
4.431823995830819762e-01
4.430752217497181955e-01
4.429832754492790126e-01
4.428930833768178754e-01
4.428151519287943927e-01
4.427381958701498421e-01
4.426713070162782704e-01
4.426048859146817782e-01
4.425468686498654769e-01
4.424889843188492544e-01
4.424382135380187653e-01
4.423873539044799741e-01
4.423396457868257192e-01
4.422948167013449061e-01
4.422578564176851690e-01
4.422177971068569358e-01
4.421799935584879715e-01
4.421487230475665275e-01
4.421146966982629212e-01
4.420824748371001145e-01
4.420519298166618594e-01
4.420265810905447124e-01
4.419988774086338057e-01
4.419725465786285001e-01
4.419475008205042132e-01
4.419266704582646144e-01
4.419038235306107509e-01
4.418820489907904214e-01
4.418612843820954317e-01
4.418439922372900397e-01
4.418249698671965486e-01
4.418068039209950837e-01
4.417894486855689640e-01
4.417749882841429665e-01
4.417590414186402525e-01
4.417437915549822791e-01
4.417292044318750222e-01
4.417170530030271047e-01
4.417036242073577035e-01
4.416907720563794104e-01
4.416800726294100032e-01
4.416682323990940295e-01
4.416568979105883197e-01
4.416460474463118624e-01
4.416356606193306833e-01
4.416257182730641828e-01
4.416162023897078903e-01
4.416070960068536611e-01
4.416007130746314457e-01
4.415922854272385512e-01
4.415842254778994391e-01
4.415765195957578326e-01
4.415691548973498248e-01
4.415621191964125836e-01
4.415554009577185024e-01
4.415489892545915729e-01
4.415445633088010413e-01
4.415386634615300898e-01
4.415330429301385640e-01
4.415276927449838240e-01
4.415226043831924074e-01
4.415177697427702386e-01
4.415131811162991138e-01
4.415100847215133184e-01
4.415059092014188002e-01
4.415019603547241656e-01
4.414982317622378472e-01
4.414947173031479877e-01
4.414914111385030981e-01
4.414883076958007746e-01
4.414854016545999849e-01
4.414835368165699880e-01
4.414809641562387199e-01
4.414785754593382738e-01
4.414763662379003195e-01
4.414743321994757386e-01
4.414724692373284687e-01
4.414707734212288126e-01
4.414692409888310021e-01
4.414683850895719797e-01
4.414671300231413631e-01
4.414660287951822637e-01
4.414650782046108946e-01
4.414642751838478429e-01
4.414636167927690202e-01
4.414631002130192106e-01
4.414629927366338635e-01
4.414627179131698220e-01
4.414625777357543690e-01
4.414625697974544627e-01
4.414626917898789027e-01
4.414629414998422763e-01
4.414633168047608081e-01
4.414638156697522908e-01
4.414644584223548773e-01
4.414651688927315742e-01
4.414659977495985488e-01
4.414669432562462470e-01
4.414680037485200215e-01
4.414691776321538197e-01
4.414704633802444267e-01
4.414718595308327886e-01
4.414731671191839402e-01
4.414747531649928503e-01
4.414764459097243465e-01
4.414782441151783310e-01
4.414801465983110851e-01
4.414821522291501044e-01
4.414842599290051406e-01
4.414860960877036722e-01
4.414883799831372801e-01
4.414907632316983910e-01
4.414932449320039809e-01
4.414958242261501353e-01
4.414985002981633433e-01
4.415012723724786592e-01
4.415041397124090938e-01
4.415065415133377358e-01
4.415095739293125043e-01
4.415126997730344782e-01
4.415159184401709069e-01
4.415192293573249049e-01
4.415226319815698797e-01
4.415261257974140707e-01
4.415297103162996728e-01
4.415326473291224518e-01
4.415363894964237090e-01
4.415402211418953393e-01
4.415441418574669874e-01
4.415481512513073636e-01
4.415522489452973764e-01
4.415564345723061446e-01
4.415598208228583288e-01
4.415641594944672566e-01
4.415685851215090385e-01
4.415730973501086343e-01
4.415776958213093462e-01
4.415823801668752324e-01
4.415871500047763853e-01
4.415914882804003461e-01
4.415958914438606331e-01
4.416008942677849269e-01
4.416059809412027914e-01
4.416111509437193883e-01
4.416158375173159234e-01
4.416211622019452498e-01
4.416265684328600782e-01
4.416320554667647058e-01
4.416370172197665034e-01
4.416426534946749083e-01
4.416483679802403195e-01
4.416535264523879789e-01
4.416593845773711391e-01
4.416653174842087859e-01
4.416713237469965803e-01
4.416767332190585926e-01
4.416828727221692730e-01
4.416890807133775354e-01
4.416953552126156035e-01
4.417009933694914237e-01
4.417073867045717694e-01
4.417138399860445763e-01
4.417203506304399063e-01
4.417261874906842078e-01
4.417327982284975918e-01
4.417394581076759530e-01
4.417461640310957893e-01
4.417521621616766203e-01
4.417589457761668670e-01
4.417657660992807545e-01
4.417718566126506152e-01
4.417787368770780265e-01
4.417856444342965205e-01
4.417925761539936991e-01
4.417987541458304745e-01
4.418057232849398330e-01
4.418127085547334243e-01
4.418197076420321001e-01
4.418259369180085883e-01
4.418329568333936863e-01
4.418399858314042139e-01
4.418470230419084266e-01
4.418532823567040135e-01
4.418603341931180428e-01
4.418673942674893884e-01
4.418744634941711436e-01
4.418807530584639709e-01
4.418878435174561359e-01
4.418949482690495700e-01
4.419020699045377865e-01
4.419084129610195144e-01
4.419155744838331179e-01
4.419227622232824726e-01
4.419291714566069285e-01
4.419364186784824899e-01
4.419437034479145043e-01
4.419510299796267083e-01
4.419575738682078314e-01
4.419649902959239540e-01
4.419724608699326929e-01
4.419799898787603598e-01
4.419867246193328603e-01
4.419943745443782324e-01
4.420020948319968723e-01
4.420098894298318815e-01
4.420168693128962989e-01
4.420248134504946580e-01
4.420328425219638424e-01
4.420409599543451140e-01
4.420482334730453378e-01
4.420565253476643752e-01
4.420649146698862331e-01
4.420734043471281627e-01
4.420810130762594659e-01
4.420896983594764240e-01
4.420984917219077937e-01
4.421063723163684012e-01
4.421153749930815668e-01
4.421244926976572454e-01
4.421337277078303263e-01
4.421420021488312035e-01
4.421514630717514049e-01
4.421610475719545685e-01
4.421707577645306309e-01
4.421794548204624475e-01
4.421894063386062057e-01
4.421994895514086976e-01
4.422097065454238529e-01
4.422188537408788811e-01
4.422293272585358648e-01
4.422399406490592488e-01
4.422506960857491287e-01
4.422603213385852272e-01
4.422713491225132021e-01
4.422825254392755423e-01
4.422938526471315024e-01
4.423053331664265619e-01
4.423169694851590283e-01
4.423287641644580437e-01
4.423379078349011229e-01
4.423499860729984690e-01
4.423622301355819575e-01
4.423746429055078200e-01
4.423872273638072561e-01
4.423999865954303390e-01
4.424129237941183401e-01
4.424260422682354532e-01
4.424361945086155989e-01
4.424496385654738684e-01
4.424632736321951199e-01
4.424771034972884154e-01
4.424911320915893009e-01
4.425053634946642944e-01
4.425198019414639528e-01
4.425344518292435581e-01
4.425457733267733063e-01
4.425608043579576933e-01
4.425760598196478712e-01
4.425915447847786344e-01
4.426072645259870320e-01
4.426232245246226049e-01
4.426394304802156454e-01
4.426519426914953814e-01
4.426685935056321464e-01
4.426855071589511081e-01
4.427026902625828542e-01
4.427201496983470541e-01
4.427378926316560270e-01
4.427559265251625464e-01
4.427742591532106142e-01
4.427884025368599707e-01
4.428072776782484565e-01
4.428264746692406328e-01
4.428460025970444858e-01
4.428658709419075468e-01
4.428860895977785872e-01
4.429066688933868678e-01
4.429276196157296841e-01
4.429437764107107545e-01
4.429654045799542028e-01
4.429874364067768466e-01
4.430098846267387369e-01
4.430327625647403900e-01
4.430560841682064099e-01
4.430798640425180901e-01
4.430982023254211866e-01
4.431228214638938123e-01
4.431479427496791135e-01
4.431735836152939090e-01
4.431997623565063216e-01
4.432264981848205720e-01
4.432538112838094180e-01
4.432817228695890011e-01
4.433032564125568564e-01
4.433322697735541662e-01
4.433619458383478151e-01
4.433923103155597567e-01
4.434233903023526713e-01
4.434552143768242805e-01
4.434878126977124801e-01
4.435212171120744284e-01
4.435470135836808714e-01
4.435819108265770527e-01
4.436177114324508231e-01
4.436499058870668200e-01
4.436875080577999952e-01
4.437261329867274173e-01
4.437658271457920467e-01
4.438015724701330766e-01
4.438434068368052876e-01
4.438864607452547295e-01
4.439307930230223520e-01
4.439707787702754094e-01
4.440176800504282428e-01
4.440660510983716613e-01
4.441159672548975479e-01
4.441610717691151233e-01
4.442141062451187006e-01
4.442689324544407126e-01
4.443256480488234073e-01
4.443770035093072557e-01
4.444375496052816454e-01
4.445003066852752371e-01
4.445654028086030718e-01
4.446244860347774441e-01
4.446943468063085936e-01
4.447669706760064567e-01
4.448330137651358429e-01
4.449112859470820691e-01
4.449928448751589438e-01
4.450779005004960598e-01
4.451554675797517735e-01
4.452477028003242743e-01
4.453441328937673971e-01
4.454450374535388057e-01
4.455373328738231331e-01
4.456474542947135853e-01
4.457556380153225861e-01
4.458765504103829880e-01
4.459955127020706067e-01
4.461286708665057055e-01
4.462598527963211326e-01
4.464068704239153029e-01
4.465518468063523483e-01
4.467144523688806323e-01
4.468748648834346970e-01
4.470547932487201059e-01
4.472322024297211707e-01
4.474183023261437131e-01
4.476265662855235528e-01
4.478311501822558327e-01
4.480591284752227788e-01
4.482817639666193954e-01
4.485279060007199559e-01
4.487657846717882371e-01
4.490252189371501945e-01
4.492715684257352904e-01
4.495342060524385452e-01
4.497764399364954646e-01
4.500176231389702575e-01
4.502436623614000100e-01
4.504479144377782629e-01
4.506234065424020718e-01
4.507633608667387382e-01
4.508618378570965479e-01
4.509144017627934597e-01
4.509186770898380714e-01
4.508746669471961899e-01
4.507847527114547392e-01
4.506533750915110992e-01
4.504923728280957884e-01
4.502975525476182739e-01
4.500807435171373938e-01
4.498486058301013335e-01
4.495992065680762262e-01
4.493613750943235008e-01
4.491076100273790894e-01
4.488728195470595983e-01
4.486281085306534355e-01
4.484058079675430908e-01
4.481773707597632161e-01
4.479721189548409033e-01
4.477629481139562828e-01
4.475761925821770126e-01
4.473867469473752911e-01
4.472181720099903668e-01
4.470475538145771144e-01
4.468959586282782448e-01
4.467426420895620476e-01
4.466064614243894781e-01
4.464687089891510308e-01
4.463463002465262175e-01
4.462299829191656575e-01
4.461121730294609344e-01
4.460073385299438420e-01
4.459010285052291689e-01
4.458063124720626491e-01
4.457101316316867123e-01
4.456186976255188670e-01
4.455317118741080051e-01
4.454591279473681942e-01
4.453797494478049512e-01
4.453087474740632934e-01
4.452363364155071945e-01
4.451714837517038448e-01
4.451052524044565861e-01
4.450458617631786740e-01
4.449851276414863999e-01
4.449306031712056408e-01
4.448747740367926529e-01
4.448245980728580129e-01
4.447731586829279937e-01
4.447268801397883387e-01
4.446793807125131726e-01
4.446366050287316463e-01
4.445953971562894846e-01
4.445530317707196977e-01
4.445148272662742817e-01
4.444755068764999484e-01
4.444400168826171393e-01
4.444034510116740000e-01
4.443704185325419442e-01
4.443363482576360712e-01
4.443055439292569186e-01
4.442737380830957816e-01
4.442449572726246965e-01
4.442152100085559052e-01
4.441882710707851234e-01
4.441604004487744728e-01
4.441351436452490864e-01
4.441089905172610486e-01
4.440852768170544529e-01
4.440607032081736461e-01
4.440384123412767781e-01
4.440152988830178837e-01
4.439943265273804118e-01
4.439739586148370165e-01
4.439528237139266920e-01
4.439336420581361797e-01
4.439137299126805769e-01
4.438956565239085550e-01
4.438768876907855931e-01
4.438598512327878165e-01
4.438421526586541765e-01
4.438260872730667161e-01
4.438093913332220031e-01
4.437942359591390273e-01
4.437784799102905686e-01
4.437641778875062171e-01
4.437493035244868822e-01
4.437358023190396406e-01
4.437217557119605971e-01
4.437090066819281975e-01
4.436948721082453195e-01
4.436836960884465997e-01
4.436711590584589970e-01
4.436589828043738248e-01
4.436471564335072171e-01
4.436371859258503858e-01
4.436259877397478735e-01
4.436151104889771712e-01
4.436059476521112543e-01
4.435956473836680236e-01
4.435856422882041294e-01
4.435759240781784185e-01
4.435677485592127156e-01
4.435585470401965380e-01
4.435496103227168918e-01
4.435409312869543763e-01
4.435336420043823336e-01
4.435254278661209804e-01
4.435174523923670620e-01
4.435097094364918724e-01
4.435032193516617594e-01
4.434958965796243491e-01
4.434887898659957139e-01
4.434818938769845564e-01
4.434761276615452608e-01
4.434696130607130304e-01
4.434632948656477280e-01
4.434571684244626999e-01
4.434520605550724137e-01
4.434462816674500929e-01
4.434406820154141449e-01
4.434360251769844941e-01
4.434307507197485232e-01
4.434256441337102173e-01
4.434207017118860783e-01
4.434166080119801290e-01
4.434119638241473260e-01
4.434074737874165173e-01
4.434031346289329378e-01
4.433995582558567516e-01
4.433954935332563019e-01
4.433915708318148519e-01
4.433877872512206886e-01
4.433846876883397181e-01
4.433811574537346867e-01
4.433777584779408087e-01
4.433744881823225570e-01
4.433718294656581738e-01
4.433687937678637558e-01
4.433658797499519522e-01
4.433635272266036043e-01
4.433608352223438742e-01
4.433582584641390101e-01
4.433557948369011847e-01
4.433538296277850232e-01
4.433515726377426081e-01
4.433494230249128698e-01
4.433473788958099959e-01
4.433454384097116341e-01
4.433435997770076020e-01
4.433418612576068840e-01
4.433402211594104636e-01
4.433392534137636232e-01
4.433377816412885641e-01
4.433364038726881340e-01
4.433351185831923558e-01
4.433339242897537114e-01
4.433328195497157620e-01
4.433318029596811094e-01
4.433308731543306735e-01
4.433304308607579070e-01
4.433296497741174846e-01
4.433289519061547335e-01
4.433283360257251893e-01
4.433278009352346616e-01
4.433273454697883031e-01
4.433269684963764279e-01
4.433269356784451110e-01
4.433266934542099413e-01
4.433265267643688445e-01
4.433264345887701352e-01
4.433264159357242495e-01
4.433264698413659222e-01
4.433265953690687100e-01
4.433267916088637350e-01
4.433271839082558730e-01
4.433275018029310677e-01
4.433278880404048494e-01
4.433283418060632863e-01
4.433288623096033332e-01
4.433294487846168308e-01
4.433301004881966545e-01
4.433308167005582390e-01
4.433315952040798313e-01
4.433324226651197963e-01
4.433333127723386169e-01
4.433342648893486837e-01
4.433352784021596937e-01
4.433363527176280572e-01
4.433374872644107456e-01
4.433385769620298289e-01
4.433398156208285812e-01
4.433411130467142525e-01
4.433424687460612579e-01
4.433438822457278494e-01
4.433453530929639674e-01
4.433468808553387430e-01
4.433484651206895943e-01
4.433498899425209472e-01
4.433515721793195863e-01
4.433533098900570013e-01
4.433551027385425058e-01
4.433569504089370228e-01
4.433588526058355739e-01
4.433608090543831870e-01
4.433628195003980754e-01
4.433645625970610293e-01
4.433666670103271756e-01
4.433688248300983736e-01
4.433710358813844898e-01
4.433733000108765476e-01
4.433756170872357738e-01
4.433779870014160074e-01
4.433799991924926576e-01
4.433824614014216237e-01
4.433849762665516558e-01
4.433875437654554719e-01
4.433901639006511686e-01
4.433928366989252634e-01
4.433955622129536200e-01
4.433983405208277717e-01
4.434006592843320882e-01
4.434035302710002124e-01
4.434064544063858193e-01
4.434094318722815453e-01
4.434124628798938317e-01
4.434155476707142829e-01
4.434186865174488679e-01
4.434212768016829176e-01
4.434245110225860098e-01
4.434278002184773304e-01
4.434311447882927082e-01
4.434345451673549210e-01
4.434380018286437908e-01
4.434415152841318375e-01
4.434450860861978150e-01
4.434480028639187221e-01
4.434516754994051180e-01
4.434554072211028264e-01
4.434591987465890117e-01
4.434630508414770800e-01
4.434669643212068024e-01
4.434705400680966081e-01
4.434745710342849478e-01
4.434782510567467084e-01
4.434824029210933105e-01
4.434866207832377505e-01
4.434909057832535639e-01
4.434948116675729302e-01
4.434992258545122357e-01
4.435037108166301478e-01
4.435077948409353876e-01
4.435124163392059060e-01
4.435171128219735914e-01
4.435218858952634791e-01
4.435262270605175861e-01
4.435311483443970526e-01
4.435361512603848144e-01
4.435412377114579252e-01
4.435458590630759756e-01
4.435511075504575684e-01
4.435564454659666755e-01
4.435618749988632370e-01
4.435668034438710605e-01
4.435724108923126963e-01
4.435781165919595037e-01
4.435839229415854401e-01
4.435891886969421938e-01
4.435951903247332684e-01
4.436012995887635424e-01
4.436075188843523476e-01
4.436131536425721444e-01
4.436195854649386816e-01
4.436261337165892105e-01
4.436320612745224268e-01
4.436388328109093226e-01
4.436457255453251647e-01
4.436527404596202762e-01
4.436590799984455047e-01
4.436663248333527765e-01
4.436736914840744284e-01
4.436811783047522328e-01
4.436879266872786887e-01
4.436956306349132961e-01
4.437034435505194385e-01
4.437113586357838702e-01
4.437184623490569857e-01
4.437265439530896916e-01
4.437346968168975336e-01
4.437429054164526709e-01
4.437502202984140443e-01
4.437584813981684251e-01
4.437662720977287867e-01
4.437744972080801542e-01
4.437822028141295005e-01
4.437898256790662743e-01
4.437977774021850119e-01
4.438051308971381337e-01
4.438127196512917649e-01
4.438196592844472210e-01
4.438267267831960128e-01
4.438331035782031586e-01
4.438394945163173233e-01
4.438451705429023453e-01
4.438507508910873867e-01
4.438556172553549950e-01
4.438602932671514845e-01
4.438642866186375269e-01
4.438680197599002564e-01
4.438711327319792566e-01
4.438739461460777247e-01
4.438762285183347478e-01
4.438782029077267821e-01
4.438797530640774536e-01
4.438810133557198889e-01
4.438819627788861411e-01
4.438826595998834890e-01
4.438831548121083270e-01
4.438834829799264692e-01
4.438836318760133182e-01
4.438837170651067643e-01
4.438836748906271334e-01
4.438836397710440029e-01
4.438835260195362342e-01
4.438834713823567313e-01
4.438833814174049097e-01
4.438833332662724951e-01
4.438833430894503773e-01
4.438835113568576629e-01
4.438836641626011104e-01
4.438839071332461028e-01
4.438842473231716657e-01
4.438847305028336132e-01
4.438852661709363767e-01
4.438859105217075052e-01
4.438866651511610972e-01
4.438875180385911667e-01
4.438884806236101377e-01
4.438895534016135680e-01
4.438906831444281997e-01
4.438919589057747084e-01
4.438933402492583613e-01
4.438948249372737798e-01
4.438963085590015289e-01
4.438979803073179742e-01
4.438997479810521396e-01
4.439016088064959287e-01
4.439034129432368747e-01
4.439054408411622354e-01
4.439075537810000527e-01
4.439097489664306506e-01
4.439118368130327563e-01
4.439141788314542314e-01
4.439165953158868971e-01
4.439190836804928209e-01
4.439214197946720897e-01
4.439240362278571994e-01
4.439267175219173689e-01
4.439294613883493779e-01
4.439320137197154126e-01
4.439348690342463932e-01
4.439377807926146446e-01
4.439404752207041782e-01
4.439434875565197447e-01
4.439465508651611048e-01
4.439496633918277868e-01
4.439525278451129098e-01
4.439557281931902355e-01
4.439589731162678077e-01
4.439622611324937074e-01
4.439652743718829897e-01
4.439686394265169311e-01
4.439720436688056049e-01
4.439758167110485210e-01
4.439786300095186489e-01
4.439821402058168887e-01
4.439856850832611945e-01
4.439892636084917799e-01
4.439928747953803545e-01
4.439965177044088995e-01
4.440001914407986083e-01
4.440038951527025546e-01
4.440068963912403577e-01
4.440106506561483646e-01
4.440144327613583797e-01
4.440182420010000963e-01
4.440220777043872302e-01
4.440259392345686784e-01
4.440298259869219777e-01
4.440329617023479059e-01
4.440368912508054766e-01
4.440408445145745953e-01
4.440448209986735395e-01
4.440488202345073132e-01
4.440528417787425464e-01
4.440568852122492860e-01
4.440609501390728742e-01
4.440642173557680650e-01
4.440683190323611029e-01
4.440724412254889453e-01
4.440765836168959479e-01
4.440807459085018283e-01
4.440849278191262295e-01
4.440891290859776963e-01
4.440933494616330912e-01
4.440967319846826911e-01
4.441009852735521846e-01
4.441052570719181136e-01
4.441095471885844748e-01
4.441138554456392495e-01
4.441181816778433933e-01
4.441225257320332576e-01
4.441260003968666159e-01
4.441303753281146127e-01
4.441347677176369357e-01
4.441391774524446889e-01
4.441436044289208129e-01
4.441480485522849020e-01
4.441525097360558560e-01
4.441569879015008770e-01
4.441605628398678229e-01
4.441650705747211547e-01
4.441695951101375384e-01
4.441741363914575857e-01
4.441786943690609335e-01
4.441832689977427973e-01
4.441878602360815331e-01
4.441924680457693952e-01
4.441961401684689226e-01
4.442007769157951258e-01
4.442054301398861149e-01
4.442100998067545770e-01
4.442147858833395135e-01
4.442194883338613232e-01
4.442242071214829169e-01
4.442279624961553153e-01
4.442327097908210787e-01
4.442374732982394270e-01
4.442422529624139305e-01
4.442470487195858686e-01
4.442513610084480313e-01
4.442561867452533009e-01
4.442610283362085077e-01
4.442653805446499793e-01
4.442702515752876002e-01
4.442751381110496278e-01
4.442800399976274961e-01
4.442844445496492156e-01
4.442893747408503957e-01
4.442943197227215424e-01
4.442987615086882447e-01
4.443037335639770102e-01
4.443087196435853703e-01
4.443137194249915933e-01
4.443182082289151569e-01
4.443232327309159513e-01
4.443282698272865705e-01
4.443333190663814047e-01
4.443378498122420028e-01
4.443429204909667418e-01
4.443480018145864463e-01
4.443530931928736383e-01
4.443576590402504300e-01
4.443627675693705981e-01
4.443678842710930277e-01
4.443730084334029939e-01
4.443776008006425915e-01
4.443827369628319257e-01
4.443878784193841525e-01
4.443930243915376055e-01
4.443976334406951056e-01
4.444027857857200670e-01
4.444079404171209502e-01
4.444125552787175359e-01
4.444177122181810491e-01
4.444228693789765150e-01
4.444280261195143189e-01
4.444326407817253410e-01
4.444377952076190574e-01
4.444429476993014827e-01
4.444480978703089780e-01
4.444527054980823011e-01
4.444578505819929970e-01
4.444629927160503313e-01
4.444681318617487720e-01
4.444727296284812779e-01
4.444778634118587979e-01
4.444829946305769441e-01
4.444881236127825042e-01
4.444927134347556041e-01
4.444978394212003026e-01
4.445029645801619744e-01
4.445080895428641932e-01
4.445126777896284964e-01
4.445178042956682840e-01
4.445229327248669815e-01
4.445275258788959905e-01
4.445326601428195579e-01
4.445377987357195804e-01
4.445429425234813658e-01
4.445475518926285119e-01
4.445527077655760384e-01
4.445578713096670076e-01
4.445630433613485533e-01
4.445676801878427620e-01
4.445728703808485283e-01
4.445780713521488292e-01
4.445832838338524273e-01
4.445879584590625710e-01
4.445931943847621359e-01
4.445984437327454852e-01
4.446037070978743344e-01
4.446084282422062550e-01
4.446137193771512175e-01
4.446190260373433234e-01
4.446243486792268995e-01
4.446291232462726839e-01
4.446344769783278639e-01
4.446398478233491436e-01
4.446446654649051644e-01
4.446500692927223830e-01
4.446554911253308706e-01
4.446609312234448552e-01
4.446663898263465420e-01
4.446718671516877719e-01
4.446773633987900487e-01
4.446828787487608348e-01
4.446872357974216983e-01
4.446927849852695958e-01
4.446983536971451656e-01
4.447039420619122718e-01
4.447095501975438236e-01
4.447151782123008323e-01
4.447208262058257588e-01
4.447264942701668056e-01
4.447309666426508823e-01
4.447366700557037755e-01
4.447423937610215372e-01
4.447481378300428001e-01
4.447539023305167594e-01
4.447596873271448814e-01
4.447654928821548892e-01
4.447700688554117043e-01
4.447759105504115462e-01
4.447817729663918751e-01
4.447876561607322365e-01
4.447935601904852709e-01
4.447994851127173854e-01
4.448054309848126220e-01
4.448113978647377231e-01
4.448160953277718876e-01
4.448220991362568100e-01
4.448281241179893319e-01
4.448341703333479891e-01
4.448402378472881558e-01
4.448463267238182972e-01
4.448524370313400311e-01
4.448585688375258917e-01
4.448633905289214874e-01
4.448695601490184615e-01
4.448757514685319214e-01
4.448819645642309029e-01
4.448881995150989477e-01
4.448944564023761816e-01
4.449007353095880690e-01
4.449056678551221999e-01
4.449119855280344038e-01
4.449183254625593831e-01
4.449246877509877018e-01
4.449310724878858259e-01
4.449374797703451456e-01
4.449439096977411134e-01
4.449503623718044643e-01
4.449554259347418550e-01
4.449619186857869946e-01
4.449684344753218612e-01
4.449749734138401802e-01
4.449815356141444966e-01
4.449881211913355172e-01
4.449947302627932366e-01
4.450013629481567312e-01
4.450065623031221884e-01
4.450132366302299580e-01
4.450199349127956228e-01
4.450266572771759410e-01
4.450334038547690829e-01
4.450401747766650207e-01
4.450469701785798593e-01
4.450522923273908527e-01
4.450591309156092246e-01
4.450659943639252991e-01
4.450728828147044736e-01
4.450797964123786032e-01
4.450867353034205776e-01
4.450936996363202280e-01
4.451006895615746140e-01
4.451061585478978122e-01
4.451131936506633746e-01
4.451202547697695744e-01
4.451273420630048050e-01
4.451344556900417304e-01
4.451415958123954852e-01
4.451487625934010262e-01
4.451559561981643376e-01
4.451615789669717826e-01
4.451688199340284591e-01
4.451760881876080655e-01
4.451833838990216230e-01
4.451907072410923316e-01
4.451980583880642550e-01
4.452054375155321542e-01
4.452112003717004773e-01
4.452186289140036557e-01
4.452260859267126447e-01
4.452335715878746325e-01
4.452410860790181890e-01
4.452477901362570933e-01
4.452553591762681284e-01
4.452629575666529615e-01
4.452697355026056791e-01
4.452773894251072506e-01
4.452850732184456817e-01
4.452927870623124007e-01
4.452996666439848483e-01
4.453074373214074289e-01
4.453152385577506811e-01
4.453230705256929767e-01
4.453300540694709597e-01
4.453379441281031803e-01
4.453458653968708769e-01
4.453529275021878564e-01
4.453609077197159261e-01
4.453689195888916874e-01
4.453769632519818389e-01
4.453841329645292779e-01
4.453922366116724318e-01
4.454003724211693105e-01
4.454085405051048663e-01
4.454158195066810211e-01
4.454240483838269871e-01
4.454323098046339968e-01
4.454406038430962500e-01
4.454479933574091999e-01
4.454563487316530734e-01
4.454647368784852568e-01
4.454731578318208429e-01
4.454806585713414480e-01
4.454891411055242889e-01
4.454976564991466881e-01
4.455052399440677657e-01
4.455138169756997502e-01
4.455224268790689002e-01
4.455310696585884633e-01
4.455387646340623342e-01
4.455474690961727102e-01
4.455562064850245307e-01
4.455649768423734502e-01
4.455727836161341160e-01
4.455816159831502699e-01
4.455904815540137620e-01
4.455993804616590337e-01
4.456073001534299749e-01
4.456162620429864329e-01
4.456252578338753545e-01
4.456342877915979162e-01
4.456423229935582153e-01
4.456514178695815120e-01
4.456605478796354936e-01
4.456697134275428018e-01
4.456778685525792927e-01
4.456871019370077236e-01
4.456963721813346213e-01
4.457046200941163216e-01
4.457139608351936566e-01
4.457233399211450453e-01
4.457327578848650496e-01
4.457411367843705507e-01
4.457506290826329098e-01
4.457601617732263044e-01
4.457697353600423296e-01
4.457782520994424957e-01
4.457879036635848946e-01
4.457975974459307267e-01
4.458073338485672443e-01
4.458159944266668062e-01
4.458258117065775350e-01
4.458356725496198658e-01
4.458455771994838113e-01
4.458543858863246445e-01
4.458643731759250883e-01
4.458744046963166729e-01
4.458844804913114079e-01
4.458934392035573957e-01
4.459035979377412584e-01
4.459138007486172506e-01
4.459228703402575156e-01
4.459331552519276154e-01
4.459434835288985655e-01
4.459538547964624899e-01
4.459630707494243729e-01
4.459735213856492742e-01
4.459840135522030180e-01
4.459945466042649631e-01
4.460039022292540678e-01
4.460145099663969104e-01
4.460251563294644339e-01
4.460358403878341704e-01
4.460453253542407404e-01
4.460560773274701574e-01
4.460668639002904889e-01
4.460776838468751282e-01
4.460872839883467944e-01
4.460981629464103038e-01
4.461090713167651933e-01
4.461200075665235909e-01
4.461297047754418932e-01
4.461406888898348799e-01
4.461516960144724653e-01
4.461614510921245169e-01
4.461724962913382053e-01
4.461835589082467912e-01
4.461946368161072707e-01
4.462044472635953718e-01
4.462155477665437631e-01
4.462266568784762355e-01
4.462377720644357115e-01
4.462476072886827905e-01
4.462587266346513815e-01
4.462698441035602981e-01
4.462809566853004895e-01
4.462907803068408841e-01
4.463018751570982934e-01
4.463129557185911422e-01
4.463240184550046341e-01
4.463337874841389330e-01
4.463448068046974027e-01
4.463557973759785247e-01
4.463667551456287352e-01
4.463764197079673757e-01
4.463873046587559790e-01
4.463981445434953010e-01
4.464076957208391594e-01
4.464184391034843324e-01
4.464291245072321002e-01
4.464397473752480527e-01
4.464490942962241471e-01
4.464595876824328791e-01
4.464700055733369921e-01
4.464803436074936127e-01
4.464894273893724175e-01
4.464996044304506140e-01
4.465096899230392991e-01
4.465196802080306226e-01
4.465284478272493751e-01
4.465382507023198388e-01
4.465479494658209370e-01
4.465575416866735536e-01
4.465659528117054689e-01
4.465753401069726403e-01
4.465846161372745149e-01
4.465927477440181370e-01
4.466018134066179757e-01
4.466107668063855618e-01
4.466196085158719575e-01
4.466273612363081402e-01
4.466359967387587560e-01
4.466445248264996892e-01
4.466529478661770969e-01
4.466603411230181120e-01
4.466685750476366845e-01
4.466767130177434764e-01
4.466847589066414992e-01
4.466918339422639717e-01
4.466997187018190707e-01
4.467075241523798534e-01
4.467152551926483750e-01
4.467220699799872574e-01
4.467296752932285453e-01
4.467372211264905579e-01
4.467447128524149047e-01
4.467513352096016965e-01
4.467587400788776697e-01
4.467661063748805117e-01
4.467726317068991815e-01
4.467799400051932213e-01
4.467872248422399828e-01
4.467944912652035416e-01
4.468009454559718763e-01
4.468081904605964438e-01
4.468154307152527038e-01
4.468226706309103013e-01
4.468291159620446096e-01
4.468363664498284926e-01
4.468436281598439641e-01
4.468509047002591772e-01
4.468573939187588939e-01
4.468647072308724599e-01
4.468720445015451070e-01
4.468794084635435704e-01
4.468859832622277817e-01
4.468934038454549507e-01
4.469008577042837271e-01
4.469083466869051557e-01
4.469150371493666452e-01
4.469225961981332929e-01
4.469301944387731318e-01
4.469369833803296665e-01
4.469446576239096691e-01
4.469523733542773436e-01
4.469601309820235291e-01
4.469670610512813114e-01
4.469748977247210986e-01
4.469827764956547655e-01
4.469906971406195084e-01
4.469977694300281135e-01
4.470057675889824167e-01
4.470138063909845916e-01
4.470218852815259214e-01
4.470290944343192630e-01
4.470372469549452887e-01
4.470449787531730612e-01
4.470532053797355299e-01
4.470610058752738092e-01
4.470693050876046737e-01
4.470771731787623327e-01
4.470855441905731142e-01
4.470934795368933234e-01
4.471014475546895017e-01
4.471099254931020228e-01
4.471179617146842644e-01
4.471265130991249337e-01
4.471351030577587760e-01
4.471437321112871066e-01
4.471514229047979794e-01
4.471601267436726146e-01
4.471688712399095045e-01
4.471776569011556290e-01
4.471854864114364059e-01
4.471943504713528084e-01
4.472032568735123115e-01
4.472122059004565164e-01
4.472201794015412957e-01
4.472292088655351883e-01
4.472382813485175634e-01
4.472473968414615308e-01
4.472555161379369038e-01
4.472647120056007508e-01
4.472739504679815736e-01
4.472832312583150394e-01
4.472914944890915567e-01
4.473008537465377188e-01
4.473102542735563625e-01
4.473186213391363575e-01
4.473280980015089670e-01
4.473376145331824927e-01
4.473471703867618054e-01
4.473556717212013867e-01
4.473652997593241532e-01
4.473749654221101379e-01
4.473846680849737356e-01
4.473932959739878590e-01
4.474030662984882500e-01
4.474128717758370510e-01
4.474227117517307617e-01
4.474314577681330340e-01
4.474413606697632551e-01
4.474512961840303449e-01
4.474612636598230830e-01
4.474701192156206320e-01
4.474801448932424486e-01
4.474902006990851833e-01
4.474991320983259246e-01
4.475092427525302341e-01
4.475193817955646636e-01
4.475295486533106271e-01
4.475385754249271431e-01
4.475487929622679606e-01
4.475590367807077419e-01
4.475693063954064299e-01
4.475784215504143848e-01
4.475887383420217303e-01
4.475990797111810138e-01
4.476094453051949196e-01
4.476186433167508305e-01
4.476290535410257232e-01
4.476394872282710713e-01
4.476499442151268271e-01
4.476592216483941122e-01
4.476697221099125157e-01
4.476802457596869012e-01
4.476907927009420307e-01
4.477001491185946258e-01
4.477107403241991634e-01
4.477213556279454609e-01
4.477307727905834867e-01
4.477414346872112261e-01
4.477521224060815874e-01
4.477628368137335224e-01
4.477723432877172560e-01
4.477831106295150354e-01
4.477939080728648436e-01
4.478047371820834122e-01
4.478143487566565439e-01
4.478252422723455473e-01
4.478361732906244730e-01
4.478471443856091305e-01
4.478568880186790668e-01
4.478679423669481574e-01
4.478784050281172657e-01
4.478895587894042296e-01
4.479001221433194790e-01
4.479113921885617966e-01
4.479220738177592254e-01
4.479334809533904171e-01
4.479443024627193237e-01
4.479552007958890747e-01
4.479668598918775113e-01
4.479779390732672728e-01
4.479898086755958464e-01
4.480011031475575334e-01
4.480132230180081110e-01
4.480247727924380752e-01
4.480371882176739651e-01
4.480490376004183095e-01
4.480617967195732465e-01
4.480739900834677658e-01
4.480871367771160352e-01
4.480997084349400694e-01
4.481132663973405594e-01
4.481262192658931887e-01
4.481401603861646099e-01
4.481534260743781362e-01
4.481671983407627402e-01
4.481809904802084854e-01
4.481946973029743431e-01
4.482081818618757207e-01
4.482212777091064138e-01
4.482334332980814628e-01
4.482452160252461959e-01
4.482560707857793925e-01
4.482658771925099872e-01
4.482745856880809288e-01
4.482822274881066993e-01
4.482889083660308027e-01
4.482947885694439361e-01
4.483000559202596769e-01
4.483049000103292991e-01
4.483094929837264098e-01
4.483139786973656116e-01
4.483184692530736148e-01
4.483230465524343233e-01
4.483278934395344972e-01
4.483326645540036126e-01
4.483378995217571217e-01
4.483430609230752983e-01
4.483487203403660470e-01
4.483542747766853243e-01
4.483603393197496678e-01
4.483662554144332013e-01
4.483726834244223802e-01
4.483789182712008548e-01
4.483852915305568954e-01
4.483921727279597813e-01
4.483988013218738189e-01
4.484059343180354928e-01
4.484127810594701335e-01
4.484201290969043185e-01
4.484271622698905446e-01
4.484346943722435364e-01
4.484418874716108450e-01
4.484495778928439536e-01
4.484569089845832357e-01
4.484647364927871749e-01
4.484721875290476611e-01
4.484801346723675253e-01
4.484876908323163769e-01
4.484957432974443492e-01
4.485038453833073424e-01
4.485119942740947163e-01
4.485192706212324798e-01
4.485275006292202549e-01
4.485357707838802943e-01
4.485431483230516991e-01
4.485514888009197176e-01
4.485598644665692580e-01
4.485682739121918949e-01
4.485757686511123166e-01
4.485842381238654419e-01
4.485927380574507572e-01
4.486012675134842254e-01
4.486088641550889933e-01
4.486174467701692370e-01
4.486260567096398422e-01
4.486346933578286844e-01
4.486423817661678859e-01
4.486510670712797744e-01
4.486597776606804922e-01
4.486685131419605455e-01
4.486762867502742669e-01
4.486850680091251653e-01
4.486938732707219657e-01
4.487027022969349299e-01
4.487105569936861715e-01
4.487194300547208137e-01
4.487283263592818927e-01
4.487362395944399784e-01
4.487461881844525546e-01
4.487551535014288606e-01
4.487641416451040866e-01
4.487711178095696307e-01
4.487801457798071825e-01
4.487891964342681228e-01
4.487982697381310837e-01
4.488073656689303692e-01
4.488164842068341209e-01
4.488256253409624863e-01
4.488347890602825130e-01
4.488418969935474290e-01
4.488511002434684705e-01
4.488603260627650471e-01
4.488695744447332991e-01
4.488788453804369305e-01
4.488881388575658438e-01
4.488974548593311353e-01
4.489067933633484886e-01
4.489140325290874589e-01
4.489234103622425920e-01
4.489328105986097328e-01
4.489422331854376891e-01
4.489516780594252632e-01
4.489611451457250491e-01
4.489706343569324631e-01
4.489779864522754349e-01
4.489875141522281510e-01
4.489970636638747070e-01
4.490066348439993305e-01
4.490162275322058805e-01
4.490258415499648881e-01
4.490354766996639269e-01
4.490451327636686418e-01
4.490526093398654606e-01
4.490623014463726026e-01
4.490720137593524619e-01
4.490817459754799512e-01
4.490914977714723366e-01
4.491012687949063054e-01
4.491110586708988439e-01
4.491208669947230891e-01
4.491284562554945237e-01
4.491382958276688986e-01
4.491481525935998032e-01
4.491580260419932302e-01
4.491679156310636190e-01
4.491778207878642792e-01
4.491877409076727168e-01
4.491954117997638551e-01
4.492053565826623074e-01
4.492153144972705903e-01
4.492252848150665168e-01
4.492352667735524663e-01
4.492452595759631739e-01
4.492552623910673337e-01
4.492652743530594628e-01
4.492730103803626585e-01
4.492830361810314366e-01
4.492930685692715365e-01
4.493031065501116306e-01
4.493131490947587792e-01
4.493231951410646685e-01
4.493332435941270186e-01
4.493410026302528393e-01
4.493510525958026580e-01
4.493611017956247178e-01
4.493711490183366353e-01
4.493811930265951271e-01
4.493912325549251352e-01
4.494012663143464592e-01
4.494112929910622500e-01
4.494190295759614151e-01
4.494290406549479866e-01
4.494390409366653127e-01
4.494490290390221743e-01
4.494590035671248707e-01
4.494689631159600185e-01
4.494789062732240104e-01
4.494888316223131230e-01
4.494964853540356353e-01
4.495063761600431307e-01
4.495162452660530494e-01
4.495260912683094467e-01
4.495359127747917127e-01
4.495457084089090616e-01
4.495554768132845602e-01
4.495630069107802718e-01
4.495727244880563522e-01
4.495824112334102507e-01
4.495920658962314631e-01
4.496016872637774719e-01
4.496112741650978850e-01
4.496208254749514133e-01
4.496303401176455772e-01
4.496376741218982009e-01
4.496471222028330383e-01
4.496565309452367210e-01
4.496658994899431772e-01
4.496752270477349378e-01
4.496845128952718929e-01
4.496937563849977559e-01
4.497029569407665628e-01
4.497100518219538934e-01
4.497191761156680290e-01
4.497282563015496115e-01
4.497372921054184070e-01
4.497462833370435287e-01
4.497552298911980384e-01
4.497641317484367685e-01
4.497710019934119119e-01
4.497798258754312495e-01
4.497886054517660215e-01
4.497973410259912264e-01
4.498060329867406559e-01
4.498146818066708352e-01
4.498232880411039969e-01
4.498318523264067115e-01
4.498384718255272197e-01
4.498469644867097994e-01
4.498554173499406672e-01
4.498638313363859109e-01
4.498722074369812529e-01
4.498805467094274535e-01
4.498888502750117424e-01
4.498971193152787040e-01
4.499035228042294055e-01
4.499117344687172393e-01
4.499199151400954388e-01
4.499280661921479241e-01
4.499361890457208579e-01
4.499442851567255208e-01
4.499523560205556105e-01
4.499586173485726759e-01
4.499666477315498181e-01
4.499746571242755344e-01
4.499826471191328836e-01
4.499906193261957732e-01
4.499985753697001711e-01
4.500065168846201780e-01
4.500144455133526233e-01
4.500206085898315056e-01
4.500285186624143341e-01
4.500364203780498618e-01
4.500443153796322426e-01
4.500522053035289072e-01
4.500600917770607445e-01
4.500679764161375496e-01
4.500758608230451263e-01
4.500819992434795802e-01
4.500898870691286691e-01
4.500977789822535047e-01
4.501056765169831886e-01
4.501135811853981816e-01
4.501214944761994796e-01
4.501294178534888668e-01
4.501355923941018911e-01
4.501435368997706021e-01
4.501514953840866640e-01
4.501594692083619731e-01
4.501674597094571517e-01
4.501754681909740374e-01
4.501834959311803441e-01
4.501915441743326585e-01
4.501978193119716698e-01
4.502059063631215219e-01
4.502140171903049604e-01
4.502221529266648425e-01
4.502303146751079344e-01
4.502385035084124354e-01
4.502467204693772485e-01
4.502549665710245397e-01
4.502613958717855969e-01
4.502696953458251716e-01
4.502780265949157257e-01
4.502863905228650099e-01
4.502947880051507146e-01
4.503032198892948368e-01
4.503116869952578649e-01
4.503182861412969862e-01
4.503268167986755888e-01
4.503353847938864618e-01
4.503439908472243181e-01
4.503526356534265362e-01
4.503613198820813346e-01
4.503700441780662533e-01
4.503788091619751466e-01
4.503856354322198219e-01
4.503944730691172293e-01
4.504033529797566993e-01
4.504122756949682782e-01
4.504212417277928537e-01
4.504302515645780547e-01
4.504393056746579527e-01
4.504484045013965599e-01
4.504554839456503812e-01
4.504646620592015482e-01
4.504738860085985008e-01
4.504831561623017233e-01
4.504924728688656788e-01
4.505018364572195289e-01
4.505112472369015020e-01
4.505185624072449713e-01
4.505280564869303950e-01
4.505375985111574333e-01
4.505471887188455815e-01
4.505568273305866067e-01
4.505665145488436663e-01
4.505762505581537014e-01
4.505860355253071270e-01
4.505936326647444479e-01
4.506035036776076530e-01
4.506134240169835103e-01
4.506233937848574955e-01
4.506334130664211290e-01
4.506434819302745920e-01
4.506536004286728070e-01
4.506637685977567531e-01
4.506716537832834990e-01
4.506819089434937475e-01
4.506922137941067330e-01
4.507025683110862935e-01
4.507129724604631571e-01
4.507234261892917870e-01
4.507339294355630632e-01
4.507420659941874796e-01
4.507526557184656779e-01
4.507632947146171798e-01
4.507739828709912966e-01
4.507847200647227548e-01
4.507955061624200344e-01
4.508063410208764665e-01
4.508172244878440593e-01
4.508256458252723475e-01
4.508366139947003748e-01
4.508476303141706332e-01
4.508586946051851840e-01
4.508698066844889496e-01
4.508809663650782951e-01
4.508921734572552409e-01
4.509034277696968296e-01
4.509121265729670314e-01
4.509234630794578536e-01
4.509348462805906621e-01
4.509462759888078764e-01
4.509577520201958345e-01
4.509692741955901862e-01
4.509808423416240553e-01
4.509897759441324760e-01
4.510014241710172955e-01
4.510131179311709371e-01
4.510248570795324374e-01
4.510366414859636741e-01
4.510484710266368102e-01
4.510603455940929707e-01
4.510722650884039231e-01
4.510814618326828840e-01
4.510934597741433905e-01
4.511055024417298109e-01
4.511175897870559059e-01
4.511297217752326394e-01
4.511418983848128339e-01
4.511541196076168658e-01
4.511663854484450065e-01
4.511758420747581932e-01
4.511881860745983186e-01
4.512005747689483148e-01
4.512130082068863679e-01
4.512254864476758498e-01
4.512380095599054508e-01
4.512505776205628649e-01
4.512602614045533311e-01
4.512729083506973327e-01
4.512856004918203157e-01
4.512983379270839590e-01
4.513111207588645923e-01
4.513239490915842422e-01
4.513368230304979911e-01
4.513497426804877199e-01
4.513596909362667664e-01
4.513726908560048434e-01
4.513857367649122265e-01
4.513988287531984223e-01
4.514119669106066435e-01
4.514251513143880956e-01
4.514383820392274815e-01
4.514485642136302213e-01
4.514618761601623675e-01
4.514752345744829087e-01
4.514886394897190125e-01
4.515020909265782256e-01
4.515155888925687644e-01
4.515291333812758157e-01
4.515427243716904626e-01
4.515531770768641540e-01
4.515668493770692571e-01
4.515805680409745171e-01
4.515943329876057621e-01
4.516081441188444789e-01
4.516220013189936600e-01
4.516359044543997170e-01
4.516498533731047593e-01
4.516605742471606622e-01
4.516746028824610293e-01
4.516886767862512420e-01
4.517027957354037837e-01
4.517169594872568195e-01
4.517311677794245139e-01
4.517454203296154547e-01
4.517563680867480169e-01
4.517706973773621404e-01
4.517850700473293180e-01
4.517994857355678295e-01
4.518139440661363415e-01
4.518284446368253660e-01
4.518429870303584117e-01
4.518575708029117788e-01
4.518687652711105285e-01
4.518834203523592330e-01
4.518981154930705735e-01
4.519128501733318815e-01
4.519276238519722710e-01
4.519424359664854784e-01
4.519572859329488157e-01
4.519721731459354075e-01
4.519835926581914909e-01
4.519985435594536249e-01
4.520135299307631027e-01
4.520285510853463973e-01
4.520436063145519268e-01
4.520586948877660105e-01
4.520738160522832505e-01
4.520854081308263717e-01
4.521005844690949571e-01
4.521157912146587798e-01
4.521310275316515193e-01
4.521462925618690010e-01
4.521615854247140742e-01
4.521769052171749625e-01
4.521922510137653672e-01
4.522040074185956771e-01
4.522193964563512303e-01
4.522348088385866882e-01
4.522502435526595255e-01
4.522656995689349202e-01
4.522811758298992957e-01
4.522966712610713147e-01
4.523121847601838663e-01
4.523240619144767716e-01
4.523396043377611586e-01
4.523551616919532781e-01
4.523707327945749035e-01
4.523863164413592375e-01
4.524019114064253277e-01
4.524175164424794060e-01
4.524294571582255786e-01
4.524450767821261432e-01
4.524607029384609125e-01
4.524763343018795569e-01
4.524919695269373765e-01
4.525076072484603418e-01
4.525232460819385572e-01
4.525388846239403184e-01
4.525508438622889984e-01
4.525664784767899351e-01
4.525821088465637465e-01
4.525977335016054259e-01
4.526133509554819412e-01
4.526289597059495740e-01
4.526445582356278807e-01
4.526601450126894188e-01
4.526720581147899436e-01
4.526876206263230062e-01
4.527031671058753814e-01
4.527186959715166492e-01
4.527342056363655165e-01
4.527496944983599447e-01
4.527651609522836962e-01
4.527769770272030980e-01
4.527924003853144308e-01
4.528073328759909533e-01
