-7.563021814371850837e-07
-2.269155553791257773e-06
-3.782233876759022451e-06
-5.295536662730526700e-06
-6.809063991419783690e-06
-8.322815391315074862e-06
-9.836791221129459473e-06
-1.135099185556320833e-05
-1.286541736689184035e-05
-1.438006728105012400e-05
-1.589494251574841144e-05
-1.741004288469127914e-05
-1.892536846825887409e-05
-2.044091878150577912e-05
-2.195669365057106859e-05
-2.347269398417228814e-05
-2.498891986335571858e-05
-2.650537137749431338e-05
-2.802204804375207914e-05
-2.953895134127915156e-05
-3.105608052533792574e-05
-3.257343567286685726e-05
-3.409101630991173693e-05
-3.560882280118082832e-05
-3.712685551515715332e-05
-3.864511453133268049e-05
-4.016359936953595167e-05
-4.168231095247332263e-05
-4.320124908863132163e-05
-4.472041386627267912e-05
-4.623980480555900385e-05
-4.775942064283444921e-05
-4.927926432207740959e-05
-5.079933464202657234e-05
-5.231963235907688414e-05
-5.384015631526573031e-05
-5.536090878266453075e-05
-5.688188855812459366e-05
-5.840309573013069411e-05
-5.992452981495866027e-05
-6.144619118597649532e-05
-6.296808020522792759e-05
-6.449019694987345730e-05
-6.601254095206510186e-05
-6.753511313328797172e-05
-6.905791329081534258e-05
-7.058094152689875500e-05
-7.210419735026452059e-05
-7.362768058816193673e-05
-7.515139214986366056e-05
-7.667533211408450455e-05
-7.819950057108560060e-05
-7.972389648558397823e-05
-8.124852214919098259e-05
-8.277337683826324621e-05
-8.429846035629129375e-05
-8.582377222532411309e-05
-8.734931281273450310e-05
-8.887508248289766044e-05
-9.040108131586066520e-05
-9.192730884577393624e-05
-9.345376598202115304e-05
-9.498045253852893666e-05
-9.650736860122854921e-05
-9.803451369383431313e-05
-9.956188659632214666e-05
-1.010894901947168023e-04
-1.026173233041882682e-04
-1.041453866682529039e-04
-1.056736791599233172e-04
-1.072022030108588098e-04
-1.087309570421135518e-04
-1.102599413342897350e-04
-1.117891554347494321e-04
-1.133185996895491598e-04
-1.148482744672829625e-04
-1.163781798487750763e-04
-1.179083153729498790e-04
-1.194386819474146932e-04
-1.209692793808780920e-04
-1.225001077647114300e-04
-1.240311671748539624e-04
-1.255624571517843791e-04
-1.270939775162016616e-04
-1.286257291701620176e-04
-1.301577121908259471e-04
-1.316899261231130325e-04
-1.332223724107572949e-04
-1.347550503206784711e-04
-1.362879599463573399e-04
-1.378211008246088554e-04
-1.393544733059304264e-04
-1.408880777579168964e-04
-1.424219142638349922e-04
-1.439559823582792220e-04
-1.454902829546300680e-04
-1.470248158627063262e-04
-1.485595811573370284e-04
-1.500945789363328231e-04
-1.516298087332890177e-04
-1.531652693573803958e-04
-1.547009635896046120e-04
-1.562368902492394795e-04
-1.577730496749030209e-04
-1.593094430375474602e-04
-1.608460694814128900e-04
-1.623829290869904796e-04
-1.639200213962022090e-04
-1.654573467823050592e-04
-1.669949055762565138e-04
-1.685326978854151392e-04
-1.700707227066944327e-04
-1.716089806717002730e-04
-1.731474724037118662e-04
-1.746861979857738945e-04
-1.762251574977113933e-04
-1.777643510391113679e-04
-1.793037786774753783e-04
-1.808434405164982550e-04
-1.823833366323412974e-04
-1.839234660373501029e-04
-1.854638304225053602e-04
-1.870044293378336775e-04
-1.885452628767048111e-04
-1.900863311293798930e-04
-1.916276341663580851e-04
-1.931691720925554634e-04
-1.947109449805806136e-04
-1.962529518477751367e-04
-1.977951923196608064e-04
-1.993376688883552461e-04
-2.008803803570380353e-04
-2.024233276343156973e-04
-2.039665099803356085e-04
-2.055099283025940693e-04
-2.070535818636809466e-04
-2.085974715794192136e-04
-2.101415956430319198e-04
-2.116859567065088044e-04
-2.132305537666523421e-04
-2.147753869101709512e-04
-2.163204562242171392e-04
-2.178657617998291940e-04
-2.194113037159439727e-04
-2.209570820657091872e-04
-2.225030958745710663e-04
-2.240493457620340578e-04
-2.255958323393869591e-04
-2.271425556944484114e-04
-2.286895159081536733e-04
-2.302367130729843225e-04
-2.317841472772030897e-04
-2.333318185967492298e-04
-2.348797271295444133e-04
-2.364278719029222486e-04
-2.379762545823282949e-04
-2.395248747329992156e-04
-2.410737324355372024e-04
-2.426228277827569002e-04
-2.441721608480440509e-04
-2.457217317344273511e-04
-2.472715405238412600e-04
-2.488215872957777464e-04
-2.503718710993307894e-04
-2.519223915523616242e-04
-2.534731510859256076e-04
-2.550241485237414452e-04
-2.565753848247087632e-04
-2.581268591956842329e-04
-2.596785725988981497e-04
-2.612305242488677237e-04
-2.627827140645466741e-04
-2.643351434012952694e-04
-2.658878116852392282e-04
-2.674407189992011880e-04
-2.689938654247825411e-04
-2.705472510521333973e-04
-2.721008759745124905e-04
-2.736547402708566779e-04
-2.752088440304278905e-04
-2.767631863122010927e-04
-2.783177677221360113e-04
-2.798725888568664999e-04
-2.814276498053214226e-04
-2.829829506494352387e-04
-2.845384914847981506e-04
-2.860942723902359930e-04
-2.876502934573421655e-04
-2.892065537484223015e-04
-2.907630548800721471e-04
-2.923197964365131796e-04
-2.938767785013451928e-04
-2.954340011608325156e-04
-2.969914645059024139e-04
-2.985491686179342352e-04
-3.001071135925181821e-04
-3.016652995089241784e-04
-3.032237254464442699e-04
-3.047823910218294685e-04
-3.063412986104019353e-04
-3.079004470659674197e-04
-3.094598373309942474e-04
-3.110194686459788471e-04
-3.125793419374023330e-04
-3.141394564548649626e-04
-3.156998121126575185e-04
-3.172604102650300462e-04
-3.188212503225651417e-04
-3.203823323746357588e-04
-3.219436565102817838e-04
-3.235052228197643487e-04
-3.250670313836856451e-04
-3.266290822877548905e-04
-3.281913756252308190e-04
-3.297539104819557920e-04
-3.313166874492345926e-04
-3.328797071131539553e-04
-3.344429695596451424e-04
-3.360064748735291928e-04
-3.375702231535049336e-04
-3.391342144801745562e-04
-3.406984489306985608e-04
-3.422629256109033236e-04
-3.438276460995259853e-04
-3.453926099855619825e-04
-3.469578173537213317e-04
-3.485232682993721909e-04
-3.500889629044490192e-04
-3.516549012599901047e-04
-3.532210834461535498e-04
-3.547875095648578281e-04
-3.563541787013901896e-04
-3.579210905724217184e-04
-3.594882473639815501e-04
-3.610556480058146889e-04
-3.626232934336170999e-04
-3.641911828988764199e-04
-3.657593173267414954e-04
-3.673276959563764876e-04
-3.688963187483684791e-04
-3.704651869772535022e-04
-3.720343001005765871e-04
-3.736036582066004641e-04
-3.751732613853642206e-04
-3.767431097169149368e-04
-3.783132033000624617e-04
-3.798835422100799164e-04
-3.814541265504400869e-04
-3.830249554155340519e-04
-3.845960294114325606e-04
-3.861673490891393001e-04
-3.877389145436893614e-04
-3.893107258663430770e-04
-3.908827831397010399e-04
-3.924550864572440290e-04
-3.940276359002403694e-04
-3.956004305936122734e-04
-3.971734720648045780e-04
-3.987467599336769197e-04
-4.003202942864936276e-04
-4.018940752099631197e-04
-4.034681027915709706e-04
-4.050423771242428472e-04
-4.066168982956863687e-04
-4.081916663833951020e-04
-4.097666805324973183e-04
-4.113419404326856821e-04
-4.129174482431219317e-04
-4.144932029248593608e-04
-4.160692053862824480e-04
-4.176454548954211532e-04
-4.192219523542206616e-04
-4.207986970464761001e-04
-4.223756893902974596e-04
-4.239529304149725064e-04
-4.255304193371278743e-04
-4.271081562557954570e-04
-4.286861412462483756e-04
-4.302643739280131996e-04
-4.318428546370434162e-04
-4.334215836837573832e-04
-4.350005611707397080e-04
-4.365797867057485959e-04
-4.381592610820383982e-04
-4.397389841623855489e-04
-4.413189560290575741e-04
-4.428991763087974931e-04
-4.444796448498378183e-04
-4.460603624516501498e-04
-4.476413292004988165e-04
-4.492225447131348304e-04
-4.508040102437771424e-04
-4.523857251934604307e-04
-4.539676896403443962e-04
-4.555499036810184421e-04
-4.571323669330107364e-04
-4.587150797156214210e-04
-4.602980423717983882e-04
-4.618812549630479936e-04
-4.634647171295469548e-04
-4.650484296562229503e-04
-4.666323923894211134e-04
-4.682166054378322784e-04
-4.698010684152098548e-04
-4.713857803380072653e-04
-4.729707435044971930e-04
-4.745559568991586374e-04
-4.761414214780046450e-04
-4.777271360051349447e-04
-4.793131027559516255e-04
-4.808993205303035978e-04
-4.824857894155654137e-04
-4.840725090404784936e-04
-4.856594797241209349e-04
-4.872467017822401658e-04
-4.888341753133129686e-04
-4.904218999421949832e-04
-4.920098764422675686e-04
-4.935981046819692963e-04
-4.951865847463432502e-04
-4.967753162702370773e-04
-4.983642991205350370e-04
-4.999535340716176890e-04
-5.015430212036431357e-04
-5.031327606158653154e-04
-5.047227519342500912e-04
-5.063129963842616377e-04
-5.079034933768156179e-04
-5.094942430019511193e-04
-5.110852448990677033e-04
-5.126764993902410694e-04
-5.142680067826699286e-04
-5.158597671689468811e-04
-5.174517801876943324e-04
-5.190440466025236788e-04
-5.206365662786538451e-04
-5.222293393158938812e-04
-5.238223653408757841e-04
-5.254156434481016547e-04
-5.270091757929584730e-04
-5.286029614063325610e-04
-5.301970012672185817e-04
-5.317912941408264871e-04
-5.333858422773563035e-04
-5.349806444837623687e-04
-5.365757008610749779e-04
-5.381710110422543991e-04
-5.397665753531510902e-04
-5.413623940991874051e-04
-5.429584673725118549e-04
-5.445547948204065847e-04
-5.461513771914949800e-04
-5.477482143605438836e-04
-5.493453064200348734e-04
-5.509426530070360428e-04
-5.525402540210722080e-04
-5.541381101960007882e-04
-5.557362216139782873e-04
-5.573345883753688668e-04
-5.589332101267885378e-04
-5.605320880479602863e-04
-5.621312215846607785e-04
-5.637306108206008304e-04
-5.653302554156081072e-04
-5.669301556745498516e-04
-5.685303119054019305e-04
-5.701307242077513493e-04
-5.717313922288802530e-04
-5.733323167170789603e-04
-5.749334975362341282e-04
-5.765349347863768514e-04
-5.781366285592115517e-04
-5.797385785056841101e-04
-5.813407837682582624e-04
-5.829432463594352853e-04
-5.845459654193474464e-04
-5.861489414418219468e-04
-5.877521753759884504e-04
-5.893556664650079213e-04
-5.909594148034713612e-04
-5.925634200478757663e-04
-5.941676825119701633e-04
-5.957722024957368134e-04
-5.973769800881045811e-04
-5.989820145393398576e-04
-6.005873063655853272e-04
-6.021928560777656259e-04
-6.037986637714709559e-04
-6.054047295311892896e-04
-6.070110534550643422e-04
-6.086176356253636399e-04
-6.102244761445607679e-04
-6.118315750923697394e-04
-6.134389317292709976e-04
-6.150465473934163541e-04
-6.166544217683922469e-04
-6.182625549434606071e-04
-6.198709470136565258e-04
-6.214795980605813952e-04
-6.230885081834891537e-04
-6.246976774767487584e-04
-6.263071051958446489e-04
-6.279167911305005845e-04
-6.295267370156620856e-04
-6.311369420330947833e-04
-6.327474070816352381e-04
-6.343581314419699524e-04
-6.359691160175984237e-04
-6.375803600878748867e-04
-6.391918645604066640e-04
-6.408036278873208147e-04
-6.424156524260649093e-04
-6.440279372271762170e-04
-6.456404823973471707e-04
-6.472532880188452964e-04
-6.488663541838191051e-04
-6.504796809905233346e-04
-6.520932685245561800e-04
-6.537071164710583915e-04
-6.553212255395735042e-04
-6.569355956151934350e-04
-6.585502267905107843e-04
-6.601651191546764608e-04
-6.617802724014909543e-04
-6.633956864241508100e-04
-6.650113619171005297e-04
-6.666272989718224906e-04
-6.682434972807849149e-04
-6.698599579381125935e-04
-6.714766804328808902e-04
-6.730936648606800077e-04
-6.747109109153104356e-04
-6.763284188906482086e-04
-6.779461890789040268e-04
-6.795642215683406206e-04
-6.811825160608631080e-04
-6.828010732465861210e-04
-6.844198930066047737e-04
-6.860389754471674095e-04
-6.876583206545383575e-04
-6.892779283294014903e-04
-6.908977977058139430e-04
-6.925179305614648229e-04
-6.941383263953104787e-04
-6.957589852454315604e-04
-6.973799082363729696e-04
-6.990010946554825466e-04
-7.006225445841396393e-04
-7.022442579320831157e-04
-7.038662350810076518e-04
-7.054884758310731030e-04
-7.071109801858321831e-04
-7.087337485173206275e-04
-7.103567807321686800e-04
-7.119800774109119601e-04
-7.136036381570898257e-04
-7.152274631705424213e-04
-7.168515524451635201e-04
-7.184759063578738392e-04
-7.201005247229330664e-04
-7.217254071637535517e-04
-7.233505542443285918e-04
-7.249759669057942446e-04
-7.266016443957523663e-04
-7.282275869003873581e-04
-7.298537945170657792e-04
-7.314802674749376621e-04
-7.331070056975086402e-04
-7.347340094443488567e-04
-7.363612786833728663e-04
-7.379888131863188150e-04
-7.396166136852677653e-04
-7.412446799222038862e-04
-7.428730120664361891e-04
-7.445016100431356421e-04
-7.461304742116814381e-04
-7.477596044916934304e-04
-7.493890010668025070e-04
-7.510186626698001078e-04
-7.526485920331671409e-04
-7.542787878871415330e-04
-7.559092504175746186e-04
-7.575399795384241131e-04
-7.591709756191722391e-04
-7.608022386601520637e-04
-7.624337687138771358e-04
-7.640655659199024896e-04
-7.656976300294271454e-04
-7.673299617458884114e-04
-7.689625608100492116e-04
-7.705954274208615118e-04
-7.722285614037982526e-04
-7.738619632386978253e-04
-7.754956327709061625e-04
-7.771295696724633828e-04
-7.787637744655073746e-04
-7.803982480142357403e-04
-7.820329896423006133e-04
-7.836679995437689783e-04
-7.853032777167534562e-04
-7.869388245183017716e-04
-7.885746399618476232e-04
-7.902107239742273137e-04
-7.918470765690965862e-04
-7.934836979262005485e-04
-7.951205885655676653e-04
-7.967577481576837428e-04
-7.983951768926189629e-04
-8.000328747846952027e-04
-8.016708421778595550e-04
-8.033090789132391052e-04
-8.049475841559461387e-04
-8.065863590727140320e-04
-8.082254045382875063e-04
-8.098647199076269843e-04
-8.115043052834280957e-04
-8.131441607531764149e-04
-8.147842861085941024e-04
-8.164246815993703166e-04
-8.180653474912924494e-04
-8.197062838805058149e-04
-8.213474905476303434e-04
-8.229889680594348889e-04
-8.246307163671806606e-04
-8.262727355565768761e-04
-8.279150254328904168e-04
-8.295575859358361726e-04
-8.312004176260767707e-04
-8.328435206038653504e-04
-8.344868946679184774e-04
-8.361305406756613934e-04
-8.377744582599433443e-04
-8.394186475270126735e-04
-8.410631085774555871e-04
-8.427078412233113269e-04
-8.443528457053872671e-04
-8.459981222637136256e-04
-8.476436710160850652e-04
-8.492894917647708652e-04
-8.509355850485622597e-04
-8.525819508119480972e-04
-8.542285891661727248e-04
-8.558754999281603659e-04
-8.575226822451487152e-04
-8.591701379351279755e-04
-8.608178662616872145e-04
-8.624658677672814022e-04
-8.641141432235155406e-04
-8.657626919745808891e-04
-8.674115138561644400e-04
-8.690606091158459279e-04
-8.707099779747817792e-04
-8.723596205453265640e-04
-8.740095369316192020e-04
-8.756597272286947842e-04
-8.773101910292124828e-04
-8.789609286944388700e-04
-8.806119405946333245e-04
-8.822632268179475545e-04
-8.839147874839525798e-04
-8.855666226889047365e-04
-8.872187325373870337e-04
-8.888711171310959003e-04
-8.905237760934436864e-04
-8.921767102593181065e-04
-8.938299194918286616e-04
-8.954834038915615579e-04
-8.971371635602132244e-04
-8.987911986133578779e-04
-9.004455091485841223e-04
-9.021000952715851895e-04
-9.037549570911629360e-04
-9.054100942644804917e-04
-9.070655062919374956e-04
-9.087211949087015128e-04
-9.103771592994247541e-04
-9.120334002786778527e-04
-9.136899172482726428e-04
-9.153467110261104267e-04
-9.170037810072306783e-04
-9.186611276053024966e-04
-9.203187514575938977e-04
-9.219766522020611532e-04
-9.236348299431762499e-04
-9.252932847885197987e-04
-9.269520168490030798e-04
-9.286110262375357749e-04
-9.302703130585898705e-04
-9.319298774275175390e-04
-9.335897190987374472e-04
-9.352498383591312248e-04
-9.369102355140102034e-04
-9.385709106664030799e-04
-9.402318639335494055e-04
-9.418930954270265943e-04
-9.435546052517507221e-04
-9.452163935355084590e-04
-9.468784603833269031e-04
-9.485408056086885864e-04
-9.502034297881323255e-04
-9.518663328729193296e-04
-9.535295149870615106e-04
-9.551929762519062450e-04
-9.568567167702601850e-04
-9.585207366646919525e-04
-9.601850360518859873e-04
-9.618496148025013071e-04
-9.635144722569544129e-04
-9.651796102332355076e-04
-9.668450278276230492e-04
-9.685107258745606629e-04
-9.701767037842978780e-04
-9.718429623869484502e-04
-9.735095010947603100e-04
-9.751763207378472131e-04
-9.768434205508214063e-04
-9.785108018800503515e-04
-9.801784641600974624e-04
-9.818464075247446132e-04
-9.835146320844589951e-04
-9.851831379676934120e-04
-9.868519253011243109e-04
-9.885209942132044958e-04
-9.901903447274706949e-04
-9.918599770332159338e-04
-9.935298913172907476e-04
-9.952000877050393157e-04
-9.968705663233601300e-04
-9.985413273092547115e-04
-1.000212370791730976e-03
-1.001883696900129905e-03
-1.003555305769343597e-03
-1.005227197536706640e-03
-1.006899372347991317e-03
-1.008571830329985097e-03
-1.010244571623242216e-03
-1.011917596359324101e-03
-1.013590904685779392e-03
-1.015264496735168720e-03
-1.016938372643827471e-03
-1.018612532665330583e-03
-1.020286976020634562e-03
-1.021961704320895059e-03
-1.023636716723563822e-03
-1.025312014085177914e-03
-1.026987595849293555e-03
-1.028663462862455802e-03
-1.030339614572661766e-03
-1.032016051847217675e-03
-1.033692774351058219e-03
-1.035369782860229293e-03
-1.037047077047104082e-03
-1.038724657062450873e-03
-1.040402523062589069e-03
-1.042080675213941099e-03
-1.043759113673714545e-03
-1.045437838959606403e-03
-1.047116851083162992e-03
-1.048796150041053643e-03
-1.050475735373201935e-03
-1.052155607869864617e-03
-1.053835767692579140e-03
-1.055516215024976390e-03
-1.057196950041472405e-03
-1.058877972919147759e-03
-1.060559283838191647e-03
-1.062240883559328886e-03
-1.063922772138958805e-03
-1.065604949336163010e-03
-1.067287415347117907e-03
-1.068970170365557415e-03
-1.070653214579886381e-03
-1.072336548191055172e-03
-1.074020171399237000e-03
-1.075704085206630189e-03
-1.077388287560432367e-03
-1.079072780933998388e-03
-1.080757564423162620e-03
-1.082442638946190527e-03
-1.084128004002704593e-03
-1.085813660547385595e-03
-1.087499608082520552e-03
-1.089185847563012288e-03
-1.090872379597040975e-03
-1.092559204809329110e-03
-1.094246322357328438e-03
-1.095933732498610702e-03
-1.097621435482420971e-03
-1.099309431573436413e-03
-1.100997721022012321e-03
-1.102686304112920901e-03
-1.104375182557792989e-03
-1.106064354799096705e-03
-1.107753821561141550e-03
-1.109443583141800360e-03
-1.111133639847605714e-03
-1.112823991972433646e-03
-1.114514639836361454e-03
-1.116205583759688480e-03
-1.117896824071928918e-03
-1.119588363062695713e-03
-1.121280199641194741e-03
-1.122972333713279092e-03
-1.124664765627003682e-03
-1.126357495773167017e-03
-1.128050524510149089e-03
-1.129743852251174907e-03
-1.131437479386820932e-03
-1.133131408904697324e-03
-1.134825637284953004e-03
-1.136520167224208677e-03
-1.138214997994269062e-03
-1.139910130838917013e-03
-1.141605565456504934e-03
-1.143301303139776515e-03
-1.144997343597742301e-03
-1.146693688154676316e-03
-1.148390340052762859e-03
-1.150087297966950750e-03
-1.151784561399749052e-03
-1.153482130948457751e-03
-1.155180007246792151e-03
-1.156878190940124895e-03
-1.158576682704137717e-03
-1.160275481933981112e-03
-1.161974592923553651e-03
-1.163674014384774580e-03
-1.165373746888742623e-03
-1.167073791232486890e-03
-1.168774148255669054e-03
-1.170474821596823034e-03
-1.172175808824671428e-03
-1.173877111539267659e-03
-1.175578730725712617e-03
-1.177280670624503145e-03
-1.178982929850191930e-03
-1.180685508835765951e-03
-1.182388408733969776e-03
-1.184091634516937219e-03
-1.185795183593296720e-03
-1.187499057467400476e-03
-1.189203257507154277e-03
-1.190907785114547757e-03
-1.192612646368385043e-03
-1.194317838613234706e-03
-1.196023363197573630e-03
-1.197729221795951204e-03
-1.199435421529559953e-03
-1.201141957359652679e-03
-1.202848833549929886e-03
-1.204556050908300868e-03
-1.206263618447112052e-03
-1.207971532680263138e-03
-1.209679794815343712e-03
-1.211388407003521905e-03
-1.213097378859662179e-03
-1.214806705273963061e-03
-1.216516388721777808e-03
-1.218226431469737747e-03
-1.219936835766932681e-03
-1.221647612639986669e-03
-1.223358755947701049e-03
-1.225070267534711377e-03
-1.226782149326477445e-03
-1.228494405495550446e-03
-1.230207035337271826e-03
-1.231920045070444836e-03
-1.233633429921443536e-03
-1.235347196301472827e-03
-1.237061340008227539e-03
-1.238775864905172774e-03
-1.240490764839563553e-03
-1.242206043124860493e-03
-1.243921692675509227e-03
-1.245637710439506662e-03
-1.247354096948982694e-03
-1.249070843110988704e-03
-1.250787947795761745e-03
-1.252505401880377178e-03
-1.254223201642479246e-03
-1.255941337293564608e-03
-1.257659803935884391e-03
-1.259378592346815928e-03
-1.261097696228508092e-03
-1.262817105502134218e-03
-1.264536815581474016e-03
-1.266256820015465578e-03
-1.267977110710249988e-03
-1.269697682252823867e-03
-1.271418528012491223e-03
-1.273139644589416086e-03
-1.274861027708462657e-03
-1.276582671443038386e-03
-1.278304574413691164e-03
-1.280026731710348642e-03
-1.281749143969057592e-03
-1.283471806315272801e-03
-1.285194720053506323e-03
-1.286917876980986364e-03
-1.288641283037628149e-03
-1.290364938503207881e-03
-1.292088843254934893e-03
-1.293812991244092103e-03
-1.295537389514156423e-03
-1.297262037820878788e-03
-1.298986936688506511e-03
-1.300712080854582453e-03
-1.302437476788820270e-03
-1.304163125480539698e-03
-1.305889027766626853e-03
-1.307615184514610007e-03
-1.309341591209767230e-03
-1.311068254512659514e-03
-1.312795175140268888e-03
-1.314522354032399143e-03
-1.316249787142842465e-03
-1.317977478844545303e-03
-1.319705432329176809e-03
-1.321433647671899081e-03
-1.323162121718679529e-03
-1.324890860852634411e-03
-1.326619864874256649e-03
-1.328349134645301355e-03
-1.330078671009649049e-03
-1.331808470735773575e-03
-1.333538538570988585e-03
-1.335268875512829467e-03
-1.336999482331568956e-03
-1.338730356067352467e-03
-1.340461501457501647e-03
-1.342192918997620055e-03
-1.343924609381041968e-03
-1.345656569880282483e-03
-1.347388803931703904e-03
-1.349121312869017153e-03
-1.350854097314946323e-03
-1.352587154752726839e-03
-1.354320489664218030e-03
-1.356054101925296962e-03
-1.357787992084413808e-03
-1.359522160695014747e-03
-1.361256605462601854e-03
-1.362991328387908041e-03
-1.364726331391175052e-03
-1.366461614968894622e-03
-1.368197174382301817e-03
-1.369933013969371061e-03
-1.371669136310149639e-03
-1.373405540915029199e-03
-1.375142228711268011e-03
-1.376879199640024254e-03
-1.378616454589476348e-03
-1.380353993490568421e-03
-1.382091812682673115e-03
-1.383829919921475415e-03
-1.385568313658547268e-03
-1.387306993130943411e-03
-1.389045958696377703e-03
-1.390785208618461333e-03
-1.392524744336931519e-03
-1.394264567238567842e-03
-1.396004677657991522e-03
-1.397745073954848039e-03
-1.399485759432606002e-03
-1.401226733396154778e-03
-1.402967996154025343e-03
-1.404709546162674627e-03
-1.406451384177054287e-03
-1.408193511909683338e-03
-1.409935929657435416e-03
-1.411678635936275406e-03
-1.413421634169020891e-03
-1.415164923248668494e-03
-1.416908503438119027e-03
-1.418652374998163879e-03
-1.420396536542578581e-03
-1.422140989174369707e-03
-1.423885733964125322e-03
-1.425630771167529787e-03
-1.427376099451538316e-03
-1.429121721418402657e-03
-1.430867636519339570e-03
-1.432613844972174810e-03
-1.434360345532126324e-03
-1.436107137806619249e-03
-1.437854224746959453e-03
-1.439601605719209587e-03
-1.441349281420034600e-03
-1.443097250181990532e-03
-1.444845515566783867e-03
-1.446594076077056812e-03
-1.448342931918533694e-03
-1.450092081945464351e-03
-1.451841527042807556e-03
-1.453591268097409461e-03
-1.455341305284574283e-03
-1.457091637520724348e-03
-1.458842266942039778e-03
-1.460593193084447350e-03
-1.462344416136351910e-03
-1.464095935029829931e-03
-1.465847750108717484e-03
-1.467599862654545007e-03
-1.469352271997403925e-03
-1.471104979169246540e-03
-1.472857983173647689e-03
-1.474611287276994531e-03
-1.476364889728132290e-03
-1.478118790704141539e-03
-1.479872989225694546e-03
-1.481627486042524922e-03
-1.483382281893153021e-03
-1.485137376952994082e-03
-1.486892770265035857e-03
-1.488648463664699051e-03
-1.490404456750971107e-03
-1.492160749693161037e-03
-1.493917341568340440e-03
-1.495674231121180142e-03
-1.497431421580985855e-03
-1.499188912226334658e-03
-1.500946703823502482e-03
-1.502704793855835774e-03
-1.504463186500548666e-03
-1.506221880256175538e-03
-1.507980875258163600e-03
-1.509740171655948870e-03
-1.511499769604407462e-03
-1.513259669243649519e-03
-1.515019870714340300e-03
-1.516780372220472017e-03
-1.518541174838849983e-03
-1.520302279742313800e-03
-1.522063687065866588e-03
-1.523825396947398048e-03
-1.525587409614170831e-03
-1.527349725115256796e-03
-1.529112343599203783e-03
-1.530875265195574819e-03
-1.532638488218052153e-03
-1.534402015548774756e-03
-1.536165846405368463e-03
-1.537929980929164664e-03
-1.539694419240400514e-03
-1.541459161483960116e-03
-1.543224207786964008e-03
-1.544989558287079845e-03
-1.546755212233907884e-03
-1.548521171080619041e-03
-1.550287434509023399e-03
-1.552054002655456344e-03
-1.553820874792166684e-03
-1.555588049863110278e-03
-1.557355530516058018e-03
-1.559123316169586104e-03
-1.560891407418552035e-03
-1.562659803099775147e-03
-1.564428506172554911e-03
-1.566197514981770844e-03
-1.567966829655764727e-03
-1.569736449500980235e-03
-1.571506375065423455e-03
-1.573276606862239468e-03
-1.575047145018437789e-03
-1.576817988864109843e-03
-1.578589139718089562e-03
-1.580360597301599945e-03
-1.582132361730992365e-03
-1.583904433128058287e-03
-1.585676810840208617e-03
-1.587449495381809683e-03
-1.589222486524488609e-03
-1.590995785117899075e-03
-1.592769390531212359e-03
-1.594543304738960110e-03
-1.596317526753487925e-03
-1.598092056695255003e-03
-1.599866893935208978e-03
-1.601642038965733761e-03
-1.603417492283543133e-03
-1.605193253990666591e-03
-1.606969323477258627e-03
-1.608745701968228303e-03
-1.610522389193902448e-03
-1.612299385278848085e-03
-1.614076690335641828e-03
-1.615854303774977296e-03
-1.617632224679810271e-03
-1.619410455281800054e-03
-1.621188994638922409e-03
-1.622967843532441279e-03
-1.624747003418303137e-03
-1.626526473080480706e-03
-1.628306252622446770e-03
-1.630086341475434075e-03
-1.631866740093634860e-03
-1.633647448939123947e-03
-1.635428468115374123e-03
-1.637209797397787270e-03
-1.638991437749814928e-03
-1.640773388768557162e-03
-1.642555650226529274e-03
-1.644338222398844529e-03
-1.646121105252973393e-03
-1.647904299371227843e-03
-1.649687804380572942e-03
-1.651471619600552998e-03
-1.653255745949433475e-03
-1.655040184946332538e-03
-1.656824935275080790e-03
-1.658609997207016740e-03
-1.660395370690848083e-03
-1.662181056319433914e-03
-1.663967053723958145e-03
-1.665753362858901632e-03
-1.667539983991273012e-03
-1.669326917998037452e-03
-1.671114164526033008e-03
-1.672901723375530558e-03
-1.674689594801548331e-03
-1.676477778759566384e-03
-1.678266275833451004e-03
-1.680055085648279878e-03
-1.681844206916638385e-03
-1.683633641510584589e-03
-1.685423390832996304e-03
-1.687213453336222635e-03
-1.689003829278723501e-03
-1.690794518300675620e-03
-1.692585520844835933e-03
-1.694376837298672278e-03
-1.696168467766656640e-03
-1.697960412354926341e-03
-1.699752670566767598e-03
-1.701545243392055262e-03
-1.703338130651821380e-03
-1.705131332445875003e-03
-1.706924848293933650e-03
-1.708718678049003792e-03
-1.710512822664433941e-03
-1.712307282234704076e-03
-1.714102056276756159e-03
-1.715897146315814581e-03
-1.717692551626792685e-03
-1.719488272301616938e-03
-1.721284307877879449e-03
-1.723080658755260508e-03
-1.724877325315676835e-03
-1.726674307674702646e-03
-1.728471605917825116e-03
-1.730269219870073094e-03
-1.732067150312044390e-03
-1.733865396668976544e-03
-1.735663959185784755e-03
-1.737462837825054507e-03
-1.739262033097932481e-03
-1.741061544693667251e-03
-1.742861370948034505e-03
-1.744661514532452884e-03
-1.746461976273261385e-03
-1.748262754755258719e-03
-1.750063850214256256e-03
-1.751865262619611840e-03
-1.753666992466373920e-03
-1.755469039462664860e-03
-1.757271403588278602e-03
-1.759074085336598259e-03
-1.760877084538758908e-03
-1.762680401950045272e-03
-1.764484037015900952e-03
-1.766287989977910478e-03
-1.768092260801990001e-03
-1.769896849974417208e-03
-1.771701757209753758e-03
-1.773506981993855369e-03
-1.775312525040262379e-03
-1.777118387595422178e-03
-1.778924568616835344e-03
-1.780731068337204626e-03
-1.782537886724777643e-03
-1.784345024277156355e-03
-1.786152480954372734e-03
-1.787960256595888531e-03
-1.789768351199483298e-03
-1.791576764970992386e-03
-1.793385498639943343e-03
-1.795194551684975437e-03
-1.797003924334905633e-03
-1.798813616550654082e-03
-1.800623628556041744e-03
-1.802433958833171701e-03
-1.804244609805660815e-03
-1.806055579717025239e-03
-1.807866871785468454e-03
-1.809678484280152766e-03
-1.811490417303773803e-03
-1.813302670430116947e-03
-1.815115244046650034e-03
-1.816928138478557386e-03
-1.818741353837416419e-03
-1.820554890213932353e-03
-1.822368747193436889e-03
-1.824182925633022201e-03
-1.825997425383585337e-03
-1.827812246546822728e-03
-1.829627388721610792e-03
-1.831442851806031058e-03
-1.833258636599222058e-03
-1.835074743198439329e-03
-1.836891171206223028e-03
-1.838707921907212217e-03
-1.840524994709658024e-03
-1.842342389712814388e-03
-1.844160107002057458e-03
-1.845978146200577541e-03
-1.847796507655541376e-03
-1.849615191707010275e-03
-1.851434198437029721e-03
-1.853253527467124684e-03
-1.855073179607646949e-03
-1.856893154728145312e-03
-1.858713452926652465e-03
-1.860534073813036038e-03
-1.862355016437056143e-03
-1.864176282876939261e-03
-1.865997872012692405e-03
-1.867819785001167965e-03
-1.869642022744866239e-03
-1.871464584239146411e-03
-1.873287469590811938e-03
-1.875110678893010530e-03
-1.876934211770708849e-03
-1.878758068557195848e-03
-1.880582249585538435e-03
-1.882406754950105565e-03
-1.884231583807460808e-03
-1.886056736758567887e-03
-1.887882214340108611e-03
-1.889708016648339317e-03
-1.891534143783291100e-03
-1.893360595844995053e-03
-1.895187372920603686e-03
-1.897014475113700804e-03
-1.898841901580294866e-03
-1.900669653796316361e-03
-1.902497731418373306e-03
-1.904326134537503989e-03
-1.906154863252962350e-03
-1.907983917665445617e-03
-1.909813297863327541e-03
-1.911643003943752639e-03
-1.913473036010415740e-03
-1.915303393235090468e-03
-1.917134076070414750e-03
-1.918965086422197430e-03
-1.920796423139026210e-03
-1.922628085864630521e-03
-1.924460073701728113e-03
-1.926292388570671754e-03
-1.928125029336369423e-03
-1.929957997346076759e-03
-1.931791293358631201e-03
-1.933624916404474980e-03
-1.935458866583528170e-03
-1.937293143989826660e-03
-1.939127748267321927e-03
-1.940962679736091268e-03
-1.942797938725537854e-03
-1.944633525321259881e-03
-1.946469439174980387e-03
-1.948305681055417793e-03
-1.950142250827568979e-03
-1.951979148594906732e-03
-1.953816374005379330e-03
-1.955653926963063505e-03
-1.957491808198263961e-03
-1.959330017807459079e-03
-1.961168555447034834e-03
-1.963007422275953040e-03
-1.964846617764748338e-03
-1.966686142008344795e-03
-1.968525995098890924e-03
-1.970366176693438831e-03
-1.972206687106070611e-03
-1.974047526653199824e-03
-1.975888695428973385e-03
-1.977730193093774069e-03
-1.979572020395892196e-03
-1.981414177212759142e-03
-1.983256663638743866e-03
-1.985099479330898475e-03
-1.986942623403264996e-03
-1.988786097575134804e-03
-1.990629902043017374e-03
-1.992474037284086563e-03
-1.994318500736835809e-03
-1.996163296210107241e-03
-1.998008422050778776e-03
-1.999853878351220970e-03
-2.001699664782252697e-03
-2.003545781641746792e-03
-2.005392229251334868e-03
-2.007239007697725341e-03
-2.009086116652403220e-03
-2.010933556851335346e-03
-2.012781328172286166e-03
-2.014629430709069524e-03
-2.016477864134613718e-03
-2.018326628334676798e-03
-2.020175724031569864e-03
-2.022025151329098769e-03
-2.023874910310308195e-03
-2.025725000869837977e-03
-2.027575424036420770e-03
-2.029426178963289473e-03
-2.031277265850728320e-03
-2.033128684689300414e-03
-2.034980435888233963e-03
-2.036832519219711202e-03
-2.038684934678736127e-03
-2.040537682470477954e-03
-2.042390763202561743e-03
-2.044244176451770478e-03
-2.046097922415501813e-03
-2.047952001076214223e-03
-2.049806412853460991e-03
-2.051661157521644796e-03
-2.053516233938901259e-03
-2.055371643902237366e-03
-2.057227386170534800e-03
-2.059083463660793534e-03
-2.060939874714673437e-03
-2.062796619431428446e-03
-2.064653697495644202e-03
-2.066511109206414787e-03
-2.068368854858615435e-03
-2.070226934545282838e-03
-2.072085347961771795e-03
-2.073944095802193743e-03
-2.075803177959967272e-03
-2.077662594528129070e-03
-2.079522345196926914e-03
-2.081382429864553352e-03
-2.083242849221123016e-03
-2.085103603360671798e-03
-2.086964692382897724e-03
-2.088826115972719499e-03
-2.090687875227481562e-03
-2.092549969646917418e-03
-2.094412399307188366e-03
-2.096275163922634022e-03
-2.098138263771365253e-03
-2.100001699153253298e-03
-2.101865470160446669e-03
-2.103729576484969499e-03
-2.105594018822820601e-03
-2.107458797067751632e-03
-2.109323911306804078e-03
-2.111189361637011430e-03
-2.113055147761055963e-03
-2.114921268849490055e-03
-2.116787726565316774e-03
-2.118654520120277773e-03
-2.120521650470164055e-03
-2.122389118510592532e-03
-2.124256923295653188e-03
-2.126125064915607155e-03
-2.127993543072581595e-03
-2.129862358054457339e-03
-2.131731510148560105e-03
-2.133600999450480096e-03
-2.135470825663010608e-03
-2.137340989467606533e-03
-2.139211490756687262e-03
-2.141082329613963608e-03
-2.142953506154454679e-03
-2.144825020063967358e-03
-2.146696871255016070e-03
-2.148569060393734631e-03
-2.150441587577378577e-03
-2.152314452508630183e-03
-2.154187656245087901e-03
-2.156061197920999817e-03
-2.157935077817918490e-03
-2.159809296220394081e-03
-2.161683853220464080e-03
-2.163558748916383223e-03
-2.165433983383424632e-03
-2.167309555972884993e-03
-2.169185466397216544e-03
-2.171061716129907282e-03
-2.172938304408011945e-03
-2.174815232535376452e-03
-2.176692499363364064e-03
-2.178570106260990791e-03
-2.180448052038319595e-03
-2.182326338076134853e-03
-2.184204962425551066e-03
-2.186083928103266238e-03
-2.187963233675871422e-03
-2.189842879229741968e-03
-2.191722864861356257e-03
-2.193603190660642355e-03
-2.195483856719637750e-03
-2.197364863131934243e-03
-2.199246209247940342e-03
-2.201127895522514422e-03
-2.203009922427279221e-03
-2.204892290054716320e-03
-2.206774998498084450e-03
-2.208658047842759764e-03
-2.210541438188440289e-03
-2.212425169624387955e-03
-2.214309242242973319e-03
-2.216193655396714313e-03
-2.218078410297308345e-03
-2.219963506655653340e-03
-2.221848944565674167e-03
-2.223734724112969019e-03
-2.225620845395348546e-03
-2.227507308504406147e-03
-2.229394113531735222e-03
-2.231281259841289000e-03
-2.233168747141522914e-03
-2.235056576874172585e-03
-2.236944748435609753e-03
-2.238833262825812298e-03
-2.240722119239424437e-03
-2.242611318659215591e-03
-2.244500860359543992e-03
-2.246390745175963488e-03
-2.248280971740679313e-03
-2.250171542474310726e-03
-2.252062456227776899e-03
-2.253953713090450783e-03
-2.255845313148818754e-03
-2.257737256512015733e-03
-2.259629543256536088e-03
-2.261522173473196062e-03
-2.263415147256031545e-03
-2.265308463993864763e-03
-2.267202124116241002e-03
-2.269096128082348507e-03
-2.270990475985112944e-03
-2.272885167909244331e-03
-2.274780203952220248e-03
-2.276675584205523073e-03
-2.278571308754417934e-03
-2.280467376996719864e-03
-2.282363790079844357e-03
-2.284260547740002423e-03
-2.286157650064901681e-03
-2.288055097148578021e-03
-2.289952889075852482e-03
-2.291851025944202647e-03
-2.293749507848441560e-03
-2.295648334866839946e-03
-2.297547506407870976e-03
-2.299447022161227316e-03
-2.301346883560095868e-03
-2.303247090123861085e-03
-2.305147642597038526e-03
-2.307048540405642889e-03
-2.308949784307845476e-03
-2.310851373727884628e-03
-2.312753308734705193e-03
-2.314655590605507740e-03
-2.316558218594555463e-03
-2.318461192798659809e-03
-2.320364513314521204e-03
-2.322268180222963885e-03
-2.324172193621909521e-03
-2.326076553601730268e-03
-2.327981260241140937e-03
-2.329886312968154627e-03
-2.331791712196107369e-03
-2.333697458361427834e-03
-2.335603551578691039e-03
-2.337509991925057484e-03
-2.339416779473912911e-03
-2.341323914324289213e-03
-2.343231396570666369e-03
-2.345139225639392144e-03
-2.347047402623481105e-03
-2.348955927277907030e-03
-2.350864799693930252e-03
-2.352774019958925322e-03
-2.354683588166706087e-03
-2.356593504406645501e-03
-2.358503768770114917e-03
-2.360414381345488088e-03
-2.362325341555004954e-03
-2.364236649099682452e-03
-2.366148305403603658e-03
-2.368060309944075570e-03
-2.369972663488706388e-03
-2.371885365451853467e-03
-2.373798416581140991e-03
-2.375711816334113990e-03
-2.377625564773722111e-03
-2.379539663124541349e-03
-2.381454110690017778e-03
-2.383368907554972438e-03
-2.385284053809222371e-03
-2.387199549542917687e-03
-2.389115394848650986e-03
-2.391031589814351932e-03
-2.392948134530614723e-03
-2.394865028432779930e-03
-2.396782271931630071e-03
-2.398699865453601809e-03
-2.400617809087290944e-03
-2.402536102918184646e-03
-2.404454747042539253e-03
-2.406373741548728518e-03
-2.408293086523682902e-03
-2.410212781415399519e-03
-2.412132827299240390e-03
-2.414053223931511560e-03
-2.415973971396589981e-03
-2.417895069786291096e-03
-2.419816519193873638e-03
-2.421738319694721753e-03
-2.423660471392974358e-03
-2.425582974378337475e-03
-2.427505828092479945e-03
-2.429429032200003391e-03
-2.431352588128876668e-03
-2.433276495385050531e-03
-2.435200754689059721e-03
-2.437125365508552299e-03
-2.439050328546965574e-03
-2.440975643281273477e-03
-2.442901309779643704e-03
-2.444827329276200167e-03
-2.446753701038750783e-03
-2.448680425165883356e-03
-2.450607501741974836e-03
-2.452534930865613028e-03
-2.454462712616178877e-03
-2.456390847089595653e-03
-2.458319334373681997e-03
-2.460248173934087568e-03
-2.462177366158058156e-03
-2.464106911472030426e-03
-2.466036809945948427e-03
-2.467967061680842455e-03
-2.469897666768083866e-03
-2.471828625296934590e-03
-2.473759937348440907e-03
-2.475691602402130265e-03
-2.477623621477076377e-03
-2.479555994351789749e-03
-2.481488721111091422e-03
-2.483421801848129107e-03
-2.485355236644948285e-03
-2.487289025600691872e-03
-2.489223168803400554e-03
-2.491157666327348252e-03
-2.493092517970363353e-03
-2.495027724284226700e-03
-2.496963285198994242e-03
-2.498899200801485421e-03
-2.500835470879203548e-03
-2.502772094646998902e-03
-2.504709073632982452e-03
-2.506646407770762863e-03
-2.508584096636679028e-03
-2.510522141644822014e-03
-2.512460541969185890e-03
-2.514399297699587699e-03
-2.516338408920293368e-03
-2.518277875418473144e-03
-2.520217697441151650e-03
-2.522157875222585943e-03
-2.524098408846708885e-03
-2.526039298113236242e-03
-2.527980543562513560e-03
-2.529922145124929855e-03
-2.531864102895076130e-03
-2.533806416662010008e-03
-2.535749086344130099e-03
-2.537692112509981612e-03
-2.539635495232728246e-03
-2.541579234605850779e-03
-2.543523330421182393e-03
-2.545467783523269745e-03
-2.547412593540743231e-03
-2.549357760561199449e-03
-2.551303284385575409e-03
-2.553249165237581053e-03
-2.555195403359244999e-03
-2.557141998847711761e-03
-2.559088951487042962e-03
-2.561036261815585746e-03
-2.562983929767614910e-03
-2.564931955443716660e-03
-2.566880338623733770e-03
-2.568829078593792836e-03
-2.570778176723353958e-03
-2.572727632994986635e-03
-2.574677447363726834e-03
-2.576627619752636100e-03
-2.578578151324339984e-03
-2.580529041323109674e-03
-2.582480289833100073e-03
-2.584431896649586058e-03
-2.586383862011487622e-03
-2.588336186146844575e-03
-2.590288869151136097e-03
-2.592241910820192174e-03
-2.594195311680258520e-03
-2.596149071667386288e-03
-2.598103190882716795e-03
-2.600057669116750958e-03
-2.602012506292106231e-03
-2.603967702955678476e-03
-2.605923259193176911e-03
-2.607879175092531199e-03
-2.609835450452124839e-03
-2.611792086097519672e-03
-2.613749081668004237e-03
-2.615706437243514593e-03
-2.617664152643306430e-03
-2.619622228085982663e-03
-2.621580663807021594e-03
-2.623539459890245062e-03
-2.625498616144916753e-03
-2.627458133087401393e-03
-2.629418010658857163e-03
-2.631378248941773634e-03
-2.633338847760069434e-03
-2.635299806407198631e-03
-2.637261126454570892e-03
-2.639222807392926917e-03
-2.641184849668021251e-03
-2.643147252733513142e-03
-2.645110017940544012e-03
-2.647073144571465697e-03
-2.649036632707435501e-03
-2.651000482163490268e-03
-2.652964693159343135e-03
-2.654929265930028315e-03
-2.656894200551485063e-03
-2.658859496851295745e-03
-2.660825155323731650e-03
-2.662791175914724917e-03
-2.664757558443753283e-03
-2.666724302841094740e-03
-2.668691409626555711e-03
-2.670658878880516340e-03
-2.672626710698455810e-03
-2.674594905159533020e-03
-2.676563461810999023e-03
-2.678532381568787812e-03
-2.680501664237722181e-03
-2.682471309905287704e-03
-2.684441318656860531e-03
-2.686411690579038059e-03
-2.688382425759083816e-03
-2.690353524284150311e-03
-2.692324985704042106e-03
-2.694296809815477367e-03
-2.696268997879558427e-03
-2.698241549475399736e-03
-2.700214465002570563e-03
-2.702187744245132528e-03
-2.704161387601655697e-03
-2.706135394848652176e-03
-2.708109766376698424e-03
-2.710084501442278082e-03
-2.712059601458260971e-03
-2.714035065865649798e-03
-2.716010894754150584e-03
-2.717987088207807211e-03
-2.719963646316325701e-03
-2.721940569162306645e-03
-2.723917856831903350e-03
-2.725895509152143070e-03
-2.727873526609192467e-03
-2.729851909156200129e-03
-2.731830656875544605e-03
-2.733809769854267380e-03
-2.735789247918618550e-03
-2.737769091009534250e-03
-2.739749299618177147e-03
-2.741729873839693354e-03
-2.743710813497002299e-03
-2.745692119338616344e-03
-2.747673791053784065e-03
-2.749655828719110850e-03
-2.751638232167397113e-03
-2.753621001611250563e-03
-2.755604137268719001e-03
-2.757587639228509246e-03
-2.759571507320424111e-03
-2.761555742017085535e-03
-2.763540343270309840e-03
-2.765525311176131318e-03
-2.767510645809934111e-03
-2.769496347014510640e-03
-2.771482414991366383e-03
-2.773468848757065786e-03
-2.775455650444236255e-03
-2.777442818774233935e-03
-2.779430355116074836e-03
-2.781418258793411091e-03
-2.783406529897058945e-03
-2.785395168254156673e-03
-2.787384174076534826e-03
-2.789373547585793922e-03
-2.791363288866199888e-03
-2.793353397743225663e-03
-2.795343874693267949e-03
-2.797334719672250891e-03
-2.799325932761220770e-03
-2.801317514048218271e-03
-2.803309463375591726e-03
-2.805301780675395484e-03
-2.807294466440457548e-03
-2.809287520743386501e-03
-2.811280943428307033e-03
-2.813274735222304201e-03
-2.815268895816624983e-03
-2.817263425301086421e-03
-2.819258323498274876e-03
-2.821253590635786068e-03
-2.823249226913793208e-03
-2.825245232423556629e-03
-2.827241607247898969e-03
-2.829238351230833892e-03
-2.831235464826664661e-03
-2.833232947993646889e-03
-2.835230800821153530e-03
-2.837229023143428286e-03
-2.839227614264583366e-03
-2.841226575886812711e-03
-2.843225907254165463e-03
-2.845225608719470500e-03
-2.847225680806864112e-03
-2.849226123150860879e-03
-2.851226935837503085e-03
-2.853228118708472927e-03
-2.855229671967274285e-03
-2.857231595827958159e-03
-2.859233890374790477e-03
-2.861236555687929339e-03
-2.863239591617716684e-03
-2.865242998613126701e-03
-2.867246776635523631e-03
-2.869250925761179793e-03
-2.871255445848541754e-03
-2.873260336865635090e-03
-2.875265599251775051e-03
-2.877271233082678847e-03
-2.879277238221455981e-03
-2.881283615324914393e-03
-2.883290364142365725e-03
-2.885297484747750829e-03
-2.887304977001625694e-03
-2.889312841094060502e-03
-2.891321077234443315e-03
-2.893329685506151883e-03
-2.895338665994895422e-03
-2.897348018551348936e-03
-2.899357743616048921e-03
-2.901367841154578464e-03
-2.903378311248205890e-03
-2.905389153749937670e-03
-2.907400368097778909e-03
-2.909411955714369391e-03
-2.911423915997080059e-03
-2.913436249257217447e-03
-2.915448956013144688e-03
-2.917462035919138330e-03
-2.919475489060463502e-03
-2.921489315293679390e-03
-2.923503514816405691e-03
-2.925518087827927438e-03
-2.927533034419504965e-03
-2.929548354662969700e-03
-2.931564048196499961e-03
-2.933580115329847970e-03
-2.935596556373654131e-03
-2.937613371416514241e-03
-2.939630560545358762e-03
-2.941648123836793083e-03
-2.943666061382299581e-03
-2.945684373264700895e-03
-2.947703059116957292e-03
-2.949722119714115465e-03
-2.951741554903297704e-03
-2.953761364764773134e-03
-2.955781549383806883e-03
-2.957802108844775901e-03
-2.959823043236164963e-03
-2.961844352638576261e-03
-2.963866037133833231e-03
-2.965888096379432071e-03
-2.967910530076833808e-03
-2.969933339599828415e-03
-2.971956524260965793e-03
-2.973980084744809460e-03
-2.976004020575850895e-03
-2.978028332345394880e-03
-2.980053019647099788e-03
-2.982078082617745096e-03
-2.984103521861292130e-03
-2.986129337134824091e-03
-2.988155528514946369e-03
-2.990182096096249964e-03
-2.992209039954341065e-03
-2.994236360174928890e-03
-2.996264056847164348e-03
-2.998292130049984294e-03
-3.000320579451321024e-03
-3.002349405376580904e-03
-3.004378608087665548e-03
-3.006408187668840881e-03
-3.008438144213809728e-03
-3.010468477793071251e-03
-3.012499188509987214e-03
-3.014530276430171796e-03
-3.016561741237100414e-03
-3.018593583604123332e-03
-3.020625803443310886e-03
-3.022658400829603131e-03
-3.024691375856813913e-03
-3.026724728602436798e-03
-3.028758459155622695e-03
-3.030792567604967402e-03
-3.032827054034958891e-03
-3.034861918121412039e-03
-3.036897159665596924e-03
-3.038932779853120714e-03
-3.040968778147523643e-03
-3.043005155070943601e-03
-3.045041910263224239e-03
-3.047079044253719893e-03
-3.049116556700481873e-03
-3.051154447922144186e-03
-3.053192718377117920e-03
-3.055231367775856910e-03
-3.057270396183087158e-03
-3.059309803701393271e-03
-3.061349590223527706e-03
-3.063389755946110959e-03
-3.065430301037119776e-03
-3.067471225596696272e-03
-3.069512529522255839e-03
-3.071554213181171278e-03
-3.073596276565226937e-03
-3.075638719782447517e-03
-3.077681542741905751e-03
-3.079724745458145563e-03
-3.081768328293210679e-03
-3.083812291324816712e-03
-3.085856634484573924e-03
-3.087901358291067488e-03
-3.089946462590420495e-03
-3.091991947489436399e-03
-3.094037813077821220e-03
-3.096084059313497505e-03
-3.098130686371880493e-03
-3.100177694450811927e-03
-3.102225083656096061e-03
-3.104272854012823935e-03
-3.106321005858503348e-03
-3.108369539124966607e-03
-3.110418453954322260e-03
-3.112467750464587013e-03
-3.114517428893126549e-03
-3.116567489303334604e-03
-3.118617931046729908e-03
-3.120668755601463396e-03
-3.122719962384334913e-03
-3.124771552577731981e-03
-3.126823525716693197e-03
-3.128875882030368594e-03
-3.130928621856599037e-03
-3.132981745561314035e-03
-3.135035253494233842e-03
-3.137089146192928446e-03
-3.139143424111034975e-03
-3.141198088303265301e-03
-3.143253139665125317e-03
-3.145308579612926536e-03
-3.147364410258646217e-03
-3.149420634901312077e-03
-3.151477259057844371e-03
-3.153534292747228740e-03
-3.155591758605691410e-03
-3.157649708734111549e-03
-3.159708153305351708e-03
-3.161766900113827106e-03
-3.163825952646304174e-03
-3.165885344810104307e-03
-3.167945093355162278e-03
-3.170005207355774957e-03
-3.172065691701253520e-03
-3.174126549562061861e-03
-3.176187782985229191e-03
-3.178249393573029380e-03
-3.180311382583789204e-03
-3.182373750840183924e-03
-3.184436499142684340e-03
-3.186499628145988972e-03
-3.188563138190492197e-03
-3.190627029709625084e-03
-3.192691302035810530e-03
-3.194755957422135140e-03
-3.196820995098326179e-03
-3.198886415493817914e-03
-3.200952218663344340e-03
-3.203018405030233495e-03
-3.205084974582717017e-03
-3.207151927566376237e-03
-3.209219264069029798e-03
-3.211286984532768507e-03
-3.213355088829139561e-03
-3.215423577224152396e-03
-3.217492449748338146e-03
-3.219561706557905190e-03
-3.221631347622100350e-03
-3.223701373330500886e-03
-3.225771783800346348e-03
-3.227842579007544899e-03
-3.229913759270730544e-03
-3.231985324624098155e-03
-3.234057275188106928e-03
-3.236129610786564470e-03
-3.238202331735218209e-03
-3.240275438190165502e-03
-3.242348930253546868e-03
-3.244422807776259354e-03
-3.246497071166642989e-03
-3.248571720454118683e-03
-3.250646755725172810e-03
-3.252722176964040202e-03
-3.254797984439949943e-03
-3.256874178172997070e-03
-3.258950758157297400e-03
-3.261027723762799369e-03
-3.263105076245609304e-03
-3.265182815717637688e-03
-3.267260941784977391e-03
-3.269339454606057238e-03
-3.271418354202304535e-03
-3.273497640822076171e-03
-3.275577314388988803e-03
-3.277657374970766035e-03
-3.279737822653450152e-03
-3.281818657800861239e-03
-3.283899880237806101e-03
-3.285981490107725556e-03
-3.288063487541514895e-03
-3.290145872522631798e-03
-3.292228645276340515e-03
-3.294311805745464561e-03
-3.296395353771575110e-03
-3.298479289678746262e-03
-3.300563613970575183e-03
-3.302648326301560466e-03
-3.304733426813921682e-03
-3.306818915526532621e-03
-3.308904792666433892e-03
-3.310991058177781277e-03
-3.313077712084777637e-03
-3.315164754528310276e-03
-3.317252185809249632e-03
-3.319340005779491953e-03
-3.321428214566157777e-03
-3.323516812293259015e-03
-3.325605798945807656e-03
-3.327695174653033661e-03
-3.329784938676527695e-03
-3.331875092407288186e-03
-3.333965634982782866e-03
-3.336056567645906412e-03
-3.338147889803799728e-03
-3.340239601534511493e-03
-3.342331702731571319e-03
-3.344424193562067771e-03
-3.346517074205412889e-03
-3.348610344737990019e-03
-3.350704005037452582e-03
-3.352798055464401017e-03
-3.354892496014283410e-03
-3.356987326753158030e-03
-3.359082547765734894e-03
-3.361178158936883875e-03
-3.363274160220530717e-03
-3.365370552005364502e-03
-3.367467334371876397e-03
-3.369564507203826054e-03
-3.371662071083525447e-03
-3.373760025765060178e-03
-3.375858371332696173e-03
-3.377957107675633175e-03
-3.380056234963957351e-03
-3.382155753369198159e-03
-3.384255662955193422e-03
-3.386355963614806619e-03
-3.388456655706084675e-03
-3.390557739204602683e-03
-3.392659214197513151e-03
-3.394761080748875948e-03
-3.396863338755329309e-03
-3.398965987574387171e-03
-3.401069028667547123e-03
-3.403172461360570722e-03
-3.405276286068348313e-03
-3.407380503203327748e-03
-3.409485112421672959e-03
-3.411590113802986934e-03
-3.413695507233804882e-03
-3.415801292881437412e-03
-3.417907470914638424e-03
-3.420014041400798455e-03
-3.422121004417411072e-03
-3.424228359852787840e-03
-3.426336107881233772e-03
-3.428444248328554878e-03
-3.430552781600315626e-03
-3.432661707773343451e-03
-3.434771026912364356e-03
-3.436880739098091553e-03
-3.438990844396472291e-03
-3.441101342523067430e-03
-3.443212234147563500e-03
-3.445323519106757715e-03
-3.447435197473591728e-03
-3.449547269317010389e-03
-3.451659734722278827e-03
-3.453772593741133434e-03
-3.455885846460060584e-03
-3.457999492947783082e-03
-3.460113532915642942e-03
-3.462227965933206697e-03
-3.464342793491947958e-03
-3.466458014912521257e-03
-3.468573630654114837e-03
-3.470689640399537979e-03
-3.472806044611087550e-03
-3.474922842968464209e-03
-3.477040035576695054e-03
-3.479157622969131225e-03
-3.481275604924061184e-03
-3.483393981502325154e-03
-3.485512752780639545e-03
-3.487631918824285471e-03
-3.489751479707980941e-03
-3.491871435495896847e-03
-3.493991786268413335e-03
-3.496112531726436323e-03
-3.498233672125428129e-03
-3.500355207722072315e-03
-3.502477138571102877e-03
-3.504599464758118010e-03
-3.506722186339850111e-03
-3.508845303392793546e-03
-3.510968815988779745e-03
-3.513092723831490183e-03
-3.515217027530104232e-03
-3.517341726981260130e-03
-3.519466822247352411e-03
-3.521592313399435348e-03
-3.523718200516778865e-03
-3.525844483650564243e-03
-3.527971162887499901e-03
-3.530098238283208012e-03
-3.532225709552583304e-03
-3.534353576307491807e-03
-3.536481839964467078e-03
-3.538610499838390488e-03
-3.540739556440963831e-03
-3.542869009398486035e-03
-3.544998859221770715e-03
-3.547129105530455462e-03
-3.549259748481525811e-03
-3.551390788561259448e-03
-3.553522225554051062e-03
-3.555654059527180166e-03
-3.557786290564246556e-03
-3.559918918713878000e-03
-3.562051944055011354e-03
-3.564185366649375020e-03
-3.566319186567024069e-03
-3.568453403503313304e-03
-3.570588017707265749e-03
-3.572723029440894038e-03
-3.574858438763595103e-03
-3.576994245745312995e-03
-3.579130450456213808e-03
-3.581267052954806296e-03
-3.583404053319028115e-03
-3.585541451231910592e-03
-3.587679247325614718e-03
-3.589817441480569471e-03
-3.591956033763943346e-03
-3.593025400299376670e-03
