5.238253982890218596e-01
5.238237055922557728e-01
5.238222328288623109e-01
5.238207630831652750e-01
5.238192959502943058e-01
5.238176162931336144e-01
5.238161533675272930e-01
5.238146918014573439e-01
5.238132312054932793e-01
5.238115569517645120e-01
5.238100971673090855e-01
5.238086372104744370e-01
5.238071767484382413e-01
5.238055009473223667e-01
5.238040383962148105e-01
5.238025744398158157e-01
5.238011088422424022e-01
5.237996413958089237e-01
5.237979562758915408e-01
5.237964843419962158e-01
5.237950101033449490e-01
5.237935334774485030e-01
5.237918375257929471e-01
5.237903556861949195e-01
5.237888713939707896e-01
5.237873846856814231e-01
5.237856774796086912e-01
5.237841858652119154e-01
5.237826921001904612e-01
5.237811963096520307e-01
5.237794794318849645e-01
5.237779798121183772e-01
5.237764786431795550e-01
5.237749760944585553e-01
5.237734723404078307e-01
5.237717475044494364e-01
5.237702417671065147e-01
5.237687353688845748e-01
5.237672284767355135e-01
5.237655009228895375e-01
5.237639934979839706e-01
5.237624860511539415e-01
5.237609787129428041e-01
5.237592513073004996e-01
5.237577445745456028e-01
5.237562382803696570e-01
5.237547325035560863e-01
5.237530072576372930e-01
5.237515027747995378e-01
5.237499989683954693e-01
5.237484958616077657e-01
5.237469934645185843e-01
5.237450525214697450e-01
5.237437712245248678e-01
5.237422709672912013e-01
5.237407713308545043e-01
5.237390529302140552e-01
5.237375544266722471e-01
5.237360563520114809e-01
5.237345586253913110e-01
5.237328419808292557e-01
5.237313446833067321e-01
5.237298474304162843e-01
5.237283501111538175e-01
5.237266333767671700e-01
5.237251355173944134e-01
5.237236372122848760e-01
5.237221383311673195e-01
5.237206387419146569e-01
5.237189186407471553e-01
5.237174170933730499e-01
5.237159144133340938e-01
5.237144104637901920e-01
5.237126847657862516e-01
5.237111776625641424e-01
5.237096688687724599e-01
5.237081582538448687e-01
5.237064243900040328e-01
5.237049094810191097e-01
5.237033923643215072e-01
5.237018729247533422e-01
5.237003510520213956e-01
5.236986037961829377e-01
5.236970764057666816e-01
5.236955462727934663e-01
5.236940133105774109e-01
5.236922531176859685e-01
5.236907138802743278e-01
5.236891715846430095e-01
5.236876261714478176e-01
5.236858516423700260e-01
5.236842994338164470e-01
5.236827439670290740e-01
5.236811852114192645e-01
5.236793954844272125e-01
5.236778296654691633e-01
5.236762605069295029e-01
5.236746880067361110e-01
5.236731121695844537e-01
5.236713031881737868e-01
5.236697203000798551e-01
5.236681341327898975e-01
5.236665447174092547e-01
5.236647205814473072e-01
5.236631243939460223e-01
5.236615250979915759e-01
5.236599227508051957e-01
5.236580843136957597e-01
5.236564756945759624e-01
5.236548642410303600e-01
5.236532500342913066e-01
5.236511640419507785e-01
5.236495439559919474e-01
5.236479214189364573e-01
5.236462965351196264e-01
5.236446694140517444e-01
5.236430401703261461e-01
5.236414089234889824e-01
5.236397757979461831e-01
5.236381409228200168e-01
5.236360304920564257e-01
5.236343921662566236e-01
5.236327525415771511e-01
5.236311117657284075e-01
5.236294699904029404e-01
5.236278273711111320e-01
5.236261840670263235e-01
5.236245402407960770e-01
5.236224203197787919e-01
5.236207759193888256e-01
5.236191315477306540e-01
5.236174873795841345e-01
5.236158435932252164e-01
5.236142003684315371e-01
5.236125578878536579e-01
5.236109163352359319e-01
5.236092758967866301e-01
5.236071624572701255e-01
5.236055252020728190e-01
5.236038896737732484e-01
5.236022560629758349e-01
5.236006245608683107e-01
5.235989953590179935e-01
5.235973686491687262e-01
5.235957446230428136e-01
5.235936538359523551e-01
5.235920365373343266e-01
5.235904225430266790e-01
5.235888120425051806e-01
5.235872052242291907e-01
5.235856022754717953e-01
5.235840033821401729e-01
5.235824087286092832e-01
5.235808184975684343e-01
5.235787722963636259e-01
5.235771926640949703e-01
5.235756180344803834e-01
5.235740485813125122e-01
5.235724844759231944e-01
5.235709258870421268e-01
5.235693729806860652e-01
5.235678259200188256e-01
5.235662848652444801e-01
5.235643022376634814e-01
5.235627752548600577e-01
5.235612547772287018e-01
5.235597409505866606e-01
5.235582339182688338e-01
5.235567338191875475e-01
5.235552407894151772e-01
5.235537549604417640e-01
5.235518429240737515e-01
5.235503737499567212e-01
5.235489121787239020e-01
5.235474583255360637e-01
5.235460123014528122e-01
5.235445742133832958e-01
5.235431441640376882e-01
5.235417222518797820e-01
5.235403085710977900e-01
5.235384880226221505e-01
5.235370931739091738e-01
5.235357068327868291e-01
5.235343290749797651e-01
5.235329599718351323e-01
5.235315995903343511e-01
5.235302479930917796e-01
5.235289052383855779e-01
5.235271740740395918e-01
5.235258513957542492e-01
5.235245377198249894e-01
5.235232330865102757e-01
5.235219375319883905e-01
5.235206510884407027e-01
5.235193737841423722e-01
5.235181056435813662e-01
5.235168466875643745e-01
5.235152206082380744e-01
5.235139823643828461e-01
5.235127533494319252e-01
5.235115335696581829e-01
5.235103230295069521e-01
5.235091217300016364e-01
5.235079296705718033e-01
5.235067468476769514e-01
5.235052158957285151e-01
5.235040538245621100e-01
5.235029009679235124e-01
5.235017573162585869e-01
5.235006228592077315e-01
5.234994975858840993e-01
5.234983814851554840e-01
5.234972745459305354e-01
5.234961767574394242e-01
5.234947518805774802e-01
5.234936746347318426e-01
5.234926065101398462e-01
5.234915475004047192e-01
5.234904976008155630e-01
5.234894568085730615e-01
5.234884251229864338e-01
5.234874025456619506e-01
5.234860715654741092e-01
5.234850694904084056e-01
5.234840765465703649e-01
5.234830927469189543e-01
5.234821181073339158e-01
5.234811526466472964e-01
5.234801963866722030e-01
5.234792493521884804e-01
5.234783115709256140e-01
5.234770867402399608e-01
5.234761698838038546e-01
5.234752623906164803e-01
5.234743642995612900e-01
5.234734756529429989e-01
5.234725964945913246e-01
5.234717268713173777e-01
5.234708668311444102e-01
5.234697395910723472e-01
5.234689012897064675e-01
5.234680727409625201e-01
5.234672539999750684e-01
5.234664451230081061e-01
5.234656461672881900e-01
5.234648571908534498e-01
5.234640782523902747e-01
5.234633094110995311e-01
5.234622968154203360e-01
5.234615509001490086e-01
5.234608152763970956e-01
5.234600900041539440e-01
5.234593751433284092e-01
5.234586707536720285e-01
5.234579768947190681e-01
5.234572936257260167e-01
5.234563886066889715e-01
5.234557293696913138e-01
5.234550809128890592e-01
5.234544432940088088e-01
5.234538165703751522e-01
5.234532007989169955e-01
5.234525960361674501e-01
5.234520023382723819e-01
5.234514197609948516e-01
5.234506412561474864e-01
5.234500838909716958e-01
5.234495378254692133e-01
5.234490031133151033e-01
5.234484798087243318e-01
5.234479679647113803e-01
5.234474676346045907e-01
5.234469788704184667e-01
5.234464098571246504e-01
5.234459458371414353e-01
5.234454935423313859e-01
5.234450530215131181e-01
5.234446243220853834e-01
5.234441231533394356e-01
5.234437197179132584e-01
5.234433282390086317e-01
5.234429487540482873e-01
5.234425031221853208e-01
5.234421492246519314e-01
5.234418074092814788e-01
5.234414776918323575e-01
5.234410881198564569e-01
5.234407841185407806e-01
5.234404922056935527e-01
5.234402123535998319e-01
5.234398787515437412e-01
5.234396243578084418e-01
5.234393818271458887e-01
5.234391510510744139e-01
5.234389318937240354e-01
5.234386658643409573e-01
5.234384707932641101e-01
5.234382866978248838e-01
5.234381132875860487e-01
5.234378973722657591e-01
5.234377454708765143e-01
5.234376030137052327e-01
5.234374694821344320e-01
5.234372960013130571e-01
5.234371794091363661e-01
5.234370696947953094e-01
5.234369660626813081e-01
5.234368676534398857e-01
5.234367288155782338e-01
5.234366383834212488e-01
5.234365501434893320e-01
5.234364630549506181e-01
5.234363319071753118e-01
5.234362437939570345e-01
5.234361536228205880e-01
5.234360604578057741e-01
5.234359177474029456e-01
5.234358155221012776e-01
5.234357080240615856e-01
5.234355948022094696e-01
5.234354269443024510e-01
5.234353007953342907e-01
5.234351685690293854e-01
5.234350304930494024e-01
5.234348869466025622e-01
5.234346862520872223e-01
5.234345329292486859e-01
5.234343761029348618e-01
5.234342165755387910e-01
5.234340016004709328e-01
5.234338391623851727e-01
5.234336767114702305e-01
5.234335150940001569e-01
5.234333019256903752e-01
5.234331447093740763e-01
5.234329906957344569e-01
5.234328405238255488e-01
5.234326435094670549e-01
5.234325033155242668e-01
5.234323685340315224e-01
5.234322395324584321e-01
5.234321166183124596e-01
5.234319525246273752e-01
5.234318433055172859e-01
5.234317407856399207e-01
5.234316450655313036e-01
5.234315121628623224e-01
5.234314310511009039e-01
5.234313568260812177e-01
5.234312894576848008e-01
5.234311883563961265e-01
5.234311353584096826e-01
5.234310889982707327e-01
5.234310491767248941e-01
5.234309785935726822e-01
5.234309522894319278e-01
5.234309321605145060e-01
5.234309180803841111e-01
5.234309099204706994e-01
5.234308741661606312e-01
5.234308781525652821e-01
5.234308876576385661e-01
5.234309025566952212e-01
5.234308921036975315e-01
5.234309180616151247e-01
5.234309490487152328e-01
5.234309849584901642e-01
5.234309975839060991e-01
5.234310436227381791e-01
5.234310942913255049e-01
5.234311495101551248e-01
5.234312092072022082e-01
5.234312480809030221e-01
5.234313170847566532e-01
5.234313903934627588e-01
5.234314679683774729e-01
5.234315267239820768e-01
5.234316132737811822e-01
5.234317040283847922e-01
5.234317989872652177e-01
5.234318772519596097e-01
5.234319811816880996e-01
5.234320893768777960e-01
5.234322018778484464e-01
5.234322813917461348e-01
5.234324037708304456e-01
5.234325306592456650e-01
5.234326621426237391e-01
5.234327983177581300e-01
5.234329392928150915e-01
5.234330851875401702e-01
5.234332361334959050e-01
5.234333922742848699e-01
5.234335276526359548e-01
5.234336960600899369e-01
5.234338702154663903e-01
5.234340503165934022e-01
5.234342365748710924e-01
5.234344292156229983e-01
5.234346284784883174e-01
5.234348346178271383e-01
5.234350349468195329e-01
5.234352575558750553e-01
5.234354879756177858e-01
5.234357265279606652e-01
5.234359735531411983e-01
5.234362294087955281e-01
5.234364944722432744e-01
5.234367691397290301e-01
5.234370538288469765e-01
5.234373569291758121e-01
5.234376657941213207e-01
5.234379861904416842e-01
5.234383186343597449e-01
5.234386636686635397e-01
5.234390218642098747e-01
5.234393938215603503e-01
5.234397801727668220e-01
5.234401990481719613e-01
5.234406182349735648e-01
5.234410540166056780e-01
5.234415071780759154e-01
5.234419785482521403e-01
5.234424978654196314e-01
5.234430108947413229e-01
5.234435450430181547e-01
5.234441013578821078e-01
5.234447212416294404e-01
5.234453284341336055e-01
5.234459615069610994e-01
5.234466218106486046e-01
5.234473651247026904e-01
5.234480881978826883e-01
5.234488433474174807e-01
5.234496323574644450e-01
5.234505289626170121e-01
5.234513964674819553e-01
5.234523043269027065e-01
5.234532549671365720e-01
5.234542510148377792e-01
5.234553954771965500e-01
5.234564977799902596e-01
5.234576552538259264e-01
5.234588716229872096e-01
5.234602815807879450e-01
5.234616371260947254e-01
5.234630656797015780e-01
5.234645727272263516e-01
5.234662497787602176e-01
5.234679385947595964e-01
5.234698248752764904e-01
5.234717275119360469e-01
5.234737476734159234e-01
5.234760176441957125e-01
5.234783148122971186e-01
5.234809075481238194e-01
5.234835386935731139e-01
5.234865225993692306e-01
5.234895605723995926e-01
5.234930233247718778e-01
5.234965615856327359e-01
5.235006155382032622e-01
5.235047733698892092e-01
5.235095607167674636e-01
5.235144868681896879e-01
5.235200136586496411e-01
5.235260487962659637e-01
5.235326370597477297e-01
5.235395973539669345e-01
5.235473670281104441e-01
5.235557333172665695e-01
5.235646264418759577e-01
5.235738866926143986e-01
5.235832249631624524e-01
5.235921880919124360e-01
5.236001535996491763e-01
5.236063886769583009e-01
5.236101958602279449e-01
5.236111158566210122e-01
5.236090914744767622e-01
5.236044896718458075e-01
5.235979665765670976e-01
5.235902635495885971e-01
5.235820409789682106e-01
5.235740524570233756e-01
5.235661048097730585e-01
5.235586511660286213e-01
5.235517838544512248e-01
5.235455296691782223e-01
5.235398763640496389e-01
5.235347905746323693e-01
5.235300903196064004e-01
5.235261458633272413e-01
5.235223827060068169e-01
5.235192348742202517e-01
5.235162341355038551e-01
5.235137321051319681e-01
5.235113493306333687e-01
5.235093718513011973e-01
5.235074928780028003e-01
5.235059450904102629e-01
5.235045780117140168e-01
5.235032893316179381e-01
5.235022487407822167e-01
5.235012783238760514e-01
5.235005134261565551e-01
5.234998134999078179e-01
5.234992844244313881e-01
5.234988173398127387e-01
5.234984925334231765e-01
5.234982283683689008e-01
5.234980826452453329e-01
5.234979789240334913e-01
5.234979965486964426e-01
5.234980848222899885e-01
5.234982402727748063e-01
5.234984597480357715e-01
5.234987452785674344e-01
5.234990916011806883e-01
5.234994938082366822e-01
5.234999497493879606e-01
5.235004900972957120e-01
5.235010538922098000e-01
5.235016658043033511e-01
5.235023243333473131e-01
5.235030847932731213e-01
5.235038379368781580e-01
5.235046337437166963e-01
5.235054711489679491e-01
5.235064273161365023e-01
5.235073499466524893e-01
5.235083113515462960e-01
5.235093107660407918e-01
5.235103474835128834e-01
5.235115231225991872e-01
5.235126369959965942e-01
5.235137862908539885e-01
5.235149704963500961e-01
5.235163094019344987e-01
5.235175662636853966e-01
5.235188566765562879e-01
5.235201802722772024e-01
5.235216740684102144e-01
5.235230670764310368e-01
5.235244922921798993e-01
5.235259494530668523e-01
5.235275921312879666e-01
5.235291163967316086e-01
5.235306719209819049e-01
5.235324244934521642e-01
5.235340458545547637e-01
5.235356979610369388e-01
5.235373806801362218e-01
5.235390938929235238e-01
5.235408374935577314e-01
5.235429904546426982e-01
5.235448020922900403e-01
5.235466438562439428e-01
5.235485156892375480e-01
5.235504175440431895e-01
5.235523493830152031e-01
5.235543111776905789e-01
5.235563029084113751e-01
5.235587654295753568e-01
5.235608244762010033e-01
5.235629134519049765e-01
5.235650323710253629e-01
5.235671812552451510e-01
5.235693601333976099e-01
5.235715690412869883e-01
5.235738080215430745e-01
5.235760771234898581e-01
5.235788866174684308e-01
5.235812236951650211e-01
5.235835911001746057e-01
5.235859889088548824e-01
5.235884172046768592e-01
5.235908760767638004e-01
5.235933656212479193e-01
5.235958859399365561e-01
5.235990103598789913e-01
5.236016003160915977e-01
5.236042214231255709e-01
5.236068738107679810e-01
5.236095576155425091e-01
5.236122729808342369e-01
5.236150200570228730e-01
5.236177990016348538e-01
5.236206099795083224e-01
5.236240994852258135e-01
5.236269831677200504e-01
5.236298994719821298e-01
5.236328485961134760e-01
5.236358307466398854e-01
5.236388461387574411e-01
5.236418949966057390e-01
5.236449775535539919e-01
5.236480940524873562e-01
5.236519681601506937e-01
5.236551619561069515e-01
5.236583905529945682e-01
5.236616542377684480e-01
5.236649533086705777e-01
5.236682880755982872e-01
5.236716588605061506e-01
5.236750659977967848e-01
5.236793068423326591e-01
5.236827970499090545e-01
5.236863247880235717e-01
5.236898904482337747e-01
5.236934944376541168e-01
5.236971371779269857e-01
5.237008191070519070e-01
5.237045406785217905e-01
5.237083023631723400e-01
5.237129917868617035e-01
5.237168455239011866e-01
5.237207410243677197e-01
5.237246788353675520e-01
5.237286595234272868e-01
5.237326836750628711e-01
5.237367518973286007e-01
5.237408648183917714e-01
5.237459998876556888e-01
5.237502157788486157e-01
5.237544785631887967e-01
5.237587889650857642e-01
5.237631477331721186e-01
5.237675556409264743e-01
5.237720134872945188e-01
5.237765220973229496e-01
5.237810823228106205e-01
5.237867864898798631e-01
5.237914660953374435e-01
5.237962002772807990e-01
5.238009900086020298e-01
5.238058362924864486e-01
5.238107401631327820e-01
5.238157026864708188e-01
5.238207249609093674e-01
5.238270184171504029e-01
5.238321793083740019e-01
5.238374037543892525e-01
5.238426929998225567e-01
5.238480483267680121e-01
5.238534710541646877e-01
5.238589625400313921e-01
5.238645241810394593e-01
5.238701574148039164e-01
5.238772316401392182e-01
5.238830314152411738e-01
5.238889077441652997e-01
5.238948622466120808e-01
5.239008965880729285e-01
5.239070124810052409e-01
5.239132116860557575e-01
5.239210102748561582e-01
5.239274036156299497e-01
5.239338863392420942e-01
5.239404604257618114e-01
5.239471279113881996e-01
5.239538908891523405e-01
5.239607515108927194e-01
5.239677119889968315e-01
5.239747745982340499e-01
5.239819416776765326e-01
5.239909806452270891e-01
5.239983916694831434e-01
5.240059152349573202e-01
5.240135539776341611e-01
5.240213106094997464e-01
5.240291879211217418e-01
5.240371887843632281e-01
5.240453161552265371e-01
5.240555873481008708e-01
5.240640106121129405e-01
5.240725706093307679e-01
5.240812706880011440e-01
5.240901142988286798e-01
5.240991049972916205e-01
5.241082464490726123e-01
5.241175424329436172e-01
5.241269968466285567e-01
5.241389731081067538e-01
5.241487988709601087e-01
5.241587966052629888e-01
5.241689707665478926e-01
5.241793259561606799e-01
5.241898669273853395e-01
5.242005985918535282e-01
5.242115260263211507e-01
5.242253978437387829e-01
5.242367852136786688e-01
5.242483860816249397e-01
5.242602063097507870e-01
5.242722519668799874e-01
5.242845293376982019e-01
5.242970449324518833e-01
5.243098054971191413e-01
5.243228180241074066e-01
5.243393781618097549e-01
5.243529845110680432e-01
5.243668673895380827e-01
5.243810349693091011e-01
5.243954957345307033e-01
5.244102584958942881e-01
5.244253324058725241e-01
5.244407269746427236e-01
5.244603651813536382e-01
5.244765179580106462e-01
5.244930249797039590e-01
5.245098974724091700e-01
5.245271471175129152e-01
5.245447860712056931e-01
5.245628269879252237e-01
5.245812830416581862e-01
5.246001679511542726e-01
5.246243278293883927e-01
5.246442307946933559e-01
5.246646112593029709e-01
5.246854855368717763e-01
5.247068706223068091e-01
5.247287842198062879e-01
5.247512447712150419e-01
5.247742714838535827e-01
5.248008425729422388e-01
5.248251398115679756e-01
5.248500684828327767e-01
5.248756512463872426e-01
5.249019116632926973e-01
5.249322594806103970e-01
5.249600423660860660e-01
5.249885825500858472e-01
5.250179074867387108e-01
5.250518357652044221e-01
5.250829238118742692e-01
5.251148885190931592e-01
5.251477611714375771e-01
5.251858324517734156e-01
5.252207420483038236e-01
5.252566623305497950e-01
5.252936274040709286e-01
5.253316717117088031e-01
5.253757688231824874e-01
5.254162210877978412e-01
5.254578597481092128e-01
5.255007177827570874e-01
5.255503940296009091e-01
5.255959456238591399e-01
5.256428078869054277e-01
5.256910037830139215e-01
5.257468050733230536e-01
5.257978887699407133e-01
5.258503428104278621e-01
5.259041629258002226e-01
5.259662884652618331e-01
5.260229460184913108e-01
5.260808779060700546e-01
5.261400214456081192e-01
5.262002931185698618e-01
5.262692764038084947e-01
5.263315544788640388e-01
5.263945301434593826e-01
5.264579994508591376e-01
5.265256874145146648e-01
5.265893660329337145e-01
5.266565847652182608e-01
5.267190761178465186e-01
5.267841369953903952e-01
5.268436598641456081e-01
5.269044757127701040e-01
5.269589005690502592e-01
5.270130647770643328e-01
5.270600320218838952e-01
5.271025186181147459e-01
5.271421284950154051e-01
5.271737098767965701e-01
5.272006739220763682e-01
5.272195047200625151e-01
5.272322198327819009e-01
5.272371945536189486e-01
5.272349700677044781e-01
5.272259250599400371e-01
5.272091124348999847e-01
5.271868570180071600e-01
5.271567832000405573e-01
5.271229488368019966e-01
5.270816769853358119e-01
5.270384369652926226e-01
5.269884343382784664e-01
5.269381816683912367e-01
5.268853802405137898e-01
5.268270542937344425e-01
5.267706150806494847e-01
5.267094830098640879e-01
5.266513091851768857e-01
5.265891940128925031e-01
5.265308082372980314e-01
5.264654963376883545e-01
5.264080874057645021e-01
5.263514530188788676e-01
5.262957479634293723e-01
5.262343091409248386e-01
5.261809620352754235e-01
5.261288524356761975e-01
5.260780341108385327e-01
5.260224161139724908e-01
5.259744467457978523e-01
5.259278394330121342e-01
5.258825935335917912e-01
5.258387002473289273e-01
5.257908812870363269e-01
5.257498042369579405e-01
5.257100148783263593e-01
5.256714843133669657e-01
5.256295666019799029e-01
5.255936045282187941e-01
5.255587978031318608e-01
5.255251110431183870e-01
5.254884712350070819e-01
5.254570454497353715e-01
5.254266277521160156e-01
5.253971827856632748e-01
5.253686757069239155e-01
5.253376473792273904e-01
5.253110206171145435e-01
5.252852273179282605e-01
5.252602357327014193e-01
5.252330037131942575e-01
5.252096143700605291e-01
5.251869332411225333e-01
5.251649322633319406e-01
5.251409239652206074e-01
5.251202791835604122e-01
5.251002325456830544e-01
5.250807595698968600e-01
5.250594723307091538e-01
5.250411407942117137e-01
5.250233115706309794e-01
5.250059633907027123e-01
5.249890756993216279e-01
5.249705663288832813e-01
5.249545920328545501e-01
5.249390183184412528e-01
5.249238273155292234e-01
5.249052775722222730e-01
5.248908853483057468e-01
5.248768217334363051e-01
5.248630712281836530e-01
5.248496188416376107e-01
5.248364500734479243e-01
5.248235508990107823e-01
5.248109077538735123e-01
5.247953709347913387e-01
5.247847953394383369e-01
5.247728697039760748e-01
5.247611487361323324e-01
5.247496210388129523e-01
5.247368331911838046e-01
5.247256801228565859e-01
5.247146871969434745e-01
5.247038445820093600e-01
5.246917779927879888e-01
5.246812237845004390e-01
5.246707914710442289e-01
5.246604726790616846e-01
5.246489531836764364e-01
5.246388493677183185e-01
5.246288350862643446e-01
5.246189033472218322e-01
5.246077839353809891e-01
5.245980058579412519e-01
5.245882905529346552e-01
5.245786323472488855e-01
5.245690258783513027e-01
5.245582375517856555e-01
5.245487246072407794e-01
5.245392486004220034e-01
5.245298054075087091e-01
5.245191796454771183e-01
5.245097937952837297e-01
5.245004297086105494e-01
5.244910844173964470e-01
5.244805534253718093e-01
5.244712394131143540e-01
5.244619365972025271e-01
5.244526430562311825e-01
5.244433571037375730e-01
5.244328809902017996e-01
5.244236065774544597e-01
5.244143358981128156e-01
5.244050681399228253e-01
5.243946079350056966e-01
5.243853445278741088e-01
5.243760826725497592e-01
5.243668222704565007e-01
5.243563694016646348e-01
5.243471124169909459e-01
5.243378574856895069e-01
5.243286050562239176e-01
5.243181630184345909e-01
5.243089178696782593e-01
5.242996772795630589e-01
5.242904420842440238e-01
5.242812131927515606e-01
5.242708026690763301e-01
5.242615904678802341e-01
5.242523877888709549e-01
5.242431957577646795e-01
5.242328321057110330e-01
5.242236665853298172e-01
5.242145154298394338e-01
5.242053798724490843e-01
5.241950857533522745e-01
5.241859874821556131e-01
5.241769087233656421e-01
5.241678507343031646e-01
5.241576500482156842e-01
5.241486403404028716e-01
5.241396552926124164e-01
5.241306961268166198e-01
5.241217640507861431e-01
5.241105651366232410e-01
5.241016983255256667e-01
5.240928624034846273e-01
5.240840584957937587e-01
5.240752877052506919e-01
5.240665511113732355e-01
5.240578497698032967e-01
5.240491847118873281e-01
5.240383321299432184e-01
5.240297523410847313e-01
5.240212120177673016e-01
5.240127120868458555e-01
5.240042534510143124e-01
5.239958369892349088e-01
5.239874635571115657e-01
5.239791339875833343e-01
5.239708490915313543e-01
5.239604830787749634e-01
5.239523015418792173e-01
5.239441671706981385e-01
5.239360806911966817e-01
5.239280428117133459e-01
5.239200542239610403e-01
5.239121156040332794e-01
5.239042276134605602e-01
5.238953779455848281e-01
5.238875996727295759e-01
5.238798740144972044e-01
5.238722015838230828e-01
5.238635974490913894e-01
5.238560401156786561e-01
5.238485378730578512e-01
5.238410913042461647e-01
5.238337009885156714e-01
5.238254177859441585e-01
5.238181489117418321e-01
5.238109380843193330e-01
5.238037858764232890e-01
5.237957733486969802e-01
5.237887476090368200e-01
5.237817822904321519e-01
5.237748779764007656e-01
5.237671471753021502e-01
5.237603744506391656e-01
5.237536645887780340e-01
5.237470181978466366e-01
5.237404358934278914e-01
5.237330710516612253e-01
5.237266270045600747e-01
5.237202490184799109e-01
5.237139377422412867e-01
5.237068809602286601e-01
5.237007136235604099e-01
5.236946150687630253e-01
5.236885859701337909e-01
5.236818499232892554e-01
5.236759706620385257e-01
5.236701629725687424e-01
5.236644275250544878e-01
5.236580251209003167e-01
5.236524453570952087e-01
5.236469398454780544e-01
5.236415091823770629e-01
5.236361539290472766e-01
5.236301828201416209e-01
5.236249894549213080e-01
5.236198729215787440e-01
5.236148335272708954e-01
5.236092194223056495e-01
5.236043445108188310e-01
5.235995470131170615e-01
5.235948267367480646e-01
5.235895709974628387e-01
5.235850133831428943e-01
5.235805312267441947e-01
5.235761235318505680e-01
5.235715019151729877e-01
5.235672436485659942e-01
5.235630553321979352e-01
5.235586610565591270e-01
5.235546106556853152e-01
5.235503578688489590e-01
5.235464356070902436e-01
5.235423134511042464e-01
5.235385089760034028e-01
5.235345067189109969e-01
5.235308106149432206e-01
5.235269194869173193e-01
5.235233251411142152e-01
5.235195403640793277e-01
5.235160458125682759e-01
5.235123683600746425e-01
5.235089776422821028e-01
5.235054152695780560e-01
5.235021389664107350e-01
5.234989238345754137e-01
5.234955612346188225e-01
5.234924874630467739e-01
5.234892874172714095e-01
5.234863793278085042e-01
5.234833697798427776e-01
5.234806553961995901e-01
5.234778677115550227e-01
5.234753778627302401e-01
5.234728460140390949e-01
5.234706136905666884e-01
5.234682293365258143e-01
5.234662986866246426e-01
5.234645232263598347e-01
5.234629116221031220e-01
5.234614726703341603e-01
5.234600338040504841e-01
5.234589914275261657e-01
5.234581498150907564e-01
5.234575180605123279e-01
5.234570319285142270e-01
5.234568761096701772e-01
5.234569580873830175e-01
5.234572863490322137e-01
5.234579224716954249e-01
5.234588000690022502e-01
5.234599468424764313e-01
5.234613681646036465e-01
5.234632625128374794e-01
5.234652778144083252e-01
5.234675729478353023e-01
5.234701441348917905e-01
5.234729838287309756e-01
5.234762627321388750e-01
5.234796117291535822e-01
5.234833837188448413e-01
5.234871360852038080e-01
5.234912526377087927e-01
5.234952297886624750e-01
5.234994548235817335e-01
5.235033869330584233e-01
5.235073802048338942e-01
5.235108959685145225e-01
5.235142111093573636e-01
5.235168475696249102e-01
5.235189584530806073e-01
5.235202034571279084e-01
5.235205694942318688e-01
5.235199413848137251e-01
5.235182674919358625e-01
5.235152579136976847e-01
5.235112694437767944e-01
5.235057654233860047e-01
5.234994610404457571e-01
5.234915979020325905e-01
5.234832244073204244e-01
5.234733725945213134e-01
5.234633575588087950e-01
5.234520272342944036e-01
5.234408774854062418e-01
5.234286098507398011e-01
5.234168175072401175e-01
5.234041007636690557e-01
5.233920824223166068e-01
5.233800748526346025e-01
5.233673798120205278e-01
5.233555807799107340e-01
5.233432122891247262e-01
5.233317990658178376e-01
5.233199044790589616e-01
5.233089821305015876e-01
5.232976426403034287e-01
5.232866048475631748e-01
5.232765136179623466e-01
5.232666939789396565e-01
5.232559313725427819e-01
5.232466807999078817e-01
5.232376908906121171e-01
5.232289555947874371e-01
5.232193863925762578e-01
5.232111691283097832e-01
5.232031840035102910e-01
5.231954233221812745e-01
5.231878793601254518e-01
5.231796039710991941e-01
5.231724952290903730e-01
5.231655797143345277e-01
5.231588502891673098e-01
5.231514555750074180e-01
5.231450989780179750e-01
5.231389077453580949e-01
5.231328757840452148e-01
5.231262349745844364e-01
5.231205224341164417e-01
5.231149518159480261e-01
5.231095180916011111e-01
5.231042164735020261e-01
5.230983663813137952e-01
5.230933306334526467e-01
5.230884134830545706e-01
5.230836110383006998e-01
5.230783027566102694e-01
5.230737319993383760e-01
5.230692649830939178e-01
5.230648985497936554e-01
5.230600647404027859e-01
5.230559022496025223e-01
5.230518314343386432e-01
5.230478497233915780e-01
5.230434356724446010e-01
5.230396353212379834e-01
5.230359168042766349e-01
5.230322780164519125e-01
5.230287169498923916e-01
5.230247631455944290e-01
5.230213609757765614e-01
5.230180308212055706e-01
5.230147710208300493e-01
5.230107164941021347e-01
5.230076092722248937e-01
5.230045674851474535e-01
5.230015897524170621e-01
5.229986747501635946e-01
5.229958212079067748e-01
5.229930279055411413e-01
5.229902936704933225e-01
5.229868808257109869e-01
5.229842754198893440e-01
5.229817255671720400e-01
5.229792302686301353e-01
5.229767885602485400e-01
5.229743995109030763e-01
5.229720622204443448e-01
5.229697758178876166e-01
5.229675394596925431e-01
5.229647366268771469e-01
5.229629113939443519e-01
5.229608262561077359e-01
5.229587879392406657e-01
5.229565116104225586e-01
5.229545703906842702e-01
5.229526737813170456e-01
5.229508211093545356e-01
5.229487502457095260e-01
5.229469887709891074e-01
5.229452692257606783e-01
5.229435909936537286e-01
5.229419534694857985e-01
5.229401208307764559e-01
5.229385678408501326e-01
5.229370537305735311e-01
5.229355779322062414e-01
5.229339243872884735e-01
5.229325281412995352e-01
5.229311684751590805e-01
5.229298448453990611e-01
5.229283597700559172e-01
5.229271109226636405e-01
5.229258964344652982e-01
5.229247157723940775e-01
5.229233888754977189e-01
5.229222783162139621e-01
5.229211999121072818e-01
5.229201531222589239e-01
5.229191374000761172e-01
5.229179927036544662e-01
5.229170411412122910e-01
5.229161188794563264e-01
5.229152253253476212e-01
5.229142151485479673e-01
5.229133805327155216e-01
5.229125726338579305e-01
5.229117907559319711e-01
5.229109028243174029e-01
5.229101737434728170e-01
5.229094682383864656e-01
5.229087854159295556e-01
5.229081243158221204e-01
5.229073667074688458e-01
5.229067482100828723e-01
5.229061478968849430e-01
5.229055644286679794e-01
5.229048877753789126e-01
5.229043350969962978e-01
5.229037942725104360e-01
5.229032634153811809e-01
5.229026369780920280e-01
5.229021203370591842e-01
5.229016067866188999e-01
5.229010938193361380e-01
5.229004755165427287e-01
5.228999548774873052e-01
5.228994262316892794e-01
5.228988866848836015e-01
5.228983333384623622e-01
5.228977077709575649e-01
5.228971170627892961e-01
5.228964457747687922e-01
5.228958068018362271e-01
5.228950792646511747e-01
5.228943833758147308e-01
5.228935919969649460e-01
5.228928337579452634e-01
5.228919747528757433e-01
5.228911525717521158e-01
5.228902263745088819e-01
5.228893426209910711e-01
5.228883537196372666e-01
5.228874143079987880e-01
5.228863705515081062e-01
5.228853840938587627e-01
5.228843784575382125e-01
5.228831885615533581e-01
5.228821505705951722e-01
5.228811013344181191e-01
5.228800433330522690e-01
5.228788067767771164e-01
5.228777379154827543e-01
5.228766673237021934e-01
5.228755969564929940e-01
5.228743564700525370e-01
5.228732923345739136e-01
5.228722335030333568e-01
5.228711812789758051e-01
5.228699680139663464e-01
5.228689335008102068e-01
5.228679087753551613e-01
5.228668946034414899e-01
5.228658916460424688e-01
5.228647385435170047e-01
5.228637611828732545e-01
5.228627965313157322e-01
5.228618449148685343e-01
5.228607513470137080e-01
5.228598282363211558e-01
5.228589188163679236e-01
5.228580232010713313e-01
5.228569932921018903e-01
5.228561272130182180e-01
5.228552750645086844e-01
5.228544368250140906e-01
5.228536124475124947e-01
5.228526625345442103e-01
5.228518673454358723e-01
5.228510857282584467e-01
5.228503175490543109e-01
5.228494302254773629e-01
5.228486900727548070e-01
5.228479628297536541e-01
5.228472482941559640e-01
5.228464203362278573e-01
5.228457320560715438e-01
5.228450557547013045e-01
5.228443911692635115e-01
5.228436181192624987e-01
5.228429774870844149e-01
5.228423476604482367e-01
5.228417283203015131e-01
5.228411191345190279e-01
5.228404064237185400e-01
5.228398176474908787e-01
5.228392379059595418e-01
5.228386668156124184e-01
5.228379950757450212e-01
5.228374410360725477e-01
5.228367874151351735e-01
5.228362485349180577e-01
5.228357161093765137e-01
5.228351896885314876e-01
5.228346688135323550e-01
5.228341530172431195e-01
5.228334363568190035e-01
5.228329302265899425e-01
5.228324276077687127e-01
5.228319280051727524e-01
5.228314309200792209e-01
5.228309358489005021e-01
5.228304422864097356e-01
5.228299497242069327e-01
5.228294576540818417e-01
5.228287640264316360e-01
5.228282711897781487e-01
5.228277771955215369e-01
5.228272815411231234e-01
5.228267837281261876e-01
5.228262832631611623e-01
5.228257796589590445e-01
5.228252724353618097e-01
5.228245540321361240e-01
5.228240369386613073e-01
5.228235147264200799e-01
5.228229869565104160e-01
5.228224532022421878e-01
5.228219130500408873e-01
5.228213661003264789e-01
5.228208119683420696e-01
5.228202502849579325e-01
5.228194583366518877e-01
5.228188783850467036e-01
5.228182897991079381e-01
5.228176922839837815e-01
5.228170855638728520e-01
5.228164693825188003e-01
5.228158435036308616e-01
5.228152077112588891e-01
5.228143199353109116e-01
5.228136611407026013e-01
5.228129918746491356e-01
5.228123120100021115e-01
5.228116214416426155e-01
5.228109200848427562e-01
5.228102078769100158e-01
5.228094847753793628e-01
5.228087507593881522e-01
5.228077389687135756e-01
5.228069804097651430e-01
5.228062110079636504e-01
5.228054308273994977e-01
5.228046399511903086e-01
5.228038384810040906e-01
5.228030265365167795e-01
5.228022042548765569e-01
5.228013717901123236e-01
5.228002381031991996e-01
5.227993833585034000e-01
5.227985190403556803e-01
5.227976453674924029e-01
5.227967625721319234e-01
5.227958708992972436e-01
5.227949706061241208e-01
5.227940619611759487e-01
5.227928356796733844e-01
5.227919092657565825e-01
5.227909754436486089e-01
5.227900345229845591e-01
5.227890868213584952e-01
5.227881326637044967e-01
5.227871723817012484e-01
5.227862063131941683e-01
5.227852348016356343e-01
5.227839340078814789e-01
5.227829515160211660e-01
5.227819647299842831e-01
5.227809740112018266e-01
5.227799797248084968e-01
5.227789822380395357e-01
5.227779819211303414e-01
5.227769791457145265e-01
5.227756433970595085e-01
5.227746364451276717e-01
5.227736282541766144e-01
5.227726192016811657e-01
5.227716096658279188e-01
5.227706000253322660e-01
5.227695906593015085e-01
5.227685819470948569e-01
5.227675742682155180e-01
5.227662371842343170e-01
5.227652332037046046e-01
5.227642314899548781e-01
5.227632324223412397e-01
5.227622363800691341e-01
5.227612437422008984e-01
5.227602548876709720e-01
5.227592701952853416e-01
5.227579661319794457e-01
5.227569921748389525e-01
5.227560236104065172e-01
5.227550608172879532e-01
5.227541041741515793e-01
5.227531540597821769e-01
5.227522108531290623e-01
5.227512749333647069e-01
5.227503466799299225e-01
5.227491179694144785e-01
5.227482083395370571e-01
5.227473076118277495e-01
5.227464161671717680e-01
5.227455343875939686e-01
5.227446626550427133e-01
5.227438013527007099e-01
5.227429508637618794e-01
5.227418236799928897e-01
5.227409989133194879e-01
5.227401862111474840e-01
5.227393859598327142e-01
5.227385985464149121e-01
5.227378243586068285e-01
5.227370637847776891e-01
5.227363172139251057e-01
5.227355850356472100e-01
5.227346106560279981e-01
5.227339122737932886e-01
5.227332295539276474e-01
5.227325628880373776e-01
5.227319126680326500e-01
5.227312792860497881e-01
5.227306631343512366e-01
5.227300646052354116e-01
5.227292617200234304e-01
5.227287042612305257e-01
5.227281656988557179e-01
5.227276464240274700e-01
5.227271468272411958e-01
5.227266672981997209e-01
5.227262082256389775e-01
5.227257699971606941e-01
5.227253529990311121e-01
5.227247819624342151e-01
5.227244141215642292e-01
5.227240687547620723e-01
5.227237462399140222e-01
5.227234469529312699e-01
5.227231712662872010e-01
5.227229195499206726e-01
5.227226921697324391e-01
5.227223623761724225e-01
5.227221910574713082e-01
5.227220452372441928e-01
5.227219252630589397e-01
5.227218314770352148e-01
5.227217642153955124e-01
5.227217238079689965e-01
5.227217105776887918e-01
5.227217248400346516e-01
5.227217013257688949e-01
5.227217785426593322e-01
5.227218842187640879e-01
5.227220186309625705e-01
5.227221820452117029e-01
5.227223747157379030e-01
5.227225968841913151e-01
5.227228487787496380e-01
5.227231251879919105e-01
5.227234447097143244e-01
5.227237945941609620e-01
5.227241750008998489e-01
5.227245860703426672e-01
5.227250279224416873e-01
5.227255006553337413e-01
5.227260043438795023e-01
5.227265390381325982e-01
5.227271373021185052e-01
5.227277379196333396e-01
5.227283695211057957e-01
5.227290320361963616e-01
5.227297737999940797e-01
5.227305016068213295e-01
5.227312598783023789e-01
5.227320483895012693e-01
5.227329308600996427e-01
5.227337826757070260e-01
5.227346637371077520e-01
5.227355736239067685e-01
5.227365118614237804e-01
5.227375601513652992e-01
5.227385567861904114e-01
5.227395799071771210e-01
5.227406287855749234e-01
5.227417980862387736e-01
5.227428989541362814e-01
5.227440228458861693e-01
5.227451687318083184e-01
5.227464422511207687e-01
5.227476310858464315e-01
5.227488381813901741e-01
5.227500621738638831e-01
5.227513016167644189e-01
5.227526720067328103e-01
5.227539390999491609e-01
5.227552166039142190e-01
5.227565027489043947e-01
5.227579171244179923e-01
5.227592154406572877e-01
5.227605164511974767e-01
5.227618181448072665e-01
5.227632402108255416e-01
5.227645365121116328e-01
5.227658270164541321e-01
5.227671096261714556e-01
5.227684998915089754e-01
5.227697588035811194e-01
5.227710033698269587e-01
5.227722315980803947e-01
5.227734415481535279e-01
5.227747378863831784e-01
5.227759028298112343e-01
5.227770438487245874e-01
5.227781592874315431e-01
5.227793409194355645e-01
5.227803968509732169e-01
5.227814225299383111e-01
5.227824166186232357e-01
5.227834549075474069e-01
5.227843777442585660e-01
5.227852652622831942e-01
5.227861164019074192e-01
5.227869884505800258e-01
5.227877590299911947e-01
5.227884902960261426e-01
5.227891814256980796e-01
5.227898316525275701e-01
5.227904725927245977e-01
5.227910336166158300e-01
5.227915517278786117e-01
5.227920264177690068e-01
5.227924671785258992e-01
5.227928482370001184e-01
5.227931847716692504e-01
5.227934766033042191e-01
5.227937105242109750e-01
5.227939071893690226e-01
5.227940592112396700e-01
5.227941668229120209e-01
5.227941943527887325e-01
5.227942088648536156e-01
5.227941804164732975e-01
5.227941097089753297e-01
5.227939975607885925e-01
5.227937821101711346e-01
5.227935851389456934e-01
5.227933500261089383e-01
5.227930780573943892e-01
5.227926888288039198e-01
5.227923432806410586e-01
5.227919655560965273e-01
5.227915573465720112e-01
5.227910229102764594e-01
5.227905559040760819e-01
5.227900642099256867e-01
5.227894430329703690e-01
5.227889055606950164e-01
5.227883498084037184e-01
5.227877779194923802e-01
5.227871920699609376e-01
5.227865944613231397e-01
5.227857522160674897e-01
5.227851362699429405e-01
5.227845158146302573e-01
5.227838930868532463e-01
5.227832703161776617e-01
5.227826497199276057e-01
5.227820334985149309e-01
5.227814238311964123e-01
5.227805920451298327e-01
5.227800049423745321e-01
5.227794312870215343e-01
5.227788731305377246e-01
5.227783324880724836e-01
5.227778113359552448e-01
5.227773116107774509e-01
5.227768352075592428e-01
5.227763839793284628e-01
5.227757757702448105e-01
5.227753877211224198e-01
5.227750305676406306e-01
5.227747059751427505e-01
5.227744155633332612e-01
5.227741609056310024e-01
5.227739435283706992e-01
5.227737649098052053e-01
5.227735708473146836e-01
5.227734792643318196e-01
5.227734307333899988e-01
5.227734265165295824e-01
5.227734678165548710e-01
5.227735288430920280e-01
5.227736705578718279e-01
5.227738611181373951e-01
5.227741014310844925e-01
5.227743909792174071e-01
5.227747396023035842e-01
5.227751401940832210e-01
5.227755932275730544e-01
5.227761246687702146e-01
5.227766900579231546e-01
5.227773084090358013e-01
5.227779795189381185e-01
5.227787557030263432e-01
5.227795372302256327e-01
5.227803693820319841e-01
5.227812509029347021e-01
5.227821802097747383e-01
5.227832389802496982e-01
5.227842628848702322e-01
5.227853271601814455e-01
5.227864285279580914e-01
5.227876657687231532e-01
5.227888327639630406e-01
5.227900232830852145e-01
5.227912318335908859e-01
5.227925639709801731e-01
5.227937899192514060e-01
5.227950129662554124e-01
5.227962252444726676e-01
5.227975242601106132e-01
5.227986852671524520e-01
5.227998079195563808e-01
5.228008827125352198e-01
5.228019000031211005e-01
5.228029222124001008e-01
5.228037855050488014e-01
5.228045619256738163e-01
5.228052429253732258e-01
5.228058437407758774e-01
5.228062971123715874e-01
5.228066338161283522e-01
5.228068493816773188e-01
5.228069016983309947e-01
5.228068512828397685e-01
5.228066748232529370e-01
5.228063738048586151e-01
5.228059511654031821e-01
5.228052941333933834e-01
5.228046289344963071e-01
5.228038596207732480e-01
5.228029939690064243e-01
5.228018739783372171e-01
5.228008326793551763e-01
5.227997234399387461e-01
5.227985560209709170e-01
5.227971436653306991e-01
5.227958850151122050e-01
5.227945983086809134e-01
5.227932926249071466e-01
5.227917700980873050e-01
5.227904521743346189e-01
5.227891406004293584e-01
5.227878423529999097e-01
5.227865638292352735e-01
5.227851145554313073e-01
5.227838965515463343e-01
5.227827145951795540e-01
5.227815728026193876e-01
5.227802990284400320e-01
5.227792540478766181e-01
5.227782590858782719e-01
5.227773164521384297e-01
5.227762791723060687e-01
5.227754538399542739e-01
5.227746859443743732e-01
5.227739765570095232e-01
5.227732076579505449e-01
5.227726251639144284e-01
5.227721032029001291e-01
5.227716420837306144e-01
5.227712419865112592e-01
5.227708230409670032e-01
5.227705527211090608e-01
5.227703433442608683e-01
5.227701947309230102e-01
5.227700579910204981e-01
5.227700376630556311e-01
5.227700772354486602e-01
5.227701763665156820e-01
5.227703167126113160e-01
5.227705411870949836e-01
5.227708240589628019e-01
5.227711649450587084e-01
5.227715753636072993e-01
5.227720382629341689e-01
5.227725580064441768e-01
5.227731342392311076e-01
5.227737666200521494e-01
5.227745515859463232e-01
5.227753091206028824e-01
5.227761218109689967e-01
5.227769893931726308e-01
5.227779116249604563e-01
5.227788882866838405e-01
5.227799191821872471e-01
5.227810041395837271e-01
5.227823520444351280e-01
5.227835581278220678e-01
5.227848178904285215e-01
5.227861312709598529e-01
5.227874982357064715e-01
5.227889187791101566e-01
5.227903929243388204e-01
5.227919207238713728e-01
5.227935022601143400e-01
5.227954706903822357e-01
5.227971735790162278e-01
5.227989306870890474e-01
5.228007422314805419e-01
5.228026084635271076e-01
5.228045296687304777e-01
5.228065061688088599e-01
5.228085383217871973e-01
5.228110730274238005e-01
5.228132318928065958e-01
5.228154478442839093e-01
5.228177214106214388e-01
5.228200531646476357e-01
5.228224437250045264e-01
5.228248937580661782e-01
5.228274039800013817e-01
5.228299751590037570e-01
5.228331916180408712e-01
5.228359030295985921e-01
5.228386782847634917e-01
5.228415184023376128e-01
5.228444244682689535e-01
5.228473976393099854e-01
5.228504391470040202e-01
5.228535503019690056e-01
5.228574547010477191e-01
5.228607277806425202e-01
5.228640753724151935e-01
5.228674991802698679e-01
5.228710010166441879e-01
5.228745828097426385e-01
5.228782466114306748e-01
5.228819946058418378e-01
5.228858291187837848e-01
5.228906629566981712e-01
5.228947014291672746e-01
5.228988350888045256e-01
5.229030669905607720e-01
5.229074003978793073e-01
5.229118387985814964e-01
5.229163859242518253e-01
5.229210457698864056e-01
5.229263857322893339e-01
5.229312997059535340e-01
5.229363408495805166e-01
5.229415145153178957e-01
5.229468264651484510e-01
5.229529329707771623e-01
5.229585600043380467e-01
5.229643464298192601e-01
5.229703001701141440e-01
5.229771663319164876e-01
5.229835050593588663e-01
5.229900405099746630e-01
5.229967838730910090e-01
5.230045913928964563e-01
5.230118185927452590e-01
5.230192959202855096e-01
5.230270397085774459e-01
5.230360498855803897e-01
5.230444220500948260e-01
5.230531235599635842e-01
5.230621792564501549e-01
5.230716168409770273e-01
5.230826867074006570e-01
5.230930434453497924e-01
5.231038922888935350e-01
5.231152782689155734e-01
5.231280004450153953e-01
5.231406639902023148e-01
5.231548863377250003e-01
5.231691168647610857e-01
5.231851958865871843e-01
5.232013846380202393e-01
5.232198083982158021e-01
5.232384983862989891e-01
5.232586619973736974e-01
5.232819234688438348e-01
5.233058670679000546e-01
5.233338198784296402e-01
5.233629694433251656e-01
5.233964521902827460e-01
5.234341588349725738e-01
5.234770699021387141e-01
5.235265052080386727e-01
5.235842864197493007e-01
5.236530034465312067e-01
5.237364711569081344e-01
5.238387895185965260e-01
5.239724486315183727e-01
5.241524032659257148e-01
5.244094945967069377e-01
5.248008792099070341e-01
5.254886549181020383e-01
5.267842801486274373e-01
5.278100302036322633e-01
5.263569832989570818e-01
5.252661229496718986e-01
5.246893762703676023e-01
5.243459554390746957e-01
5.241254119564698888e-01
5.239668693544221600e-01
5.238489456839866554e-01
5.237565382430644512e-01
5.236841615017759910e-01
5.236251587867314372e-01
5.235761673265603156e-01
5.235348767685694682e-01
5.235006472797552046e-01
5.234701440321909427e-01
5.234436277029423934e-01
5.234197388554496788e-01
5.233999463997762724e-01
5.233812935557735635e-01
5.233656905594341602e-01
5.233508585539217162e-01
5.233383671843757634e-01
5.233264182551936594e-01
5.233163087693266657e-01
5.233065956612324987e-01
5.232983554793833036e-01
5.232904162821631067e-01
5.232836742379178840e-01
5.232771699915482744e-01
5.232713013481745667e-01
5.232663263285697308e-01
5.232618196229060770e-01
5.232577432902635328e-01
5.232535868412474533e-01
5.232503174576924598e-01
5.232473843402555280e-01
5.232447634523336166e-01
5.232421179997865934e-01
5.232400908080763191e-01
5.232383140805910715e-01
5.232367713685527333e-01
5.232352534329840488e-01
5.232341587123692239e-01
5.232332536205877016e-01
5.232325255758318860e-01
5.232319109222917097e-01
5.232315103472655604e-01
5.232312509068488549e-01
5.232310956065585605e-01
5.232310914910542898e-01
5.232311817684898170e-01
5.232313843240647966e-01
5.232316677363980650e-01
5.232320267089041188e-01
5.232324488652377870e-01
5.232329122638420538e-01
5.232334174441227725e-01
5.232339329331353595e-01
5.232344664828633141e-01
5.232349844842003606e-01
5.232354969044490378e-01
5.232359749961870143e-01
5.232364218075070683e-01
5.232368343224466090e-01
5.232372007821760596e-01
5.232375213404806269e-01
5.232377988229389709e-01
5.232380260334312805e-01
5.232382198616609692e-01
5.232383653639051113e-01
5.232384909430070064e-01
5.232385744513353698e-01
5.232386522187778555e-01
5.232386961780051138e-01
5.232387469315312734e-01
5.232387722044370415e-01
5.232388138060035665e-01
5.232388370396955368e-01
5.232388827297377309e-01
5.232389336706529948e-01
5.232389733501026097e-01
5.232390215629149077e-01
5.232390956423842443e-01
5.232391777074941741e-01
5.232392356076625006e-01
5.232393331121287794e-01
5.232394366019722520e-01
5.232395449709897894e-01
5.232396275895419002e-01
5.232397419760096424e-01
5.232398569277496581e-01
5.232399708948464179e-01
5.232400523654938684e-01
5.232401589205278869e-01
5.232402594613038138e-01
5.232403523741179230e-01
5.232404360637203933e-01
5.232404736173055237e-01
5.232405325375377725e-01
5.232405774583515079e-01
5.232406069395778569e-01
5.232405762693864704e-01
5.232405683853093015e-01
5.232405408981906092e-01
5.232404925920173255e-01
5.232403682400256217e-01
5.232402719185805795e-01
5.232401513622809697e-01
5.232400056030307445e-01
5.232397666560775207e-01
5.232395643958949183e-01
5.232393342985841578e-01
5.232390756451015257e-01
5.232387877754697270e-01
5.232383844987906762e-01
5.232380326102870072e-01
5.232376498151641853e-01
5.232372356876141550e-01
5.232366880971263123e-01
5.232362062141407977e-01
5.232356920131460143e-01
5.232351452843881923e-01
5.232344473192769296e-01
5.232338309865492976e-01
5.232331817799920071e-01
5.232324996828899843e-01
5.232317847216246820e-01
5.232308973385781936e-01
5.232299685897723318e-01
5.232291474787097441e-01
5.232282940612085209e-01
5.232274085649394335e-01
5.232264912510771193e-01
5.232255424127524313e-01
5.232245623734947948e-01
5.232232061530794898e-01
5.232221572260457032e-01
5.232210783409200205e-01
5.232199699333451859e-01
5.232188324613976649e-01
5.232176664041295888e-01
5.232164722601162499e-01
5.232152505460568870e-01
5.232140017953763600e-01
5.232123157004791025e-01
5.232110081291084791e-01
5.232096753543166168e-01
5.232083179654654082e-01
5.232069365624042456e-01
5.232055317533627070e-01
5.232041041545426596e-01
5.232026543882587477e-01
5.232007238674593053e-01
5.231992265114974172e-01
5.231977090432773370e-01
5.231961721012604594e-01
5.231946163251468551e-01
5.231930423549840947e-01
5.231914508303292521e-01
5.231898423894369987e-01
5.231882176684954366e-01
5.231860766019323927e-01
5.231844175455431234e-01
5.231827442537898554e-01
5.231810573463098191e-01
5.231793574372298750e-01
5.231776451346020762e-01
5.231759210399065108e-01
5.231741857475606938e-01
5.231719134192565068e-01
5.231701550504211928e-01
5.231683873618482306e-01
5.231666109133359388e-01
5.231648262556242157e-01
5.231630339300982202e-01
5.231612344685228067e-01
5.231594283928214795e-01
5.231576162148503517e-01
5.231552546757608502e-01
5.231534305698143372e-01
5.231516019538691165e-01
5.231497692949090839e-01
5.231479330497306179e-01
5.231460936638713255e-01
5.231442515724215037e-01
5.231424071991369606e-01
5.231400105302109749e-01
5.231381625012415659e-01
5.231363134931427128e-01
5.231344638836372685e-01
5.231326140396773683e-01
5.231307643175004962e-01
5.231289150627334017e-01
5.231270666104709255e-01
5.231252192853921290e-01
5.231228234308901159e-01
5.231209797601340528e-01
5.231191382012841951e-01
5.231172990361496744e-01
5.231154625368354960e-01
5.231136289659009675e-01
5.231117985765214584e-01
5.231099716126667021e-01
5.231076041970283974e-01
5.231057857704802805e-01
5.231039715009044855e-01
5.231021615951448878e-01
5.231001783564398488e-01
