-6.851209266578450752e-09
-2.071426496996764399e-08
-3.453215668969278340e-08
-4.831816180494996615e-08
-6.215400827347394852e-08
-7.605648388864238996e-08
-8.998781564351077122e-08
-1.038870518499379614e-07
-1.177843844679671292e-07
-1.317161500979935340e-07
-1.457254188430567865e-07
-1.598728425200590664e-07
-1.743470565696014773e-07
-1.886355357472169203e-07
-2.027739843812881304e-07
-2.169129778017975241e-07
-2.311018633127659427e-07
-2.453714138539453415e-07
-2.597419405114820279e-07
-2.742036746550269299e-07
-2.887393490969003551e-07
-3.033587669953874411e-07
-3.181057663947939318e-07
-3.330719521299485564e-07
-3.486369173355541307e-07
-3.638749331846824475e-07
-3.789917697449851630e-07
-3.941238584381778765e-07
-4.093070375965623953e-07
-4.246475390212722800e-07
-4.400330009257658048e-07
-4.555353623203473035e-07
-4.711100611842766739e-07
-4.868943952462956304e-07
-5.030111583925744867e-07
-5.193359321475909951e-07
-5.352830331206703818e-07
-5.511851960404712258e-07
-5.671430634013319150e-07
-5.831566599612258983e-07
-5.991181566411540871e-07
-6.150769110702114517e-07
-6.312099209981880676e-07
-6.475195645228026819e-07
-6.638306487838363523e-07
-6.800680087959420916e-07
-6.963502688916989314e-07
-7.127032682907596950e-07
-7.290529744352625130e-07
-7.451129364621777995e-07
-7.610666550306177669e-07
-7.769745691277307742e-07
-7.928615075591949335e-07
-8.087422399549737406e-07
-8.246504911157970241e-07
-8.405750653306398590e-07
-8.565503221147352519e-07
-8.726813757187201759e-07
-8.889781913934413637e-07
-9.048273239553594749e-07
-9.206234962144677070e-07
-9.364479076623410947e-07
-9.523178134962506647e-07
-9.682331739702121354e-07
-9.842207406851599671e-07
-1.000162342390531478e-06
-1.016133960085596755e-06
-1.032285825597334394e-06
-1.049189955804052943e-06
-1.065876561012757406e-06
-1.082286956721745241e-06
-1.098643342412053414e-06
-1.114932910106780639e-06
-1.131111016627883714e-06
-1.147237502108211515e-06
-1.163348085309046098e-06
-1.179504765080885420e-06
-1.195700282674572179e-06
-1.211966068392911211e-06
-1.228716005496899299e-06
-1.245849296505063819e-06
-1.263294916120649702e-06
-1.280981575590978139e-06
-1.298609877076195573e-06
-1.316360880965206093e-06
-1.334138684860874946e-06
-1.351915266623038292e-06
-1.369871010403755918e-06
-1.387814766218298246e-06
-1.406032541284574222e-06
-1.423914269049753045e-06
-1.441701207416379305e-06
-1.459480157617321083e-06
-1.477291459717200439e-06
-1.495101032200629732e-06
-1.513003695552406214e-06
-1.531164646850768918e-06
-1.549939839695646526e-06
-1.568546432739736929e-06
-1.587162021920995869e-06
-1.605790020287045650e-06
-1.624611821293697744e-06
-1.643722691513360701e-06
-1.663067646040516934e-06
-1.683327979784543516e-06
-1.702355687416279295e-06
-1.720688934114811275e-06
-1.738699166753399084e-06
-1.757004644553639139e-06
-1.775383197455404627e-06
-1.794250753306414481e-06
-1.814032110969421296e-06
-1.834073316997475445e-06
-1.853888521474722495e-06
-1.873813264996471162e-06
-1.893898563198881391e-06
-1.914006494185827023e-06
-1.934864508390532478e-06
-1.955378335694035741e-06
-1.975784044594419697e-06
-1.996213557120540827e-06
-2.016360723500199015e-06
-2.036487860679336848e-06
-2.056481848256019873e-06
-2.076411122597932035e-06
-2.096230329540205162e-06
-2.115996763585314966e-06
-2.135917901546768860e-06
-2.156554557153356200e-06
-2.177091229182970267e-06
-2.197415034710381576e-06
-2.217700280082723907e-06
-2.238027580370172132e-06
-2.258797453191796478e-06
-2.279892102996505798e-06
-2.300534295507361549e-06
-2.320812299005936552e-06
-2.340968862424297470e-06
-2.361257771532621064e-06
-2.381858959066285308e-06
-2.402760416186922043e-06
-2.423923262773186593e-06
-2.445021502817112946e-06
-2.466454131377915360e-06
-2.488339495121394407e-06
-2.510634810604095435e-06
-2.533926012793230598e-06
-2.556990145397008973e-06
-2.581210685415058492e-06
-2.604798188143853110e-06
-2.628321330688798696e-06
-2.651623763560984059e-06
-2.675282318453930941e-06
-2.698653439159315326e-06
-2.721269636074552523e-06
-2.743550906680880530e-06
-2.766810770715721901e-06
-2.789931571323123194e-06
-2.813866226136774173e-06
-2.836015825957716174e-06
-2.858026479368724893e-06
-2.878874139633502693e-06
-2.899127121036570998e-06
-2.919112269239576563e-06
-2.938985968703455853e-06
-2.958982303513657541e-06
-2.979545178360964997e-06
-3.002500482796044423e-06
-3.022751397852019295e-06
-3.042812820486240355e-06
-3.063214842780048741e-06
-3.083315065266489796e-06
-3.103448243613193824e-06
-3.123568572904744656e-06
-3.143494838209193176e-06
-3.163384460602713943e-06
-3.183304755349780635e-06
-3.203306456089904941e-06
-3.223649920114368683e-06
-3.244669299351521374e-06
-3.266948972013850039e-06
-3.291286778561719473e-06
-3.317569623462190975e-06
-3.342347405510537328e-06
-3.366307077201646791e-06
-3.389993521230039164e-06
-3.413686332276455460e-06
-3.437539046857729375e-06
-3.461556677630817092e-06
-3.486134734109747058e-06
-3.512970940144910514e-06
-3.539643111838408629e-06
-3.566926761067179541e-06
-3.595602312000956147e-06
-3.624004648483669655e-06
-3.654664525454265345e-06
-3.685388110241660797e-06
-3.715834673179152503e-06
-3.747461506220517435e-06
-3.782133851659708057e-06
-3.812403707947886744e-06
-3.842098124984261176e-06
-3.871763382345960736e-06
-3.902195598315394420e-06
-3.932400921557999141e-06
-3.963125635997322149e-06
-3.993682490266436957e-06
-4.024839555527570667e-06
-4.067088996362322462e-06
-4.100628983150222950e-06
-4.133105838022288481e-06
-4.164178064369750132e-06
-4.195332590439804221e-06
-4.225603848939663010e-06
-4.256236829425219526e-06
-4.287780393408269219e-06
-4.317783232843375174e-06
-4.347511270541559725e-06
-4.378818292516406530e-06
-4.409649414172100990e-06
-4.439343972650888759e-06
-4.468568289395236093e-06
-4.497956535343128337e-06
-4.527398911324809205e-06
-4.557108995162373333e-06
-4.597577937359709210e-06
-4.628803728423669384e-06
-4.659664789352646608e-06
-4.690714860866584957e-06
-4.723492121549988099e-06
-4.752750923264770222e-06
-4.782662166413764737e-06
-4.814401437958082397e-06
-4.844040099927227061e-06
-4.871992449917428303e-06
-4.899283433834611401e-06
-4.926298775798088059e-06
-4.953264286289282836e-06
-4.980499178963704310e-06
-5.008657146476913624e-06
-5.038320070926971539e-06
-5.067699575089790187e-06
-5.096109262026082831e-06
-5.123824708297419761e-06
-5.150843647938607717e-06
-5.179695187207400409e-06
-5.206926708134496096e-06
-5.233517092473327637e-06
-5.260802578010981279e-06
-5.287814509147281683e-06
-5.317525741843631693e-06
-5.345585233351712873e-06
-5.371537695308958860e-06
-5.398311550441903250e-06
-5.424586603575143329e-06
-5.450749548385758203e-06
-5.476904615053790337e-06
-5.502837700399609844e-06
-5.528972263801890108e-06
-5.555415950597719643e-06
-5.584576958206355357e-06
-5.611700839125433049e-06
-5.638513066119621442e-06
-5.665052643766266272e-06
-5.692675927759793808e-06
-5.721271212122402972e-06
-5.749120094211690457e-06
-5.781220565603817363e-06
-5.811125696419949804e-06
-5.843263343408011679e-06
-5.872331067413583128e-06
-5.902614326425137392e-06
-5.931296191974411158e-06
-5.959784135978196673e-06
-5.988053343730648237e-06
-6.016279734621932107e-06
-6.044917220227041810e-06
-6.076682881550610205e-06
-6.108199310461692733e-06
-6.142534999198367984e-06
-6.176723125750349652e-06
-6.212355433743432798e-06
-6.244632105634195796e-06
-6.277692782608035316e-06
-6.316199092748497890e-06
-6.349303064090427995e-06
-6.380914154502370650e-06
-6.421070752771207424e-06
-6.456564815571219640e-06
-6.493536119811516016e-06
-6.531352505390053409e-06
-6.565276028047684065e-06
-6.600518899779750370e-06
-6.636209753052568772e-06
-6.675962777924482339e-06
-6.707827219898376825e-06
-6.741255829667558430e-06
-6.793603746668708254e-06
-6.826184589137085368e-06
-6.860853077328421534e-06
-6.896523209620752937e-06
-6.928656888338657893e-06
-6.960975341807618122e-06
-7.003643921366098368e-06
-7.039562968658152897e-06
-7.071922314083600725e-06
-7.106275546786555708e-06
-7.150929955845874986e-06
-7.188675291036616954e-06
-7.221859804840136121e-06
-7.255905404068840880e-06
-7.292120034363414049e-06
-7.333181940905042495e-06
-7.368836329346706293e-06
-7.405749644195935844e-06
-7.442639511245907613e-06
-7.482840222894360238e-06
-7.518104358728017189e-06
-7.553007977390002736e-06
-7.588485878784467786e-06
-7.626322455656087129e-06
-7.666721996701930664e-06
-7.705190086193525190e-06
-7.747716593731190926e-06
-7.785992930164908898e-06
-7.823150506847120766e-06
-7.867251211601811178e-06
-7.904806400560460133e-06
-7.954492876938168422e-06
-7.992202938011949698e-06
-8.041456381113754048e-06
-8.082165351974701650e-06
-8.127366804222546648e-06
-8.170786435668375702e-06
-8.213686100266848200e-06
-8.254434235466234782e-06
-8.298211528812160509e-06
-8.343540385480352484e-06
-8.391394419993147835e-06
-8.445891024999596652e-06
-8.492300841211886109e-06
-8.537525542862134387e-06
-8.586389418363538084e-06
-8.625201638579049757e-06
-8.666193788142706467e-06
-8.711406886519057480e-06
-8.755221887812858483e-06
-8.797745548849711383e-06
-8.853872749847724322e-06
-8.897252873785177485e-06
-8.940003463964174557e-06
-8.983451031507883044e-06
-9.028031933699942613e-06
-9.072632769169253208e-06
-9.116555978905260815e-06
-9.161881586394748922e-06
-9.212088483812053141e-06
-9.268854114674596190e-06
-9.314737330679001559e-06
-9.358978773188475486e-06
-9.407287853147039414e-06
-9.449668600725047440e-06
-9.491920657134222949e-06
-9.536208710136939715e-06
-9.589876864390944888e-06
-9.638268635092650527e-06
-9.685089321753714842e-06
-9.737556228572863404e-06
-9.783933000218070219e-06
-9.833976767459340351e-06
-9.884013324024110148e-06
-9.933268233730530028e-06
-9.986587042210004483e-06
-1.003676709077083729e-05
-1.008945432545704790e-05
-1.013999185617286969e-05
-1.018927406981617878e-05
-1.024126464321817309e-05
-1.029145384079388492e-05
-1.034198614358050605e-05
-1.039615312947717030e-05
-1.044821153683983539e-05
-1.050079491027311462e-05
-1.056171448521325829e-05
-1.062120352091078246e-05
-1.068039685214738910e-05
-1.074025392311384053e-05
-1.079869402298427872e-05
-1.085769514908019318e-05
-1.091588904489348977e-05
-1.097098675317820238e-05
-1.102507138583952440e-05
-1.107823525425821742e-05
-1.113060020385692184e-05
-1.118176050074470851e-05
-1.123441042016892766e-05
-1.128550942974815285e-05
-1.133956523236001601e-05
-1.139120818305361382e-05
-1.144267650621255683e-05
-1.149841656644667864e-05
-1.155058794632957131e-05
-1.160036563552235833e-05
-1.165657022850208335e-05
-1.170841011288725753e-05
-1.175556674803956980e-05
-1.180514373100294279e-05
-1.185675285519938171e-05
-1.190525770522476989e-05
-1.195620836180744107e-05
-1.200382509858322067e-05
-1.205246605018306383e-05
-1.210549860786169774e-05
-1.215429803513856655e-05
-1.220923373701499060e-05
-1.226587570579695807e-05
-1.231693470449268801e-05
-1.236712916063975598e-05
-1.242016626934461243e-05
-1.248054592906111537e-05
-1.253940848544576880e-05
-1.260188387008920330e-05
-1.265399574046366382e-05
-1.270326718427750023e-05
-1.275514015486312047e-05
-1.280678874471252726e-05
-1.285619115043434846e-05
-1.290675393816886896e-05
-1.296431516095708503e-05
-1.301351225124758315e-05
-1.306405516732223049e-05
-1.311302440087924737e-05
-1.316652548610797169e-05
-1.321817549115866797e-05
-1.326831185366472710e-05
-1.331927355996409545e-05
-1.336948443764196526e-05
-1.342848564156451374e-05
-1.348289394242918604e-05
-1.353483766197705052e-05
-1.358936729123350062e-05
-1.364290232730436259e-05
-1.370225669850011485e-05
-1.375932914804423035e-05
-1.381365721486726983e-05
-1.386982975604134083e-05
-1.392411089751188769e-05
-1.397889470911017895e-05
-1.403608493122376899e-05
-1.408816263270828983e-05
-1.413902347391360337e-05
-1.419234090327403663e-05
-1.424331558053104629e-05
-1.429935981023255920e-05
-1.435505861735464350e-05
-1.441011250358226192e-05
-1.447061683768069429e-05
-1.454079092177984478e-05
-1.462870455581910534e-05
-1.469484023053357902e-05
-1.475279386331518339e-05
-1.480903148309842265e-05
-1.486403150119386396e-05
-1.492238843925353109e-05
-1.498138727551445726e-05
-1.504142651342910142e-05
-1.509329707838347190e-05
-1.514593387319518314e-05
-1.519845166775279921e-05
-1.525154230341829731e-05
-1.530625109191774413e-05
-1.536480833896902709e-05
-1.541999561360807292e-05
-1.548294203990163709e-05
-1.560918289933432845e-05
-1.568301160026486230e-05
-1.575497134653769393e-05
-1.582264772914676598e-05
-1.590340879442653232e-05
-1.598652039969117311e-05
-1.610414530650583487e-05
-1.620159406601207053e-05
-1.628269496989354082e-05
-1.637495153461454578e-05
-1.646300574964509877e-05
-1.655798675415098842e-05
-1.664526110611852516e-05
-1.673878061370093207e-05
-1.684843641192035335e-05
-1.692992332791298793e-05
-1.701148390875761862e-05
-1.712018695176897864e-05
-1.720186296316761343e-05
-1.728156922276014029e-05
-1.736553300435428326e-05
-1.745486870818879765e-05
-1.754296703648794420e-05
-1.763844802360470254e-05
-1.771641984382732460e-05
-1.781634154818245719e-05
-1.792187800775391082e-05
-1.800135784302270281e-05
-1.808352166210447365e-05
-1.816447269131771236e-05
-1.824522192450661606e-05
-1.832783777377944290e-05
-1.843353848018924879e-05
-1.851452194323588429e-05
-1.859705657836219217e-05
-1.869538326748632073e-05
-1.877940340433426059e-05
-1.886190716604563278e-05
-1.895975694743423645e-05
-1.904102186034428712e-05
-1.911872132043246353e-05
-1.921497139012462441e-05
-1.929205852246873576e-05
-1.941895679880012437e-05
-1.951125210641890817e-05
-1.959721728084229397e-05
-1.968326475876303050e-05
-1.976798862657336286e-05
-1.985009001093107628e-05
-1.993516081255641836e-05
-2.002266234990557336e-05
-2.011025693426926608e-05
-2.020611028541452470e-05
-2.030117735385417177e-05
-2.040749315723733304e-05
-2.051441179773405565e-05
-2.060719640784025586e-05
-2.070041323354310236e-05
-2.081955387112088829e-05
-2.090914246355435324e-05
-2.100293732099078881e-05
-2.108974786341200058e-05
-2.118215252489008549e-05
-2.128232935061369346e-05
-2.137790050449339674e-05
-2.146553696391606536e-05
-2.156121384644382744e-05
-2.165036951862209236e-05
-2.173624112866701097e-05
-2.183433826652425580e-05
-2.194181148085228017e-05
-2.202778895377122126e-05
-2.210852360895465551e-05
-2.218149235233557448e-05
-2.225425942692371706e-05
-2.233605067047950143e-05
-2.240978977796626026e-05
-2.248416048389323407e-05
-2.255959993202605318e-05
-2.265242395449451607e-05
-2.273483166492784591e-05
-2.283844223505138160e-05
-2.293370521733173462e-05
-2.303158973726571190e-05
-2.311675684985026180e-05
-2.319864156175022174e-05
-2.329806510603660286e-05
-2.340701373215736680e-05
-2.349025748693556181e-05
-2.359341229429823272e-05
-2.370859310885098381e-05
-2.382993046390335934e-05
-2.392076657842245879e-05
-2.401613685143466626e-05
-2.415803680566597222e-05
-2.426174555747451222e-05
-2.434143749929784661e-05
-2.442176254657812962e-05
-2.450035736545341791e-05
-2.458718000508675061e-05
-2.469677186955898662e-05
-2.479303030289425891e-05
-2.488196121575025899e-05
-2.498569286324414662e-05
-2.506374366995078873e-05
-2.514534458852857313e-05
-2.523426876233081373e-05
-2.532437603253168135e-05
-2.541142169731891443e-05
-2.552520419440984512e-05
-2.563851143067008564e-05
-2.572600049843831727e-05
-2.584196391064441656e-05
-2.593070772849426220e-05
-2.601847839989179789e-05
-2.612430909021412617e-05
-2.623197357420892217e-05
-2.634471452012121517e-05
-2.643270097946182062e-05
-2.654096344045786537e-05
-2.667445456849826257e-05
-2.676531541268012404e-05
-2.689077070405776482e-05
-2.697808832741177554e-05
-2.709386239174715882e-05
-2.719055019939631279e-05
-2.730099736958369050e-05
-2.740578831406104143e-05
-2.748928151052876245e-05
-2.759134505270210980e-05
-2.769263265378629768e-05
-2.778686068916069729e-05
-2.787688322170023270e-05
-2.797255623954164605e-05
-2.806196318916320820e-05
-2.816470219912936557e-05
-2.825537941530953390e-05
-2.835934280609464508e-05
-2.844876248686567521e-05
-2.855782665256434427e-05
-2.864695685333984443e-05
-2.874579629408291481e-05
-2.881798703480153989e-05
-2.888744433537926426e-05
-2.896444730371428022e-05
-2.903343476856612426e-05
-2.910348272744389675e-05
-2.918303429666480042e-05
-2.926637553490873955e-05
-2.936335074532614442e-05
-2.944840100815859785e-05
-2.954848716330005232e-05
-2.964491956369830206e-05
-2.976428597101232754e-05
-2.986907846957986834e-05
-2.995748081480176239e-05
-3.007350636274885858e-05
-3.015735051259404997e-05
-3.025118206256838249e-05
-3.035898484049504020e-05
-3.047005533951541167e-05
-3.055969684906401085e-05
-3.067980933302294488e-05
-3.078169739600955523e-05
-3.089153171786929164e-05
-3.101126738913606573e-05
-3.111807415356881990e-05
-3.122346643946727340e-05
-3.133278651423765382e-05
-3.143271552541460068e-05
-3.153902706432010206e-05
-3.164377044262423055e-05
-3.174740724953828419e-05
-3.186412759248469229e-05
-3.196570527375097726e-05
-3.206664067589848344e-05
-3.216997131494370166e-05
-3.227442094133614603e-05
-3.238048160658646424e-05
-3.249176740371950700e-05
-3.259263387955790847e-05
-3.269298187902336394e-05
-3.279591292482120224e-05
-3.290499793640044857e-05
-3.300248604543032371e-05
-3.309648314708812933e-05
-3.319557053571564609e-05
-3.330887858854492123e-05
-3.341843751336615043e-05
-3.351830245235110084e-05
-3.363851249227334250e-05
-3.374349572038415346e-05
-3.383941299006654191e-05
-3.393549715613453088e-05
-3.403451189931683274e-05
-3.414099514154056436e-05
-3.426228646719042814e-05
-3.437036682929495157e-05
-3.447226822805848911e-05
-3.457078467705709812e-05
-3.466896533066421426e-05
-3.476636994148574189e-05
-3.486415747322446634e-05
-3.496276370995587968e-05
-3.506221562310507522e-05
-3.516240950174331914e-05
-3.526303672540809231e-05
-3.536397662562418276e-05
-3.546565764878106819e-05
-3.557154152855623863e-05
-3.567189135667003796e-05
-3.577524534192910721e-05
-3.589316637231387830e-05
-3.600883233823015672e-05
-3.610843206836023001e-05
-3.620307411067447134e-05
-3.629878377320316929e-05
-3.640313357666791205e-05
-3.652375282969799741e-05
-3.663754443483657752e-05
-3.674669123177043417e-05
-3.685990634627600571e-05
-3.696358992311132852e-05
-3.706717907148160407e-05
-3.717424691918047586e-05
-3.729502258498218481e-05
-3.740329504853256992e-05
-3.750427132209743775e-05
-3.760351054848953822e-05
-3.770454456686334055e-05
-3.781738760610942052e-05
-3.794050648264768455e-05
-3.804786525796188812e-05
-3.814686036496262034e-05
-3.824420149400875601e-05
-3.834536374058838959e-05
-3.846243920291314566e-05
-3.858793564714968483e-05
-3.869313315885136717e-05
-3.879671160511577455e-05
-3.891274679190814823e-05
-3.903252193471207221e-05
-3.913785679365844317e-05
-3.924270412958286158e-05
-3.936114844638183285e-05
-3.949181153983793990e-05
-3.960282091475253452e-05
-3.971090161425383513e-05
-3.982624973297710369e-05
-3.994925225603296326e-05
-4.005628124303939330e-05
-4.016116214899945192e-05
-4.027614864365869352e-05
-4.040825917328572103e-05
-4.051938934479526466e-05
-4.062350364386624335e-05
-4.073486562117256682e-05
-4.086964707650242445e-05
-4.098069828439854234e-05
-4.108083661824579735e-05
-4.118523794605088995e-05
-4.130562474669030593e-05
-4.141154019909887296e-05
-4.151998010848423348e-05
-4.165194066862998312e-05
-4.175598695776994163e-05
-4.187453871806745553e-05
-4.198154982948398839e-05
-4.208785639936429845e-05
-4.219767164714838259e-05
-4.230808493033144657e-05
-4.242582602254074686e-05
-4.255071867920179329e-05
-4.266860650170567482e-05
-4.279038840782067865e-05
-4.290313600696649132e-05
-4.302244135190314012e-05
-4.315155581202656521e-05
-4.325914295766342121e-05
-4.337188563596772184e-05
-4.349574702078307098e-05
-4.360726951890825376e-05
-4.373099541699065895e-05
-4.386576131798491929e-05
-4.399965308110598272e-05
-4.413170401273980303e-05
-4.425293115273287725e-05
-4.435998661522777553e-05
-4.447531655726866262e-05
-4.460657380744859068e-05
-4.471930309490890210e-05
-4.483484296191608820e-05
-4.497259365898731431e-05
-4.509495873561419899e-05
-4.520754703252194417e-05
-4.533010496754474872e-05
-4.543857244598825673e-05
-4.554684338331504989e-05
-4.568488529910208484e-05
-4.579802151583045600e-05
-4.590673126336763943e-05
-4.602801098463338292e-05
-4.613688809185223505e-05
-4.624876322478765900e-05
-4.638605645390647680e-05
-4.650791497484707548e-05
-4.662125817267437355e-05
-4.674623499478780531e-05
-4.687157488147963846e-05
-4.699489149884161776e-05
-4.712451253097160730e-05
-4.724407445733103117e-05
-4.735777786335493289e-05
-4.748409333210634742e-05
-4.759651174390810979e-05
-4.770554812083549479e-05
-4.783036697597609077e-05
-4.794119793261053530e-05
-4.804951616299568684e-05
-4.818220800084649369e-05
-4.829976665965407534e-05
-4.841766457630569676e-05
-4.855126741598603246e-05
-4.867040944389611212e-05
-4.879170946381350404e-05
-4.892249802979087292e-05
-4.904057794152816285e-05
-4.915443670061581116e-05
-4.928720204067094102e-05
-4.939887195420933352e-05
-4.953122518602803837e-05
-4.965077762975056430e-05
-4.976377973753276507e-05
-4.988105028391753848e-05
-5.000447486014358844e-05
-5.011171576763118196e-05
-5.024056854441294462e-05
-5.035874622838498738e-05
-5.048094034876271508e-05
-5.060652210231442183e-05
-5.072690340035546086e-05
-5.085721578124147157e-05
-5.098297399586115830e-05
-5.110627526150324229e-05
-5.122425758385951156e-05
-5.137198188887026618e-05
-5.148389093534433414e-05
-5.163035096245049971e-05
-5.173378061529287919e-05
-5.185631533410894889e-05
-5.200258134663293674e-05
-5.211373042268707678e-05
-5.223764078154946588e-05
-5.236317136014800866e-05
-5.248076311403782057e-05
-5.261743844997557318e-05
-5.273641818615004695e-05
-5.285127805132461276e-05
-5.298424867739015554e-05
-5.310417563442193511e-05
-5.323093727194194713e-05
-5.335162051789410498e-05
-5.346993983124104233e-05
-5.355773880966196998e-05
-5.371604347637060073e-05
-5.384204434633055314e-05
-5.394089558219405944e-05
-5.404664550701099301e-05
-5.415544684617135118e-05
-5.429205333185027627e-05
-5.439970097087520884e-05
-5.450178850030518163e-05
-5.460558170822249480e-05
-5.473166732694600967e-05
-5.485508592228960367e-05
-5.495848039194228818e-05
-5.506243359965079520e-05
-5.515414784751371258e-05
-5.528787699238257858e-05
-5.540806279047405525e-05
-5.550226499895227761e-05
-5.561036971779564908e-05
-5.572801492292889236e-05
-5.582450696628438180e-05
-5.592102703377843653e-05
-5.601349613726380738e-05
-5.611510150460574664e-05
-5.623135457566430517e-05
-5.632829063273447900e-05
-5.646439072704012574e-05
-5.656332403969344114e-05
-5.666564475459434647e-05
-5.676593656533945875e-05
-5.687151203415119483e-05
-5.699758076127547923e-05
-5.709400324138691474e-05
-5.719663706849065221e-05
-5.731021321730978002e-05
-5.742838681654927058e-05
-5.752982295348374464e-05
-5.763049901774675021e-05
-5.774060685437287788e-05
-5.783680102633415032e-05
-5.793692235489533715e-05
-5.804237019457758606e-05
-5.813730575621178787e-05
-5.824383176789016403e-05
-5.836485394217216793e-05
-5.846851441670963823e-05
-5.856632950773654755e-05
-5.867700543238374422e-05
-5.877625736860903061e-05
-5.887787106195752074e-05
-5.897897536377705308e-05
-5.908335407589504484e-05
-5.917666196963988767e-05
-5.928393011556121195e-05
-5.938202557687066729e-05
-5.947946764395251051e-05
-5.957589083060987889e-05
-5.967333244449868346e-05
-5.977495106590513529e-05
-5.987161653098205250e-05
-5.997583265793249296e-05
-6.008140065583145173e-05
-6.018748955072261708e-05
-6.028104062971717525e-05
-6.038094563975970885e-05
-6.049548702979912207e-05
-6.059281911352520922e-05
-6.070365787236298161e-05
-6.080541237807324251e-05
-6.091767480542742419e-05
-6.101751370379826511e-05
-6.112589841478222041e-05
-6.121983299756106334e-05
-6.132065162811617398e-05
-6.141521191960208625e-05
-6.151944508347995111e-05
-6.162811112342403419e-05
-6.173537484233104777e-05
-6.183846993834674066e-05
-6.193914183538762330e-05
-6.204735960702034703e-05
-6.216878349607490861e-05
-6.226965502154069299e-05
-6.238130850577672248e-05
-6.248546613729644150e-05
-6.259433933464286781e-05
-6.269646845613596753e-05
-6.281058832435792993e-05
-6.292014680975288599e-05
-6.300402289749484908e-05
-6.311545865533840782e-05
-6.323264546170825895e-05
-6.335303576920914281e-05
-6.346017568048534230e-05
-6.357504636367306006e-05
-6.368159659209116086e-05
-6.378919650051884105e-05
-6.389586537325353532e-05
-6.399620686992069096e-05
-6.409288078934594068e-05
-6.419679107638742721e-05
-6.430572832794023697e-05
-6.442569824294253067e-05
-6.453948753326610444e-05
-6.466058784182493469e-05
-6.477763243672995941e-05
-6.489798610009867019e-05
-6.500678664622672187e-05
-6.510707376783386735e-05
-6.520746887817008286e-05
-6.531246917473865210e-05
-6.544945754738407118e-05
-6.555773815686283257e-05
-6.566731428325756070e-05
-6.578218848751760106e-05
-6.588947354280172419e-05
-6.599114711536291367e-05
-6.610070910961773905e-05
-6.622837870329245646e-05
-6.634029033403265885e-05
-6.646216151640071956e-05
-6.657705885804166002e-05
-6.669048490526297002e-05
-6.679998341974080489e-05
-6.688058956683118339e-05
-6.697077065198620005e-05
-6.708263461718821929e-05
-6.719542629618491247e-05
-6.731450333752331261e-05
-6.741066323234790048e-05
-6.751079905953361049e-05
-6.760395284310938280e-05
-6.771184302534205557e-05
-6.781031417324445698e-05
-6.792138752143017655e-05
-6.802584452758608791e-05
-6.815848908836574793e-05
-6.825970291446381566e-05
-6.836970664625408034e-05
-6.847617064487110383e-05
-6.860573311373574512e-05
-6.873851299749045296e-05
-6.885335038941953201e-05
-6.896907994580203649e-05
-6.909872653537707521e-05
-6.922624833316515236e-05
-6.935057285606394117e-05
-6.948505760651091379e-05
-6.960357940788419739e-05
-6.971933995147949759e-05
-6.983781572900138457e-05
-6.995255225428209656e-05
-7.007887817689351095e-05
-7.020193436102495355e-05
-7.032230850623211182e-05
-7.043219301627878792e-05
-7.055292423308046068e-05
-7.067996092435802069e-05
-7.079020424471949013e-05
-7.093575279348840468e-05
-7.105111438465705476e-05
-7.115580204442029100e-05
-7.127413839147500596e-05
-7.138852019838992646e-05
-7.151539936223194616e-05
-7.164785413427132710e-05
-7.178246983430280892e-05
-7.190250995170455184e-05
-7.203684048306957521e-05
-7.214111376763199246e-05
-7.225063671911780006e-05
-7.237647087665610712e-05
-7.250681145321014043e-05
-7.261230903343740550e-05
-7.273472100821631869e-05
-7.286132086326002621e-05
-7.298590598114884642e-05
-7.308550026186022563e-05
-7.319191226839993902e-05
-7.330646830960851901e-05
-7.341443013986204136e-05
-7.352226356061031254e-05
-7.363617540334654876e-05
-7.373913795161168849e-05
-7.385024857020638933e-05
-7.398102127265104855e-05
-7.410907911697961481e-05
-7.421870790835782827e-05
-7.432511126026497550e-05
-7.444223578068065450e-05
-7.455504081188557564e-05
-7.465388505445424983e-05
-7.477697760294166329e-05
-7.486716677118643304e-05
-7.496274705787175918e-05
-7.508184807825113438e-05
-7.518937994144270220e-05
-7.529253824889448055e-05
-7.540280148166100815e-05
-7.552847930614170480e-05
-7.563975392987920543e-05
-7.573847124009436271e-05
-7.584627240231345269e-05
-7.595952006222983499e-05
-7.606756973055350812e-05
-7.618612864890295100e-05
-7.628716925944800664e-05
-7.639275706705639379e-05
-7.652844984229467684e-05
-7.663043553529647056e-05
-7.673678696995533954e-05
-7.684275140595886455e-05
-7.695222267956047801e-05
-7.706915427163618659e-05
-7.718019124014485755e-05
-7.730361205493530008e-05
-7.741669901606407223e-05
-7.752652531556325499e-05
-7.765235673806714090e-05
-7.776691945327041111e-05
-7.788603790859216502e-05
-7.800725437445699129e-05
-7.812076325497407936e-05
-7.822482161834454217e-05
-7.834005945361877110e-05
-7.845624724966970831e-05
-7.857856879212032908e-05
-7.868093610718940312e-05
-7.878396733773662675e-05
-7.889751968725988718e-05
-7.901330992821087307e-05
-7.913025323202926842e-05
-7.924216170340780963e-05
-7.937456863527092565e-05
-7.949833453968491170e-05
-7.962746498735295830e-05
-7.974764210449958313e-05
-7.986473932197757364e-05
-7.999954648996165929e-05
-8.011550178310677950e-05
-8.022730382040155206e-05
-8.035718867693830703e-05
-8.047566257551874713e-05
-8.060545728827417378e-05
-8.072594176566916246e-05
-8.084451421763727552e-05
-8.098331827477434075e-05
-8.110303885489056341e-05
-8.121498191904219510e-05
-8.131545936840289812e-05
-8.142744851313832299e-05
-8.152383193660295291e-05
-8.162821797064179208e-05
-8.173772915953669838e-05
-8.186754235184334760e-05
-8.200083876042096875e-05
-8.213983271798674934e-05
-8.226224606988630228e-05
-8.240735282638578241e-05
-8.253618586595568019e-05
-8.265330255563529960e-05
-8.278381018600455832e-05
-8.291393091397480930e-05
-8.302973968998816900e-05
-8.312968799151221333e-05
-8.322719021358615521e-05
-8.333776268976134105e-05
-8.345447388580229386e-05
-8.358155410592704726e-05
-8.370844602589855299e-05
-8.384403929428962954e-05
-8.399668238501245554e-05
-8.411630522953128519e-05
-8.425727761973700325e-05
-8.437168930663929700e-05
-8.448755489287584908e-05
-8.462184962487739881e-05
-8.481968929641148236e-05
-8.495080990200687410e-05
-8.507577932403975751e-05
-8.519618100522041715e-05
-8.533407107569335182e-05
-8.543451346876285157e-05
-8.557090116811938429e-05
-8.568622988425200759e-05
-8.577823423061570196e-05
-8.589791960655901448e-05
-8.606959157508864422e-05
-8.617105605213115638e-05
-8.627109558057011185e-05
-8.638521257442466350e-05
-8.649428186779939409e-05
-8.664471259445249984e-05
-8.679557233914891867e-05
-8.691245827974203308e-05
-8.704215866328635087e-05
-8.715618765764432396e-05
-8.726018964932968913e-05
-8.736815037468925738e-05
-8.751894929548420521e-05
-8.764105173419967088e-05
-8.775027733542994923e-05
-8.786170654917491163e-05
-8.798528568487729018e-05
-8.813002682195314463e-05
-8.827787539567033548e-05
-8.842891184956958028e-05
-8.858839614556135444e-05
-8.873740889203673987e-05
-8.885961068183512168e-05
-8.896036847605426345e-05
-8.905659864077986043e-05
-8.919381905303502833e-05
-8.928676425745685208e-05
-8.944087263207389782e-05
-8.954732195431969188e-05
-8.965535195182283701e-05
-8.977363336548638273e-05
-8.990092291960571913e-05
-9.000027397709775556e-05
-9.011127793834283750e-05
-9.025047315780465595e-05
-9.036663340689088386e-05
-9.050595748183454248e-05
-9.062883707289248747e-05
-9.076804943042304785e-05
-9.088321649042274686e-05
-9.101134344713379676e-05
-9.112689290291520194e-05
-9.129034065413765830e-05
-9.141414895708077637e-05
-9.157131268600071650e-05
-9.168761300870631459e-05
-9.182521328243709036e-05
-9.195828445285325614e-05
-9.207233471242304290e-05
-9.221045289609097750e-05
-9.237461322286755205e-05
-9.251702179802201442e-05
-9.264468115066648579e-05
-9.277098916704584752e-05
-9.289770967924049216e-05
-9.302339961514416444e-05
-9.317564133570765961e-05
-9.330474187474457892e-05
-9.342898742314975635e-05
-9.356454491171728449e-05
-9.368235949247516459e-05
-9.383499665471806139e-05
-9.395190998362501489e-05
-9.409644541247264016e-05
-9.422385936197485989e-05
-9.437229705677729896e-05
-9.451362053825018705e-05
-9.465708944811357384e-05
-9.480908976811086575e-05
-9.497581279149791555e-05
-9.510914189936325869e-05
-9.527138069409524235e-05
-9.542011134799910366e-05
-9.557550192651476095e-05
-9.572876791585915868e-05
-9.589425698175446655e-05
-9.604419117659190874e-05
-9.619393835846867802e-05
-9.634152311532862001e-05
-9.650151426077169248e-05
-9.664734959646814616e-05
-9.680659789013112970e-05
-9.695788496189017280e-05
-9.709544284941529213e-05
-9.724024765855876495e-05
-9.740353609821728043e-05
-9.757413006483695028e-05
-9.772219210124610811e-05
-9.787644077963175704e-05
-9.801999050051968254e-05
-9.817659988531346471e-05
-9.833888966692683198e-05
-9.849143149165406896e-05
-9.863921283714827126e-05
-9.878238435223618552e-05
-9.892384574006207743e-05
-9.909257530171799999e-05
-9.921197252715785453e-05
-9.936177884606323119e-05
-9.949300329636923124e-05
-9.966913388370635118e-05
-9.980632601769290346e-05
-9.994669912272158285e-05
-1.000865585960575288e-04
-1.002370077985981212e-04
-1.003910616910186349e-04
-1.005152554575117207e-04
-1.006439319368723773e-04
-1.008259431793945282e-04
-1.010002663343056994e-04
-1.011220512109334280e-04
-1.012425958170082296e-04
-1.013990975432532693e-04
-1.015260926268135577e-04
-1.016563808006187841e-04
-1.018253902373977837e-04
-1.019870015592783119e-04
-1.020967903443414926e-04
-1.022409400319723716e-04
-1.023701844080626699e-04
-1.025203367874816252e-04
-1.026581687705307999e-04
-1.028576702908345908e-04
-1.029832693795196263e-04
-1.030883503853052829e-04
-1.032397470527302019e-04
-1.034012183728227896e-04
-1.035163407623329590e-04
-1.036443056688929332e-04
-1.037844391078568407e-04
-1.039084154991209985e-04
-1.040272729772029336e-04
-1.041736969069617658e-04
-1.043200829478063696e-04
-1.044830314251843362e-04
-1.046245562286163278e-04
-1.047782109913075743e-04
-1.049201313175762706e-04
-1.050577011968423236e-04
-1.051990978708783331e-04
-1.053459557510683098e-04
-1.054830765854219976e-04
-1.056453707344306991e-04
-1.057944613067629547e-04
-1.059469548625457946e-04
-1.061086009260803209e-04
-1.062775642717284086e-04
-1.064251320104236953e-04
-1.066020513820209459e-04
-1.067458361517781285e-04
-1.068996617303863417e-04
-1.070692088468438996e-04
-1.072185119078694626e-04
-1.073789715527739830e-04
-1.075576350475504483e-04
-1.077027710325584309e-04
-1.078517360743047604e-04
-1.079976837784490939e-04
-1.081452697897500315e-04
-1.082895470402300830e-04
-1.084560851993821018e-04
-1.086179800590114652e-04
-1.087917183792974640e-04
-1.089331271482141261e-04
-1.090843420296083721e-04
-1.092479212519981147e-04
-1.094147045669346952e-04
-1.095476183659016556e-04
-1.096979563667277446e-04
-1.098565949869678704e-04
-1.100026821747590589e-04
-1.101403740343398496e-04
-1.102991986160484217e-04
-1.104548439956332118e-04
-1.106139773342507127e-04
-1.107557324250274533e-04
-1.109230893805435159e-04
-1.110762183508251510e-04
-1.112199556223547603e-04
-1.113618677496264198e-04
-1.115050806143047524e-04
-1.116477988396535892e-04
-1.118008375896595297e-04
-1.119432743299508815e-04
-1.120651615441614624e-04
-1.121768640547360363e-04
-1.123190400245110965e-04
-1.124331107666964868e-04
-1.125825060463991889e-04
-1.127189241794113173e-04
-1.128511297200374131e-04
-1.129900153018503772e-04
-1.131124522532056531e-04
-1.132468857097945758e-04
-1.134034725960297862e-04
-1.135264747547104491e-04
-1.136629385218856925e-04
-1.138097949042737866e-04
-1.139356300478011619e-04
-1.140799970703598731e-04
-1.142218687564255930e-04
-1.143801849410319704e-04
-1.145082378620765340e-04
-1.146840046796215873e-04
-1.148326945400457433e-04
-1.149591901419277917e-04
-1.151265704479875751e-04
-1.152545462191900683e-04
-1.154039411033203066e-04
-1.155327812013551281e-04
-1.156925652028295559e-04
-1.158362776634280777e-04
-1.159728431673334725e-04
-1.160993662104869983e-04
-1.162260239541135221e-04
-1.163473854595142853e-04
-1.164789540946120638e-04
-1.166260769185356594e-04
-1.167824182971566316e-04
-1.169114882966226787e-04
-1.170701353582215276e-04
-1.172194734015974404e-04
-1.173458196136456522e-04
-1.174909964164472242e-04
-1.176251193372168657e-04
-1.177720633050993726e-04
-1.179062685983112146e-04
-1.180643280804805073e-04
-1.182124270334705685e-04
-1.183458251577951259e-04
-1.184853458351398103e-04
-1.186291461037214390e-04
-1.187747089219648444e-04
-1.189194603296028774e-04
-1.190668787152127095e-04
-1.192085234753559320e-04
-1.193508373528162636e-04
-1.195154821472810269e-04
-1.196835851234867576e-04
-1.198412549335836630e-04
-1.199891909899886144e-04
-1.201531088244056633e-04
-1.202968874770560248e-04
-1.204557396413674653e-04
-1.206145245224998774e-04
-1.207682969212031665e-04
-1.209334038021481206e-04
-1.211036900369277802e-04
-1.212540202016887392e-04
-1.213799480305199907e-04
-1.215115526578269822e-04
-1.216773081565980519e-04
-1.218416867180271979e-04
-1.220040247419396096e-04
-1.221371485130573475e-04
-1.222665038741466148e-04
-1.223935852500135368e-04
-1.225340264534580115e-04
-1.226953465449653891e-04
-1.228517404960882686e-04
-1.229804789970589951e-04
-1.230987282248019454e-04
-1.232276754451477885e-04
-1.233930324304743920e-04
-1.235357337731057825e-04
-1.236620119005049645e-04
-1.238045628667583387e-04
-1.239431536466106820e-04
-1.240787913512342300e-04
-1.242269176519039675e-04
-1.243518122877595999e-04
-1.244844201192529809e-04
-1.246217442731900604e-04
-1.247558977076623776e-04
-1.248722990377926223e-04
-1.250081029864347215e-04
-1.251741688216290171e-04
-1.253213359617699751e-04
-1.254602327040998944e-04
-1.256043449995303263e-04
-1.257715478596432845e-04
-1.259283402484934200e-04
-1.261005709090046167e-04
-1.262483457223906314e-04
-1.263801921993490396e-04
-1.265182910360485025e-04
-1.266671955003628725e-04
-1.268014082163038125e-04
-1.269419204936728107e-04
-1.270964854338529904e-04
-1.272251473275476386e-04
-1.273596029169876687e-04
-1.275051539421090396e-04
-1.276452608675038292e-04
-1.277868014505356697e-04
-1.279211105325028797e-04
-1.280935925840331890e-04
-1.282471758649039728e-04
-1.283918610521794790e-04
-1.285300828700597364e-04
-1.286719104145461756e-04
-1.287886208234390040e-04
-1.289006572473549994e-04
-1.290194324219395838e-04
-1.291241637735307535e-04
-1.292228825484631471e-04
-1.293751560543787704e-04
-1.295481132681519654e-04
-1.297020899473366740e-04
-1.298828746657543221e-04
-1.300613224839430870e-04
-1.302093329037523617e-04
-1.303425284728820799e-04
-1.304558492435381467e-04
-1.305912123802377423e-04
-1.307422475422814756e-04
-1.309057213142450493e-04
-1.310476654491354864e-04
-1.311715399202606491e-04
-1.313271890134304343e-04
-1.314463793208320297e-04
-1.315913048967054522e-04
-1.317595247940506198e-04
-1.319127647192441799e-04
-1.321058084221560236e-04
-1.322600575726085026e-04
-1.324493129688519844e-04
-1.326210573560082651e-04
-1.328087313016146354e-04
-1.330012695446303184e-04
-1.331766737319162175e-04
-1.333429118591800133e-04
-1.335399430754113936e-04
-1.337212830742062764e-04
-1.338661796883577892e-04
-1.340666780830224170e-04
-1.342883756704216225e-04
-1.344514163160726028e-04
-1.346117660858681120e-04
-1.347804597694457485e-04
-1.349465567611618511e-04
-1.351014972221786792e-04
-1.352680518005300314e-04
-1.354222963612095043e-04
-1.356152539249144695e-04
-1.357946369675566700e-04
-1.360037099807920313e-04
-1.361731818562139651e-04
-1.363315823819100103e-04
-1.365117848535213341e-04
-1.366734774841393829e-04
-1.368482545481830570e-04
-1.370339401669529167e-04
-1.371762693989087012e-04
-1.373293137870712499e-04
-1.375155810748873719e-04
-1.376693029362385801e-04
-1.378237107538815565e-04
-1.379753268730965488e-04
-1.381708790525459918e-04
-1.383441038482757790e-04
-1.385132592406357332e-04
-1.386774418151714983e-04
-1.388398433245230379e-04
-1.390435417141233643e-04
-1.392069581274135714e-04
-1.393770563453688993e-04
-1.395727635480348283e-04
-1.397518755797966250e-04
-1.399102881093350348e-04
-1.401154848817975918e-04
-1.402797067159289313e-04
-1.404526207647860403e-04
-1.406154893175415310e-04
-1.407871685454864519e-04
-1.409563041234740410e-04
-1.411588872090030478e-04
-1.413406731798350080e-04
-1.415057697493615763e-04
-1.416872740601649028e-04
-1.418874426191152338e-04
-1.420844750792404909e-04
-1.422902679598658793e-04
-1.424543872724504112e-04
-1.426182280783727663e-04
-1.428103560906501812e-04
-1.429722842376524028e-04
-1.431595592515932935e-04
-1.433181775725156371e-04
-1.434916283907794465e-04
-1.436632963613959646e-04
-1.438276997300924620e-04
-1.439882814425752500e-04
-1.441725032025331643e-04
-1.442991998070741744e-04
-1.444301712671958171e-04
-1.445534462034547829e-04
-1.446856700202392432e-04
-1.448071228365988006e-04
-1.449911647274371163e-04
-1.451109614118983870e-04
-1.452426872741163777e-04
-1.454116812825700933e-04
-1.456043250374072784e-04
-1.457569906957445482e-04
-1.459129027169270287e-04
-1.460740617663658369e-04
-1.462146415712739511e-04
-1.463842307590779157e-04
-1.465283811665774039e-04
-1.466862417067726909e-04
-1.468642942814568642e-04
-1.470503068081718823e-04
-1.472289820273475769e-04
-1.474229851288200166e-04
-1.475989273748146147e-04
-1.477621851421195842e-04
-1.479373098485226024e-04
-1.481399323399745782e-04
-1.483216957564037486e-04
-1.485042724722607232e-04
-1.486796197985862378e-04
-1.488334284147629916e-04
-1.490256661452749043e-04
-1.491861862653598436e-04
-1.493539137076282941e-04
-1.495320579441017372e-04
-1.497249414322832095e-04
-1.498993671822379525e-04
-1.500353901169315662e-04
-1.501926006133302849e-04
-1.503573216194986628e-04
-1.505566886514930758e-04
-1.507696599427621464e-04
-1.509200774821861657e-04
-1.511048266588099764e-04
-1.512655210770263992e-04
-1.514260728370242504e-04
-1.515932123471452897e-04
-1.517867784183168922e-04
-1.519314815418004727e-04
-1.521278286039651206e-04
-1.522748040136967518e-04
-1.524477120354861270e-04
-1.526101961828452147e-04
-1.527762438855440053e-04
-1.529534037119084644e-04
-1.531057584818196204e-04
-1.532886033008828974e-04
-1.534655548603991448e-04
-1.536497125572688915e-04
-1.538177184078337589e-04
-1.539563978287805668e-04
-1.541300718208571396e-04
-1.542872399649120041e-04
-1.544420550855241103e-04
-1.545865023986348064e-04
-1.547579689389344537e-04
-1.549305190545746669e-04
-1.550932339684507610e-04
-1.552486563380917062e-04
-1.554291678124153364e-04
-1.556173173050678926e-04
-1.557689645318438565e-04
-1.559243524044129359e-04
-1.561028976081457742e-04
-1.562629838788298642e-04
-1.564422987847535751e-04
-1.566348160318975502e-04
-1.567937110252826116e-04
-1.569828186035460149e-04
-1.571664098832803447e-04
-1.573350625989622387e-04
-1.575156461099957994e-04
-1.576934468745516682e-04
-1.578949714339250576e-04
-1.580983777259570289e-04
-1.582811388921578910e-04
-1.584559587975986616e-04
-1.586660224758285054e-04
-1.588220973671727876e-04
-1.589789815678033236e-04
-1.592167295245694447e-04
-1.593765545878644829e-04
-1.595412100032778113e-04
-1.597110859167250041e-04
-1.598722146406439393e-04
-1.600294115270406436e-04
-1.601815057363786821e-04
-1.603719032809980405e-04
-1.605551264034499326e-04
-1.607316271575731648e-04
-1.608969679817162657e-04
-1.611006845956275413e-04
-1.612483878157267014e-04
-1.614233186285618515e-04
-1.615886256267629051e-04
-1.617540267994099779e-04
-1.619614875805197585e-04
-1.621284989502536078e-04
-1.622958875284741254e-04
-1.624533499566815919e-04
-1.626406006267622217e-04
-1.627979412697211359e-04
-1.629710336208400889e-04
-1.631558556957068973e-04
-1.633290592408798148e-04
-1.635259130862154464e-04
-1.636873809763850218e-04
-1.638485598242089836e-04
-1.640189319297435944e-04
-1.642041144980233014e-04
-1.643629837503324254e-04
-1.645362980549069931e-04
-1.647119701216892551e-04
-1.649021174759957020e-04
-1.650670565568335135e-04
-1.652227971968844855e-04
-1.653804700783023662e-04
-1.655521561584327728e-04
-1.657521405782347301e-04
-1.659248911075605903e-04
-1.661018933771796213e-04
-1.662738082273129692e-04
-1.664883214455015192e-04
-1.666678406664345857e-04
-1.668384412527590399e-04
-1.670199072461020506e-04
-1.671744977357336737e-04
-1.673520635574465842e-04
-1.676040652974775114e-04
-1.677621121931593962e-04
-1.679776013049361083e-04
-1.681391989686309429e-04
-1.683163935159992519e-04
-1.684791014094910722e-04
-1.686260806433859116e-04
-1.687718581352415370e-04
-1.689544352080352141e-04
-1.691284706325513199e-04
-1.693088070640058618e-04
-1.694905920553990697e-04
-1.696671170305918963e-04
-1.698554841406130222e-04
-1.700330584382125920e-04
-1.702226401326667471e-04
-1.703970413522437610e-04
-1.705581386592935900e-04
-1.707036767790715004e-04
-1.709171399127962232e-04
-1.710922730585595630e-04
-1.713159701476341112e-04
-1.715037425931154047e-04
-1.716614354481116322e-04
-1.718183129407746534e-04
-1.719905685688694064e-04
-1.721573948719745673e-04
-1.723577520162944410e-04
-1.725249317472421495e-04
-1.727093962868853083e-04
-1.728756330277025910e-04
-1.730907772382606069e-04
-1.732712897404287133e-04
-1.734493356143618215e-04
-1.736231233343543678e-04
-1.738030663152034805e-04
-1.740006378047054270e-04
-1.741476731288438273e-04
-1.743269487816112573e-04
-1.745108219435298480e-04
-1.746997055405152821e-04
-1.748904717135957299e-04
-1.750896869099349829e-04
-1.753003238754713422e-04
-1.754704818185404136e-04
-1.756981106981747587e-04
-1.758659602625334273e-04
-1.760493737869017750e-04
-1.762127996566276167e-04
-1.764103020055474147e-04
-1.765837833104244581e-04
-1.767682613442733697e-04
-1.769407839378178693e-04
-1.771059512521988566e-04
-1.772945731661756952e-04
-1.774826806637541665e-04
-1.776751976474422179e-04
-1.778331110459108189e-04
-1.779843818208171058e-04
-1.781563625816717789e-04
-1.783653852839295340e-04
-1.785454679966713698e-04
-1.787031665908545008e-04
-1.789038999243652839e-04
-1.790795811906775725e-04
-1.792508037211648642e-04
-1.794056907792329625e-04
-1.795456270241579944e-04
-1.796841090676570829e-04
-1.798655362831302895e-04
-1.800344593323455200e-04
-1.802117255362833959e-04
-1.803645038362944319e-04
-1.805244354210477908e-04
-1.807170402775559737e-04
-1.808876231237377397e-04
-1.810546446754379701e-04
-1.812328442396538009e-04
-1.813883703609686648e-04
-1.816222200609063364e-04
-1.817921370972364059e-04
-1.819514286497403432e-04
-1.821097370451330022e-04
-1.823136362607558070e-04
-1.825071107472986398e-04
-1.826721699104139063e-04
-1.828493008443343726e-04
-1.830710481856012706e-04
-1.832569041982923252e-04
-1.834249123360276457e-04
-1.836589325091564362e-04
-1.838348149416635380e-04
-1.839930111856569184e-04
-1.841788621592677089e-04
-1.843605792198887983e-04
-1.845410549586867788e-04
-1.847173632654186548e-04
-1.848974786031742923e-04
-1.850729488049873694e-04
-1.852288903410048704e-04
-1.853761720210789221e-04
-1.855734371110084879e-04
-1.857468346877499954e-04
-1.859221900954999285e-04
-1.861060147526627517e-04
-1.862918567897553501e-04
-1.864730507471490384e-04
-1.866381831084895637e-04
-1.867850249728242318e-04
-1.869621628166617811e-04
-1.871526345863516738e-04
-1.873242602854485739e-04
-1.874894002833471518e-04
-1.876634619655259684e-04
-1.878130494749052914e-04
-1.879927529386815621e-04
-1.881475024707590649e-04
-1.883088357323980944e-04
-1.884758363145389026e-04
-1.886407918795240946e-04
-1.888158182813404196e-04
-1.889957619461979377e-04
-1.891678203341795594e-04
-1.893672826095427197e-04
-1.895409421850402509e-04
-1.897322601114304064e-04
-1.898860797462376127e-04
-1.900575080507893588e-04
-1.902361006864694559e-04
-1.904378231237791042e-04
-1.906569863722173963e-04
-1.908230405072153246e-04
-1.910149107430259008e-04
-1.911794896033436331e-04
-1.913648212281682248e-04
-1.915310331613850892e-04
-1.916980240976862149e-04
-1.918717320948948313e-04
-1.920367828415203704e-04
-1.922010595551970624e-04
-1.923606191385207609e-04
-1.925163454916667405e-04
-1.926876012433575980e-04
-1.928456872900552455e-04
-1.930132974123921485e-04
-1.931820101711556603e-04
-1.933583495686841403e-04
-1.935256061006418449e-04
-1.936845861388869494e-04
-1.938271903397792428e-04
-1.939941909248066310e-04
-1.941750959153498712e-04
-1.943343089620963582e-04
-1.945249591671638356e-04
-1.946989716240521417e-04
-1.949052483102287070e-04
-1.950614484409474159e-04
-1.952360854298174075e-04
-1.954161202629700611e-04
-1.955803912776499232e-04
-1.957751823578046668e-04
-1.959347080711104638e-04
-1.961128826203362152e-04
-1.962802687530684764e-04
-1.964419169302455970e-04
-1.966062571943094639e-04
-1.967919381735683260e-04
-1.969526441798485905e-04
-1.971093544338442527e-04
-1.972725141594633413e-04
-1.974250092220408703e-04
-1.976116862332233381e-04
-1.977525664367263403e-04
-1.978890609262151656e-04
-1.980735846545123024e-04
-1.982216402036662828e-04
-1.983591439840282078e-04
-1.984994807759932200e-04
-1.986841155509067036e-04
-1.989123048592444931e-04
-1.991068667094308964e-04
-1.993339205438315886e-04
-1.995316558457416178e-04
-1.997023453220725386e-04
-1.998937045617488195e-04
-2.000947661844332259e-04
-2.002456240433048151e-04
-2.004129065895643436e-04
-2.006514025757466513e-04
-2.008334256264898698e-04
-2.009851655073724430e-04
-2.011212010829543928e-04
-2.013231773441148675e-04
-2.014908463260356442e-04
-2.016617125429887025e-04
-2.018464182604873258e-04
-2.020126919900500084e-04
-2.021998846181150000e-04
-2.024028901289609550e-04
-2.026427670436259376e-04
-2.028220763889976297e-04
-2.029688964567677445e-04
-2.031370683236444208e-04
-2.033461172926687155e-04
-2.035147600117914735e-04
-2.037199486359941858e-04
-2.038933861481240228e-04
-2.041308543017095189e-04
-2.043048257600599271e-04
-2.044827763896250872e-04
-2.046834644181538820e-04
-2.048427752469050844e-04
-2.050193967374491777e-04
-2.051982275770303232e-04
-2.053710307650113975e-04
-2.055776129566977417e-04
-2.057443102102540777e-04
-2.059321809100289613e-04
-2.061268373518831964e-04
-2.062807948316480733e-04
-2.064628346879482379e-04
-2.066497696756597335e-04
-2.068148262448499253e-04
-2.069772568821237613e-04
-2.071575224608102062e-04
-2.073253020473675434e-04
-2.075166782015136491e-04
-2.076962515897839978e-04
-2.078734989995334459e-04
-2.080592365052424952e-04
-2.082251896645681555e-04
-2.084107332191997841e-04
-2.085944460881172802e-04
-2.087936372645593508e-04
-2.089854562766779722e-04
-2.091811502356044628e-04
-2.093595787673319109e-04
-2.095466435536597061e-04
-2.097222658159481057e-04
-2.098921488994376361e-04
-2.100627554927347873e-04
-2.102395270907608804e-04
-2.104166103471527549e-04
-2.105806589361991499e-04
-2.107570791188839721e-04
-2.109355370177867783e-04
-2.111250295282474099e-04
-2.113156673329008584e-04
-2.115080483278131140e-04
-2.116847712451130903e-04
-2.118520876353002791e-04
-2.120293043702536906e-04
-2.122056715477826927e-04
-2.123755704850349701e-04
-2.125640359114111533e-04
-2.127277506833724630e-04
-2.129022177433936847e-04
-2.130968867704030600e-04
-2.132688518300396296e-04
-2.134298383954513767e-04
-2.135956926569981817e-04
-2.137669015680465634e-04
-2.139386668732479180e-04
-2.141045295653842828e-04
-2.143056338719251386e-04
-2.144748122346884500e-04
-2.146390589128355231e-04
-2.147991287251294068e-04
-2.149862692211179649e-04
-2.151757095547601750e-04
-2.153494077630213610e-04
-2.155143755664390426e-04
-2.156929986976141578e-04
-2.158651202556205462e-04
-2.160341732119208658e-04
-2.162086211409119940e-04
-2.164053901262397162e-04
-2.165721297167078063e-04
-2.167658247503867486e-04
-2.169515545505928955e-04
-2.171357490123870804e-04
-2.173438965534790768e-04
-2.175357369504915539e-04
-2.177234695125429553e-04
-2.178951484610447409e-04
-2.180680473605756120e-04
-2.182632499644343582e-04
-2.184440814658739072e-04
-2.186181900833972236e-04
-2.188169974240983251e-04
-2.190177530588810484e-04
-2.191981565068390481e-04
-2.193750391531468225e-04
-2.195478678597151401e-04
-2.197494205627981145e-04
-2.199331510693847136e-04
-2.201333352938039667e-04
-2.203320205027559098e-04
-2.205033295302749607e-04
-2.206741081278718042e-04
-2.208695058317777793e-04
-2.210508866133942263e-04
-2.212550740192664733e-04
-2.214260439095117050e-04
-2.216060825765975295e-04
-2.217897807313962133e-04
-2.219836481436310294e-04
-2.221842681925378926e-04
-2.223727561797561592e-04
-2.225537843947300587e-04
-2.227289653699005001e-04
-2.229121965456881682e-04
-2.230832237858360045e-04
-2.232679870586284920e-04
-2.234642524172603117e-04
-2.236482324662336651e-04
-2.238323972455491528e-04
-2.240040250531816213e-04
-2.242022965941448120e-04
-2.244187517737028514e-04
-2.246054206754832805e-04
-2.248063775182052026e-04
-2.249886494185560082e-04
-2.251856195305546038e-04
-2.253756899076586606e-04
-2.255355555250693200e-04
-2.257175919661014163e-04
-2.259115837522918113e-04
-2.261078651061287914e-04
-2.262958077834387183e-04
-2.264839701503484903e-04
-2.266671391483177089e-04
-2.268727165470885154e-04
-2.270463050869642174e-04
-2.272534482063992556e-04
-2.274392613599296453e-04
-2.276323345925534980e-04
-2.278252795482327286e-04
-2.280137015948646706e-04
-2.281953056751939712e-04
-2.283839725109038099e-04
-2.285481217950691146e-04
-2.286995057911855866e-04
-2.289074501171661780e-04
-2.290913286726592446e-04
-2.292582426278721996e-04
-2.293448671324416210e-04
