4.387048897441288564e-01
4.424131702338281458e-01
4.440672768897552802e-01
4.458044106995513456e-01
4.499190702452431356e-01
4.512846072473481462e-01
4.520363630165294411e-01
4.548320299300894209e-01
4.539396721545451152e-01
4.555291286944279650e-01
4.600395496464220191e-01
4.620126141255068153e-01
4.647675249207957604e-01
4.670448673653553873e-01
4.650955377822499903e-01
4.668145649337595016e-01
4.687064401092071453e-01
4.709307219247164111e-01
4.741023135228136232e-01
4.785590109253233249e-01
4.787386588120871034e-01
4.809403784090959255e-01
4.839678484312877060e-01
4.869677323813437209e-01
4.919902074173012618e-01
4.910886670348510452e-01
4.906164507320553425e-01
4.909447732089513572e-01
4.934315686346539831e-01
4.971639197674342925e-01
4.987292491947484252e-01
5.009751147489038825e-01
5.058470875309118986e-01
5.058360115366546950e-01
5.096115996582349927e-01
5.139110384136189591e-01
5.132740472993924108e-01
5.136621519648804091e-01
5.139391525474310551e-01
5.147624579129528311e-01
5.172697984559080364e-01
5.185371678963309749e-01
5.188197023627920679e-01
5.180343633042830964e-01
5.213780459025343372e-01
5.218983881731222851e-01
5.252799868309899756e-01
5.291347237673305060e-01
5.349050346900027231e-01
5.395871262194485984e-01
5.418321401973401619e-01
5.420992489546535564e-01
5.393027136533766752e-01
5.364180048772643206e-01
5.358547621812566053e-01
5.338057165967501350e-01
5.322108309660463776e-01
5.300865372805568798e-01
5.286754730672361680e-01
5.238374461363366486e-01
5.190670715522868184e-01
5.144809667331310399e-01
5.101911905695976079e-01
5.099123206729081481e-01
5.059522258191097022e-01
5.040556134718519044e-01
5.043565918971076867e-01
5.012548469371894688e-01
5.021880609987811050e-01
5.011060113636897073e-01
4.982399689066142057e-01
4.972738602029496691e-01
4.982038604626035649e-01
4.950300217290852234e-01
4.944699721977707796e-01
4.929523706306778719e-01
4.921018910949539471e-01
4.931443327072376759e-01
4.947991983593711951e-01
4.960293450745907329e-01
4.997121403802411987e-01
5.046137687666273353e-01
5.022175309946717014e-01
4.992424449777435602e-01
4.971468093407814259e-01
4.966362182971252315e-01
5.050776668283597504e-01
4.938262969971461414e-01
4.925916241502927284e-01
4.939601209385378611e-01
4.917199226564955006e-01
4.897292910536941157e-01
4.901043260440478555e-01
4.899672191528269272e-01
4.893717575568174993e-01
4.898744740518191643e-01
4.916787963143966489e-01
4.956955709054070014e-01
4.947093950962130338e-01
4.929473479141440184e-01
4.925830536107250746e-01
4.937551758607722774e-01
4.972750101215035468e-01
4.989855637327183513e-01
5.100364393555649745e-01
5.083825603692916362e-01
5.053873849667591678e-01
5.066647960309764720e-01
5.113390938656595663e-01
5.111402335528018037e-01
5.160219652950408520e-01
5.197821340598836048e-01
5.209049099235698588e-01
5.239355438525946651e-01
5.278207978998212813e-01
5.316145506423368694e-01
5.358564476869707160e-01
5.413227109592736452e-01
5.359202772830561345e-01
5.364273167810738041e-01
5.394677861302992206e-01
5.436048542287046370e-01
5.438461674996938333e-01
5.392313211799065753e-01
5.384044921298947184e-01
5.399973654138725543e-01
5.396923458961441211e-01
5.387161426749909054e-01
5.363417335002599318e-01
5.331808290187255439e-01
5.279013103409326835e-01
5.258124801154249184e-01
5.226127097246512365e-01
5.213503970203073878e-01
5.201108083868412058e-01
5.153628807562706804e-01
5.178519216016486126e-01
5.124447455727937362e-01
5.114260121372660173e-01
5.123110825183625483e-01
5.110036829712540918e-01
5.097463263806636391e-01
5.101644614332515593e-01
5.103558806522926483e-01
5.122758986619365684e-01
5.145882457365859031e-01
5.160659730655872135e-01
5.121359638461334685e-01
5.197551658089676341e-01
5.159683610887221272e-01
5.203845756555759428e-01
5.209488334103018481e-01
5.257349336895167369e-01
5.285678002795086705e-01
5.261137317544715142e-01
5.220789607628495421e-01
5.216622749668969883e-01
5.150898803318475494e-01
5.157707830270155114e-01
5.125047537392232178e-01
5.073914011533687818e-01
4.986252464768661241e-01
4.954575235503719810e-01
4.923654998611296518e-01
4.882031868748846759e-01
4.872354955229891149e-01
4.909927854996891106e-01
5.078312614683599957e-01
4.866506907208865140e-01
4.858372377011594412e-01
4.850070685855115693e-01
4.829386282090101234e-01
4.834442875108742599e-01
4.826345739749710040e-01
4.822428679516682082e-01
4.809644764339164880e-01
4.820810102863625768e-01
4.881047796965333752e-01
4.894089890647711494e-01
4.984107225420137954e-01
5.128071984948397999e-01
5.331959826534790059e-01
5.394857967627588735e-01
5.275771018690276204e-01
5.137653102868710020e-01
5.074930725590549585e-01
4.993264403359791714e-01
4.977501350050658191e-01
5.033257120783538596e-01
5.000402082998063324e-01
5.008252530341310571e-01
5.013207867327862388e-01
5.065644235667046136e-01
5.164682670434554979e-01
5.142874952789047160e-01
5.225639459748523397e-01
5.256893270705821353e-01
5.277328386728167287e-01
5.359168481141222129e-01
5.434857699403176090e-01
5.272832725154357192e-01
5.178070814084068108e-01
5.181788697806807287e-01
5.196542945648352507e-01
5.262569163851797960e-01
5.284562852867110694e-01
5.270839799097780665e-01
5.302456431367983392e-01
5.905526656071549141e-01
5.334512420391356313e-01
5.258063003497143173e-01
5.201308883856737841e-01
5.220176750141640731e-01
5.158939803621360731e-01
5.177596779688871109e-01
5.203550751802991092e-01
5.113762372184678107e-01
5.084237285546150398e-01
5.161898533901710939e-01
5.133332927723868178e-01
5.070630752159801524e-01
5.021034857874058233e-01
5.039059925635446247e-01
5.082731955755580566e-01
5.140824354924617978e-01
5.664059738996896076e-01
5.238299246011033361e-01
5.203179235969928040e-01
5.208827759191174689e-01
5.331526929306611429e-01
5.029979741826313688e-01
5.064291383634816901e-01
5.061794829274223195e-01
4.883428086018522518e-01
4.750254378214411877e-01
4.692826293155157313e-01
4.660611709741240838e-01
4.636802249654631836e-01
4.653121554035343777e-01
4.760549846163423804e-01
4.949491918843682559e-01
4.949817257359332978e-01
4.981357518768833037e-01
4.946288211357857678e-01
4.739147189351382017e-01
4.860695100434236915e-01
4.791297646656194065e-01
4.744454139462460640e-01
4.827087050506861932e-01
4.849656685520992161e-01
5.185458668480207312e-01
4.874258860392021164e-01
4.729225719777001569e-01
4.825853721876931512e-01
4.770600784844622466e-01
4.715887234079729207e-01
4.805027393874199415e-01
4.814926426170997309e-01
4.745368885416542115e-01
4.761322847837550776e-01
5.035668354067740493e-01
4.793227804344203369e-01
4.798936511812698646e-01
4.755661100100031513e-01
4.887848044140702397e-01
5.069930713483141727e-01
4.970523318219521314e-01
5.333207138501663280e-01
4.913929226790003657e-01
5.081208167903388251e-01
4.834100268867762007e-01
4.939581798283170788e-01
4.908435723965119402e-01
4.828286655137887795e-01
4.907209188026356861e-01
4.899152553918732500e-01
4.999349070792760141e-01
5.539880727478884159e-01
5.160365177840372519e-01
5.200486954604122136e-01
5.089696538611367949e-01
5.153304442346611225e-01
4.958201531305766463e-01
4.959863642358216529e-01
5.269491579165322959e-01
4.916481089172718977e-01
4.719314974922237949e-01
5.239457611687823313e-01
4.871021160997797694e-01
4.971410005211576721e-01
4.935988387994448279e-01
4.670340787983791597e-01
4.814765598856829421e-01
4.810831610735488706e-01
5.128123544115694710e-01
4.532269669199857631e-01
4.583521199797317425e-01
5.750023631178790007e-01
4.641737546729078345e-01
4.764431886069881994e-01
5.163592915972926578e-01
4.610075062328637951e-01
4.749195643786217058e-01
5.424740298538571759e-01
4.959583250427100354e-01
4.695405010190150108e-01
4.874500888160566148e-01
5.404911475751935646e-01
5.150962236074168032e-01
4.857168507071453756e-01
4.853545823896622813e-01
5.020234967130490222e-01
5.397567302680080781e-01
4.971132861557477911e-01
5.098353663630749155e-01
5.203277818395601884e-01
5.341932281863679410e-01
4.981215897586899755e-01
4.962299225657770818e-01
4.990358919468919630e-01
5.217007277972973700e-01
5.286731547207478288e-01
5.206957616514461540e-01
5.367585018324136925e-01
5.011584470680164882e-01
4.987052333733169029e-01
5.478019483794412947e-01
5.195948304256852168e-01
5.554999905678319472e-01
4.883005655388930610e-01
5.478716636041103261e-01
4.862993279425895099e-01
5.131591638395361921e-01
5.005140557042164762e-01
5.059138217002654425e-01
4.762328500534228071e-01
4.865289166807509336e-01
4.801165125753033003e-01
4.873903909631254749e-01
5.253246743392675500e-01
4.757993145971371463e-01
4.665525745300197480e-01
4.977530332806623381e-01
4.625438285753299406e-01
4.778882650129829268e-01
5.007025239784115289e-01
4.932199228794252321e-01
4.763697073532515702e-01
5.495108882796285732e-01
4.805179920005201999e-01
4.770096690921261651e-01
4.918018430197424462e-01
4.900253784201828444e-01
4.808072963384006915e-01
4.739294896599364759e-01
4.778595939985535446e-01
5.169348675276639327e-01
5.433014287078127280e-01
5.034241521188049795e-01
4.631531497439581591e-01
5.017823060762522935e-01
4.538788300886854588e-01
4.565159047654694935e-01
4.738309184296747301e-01
5.455821273395832227e-01
5.032959416413672615e-01
4.979298215507984571e-01
5.179393626094113134e-01
4.777042781556229412e-01
5.020129420080445826e-01
4.962691986169906477e-01
4.980795835342421429e-01
5.198377475949427229e-01
4.972887109311658893e-01
5.208635122384122074e-01
4.958302802595323522e-01
4.966424602863149795e-01
5.124370895371148649e-01
4.962923321242306285e-01
5.078287262709284544e-01
5.349510882938763867e-01
5.145826435940871191e-01
5.323242282252854674e-01
5.364888294337356589e-01
5.359050265198055385e-01
5.338349639816456493e-01
5.246951675779758517e-01
5.376062667372164539e-01
5.260296367452145239e-01
5.162415959318703562e-01
5.235714772291203412e-01
5.047981876371113730e-01
4.960732956210600064e-01
5.176221551887116856e-01
4.872728283474844213e-01
4.981617561589839482e-01
4.856757459882702910e-01
4.949661997978733741e-01
4.818243206426788827e-01
4.751601328413205816e-01
5.051668035439572657e-01
4.763561609211725001e-01
4.534789493164020913e-01
4.932957242154469291e-01
4.692896933449873242e-01
4.576857452497231082e-01
4.746962084932306314e-01
4.766454844138600655e-01
4.676220632278156875e-01
4.852458098484934701e-01
4.670959148687477969e-01
4.664409586594842061e-01
4.876966863969021682e-01
4.810068545089506986e-01
5.119376963138220216e-01
4.991256258011202984e-01
4.542109862296060396e-01
4.678242461219981330e-01
4.606270218707994024e-01
5.208245288451512911e-01
5.200221207784889721e-01
5.446464103606581952e-01
4.910676359266596958e-01
4.538375921542093239e-01
4.881985577125175224e-01
4.612726691270704338e-01
4.387007886445163374e-01
4.471114102423489056e-01
4.983177316030578674e-01
4.390890478305261579e-01
4.537127464770919771e-01
4.244832080157814880e-01
4.706825749571025286e-01
4.654852174895160455e-01
4.475695746061257863e-01
4.455547049867724096e-01
4.365181366880712677e-01
5.000500865015996554e-01
4.728867115198740478e-01
4.558251015390047400e-01
4.639627004265978183e-01
4.843607698790787786e-01
5.306532284688211254e-01
5.072105190336366753e-01
4.847400752365397247e-01
4.810569416062106529e-01
4.719208717433157618e-01
4.712317584305534823e-01
5.329935896020795427e-01
4.818853629460796983e-01
4.886854568920497299e-01
5.225755192324172960e-01
4.751957449577465242e-01
4.894952501331860661e-01
4.764666147165614873e-01
5.019897810937675731e-01
5.287056295949438267e-01
5.256366299831429778e-01
5.883864288065588921e-01
5.123182875721340457e-01
4.811341993363284497e-01
4.852825876473698674e-01
4.985479780514233128e-01
4.918368996840545293e-01
4.999018795572618967e-01
5.128696749510316399e-01
4.843284630692080150e-01
4.752067910086227309e-01
4.748911347493935398e-01
5.056370381764561106e-01
4.779435085194287947e-01
5.211695249829567667e-01
4.850881253535447302e-01
5.189502016000381301e-01
6.413551565208467364e-01
4.807407274195950597e-01
4.884491846656933700e-01
4.693199203451558499e-01
4.994953656047911861e-01
5.093754362903022415e-01
6.159922055864733847e-01
5.331407747493527305e-01
5.071080246308267148e-01
5.359357811156287843e-01
5.029945744360670989e-01
5.316998761350373304e-01
5.012775163058353911e-01
5.171462014139996954e-01
5.392433439479396018e-01
4.887819519228099319e-01
4.869573341858834947e-01
5.314337499554773192e-01
4.795805097787350646e-01
4.736131504840472850e-01
4.824334807995691587e-01
5.262755046594076447e-01
4.929371671359365492e-01
5.389683116344611280e-01
4.753269914077106750e-01
5.228385572764838729e-01
5.428266780563815175e-01
4.763784317828441139e-01
4.845427559489373093e-01
4.820415228588396106e-01
4.715332747021136472e-01
4.798267570564116458e-01
5.224428904273319407e-01
4.685359076615611129e-01
4.632639600231547305e-01
4.975191778265898868e-01
4.657659347114549431e-01
4.656011137005429124e-01
5.057685227892695368e-01
4.604313352993625874e-01
4.427608045714347962e-01
4.969194403325591369e-01
4.374823850359043087e-01
5.630020115572087480e-01
4.668369660358033801e-01
4.458754607754664145e-01
4.568532261620146806e-01
4.396528286812359521e-01
4.366545346810034034e-01
4.377247774156061144e-01
4.493227956870178841e-01
4.551497367835041774e-01
4.663512904815432791e-01
4.737319408770233609e-01
4.971225239938047435e-01
4.944540391112938194e-01
4.687196694166095856e-01
4.629051444070997889e-01
5.630023957653236266e-01
4.734410976447315234e-01
4.791813063482988633e-01
4.506301636671422584e-01
4.705209567707760998e-01
5.151607432872239434e-01
4.824515239977654746e-01
4.625745915830977162e-01
4.872089844118744906e-01
4.939724768492616547e-01
4.945632917634391612e-01
5.151946267607117047e-01
5.539957376520044940e-01
5.013219327354693222e-01
5.251473753476907369e-01
4.890792283140746877e-01
4.789452112390769067e-01
5.202617228429445850e-01
4.897537295371531263e-01
4.931914163246650662e-01
4.828608064173736114e-01
5.377600785195646438e-01
4.839086393047383194e-01
5.529156529326449965e-01
4.988775180809461585e-01
5.129858865039164106e-01
4.881957745901441825e-01
4.660697767419110238e-01
5.255742317383400586e-01
5.213535620870900500e-01
4.497268193643887413e-01
5.122656372524377888e-01
5.218245814131002858e-01
5.547212651781302517e-01
4.754002465071299754e-01
4.804422607904533793e-01
5.746848566270646996e-01
5.197150542917731153e-01
4.614802964383926676e-01
4.459636537891983332e-01
4.439688341242782887e-01
4.733634310082502350e-01
5.218496438235018520e-01
4.839229779001084086e-01
4.648123877874381638e-01
5.027605208919784241e-01
4.411956197887956788e-01
4.655992315284535610e-01
4.814698603927965448e-01
4.973123287610403120e-01
4.760592425688973672e-01
5.457609266049295860e-01
5.155677367288519219e-01
4.620198216217075160e-01
5.277135753280225439e-01
4.715529568263255866e-01
4.656264533118175675e-01
5.196088993104747145e-01
5.495586964091748738e-01
5.300473902670086446e-01
4.644626429818178304e-01
5.082242588589381826e-01
5.571573028871555922e-01
4.591137893462754471e-01
5.294362483569370337e-01
4.433895161262554896e-01
5.238419827415888852e-01
4.671965910381487563e-01
5.090687524645546302e-01
5.162652631807050918e-01
4.346966744946333949e-01
4.981459460922472715e-01
4.958522994802691541e-01
4.492900537472930833e-01
4.364952544984828653e-01
4.539385759866833014e-01
4.330508391122258049e-01
4.788108621746284266e-01
4.381337824766401989e-01
4.756237843010301392e-01
4.358993450570782247e-01
4.939581593876883336e-01
4.697001621731594079e-01
4.829345720457031144e-01
5.028086079405090780e-01
4.533171489304527735e-01
4.840466374101179969e-01
4.592106230205542095e-01
4.371477319598808808e-01
4.742907505200154583e-01
4.740374710055458296e-01
4.966252630290652892e-01
4.738197306146923471e-01
4.929401270959798964e-01
4.912831996288329894e-01
5.496544152362647928e-01
5.220288849315166679e-01
4.750353110120291156e-01
5.299736955814025041e-01
4.477475831132885498e-01
4.784294849226209401e-01
5.176104389333197053e-01
5.123288335260423043e-01
4.816473122741667945e-01
5.262928246338406391e-01
4.937207029204849773e-01
5.011046646545558314e-01
5.475992346624313223e-01
4.972337382346302403e-01
4.872994995664980955e-01
5.040435137379269959e-01
4.716412740320679031e-01
4.868935999160712846e-01
4.786185921207888327e-01
4.727235684725311637e-01
5.040275975879691117e-01
4.719428489846785313e-01
4.750156828652548624e-01
4.844760627151964982e-01
4.852873992338866405e-01
4.866049869135594674e-01
4.955479384295277123e-01
4.654780894716920026e-01
4.624910254658672337e-01
4.758941851704520665e-01
4.868518863910291095e-01
4.487949216405873742e-01
4.382117332488956185e-01
4.530158634362352887e-01
4.963169296054441015e-01
4.824131692749426548e-01
4.742926094648534652e-01
5.151755107458689809e-01
4.722155789181177732e-01
4.610152897063730104e-01
4.424242589143994042e-01
4.569457553702834796e-01
4.688531149029931400e-01
5.021409555293772087e-01
4.704302058830349687e-01
4.495679421911418228e-01
4.588848045521496943e-01
4.444426189851713449e-01
4.450651927699982857e-01
4.470224947222122269e-01
4.477467315827968197e-01
4.479741537832896414e-01
4.472832366426063300e-01
4.630436270871349791e-01
4.539200223727766770e-01
4.648611605641475020e-01
4.868111014576950724e-01
4.702986846133507814e-01
4.752745836231605514e-01
5.059059566760136795e-01
4.971162882788607296e-01
4.446703973966319445e-01
4.356318697059546330e-01
4.410483234371154748e-01
4.803849909124934814e-01
5.258277335823950960e-01
5.092006393628188965e-01
5.011192098175072385e-01
4.957844936374993794e-01
4.713630139057773394e-01
4.725145097228837798e-01
4.853876732264352234e-01
5.112561558423367458e-01
4.670383012562568381e-01
4.471871023630809572e-01
4.385798957741552373e-01
4.595459034375606877e-01
4.947989005536871931e-01
5.014743926556031184e-01
4.556388729699884510e-01
4.330981621524894187e-01
4.371406349511249290e-01
4.451511700292343776e-01
4.972896829686921372e-01
5.210247375078733700e-01
4.664986781489772194e-01
4.594868163256636828e-01
4.892470762013032548e-01
4.962705584362319677e-01
4.557675937477556616e-01
4.609718945847699478e-01
4.941942124985497231e-01
5.211258775708196289e-01
4.817974758019549775e-01
4.718603603888380515e-01
5.005826430130998483e-01
5.118114432107316869e-01
4.744615403511538987e-01
4.568880038279730105e-01
4.728938571256309786e-01
5.102408460116202304e-01
4.729245810736585343e-01
4.712838360793060177e-01
4.840555035441461151e-01
5.298457591683266577e-01
4.736367088754336874e-01
4.499151240823319742e-01
4.643368453183449596e-01
5.034837025417260303e-01
4.727373396286593255e-01
4.583873877263042185e-01
5.148569928223184489e-01
4.421362148920756630e-01
4.711455737632929130e-01
4.442252132305709589e-01
4.510270552953698497e-01
4.714100899638452580e-01
4.510254683966845590e-01
4.737968601508433242e-01
4.953219742046701124e-01
4.880896325247009448e-01
5.349153824623864573e-01
4.989687018540775454e-01
5.142123581681300459e-01
5.167170890733776556e-01
4.602788049830669470e-01
4.729216265357396032e-01
4.989326859345515897e-01
4.808794301018691764e-01
5.085189332660394745e-01
5.300960315006965073e-01
5.343062357113890215e-01
5.298386622095507814e-01
5.072113723859782430e-01
4.659322342304931253e-01
4.849696481058530240e-01
5.111917347009081736e-01
4.748880127250889593e-01
4.825422242678487073e-01
5.188915242796172667e-01
4.853735338915563524e-01
4.757992892150826325e-01
5.121750032334497771e-01
4.582492213129866210e-01
4.574330652024063970e-01
5.322372804977584249e-01
4.656474011701719484e-01
4.675824140284773334e-01
5.049985382216888308e-01
4.666956606932820550e-01
4.710007228509795474e-01
5.181285352273414802e-01
4.902777369440162181e-01
4.852955326043754125e-01
5.282119442994579472e-01
5.123979621743142143e-01
4.905274609690591370e-01
5.141988137177969653e-01
4.936943538189230707e-01
4.748851683079486907e-01
5.109591059627388576e-01
4.643543086240121132e-01
4.402433042670535479e-01
4.779389230555843304e-01
4.593738759029972751e-01
4.553680169423683921e-01
5.198929402750546158e-01
5.014244213787094617e-01
4.687671935535256407e-01
5.029403840486280641e-01
4.795410015209582433e-01
5.006821165270105567e-01
5.214982350231164299e-01
4.699956385588844876e-01
4.533823222268476005e-01
4.972043429487112975e-01
4.621980748227226266e-01
5.019894763767761559e-01
4.838106383441943548e-01
4.415748884710360977e-01
4.654114618579117679e-01
4.642587581493424764e-01
4.327242388852658439e-01
4.758007794821149106e-01
4.813290546354149213e-01
4.787077812875780158e-01
4.862520320491589554e-01
4.610047850801196057e-01
5.265041177384858218e-01
4.970281081241895715e-01
4.811006867284394750e-01
4.826859239432827464e-01
5.693970253891011968e-01
4.477136060494332215e-01
5.673949820163676216e-01
4.638958998842365178e-01
4.764009218180906835e-01
5.170529813672517516e-01
4.432562826885802498e-01
4.763254835235370410e-01
4.909183593538967161e-01
4.597990407409461300e-01
5.098700918874758958e-01
4.657378809758690452e-01
4.473972278128134361e-01
5.271235584040230293e-01
4.641655362895119041e-01
4.817294941401484842e-01
4.970515299450884994e-01
4.888542170547267030e-01
5.235488189637922396e-01
5.896024648202152774e-01
5.382638591423323238e-01
4.821848440406854008e-01
5.192026896370459665e-01
5.089603139409055732e-01
5.755296289395009923e-01
5.189750487359050535e-01
4.581210345464056810e-01
4.588298824145334298e-01
5.176777562832078905e-01
5.189733364016684281e-01
4.447741033381797937e-01
4.150808231569525497e-01
3.834389480842223530e-01
4.982012533160519729e-01
4.649404681242453874e-01
4.217081886637852883e-01
4.497901715629346597e-01
4.529594037649394833e-01
3.943333483616552337e-01
3.945200910878671197e-01
3.748766079859176537e-01
4.065020398697282711e-01
4.936121011848677020e-01
4.035380481932231977e-01
5.062573133036774031e-01
4.007811287593419647e-01
4.031104722347983449e-01
3.910699578867398718e-01
4.234221892009223387e-01
4.883476098167077728e-01
4.067375975604726746e-01
4.040212211058423764e-01
4.480998549279862075e-01
5.320475939556510436e-01
4.788231484299273477e-01
3.997784504193644950e-01
4.460232005453819704e-01
4.280507700565970852e-01
4.211298867434937754e-01
4.465170501250260160e-01
4.073406286120788700e-01
4.127441511623780035e-01
4.630998781910453665e-01
4.387857623273049290e-01
4.735995041899988545e-01
4.485706473957475904e-01
3.918508896654425144e-01
4.133067662215822446e-01
4.003542178134312235e-01
3.923466488543707609e-01
3.592747353155189005e-01
4.322382773320513905e-01
3.953963746558933345e-01
3.733773171731568641e-01
3.841893129351896530e-01
3.718140439827446464e-01
4.217938812146795891e-01
3.882329683898015915e-01
4.023247246108022646e-01
4.224690943734479842e-01
4.432821477749910866e-01
3.606501480735562204e-01
3.862087591706084289e-01
5.088741051786288550e-01
3.833358406550151920e-01
4.379376800861646268e-01
4.290539780877025700e-01
4.281273543723883024e-01
4.146713314629551506e-01
4.731952627229776276e-01
4.082127705523161953e-01
4.117958148863465340e-01
4.312281208187083159e-01
4.455321035616519043e-01
4.419831555883506624e-01
4.290034602520013673e-01
4.245555805302566044e-01
4.268755049783837796e-01
4.712094403029205014e-01
4.997862805102515904e-01
4.657302648915334076e-01
4.601225561229269068e-01
4.781857773259836075e-01
4.912377391022378914e-01
5.437720368114715708e-01
5.320938277634541524e-01
4.952552266347628462e-01
4.514169595531529189e-01
4.558839887859587048e-01
5.076323091725315484e-01
5.053424024250990909e-01
4.486397499030955194e-01
4.404605271950106649e-01
4.624029507783348203e-01
4.400828093560993914e-01
4.448670843777925987e-01
4.213551668503338066e-01
4.187156722949025300e-01
4.712142406640102976e-01
4.331386514681577760e-01
4.663201887060136053e-01
4.469703715585616743e-01
4.629153879121781778e-01
4.968239919483620759e-01
4.628124381868076731e-01
4.575665063151221346e-01
4.276083495920414701e-01
4.325928845948519563e-01
4.939950625097897507e-01
5.006533423195637100e-01
4.426768598826731904e-01
4.447375531377406044e-01
4.456501344357076677e-01
4.340285564310958355e-01
4.069088744040382233e-01
4.205762144349362019e-01
5.051235286579702777e-01
4.541461567518094156e-01
4.833815083374005117e-01
4.722292710906753621e-01
4.783435613864537306e-01
5.362400069809859504e-01
4.964221429455329959e-01
4.743758526246954488e-01
5.096312810423416773e-01
4.664938125604449204e-01
4.843490910877386035e-01
4.360965148471603881e-01
4.923537089638838626e-01
4.354005219601394527e-01
4.636429894413177100e-01
4.734908391408087502e-01
4.786774786220057143e-01
4.561248034347994418e-01
5.032600675548312141e-01
4.659088194901380153e-01
4.772815840232292328e-01
5.252129900529608486e-01
5.304631215016539780e-01
5.226512014053172894e-01
4.909196567459873650e-01
4.812346492231353579e-01
5.168928245580028946e-01
5.043322645808667737e-01
4.995961625311697296e-01
5.247282489263795924e-01
4.825750222746356677e-01
4.830407161420147699e-01
4.904667406410008201e-01
4.873255486653915725e-01
5.021393456116238774e-01
5.213819057829504056e-01
5.352201691703744046e-01
5.168100453088599888e-01
5.190003077784028918e-01
5.359142897152303631e-01
5.195633211443981825e-01
5.536843840041555387e-01
5.285606724020984748e-01
5.026363014067274371e-01
5.300758165816930045e-01
5.195197506888794559e-01
5.449836281244878622e-01
5.271578036752537777e-01
5.270585496797136615e-01
4.601045335084495425e-01
5.050485675765615801e-01
4.004965733156859997e-01
4.267372378086228824e-01
4.795930864272408001e-01
4.809022973255071554e-01
4.913360475673319572e-01
4.924982189982294867e-01
4.642627941508892242e-01
4.398541037278562715e-01
3.798964611897603372e-01
3.865417482251990999e-01
4.508566703113019991e-01
4.045176449906883742e-01
4.163811213298322933e-01
4.274278460250028888e-01
4.621056300953258478e-01
4.243708838865012378e-01
4.733256449922679243e-01
5.152804998323579078e-01
4.052684578846211250e-01
3.792179712649844103e-01
4.234108597543067565e-01
3.991916966436468983e-01
3.813727456708130292e-01
4.318673581208820056e-01
3.822535805514644114e-01
4.066769038270827141e-01
4.638502546247579850e-01
4.191446187343074170e-01
4.188431338702298667e-01
4.978485940947824928e-01
5.282882278119483965e-01
4.408428799489589323e-01
3.963017535718222351e-01
4.155724701339290061e-01
4.356305851845109767e-01
3.942993226101243476e-01
4.564959997085245025e-01
3.718255493829291658e-01
3.813249223037683544e-01
4.553342372236491853e-01
3.907208839796679212e-01
3.880450418720914896e-01
3.790691800877766804e-01
3.977142057497461414e-01
4.020716597959454464e-01
3.966739005324729228e-01
4.382945253003479591e-01
4.434161750753231046e-01
4.407337744936123403e-01
5.101009998901867570e-01
4.484968845460697850e-01
4.271342673240865473e-01
4.529683683415592355e-01
4.119258779703952600e-01
3.870289521329425830e-01
4.277858050496345932e-01
4.342837116020323296e-01
4.389355180220420038e-01
4.212422627025532162e-01
4.236475862345766563e-01
4.377314724036449056e-01
4.947225814891603735e-01
4.425430553956133384e-01
4.750741204493736380e-01
4.795835382585693085e-01
4.612186920359956366e-01
4.556767054410300055e-01
4.588066262782735105e-01
4.609436251620132041e-01
4.593777242933569926e-01
4.679697536201846697e-01
4.175345645169082909e-01
4.390365592876814826e-01
4.162144464170560165e-01
4.589977790322102846e-01
4.540282464674406659e-01
4.423601080579062650e-01
4.793438043468828402e-01
4.202757732286415138e-01
4.177724094085524809e-01
4.042356794194993941e-01
4.142279077585331315e-01
4.150234812723163635e-01
3.954937820604496612e-01
4.107187508966049783e-01
4.773728132371157229e-01
4.880167010921137583e-01
4.939006311215617950e-01
4.905583865188351544e-01
5.003678803476782067e-01
4.834404105946975561e-01
4.872996214081884991e-01
4.750050835237746849e-01
4.555329645034776331e-01
4.670903700892065080e-01
4.112581690403771528e-01
5.073778867164014938e-01
4.660607335306298227e-01
4.639851505900401407e-01
4.582803578462070759e-01
4.296282232574549775e-01
4.715331797061130814e-01
4.967161159718485597e-01
4.028075833417247842e-01
4.862875324719534431e-01
3.974544677814159099e-01
4.721566831113469531e-01
4.557750172827077506e-01
6.148940800914788340e-01
4.581510678005580317e-01
4.367236458387137588e-01
3.794541452444761265e-01
4.425217341001219107e-01
4.027050876788574318e-01
5.481338561006241505e-01
4.440390149035845502e-01
3.856845802326511752e-01
4.677497319519856589e-01
5.853961216164248471e-01
4.347100825205589270e-01
4.097054219156380239e-01
3.668325104169350426e-01
4.122594812394351216e-01
4.479558242659912870e-01
4.374772384046703433e-01
3.978517086455723439e-01
4.960184875943034477e-01
4.476226949475239913e-01
3.486341195557738359e-01
4.510672466756015520e-01
4.712597405776838277e-01
3.978536662543632474e-01
3.787936286205945136e-01
4.403239469162230635e-01
3.603159138610270706e-01
4.115615366466844338e-01
4.164582544160998490e-01
4.284002414659217051e-01
4.626945444838050370e-01
4.746235510599838281e-01
3.595151782017791398e-01
3.487339018423513681e-01
3.818178403654295394e-01
5.620746304517745262e-01
3.691535138703747609e-01
5.696569654300500662e-01
3.998839778501642184e-01
4.111234581432702817e-01
4.316911920169342887e-01
4.987031084222110500e-01
3.692239564043464650e-01
4.013533940862203941e-01
4.804951625892043277e-01
4.067755163344301539e-01
4.800542080614777496e-01
3.901860424446521036e-01
4.325888349071570493e-01
4.081334256188575704e-01
4.058860278554299317e-01
3.916934370092804985e-01
4.923092454412110186e-01
3.985587529361760417e-01
5.070080749154844968e-01
3.423447458455107784e-01
4.250066361787227520e-01
3.902116769074490121e-01
3.474902390658576312e-01
4.496566850404631888e-01
4.566761851554418938e-01
4.724724917476937902e-01
4.053865003539536827e-01
4.475348782136730486e-01
3.803121462589121871e-01
4.155051397763573906e-01
5.064250410321203821e-01
3.677454121880231463e-01
3.740452865444063302e-01
4.203712587030914993e-01
4.117907365020480603e-01
5.452706888343296088e-01
3.773076956246319003e-01
4.184829751749518656e-01
3.357165295014495343e-01
4.157932347465219114e-01
3.793739522961891986e-01
4.014356739120557571e-01
4.497532749339233082e-01
4.418184132237840678e-01
3.676281918094300716e-01
4.948756527269635996e-01
4.056604558955549389e-01
4.413444055672960942e-01
4.127643538826397673e-01
4.663370028454446592e-01
4.038354513562088521e-01
4.212463610872995146e-01
4.206450004328753378e-01
4.482354769507593262e-01
4.037051535524644463e-01
4.478893428506439678e-01
4.389246519865468432e-01
4.421628379938670195e-01
4.093496890778761665e-01
4.569820221855051545e-01
4.829309422857461787e-01
4.428267800955129618e-01
4.482393221908643199e-01
4.070815405557055011e-01
4.471616480634874602e-01
4.438505348373378290e-01
4.543896772600994893e-01
4.164718232984922497e-01
4.254111388223703605e-01
3.962484008617543907e-01
5.021755432185898149e-01
4.578062113941200328e-01
5.310938014470092394e-01
4.095003727989021680e-01
5.301123725865232172e-01
4.326515347924428934e-01
4.511083217705783577e-01
4.149757167786947143e-01
5.127553484643566639e-01
5.004910726634659301e-01
4.746986556479262931e-01
3.926895532369242270e-01
5.355776581693464378e-01
5.206312394578982428e-01
4.136604276311731665e-01
3.762320513410256639e-01
4.768629004365537161e-01
3.865524354697050247e-01
3.950714712960574637e-01
5.466478269115054855e-01
5.413624156754045513e-01
3.706573009915338224e-01
4.255112079334043562e-01
3.628365659933726062e-01
4.368986317986031653e-01
3.752843567960703064e-01
5.562093380682066046e-01
3.593923303947884063e-01
3.472199712415942052e-01
5.123863359244680282e-01
4.950584824598266431e-01
4.288981200217720779e-01
4.317658820697066746e-01
3.974918157009197373e-01
3.569965710221142396e-01
3.545276007917063654e-01
4.600297139206940833e-01
4.369977064157014035e-01
4.754376138558044085e-01
3.942071022461642871e-01
4.105379990420380265e-01
3.779297492196504460e-01
3.797496571718825820e-01
3.927483179212218345e-01
3.908236139757942373e-01
3.671289217143656192e-01
4.475089790204744844e-01
3.893618452701964050e-01
4.048576491104017849e-01
4.270495895225133731e-01
4.208902844967758461e-01
3.683643048718961976e-01
4.548471110359223468e-01
3.418289623324581861e-01
3.695687194015938037e-01
4.618267699563298190e-01
3.668195877985521713e-01
4.480069760882585128e-01
5.466734223253491010e-01
3.618523017172924350e-01
3.638375833057771458e-01
3.525267161982987285e-01
3.794754701209522851e-01
3.676760732943110122e-01
4.679054896535853603e-01
4.235079628405210572e-01
4.666508219814230474e-01
3.806632868040811801e-01
4.066341264250545318e-01
4.728197693581944749e-01
4.643776238222931951e-01
3.632398922989537038e-01
4.419423864096777010e-01
4.892306964817875192e-01
4.078247235025678763e-01
3.738141136183638080e-01
4.647348807271542426e-01
4.480081261305609019e-01
4.458232516235355880e-01
4.156127748569440339e-01
4.655021642453883723e-01
4.898705624031733374e-01
4.120101619486900013e-01
4.555746091032744638e-01
4.301708974492898241e-01
4.568081510022456992e-01
4.387931272631777624e-01
4.713073482014421556e-01
3.645419990395669108e-01
3.531613676393187129e-01
4.056940153376877300e-01
3.500618166265235254e-01
4.214697716414108619e-01
4.381099043330755061e-01
4.347279566045567645e-01
4.110850488937925484e-01
4.191624449561902610e-01
4.482017484312017519e-01
4.712034731651615349e-01
3.769466415155957595e-01
4.076090490762163676e-01
4.914381505177604081e-01
3.871172168991401374e-01
4.601945380683772346e-01
4.098300601044569391e-01
4.921893821935180990e-01
3.694240963635319619e-01
5.211140821602697759e-01
5.060085271949718022e-01
3.790958700972772988e-01
5.128948375689311723e-01
3.781295771444569409e-01
4.630497712793515408e-01
3.899031369026201288e-01
5.303238193160142444e-01
4.244693402220505729e-01
3.907302813223785254e-01
3.722254033448489374e-01
3.637801161402598460e-01
3.604332132762538832e-01
4.105683060119522665e-01
4.803433350348271236e-01
4.711171232861265934e-01
3.680444912613959896e-01
4.705180158819938230e-01
4.180618958644733985e-01
3.784428824804869085e-01
4.082220166433102593e-01
3.884978618465448341e-01
4.244370208228290808e-01
3.851950352964340074e-01
4.503963732695638322e-01
4.331672812002886896e-01
3.636736230510698720e-01
3.792443791800518826e-01
4.423832133635663411e-01
3.931416680947676934e-01
3.986661175305256100e-01
3.992814336594686653e-01
3.845932823221988039e-01
4.035477929655614249e-01
4.549026093607509424e-01
5.090221418705603851e-01
4.207351062762819671e-01
4.188809217989007405e-01
4.693349423208843518e-01
4.662409741234263549e-01
5.075036419265940291e-01
4.831417706942397472e-01
4.339860446873217148e-01
4.894086771539675751e-01
5.040528100965221414e-01
4.470092544823391911e-01
3.861055037835091075e-01
4.403512755390982525e-01
5.202047742876456660e-01
5.015796274088852869e-01
4.888238401354838558e-01
3.934056003195585127e-01
3.758184553133723793e-01
3.678982148191480284e-01
4.442525258248379294e-01
4.698894335792089816e-01
4.906866136813907708e-01
3.932560292686267944e-01
3.631665746782293258e-01
4.154029922539352326e-01
4.898329237414704718e-01
4.725933234552946449e-01
3.996761490706282061e-01
3.977992689860205267e-01
3.859970522210607879e-01
3.933674447622476089e-01
4.515942024760895013e-01
3.502400333011388978e-01
3.683799940244425475e-01
4.046151646970461147e-01
3.713595834768544379e-01
3.590613632892837859e-01
3.596766122028034474e-01
4.800648731708530015e-01
4.018918486414770341e-01
3.540982550369916049e-01
3.950265781199354675e-01
4.689690948224807809e-01
4.481335078433401065e-01
4.933998387841735944e-01
4.146164571496809281e-01
4.051469326605208754e-01
4.109542148887422863e-01
4.590024862497698588e-01
3.976206391209797797e-01
4.328797214036501639e-01
4.553270641560028809e-01
4.184123080809206696e-01
4.023627356018745216e-01
4.234248236833880741e-01
4.333169748109804709e-01
3.909785731185589919e-01
3.955277443104388002e-01
4.960962847559093336e-01
3.942100158649380903e-01
4.151454411328124872e-01
3.688161467307339847e-01
3.983732697028636305e-01
4.341960294184784575e-01
4.948895377501036363e-01
5.030149510758432641e-01
4.279576373052414451e-01
4.364097421029523582e-01
5.042427296631850631e-01
5.051977579451519818e-01
4.485337713733815179e-01
5.401418171626978237e-01
5.759913564010936682e-01
4.840127687033325410e-01
4.793742905122219677e-01
4.852768821436906910e-01
4.139048664694291446e-01
3.997108116652933751e-01
4.149167952135027204e-01
3.951359048137761953e-01
3.630494678896404870e-01
5.185394628381289062e-01
3.357762707821476678e-01
3.336942775609759160e-01
3.996763188894688068e-01
3.679424207927924351e-01
4.957182509065828913e-01
3.974456489249122981e-01
4.799035024237823244e-01
4.962476702709599508e-01
4.575691235614205987e-01
5.000759666945279180e-01
4.838098993988753649e-01
4.390624687508683510e-01
5.731713974347634188e-01
5.448615982989986062e-01
4.546421418589671193e-01
5.631107423567478509e-01
5.235855708101252448e-01
3.777267575831568802e-01
3.818991245181984073e-01
4.459008980197555205e-01
4.027167857754980762e-01
3.861917725765960929e-01
4.477491934530324902e-01
3.633957913831193931e-01
5.539689383096858544e-01
4.616972343963355319e-01
5.460078126693086453e-01
4.347308690860051117e-01
3.891937166624850897e-01
4.402906461289337048e-01
3.831892898006348247e-01
4.721405595509878816e-01
4.843447719765029968e-01
3.909756782778359696e-01
3.575353534533054489e-01
4.654995136581494553e-01
3.462884487124695543e-01
3.704749689610123964e-01
3.637756513447897300e-01
5.447112259049740057e-01
4.089464766119120243e-01
4.019579077075052798e-01
3.662880804219415531e-01
3.862199919530163172e-01
4.809823685763675583e-01
3.708356685328138558e-01
3.803858016560555666e-01
4.941610142966377239e-01
4.187134516060453393e-01
3.693107453842998655e-01
5.017896202783985737e-01
3.852907907279546906e-01
4.134489122679388395e-01
3.852097286132167286e-01
4.189339184389551662e-01
4.058504669523026465e-01
5.415940866219347560e-01
4.334579202092510020e-01
3.731378022408166628e-01
4.720554410352807984e-01
5.076732224749136435e-01
4.957412230561140110e-01
5.116316271615360955e-01
3.987094162908919603e-01
4.548095259034325988e-01
4.901928671112895097e-01
4.015738876326100937e-01
5.248705441795087356e-01
4.263135312909595576e-01
4.728085497049303032e-01
4.287501706108418631e-01
4.180755524318381933e-01
3.845766050047614293e-01
5.503856135623712564e-01
3.888076693592650845e-01
3.971527672611095960e-01
3.593643913954063240e-01
4.229918022459870364e-01
3.526593934396964336e-01
5.564684647105171411e-01
3.563824741326090950e-01
4.062005332152126003e-01
4.814755808463107578e-01
5.379685992553635554e-01
3.743830260680496846e-01
3.871099583058282834e-01
4.776031156304923475e-01
3.709661055651043426e-01
5.051550369646229388e-01
3.770124013166462618e-01
3.768260237344748242e-01
4.320460929432762831e-01
4.895474590062917630e-01
4.606492518241633860e-01
4.914317773303050751e-01
4.555004547365918977e-01
3.875612983602018669e-01
4.459973975015256165e-01
5.204800269796751033e-01
4.557739341058446580e-01
4.715526700029064600e-01
4.622176002353042268e-01
3.555616553128143620e-01
5.272798414559579649e-01
4.024971752879319964e-01
4.058469294375668390e-01
4.681034900188750791e-01
5.340533087701400117e-01
4.910821702860318494e-01
3.661259986441260939e-01
3.932791415980873007e-01
3.933237908325440402e-01
5.704176501487099316e-01
5.415159289078812499e-01
3.808221659031897910e-01
5.050116726877915685e-01
3.805703220509855655e-01
3.748298781168568072e-01
3.896295651074755395e-01
5.312950054335334737e-01
3.813478706691234565e-01
5.483720058004295517e-01
4.331405227936270808e-01
4.263217725908545752e-01
4.062403960528604419e-01
4.459280221935521538e-01
4.374594111330621926e-01
3.854547914683315035e-01
4.844164049563468577e-01
4.199431345984392938e-01
5.101215713481535019e-01
3.808358272628133423e-01
3.986471883427599172e-01
4.601479564099551500e-01
3.436801098919236019e-01
3.310228956219374297e-01
3.915001451322664971e-01
3.887726595232420812e-01
4.516581023044171084e-01
3.743870227389460847e-01
3.657803732637294747e-01
4.316648087221891528e-01
4.505047618792902830e-01
3.800281325763231188e-01
4.274578520286385075e-01
4.579035479138339748e-01
4.447564238049434016e-01
4.549872012155319334e-01
4.901502982929648033e-01
3.827458249645248056e-01
4.867174486418166524e-01
4.354789473806980338e-01
4.125500178531848472e-01
4.398462650415489450e-01
4.337116306717043179e-01
5.072822006397381678e-01
5.034169747779153603e-01
4.407107115925927854e-01
4.163505666854197540e-01
5.080255443628132195e-01
3.801979346395296111e-01
3.879559670034777863e-01
5.636113217615645876e-01
3.773576200019649329e-01
4.037297023759162662e-01
4.361113108607949651e-01
3.854005997861930655e-01
4.432548510946208165e-01
4.152838955682914279e-01
4.599973104149973624e-01
4.523968016769526757e-01
4.561895347524947408e-01
4.390755058441613845e-01
5.012885897334971030e-01
3.874500291132964014e-01
4.645199912973233536e-01
4.523560642420657030e-01
4.114880299996768742e-01
5.226866164050504304e-01
4.395353309444084422e-01
4.734178174555807583e-01
4.394619505883629595e-01
4.549382924749978407e-01
3.915473656616254572e-01
4.553750605597160495e-01
4.493297163974246389e-01
4.157569446073746677e-01
4.673092417105656482e-01
3.936594528077675403e-01
3.968217844772297664e-01
4.360425125201868868e-01
5.450705893729191898e-01
4.534137902156045730e-01
4.458135456065827618e-01
4.376178321671160831e-01
4.914241560358485472e-01
4.255507811195186063e-01
4.413403120117221912e-01
4.415662943436262644e-01
4.188563744952985557e-01
5.327292397408897040e-01
4.177448152661169534e-01
4.340436412053393367e-01
4.145293042222523705e-01
5.314969811652572318e-01
5.094542587311793325e-01
4.156426508532545805e-01
4.550364609495894386e-01
3.937858079587323590e-01
4.302083411457052753e-01
5.778019408467994777e-01
3.594250901596496850e-01
5.574038932070181085e-01
3.676767914770698309e-01
4.251866884563786364e-01
4.598577051158184159e-01
4.310269509811940902e-01
4.331798657219669835e-01
4.406682202627951739e-01
4.402013965070153967e-01
4.449509973619494851e-01
4.656415907154412004e-01
4.184534386736007416e-01
4.904531017538608095e-01
4.365850566045411663e-01
4.496030357434626090e-01
4.440181733195760483e-01
3.996399926301447136e-01
3.781819037537194617e-01
5.571607611209131727e-01
4.802997348971191349e-01
5.493856347212459079e-01
5.149081102200666615e-01
4.512048071738488653e-01
4.217578591992139359e-01
4.694868937747069815e-01
4.462711164702262701e-01
4.707105850407936609e-01
4.514628181058601974e-01
4.185236242471833124e-01
3.912597116539931474e-01
5.007907735558300155e-01
4.694500503404189784e-01
4.440303968708348425e-01
3.805404050070049227e-01
4.181705501380037493e-01
4.568456123374492472e-01
3.894103893024642993e-01
3.937703743003646006e-01
4.690557119609465864e-01
4.358263525983996911e-01
4.509594777287909695e-01
4.666238598750317434e-01
4.746839797724721199e-01
4.062241406035818070e-01
5.040199440723079904e-01
3.677499644258950262e-01
4.009821072727302593e-01
3.457282227768767591e-01
4.413787759588571613e-01
3.912415670917767097e-01
4.247633452613972516e-01
4.433959037334589404e-01
3.424307036494595446e-01
4.645065205018137355e-01
4.105909904731229187e-01
5.129792698069750578e-01
3.295003426505248023e-01
4.055420714244629132e-01
3.528956284345584060e-01
5.029221662405348736e-01
4.094206492823536103e-01
3.443010974395602775e-01
5.075103675985241924e-01
4.170301760633287613e-01
4.507120030591229010e-01
4.331352154403113608e-01
3.737593868183777812e-01
3.614747791723762482e-01
4.966930319688912521e-01
3.396488981184909162e-01
3.927489068593649213e-01
3.218591691882025096e-01
3.482941820395563104e-01
4.798008320777308322e-01
3.568352287344124796e-01
3.329192598627437882e-01
4.145899422482409724e-01
3.749657502583816915e-01
5.315202672318412036e-01
4.394234377063547803e-01
3.831110888220063404e-01
4.046229024163284227e-01
5.351802273647660035e-01
4.364851309979940752e-01
3.554731646235854692e-01
4.221747875405836847e-01
5.359183259934633403e-01
4.888810927825679720e-01
3.774271292581067305e-01
5.322064098838723556e-01
4.222366695469743081e-01
3.464715890963601663e-01
4.324513411158470433e-01
4.554776734885347400e-01
4.078623429055680538e-01
4.355710926948613282e-01
4.908072900612847622e-01
4.252992456371083585e-01
3.905460288292795790e-01
4.118891708240319249e-01
4.913483217610710718e-01
4.088380918003690079e-01
4.834124631206321854e-01
4.329222882156192886e-01
4.597874334915226791e-01
4.782503833201827703e-01
4.496328279566146335e-01
3.403964643003482005e-01
4.747501233324677439e-01
5.083827461477089527e-01
3.645737459938851455e-01
3.903458468417292382e-01
3.735913623537309158e-01
3.561071533490868801e-01
4.480017252207642575e-01
3.671484668106165250e-01
3.316044531846630838e-01
3.719160357022396890e-01
3.717557338140665690e-01
4.110201016874703295e-01
4.427979054810431969e-01
4.025597466318707185e-01
4.496432709569574415e-01
3.864041387712005560e-01
4.525245463471667673e-01
3.540830502509670352e-01
3.985710871892446661e-01
4.762090836396391524e-01
4.576850884134255892e-01
5.135270691311881741e-01
3.987821246649105311e-01
4.778560661980191249e-01
4.135809033303087245e-01
4.255167445678376681e-01
3.605855860299041482e-01
3.913472597437129274e-01
3.907445313789874586e-01
4.067020458790192028e-01
3.603313250586761551e-01
3.745478891432575397e-01
3.844877390815037987e-01
3.576176958764004099e-01
3.338003299677056446e-01
3.875425502842924086e-01
3.682941024004247610e-01
4.199075909997943001e-01
3.495658073558819967e-01
3.857850409596661478e-01
3.445064529043888046e-01
4.532070222003365956e-01
4.800592954558181580e-01
3.866115228551442740e-01
5.070303519777091816e-01
3.529028058014335723e-01
5.006946096778409627e-01
3.236662624636091334e-01
3.790479491601892459e-01
4.183946328875109422e-01
3.347987748957828025e-01
4.674146880003022808e-01
3.751255350543434286e-01
4.047907707427751411e-01
3.728341936638602805e-01
3.379479066490991279e-01
3.521300541478604718e-01
4.307285825811633106e-01
3.946451555835677749e-01
3.846498175830103672e-01
3.674456406282841647e-01
3.926766166338961916e-01
5.416778176449583704e-01
3.634691667640378432e-01
3.543444153735575974e-01
5.117508788783848850e-01
4.090233255175955152e-01
3.638795507881967262e-01
3.708969625853610896e-01
5.265181490296778621e-01
5.250480462291454709e-01
4.385183194120609307e-01
5.055624661708896239e-01
4.571855838444465747e-01
3.600063770734502344e-01
4.857544504115912098e-01
5.279783387682376317e-01
3.543990546679885445e-01
3.392731372842217041e-01
5.276697418667559702e-01
4.468275435528777928e-01
3.079888498534137931e-01
3.020671969240473209e-01
4.478405576269486876e-01
3.548200935721677052e-01
3.832133448567219269e-01
4.571520195999161373e-01
3.315903292146691883e-01
4.760681044082147317e-01
4.391046868743407328e-01
5.399109168154117011e-01
4.065221344912544610e-01
3.738328570403636197e-01
4.626140741539656598e-01
4.902196524223457197e-01
3.532043432212361722e-01
4.427699714835177658e-01
4.181873363621712025e-01
5.582451731101624182e-01
3.874660246880410885e-01
4.366970245176922671e-01
4.361330186014406585e-01
3.329478240495810648e-01
3.701308111469490125e-01
3.835926788995904779e-01
3.829894246359178411e-01
4.625085325241442002e-01
3.292364150360481689e-01
4.480680976049905007e-01
4.436942900944738088e-01
3.572185150585349134e-01
4.460984864207889755e-01
4.804044562327386969e-01
3.952923513325369287e-01
3.887912204919733439e-01
4.275859832318100184e-01
4.011686607361248380e-01
4.511256818554859049e-01
4.229070456536896949e-01
3.946189675449633394e-01
4.266132763711952269e-01
3.780872242700875074e-01
4.232099020436184134e-01
4.600734464765612874e-01
4.654044188409606764e-01
4.751451713309642333e-01
4.654113267053978098e-01
4.471000166848845270e-01
4.626040822414648201e-01
4.003263462179215137e-01
4.075423981926987738e-01
4.202915145009079589e-01
4.346861231700325234e-01
3.999855647577086337e-01
4.167702076338506978e-01
4.144450066856008030e-01
4.529095385782423988e-01
4.643552797817706579e-01
4.265362009299432655e-01
4.483793037320825681e-01
4.010338606593364386e-01
4.043972653419085628e-01
4.171451455508927708e-01
4.346674818704774901e-01
4.236114821629831662e-01
4.234138120318042819e-01
3.678204197428076028e-01
4.428767549655809321e-01
4.612295896764551650e-01
4.163836781624895567e-01
3.901749837720691616e-01
3.861997927922501961e-01
4.263276822010911293e-01
4.150870260868685380e-01
3.855652531085544954e-01
4.956085091323932934e-01
4.135038356634673229e-01
4.188197493323196352e-01
4.115542023384434756e-01
4.560784879800630076e-01
4.930613682397894659e-01
4.338158063295048383e-01
3.832325094399302579e-01
4.321859668022229317e-01
3.940035152673945773e-01
4.072978433524365727e-01
3.964376994656262365e-01
4.949251287785379483e-01
4.241712944113538164e-01
4.536845095239067094e-01
4.426669736436489866e-01
4.312128742599994347e-01
4.941825421600054558e-01
4.635696534415869596e-01
4.886293915169623858e-01
3.825093562482433929e-01
4.305871299875966285e-01
4.970554295654884824e-01
4.405714348599316099e-01
4.124441871417834360e-01
4.893865369948431354e-01
4.847937492706786977e-01
4.478180075683358963e-01
4.177011493763869709e-01
4.238129608154089789e-01
4.753583964759233171e-01
4.747305611317629848e-01
4.974627011671516885e-01
4.612330220884949261e-01
4.457853442333396532e-01
4.585232988556433575e-01
4.968914534381258519e-01
4.425793510359063432e-01
5.083203319820756017e-01
4.002859245746622219e-01
4.578335708112311608e-01
4.353017752288491082e-01
4.490493731477911421e-01
5.089409944845473266e-01
4.907334707715396704e-01
4.560027917216618043e-01
4.218614436560454983e-01
4.633403800751291213e-01
4.365635671301125176e-01
4.318534504504008553e-01
5.107092044432872679e-01
4.752305963906940933e-01
4.366295898364060402e-01
4.340415776198959241e-01
4.612690374563348517e-01
5.253393051770141042e-01
4.576553238488403896e-01
4.806250900463771569e-01
4.218530037143843336e-01
4.852391217892207953e-01
4.396203913139962727e-01
3.504545882629942488e-01
4.014259251502345083e-01
4.226057836894190900e-01
4.297933230093233248e-01
4.391816091231247055e-01
4.434173417953117813e-01
4.078124501518024525e-01
4.726177574184796670e-01
3.986015386773038016e-01
4.662048111036171671e-01
4.053305095776519873e-01
4.435643778510665602e-01
4.545090792380638844e-01
4.704870418701602719e-01
4.457990135780497409e-01
4.903479304657767934e-01
4.301963761074917292e-01
3.850985931042587573e-01
5.275059529155462501e-01
4.583541491079736185e-01
3.862654104532992627e-01
3.661125334465293313e-01
