-3.712522722576494516e-08
-1.113815244480065303e-07
-1.856430484892257482e-07
-2.599098880562422664e-07
-3.341821663838118184e-07
-4.084601312737135004e-07
-4.827436314025490560e-07
-5.570327764603533183e-07
-6.313275554559183433e-07
-7.056282274042757763e-07
-7.799345550507652547e-07
-8.542466615191202095e-07
-9.285648244761190995e-07
-1.002889024936948204e-06
-1.077219314082888957e-06
-1.151555420686456443e-06
-1.225897889423066545e-06
-1.300246951552175290e-06
-1.374601640957706650e-06
-1.448962518635354968e-06
-1.523329816843776996e-06
-1.597703592426391594e-06
-1.672083533077461937e-06
-1.746470246533071702e-06
-1.820864689694445815e-06
-1.895264385654016337e-06
-1.969670656132294084e-06
-2.044083754815240184e-06
-2.118503752313039001e-06
-2.192930294353523379e-06
-2.267364056840470710e-06
-2.341805326322443648e-06
-2.416252911419114469e-06
-2.490707490254706613e-06
-2.565169135215761287e-06
-2.639638025159207757e-06
-2.714114109680920706e-06
-2.788597799785463849e-06
-2.863088717663941907e-06
-2.937587045392930918e-06
-3.012093209964206153e-06
-3.086606937152680530e-06
-3.161128424467030129e-06
-3.235657619060638979e-06
-3.310195250461056560e-06
-3.384741555034764815e-06
-3.459295040864063253e-06
-3.533856577808691668e-06
-3.608426531576114371e-06
-3.683005008081607912e-06
-3.757591520825442899e-06
-3.832187049468416262e-06
-3.906792559349447913e-06
-3.981405249819935932e-06
-4.056026679188917683e-06
-4.130657274559190739e-06
-4.205297157167109390e-06
-4.279945801322071475e-06
-4.354604306366915978e-06
-4.429272545070084277e-06
-4.503949345369129276e-06
-4.578636269569891226e-06
-4.653332932424980584e-06
-4.728039676771267352e-06
-4.802756458532897454e-06
-4.877484395593434385e-06
-4.952223913390341181e-06
-5.026972197952339627e-06
-5.101731814005638910e-06
-5.176502354431455899e-06
-5.251284232010711150e-06
-5.326077439637977307e-06
-5.400883314354842923e-06
-5.475701394308529757e-06
-5.550530396525310550e-06
-5.625372410000828438e-06
-5.700226974547639713e-06
-5.775094644500100571e-06
-5.849975446170496696e-06
-5.924871076867788133e-06
-5.999781776955259716e-06
-6.074705131031699068e-06
-6.149643024810913516e-06
-6.224596168613594216e-06
-6.299565695200293192e-06
-6.374550734600248347e-06
-6.449553036969035702e-06
-6.524573389010690505e-06
-6.599611596880272657e-06
-6.674668373563008572e-06
-6.749743272860264653e-06
-6.824838551411360754e-06
-6.899953202799125052e-06
-6.975090134253569829e-06
-7.050251400464446760e-06
-7.125435597998830417e-06
-7.200643337257339738e-06
-7.275877047518974905e-06
-7.351138850086869070e-06
-7.426427640067068126e-06
-7.501748005123154428e-06
-7.577102202338537040e-06
-7.652489977139076416e-06
-7.727913016064569263e-06
-7.803375038584192680e-06
-7.878880948219979530e-06
-7.954432306833680855e-06
-8.030035944184277241e-06
-8.105695089355435812e-06
-8.181415373509359767e-06
-8.257201980499395688e-06
-8.333062623266940250e-06
-8.409010723520182751e-06
-8.485053703433109717e-06
-8.561207508583912329e-06
-8.637490820362359045e-06
-8.713927504455654116e-06
-8.790547935566550564e-06
-8.867386370181584709e-06
-8.944501929897263892e-06
-9.021968552569425981e-06
-9.099885095786852673e-06
-9.178375210083800084e-06
-9.257585038668914024e-06
-9.337558143363011709e-06
-9.418027368091053120e-06
-9.498419532683044508e-06
-9.578288114209243531e-06
-9.657523840078674482e-06
-9.736205933030817050e-06
-9.814433478694262192e-06
-9.892295766089631570e-06
-9.969868621229061034e-06
-1.004721451203227645e-05
-1.012436871661304139e-05
-1.020136377238856085e-05
-1.027822388133259324e-05
-1.035497069490354249e-05
-1.043161912250845091e-05
-1.050818194259228733e-05
-1.058467001346929948e-05
-1.066109070180232266e-05
-1.073745237267775821e-05
-1.081376247569210136e-05
-1.089002568965824480e-05
-1.096624632601628235e-05
-1.104242870131333376e-05
-1.111857645896829894e-05
-1.119469322008459500e-05
-1.127078110718660042e-05
-1.134684301073995982e-05
-1.142288076327879764e-05
-1.149889713192298046e-05
-1.157489267455957815e-05
-1.165087089960437083e-05
-1.172683263206408810e-05
-1.180277830725717791e-05
-1.187871087793279656e-05
-1.195462984704409592e-05
-1.203053735554515669e-05
-1.210643328264371377e-05
-1.218231962840654603e-05
-1.225819690509055704e-05
-1.233406616285570578e-05
-1.240992953188690961e-05
-1.248578429657865030e-05
-1.256163302054691400e-05
-1.263747561519590334e-05
-1.271331331575975554e-05
-1.278914606384073949e-05
-1.286497509955797369e-05
-1.294080050051604758e-05
-1.301662209551857075e-05
-1.309244291425315510e-05
-1.316826002606408252e-05
-1.324407502123481351e-05
-1.331988826758223610e-05
-1.339570056235750428e-05
-1.347151307384830687e-05
-1.354732331104724352e-05
-1.362313396713332736e-05
-1.369894409064542629e-05
-1.377475430264230027e-05
-1.385056486158386946e-05
-1.392637626351778124e-05
-1.400218890257320936e-05
-1.407800218611310328e-05
-1.415381698177675673e-05
-1.422963321706660622e-05
-1.430545120539861159e-05
-1.438127110664488839e-05
-1.445709312786203071e-05
-1.453291889463859121e-05
-1.460874561665104210e-05
-1.468457495656938505e-05
-1.476040703440872903e-05
-1.483624203879596593e-05
-1.491208010628852776e-05
-1.498792138898696891e-05
-1.506376655302510414e-05
-1.513961466159674529e-05
-1.521546636951143228e-05
-1.529132184852066700e-05
-1.536718121741831311e-05
-1.544304459810685870e-05
-1.551891201645450025e-05
-1.559478533719182991e-05
-1.567066142316164701e-05
-1.574654198510661018e-05
-1.582242692499402636e-05
-1.589831655568474389e-05
-1.597421097454532202e-05
-1.605011010530343896e-05
-1.612601448952588612e-05
-1.620192378348761508e-05
-1.627783933666471228e-05
-1.635375876585243304e-05
-1.642968354942375697e-05
-1.650561378119252964e-05
-1.658154929928823407e-05
-1.665749188728415930e-05
-1.673343871000376737e-05
-1.680939098436251555e-05
-1.688534917221318210e-05
-1.696131315165327891e-05
-1.703728307300700351e-05
-1.711325892717052710e-05
-1.718924145122091574e-05
-1.726522975931121806e-05
-1.734122398855397762e-05
-1.741722466264139513e-05
-1.749323161592819531e-05
-1.756924499818346419e-05
-1.764526478609251825e-05
-1.772129262123112170e-05
-1.779732584983317878e-05
-1.787336541325679207e-05
-1.794941190547127974e-05
-1.802546530083048992e-05
-1.810152566894540627e-05
-1.817759268263330341e-05
-1.825366737040479137e-05
-1.832974882542970363e-05
-1.840583871359768864e-05
-1.848193426112754167e-05
-1.855803694283952865e-05
-1.863414701774868121e-05
-1.871026411504050913e-05
-1.878639017893757313e-05
-1.886252256799725302e-05
-1.893866302737912122e-05
-1.901481028165896703e-05
-1.909096505359197948e-05
-1.916712762606298526e-05
-1.924329757763132420e-05
-1.931947612554552052e-05
-1.939566218212007698e-05
-1.947185758288672019e-05
-1.954805925052927051e-05
-1.962426880419698705e-05
-1.970048654231781882e-05
-1.977671201480735164e-05
-1.985294738671150583e-05
-1.992918974891288997e-05
-2.000544101887768988e-05
-2.008169972944617854e-05
-2.015796668153324589e-05
-2.023424220454206335e-05
-2.031052581163983461e-05
-2.038681888694160449e-05
-2.046312017023321772e-05
-2.053943165447602581e-05
-2.061575001344184699e-05
-2.069207698407460327e-05
-2.076841291209774454e-05
-2.084475726638057580e-05
-2.092111238150007324e-05
-2.099747521644435011e-05
-2.107384780658527745e-05
-2.115022846127523337e-05
-2.122661811421178157e-05
-2.130301711511517482e-05
-2.137942491309274828e-05
-2.145584308799186601e-05
-2.153227019274783771e-05
-2.160870815870463701e-05
-2.168515386991032301e-05
-2.176160897027212826e-05
-2.183807384747993297e-05
-2.191454789846059015e-05
-2.199103347400033215e-05
-2.206752772082598568e-05
-2.214403244649165714e-05
-2.222054614320345678e-05
-2.229706965251043727e-05
-2.237360339563121414e-05
-2.245014672996870075e-05
-2.252670126068334611e-05
-2.260326575298510221e-05
-2.267984190928995503e-05
-2.275642677473932451e-05
-2.283302193095693156e-05
-2.290962781881233923e-05
-2.298624376961821980e-05
-2.306287216347069347e-05
-2.313951035437522563e-05
-2.321616014044902698e-05
-2.329281974500219121e-05
-2.336949018111322829e-05
-2.344617152594263843e-05
-2.352286366202882562e-05
-2.359956847564070870e-05
-2.367628388633136183e-05
-2.375301035717480858e-05
-2.382974818282423968e-05
-2.390649810246614493e-05
-2.398325958186120488e-05
-2.406003249433297242e-05
-2.413681940149903227e-05
-2.421361706284042015e-05
-2.429042648188772802e-05
-2.436724800436440574e-05
-2.444408243840179296e-05
-2.452092921678694637e-05
-2.459778919228217120e-05
-2.467466153144304286e-05
-2.475154747305641223e-05
-2.482844795093086532e-05
-2.490535981680697120e-05
-2.498228500025234666e-05
-2.505922405848792778e-05
-2.513617716892735388e-05
-2.521314341596969655e-05
-2.529012450469547701e-05
-2.536712069456381613e-05
-2.544413009664125980e-05
-2.552115408926969309e-05
-2.559819334901902721e-05
-2.567524811425414555e-05
-2.575231740098438138e-05
-2.582940319828530562e-05
-2.590650644929137769e-05
-2.598362382899566114e-05
-2.606075756594883330e-05
-2.613790851757613609e-05
-2.621507704314574028e-05
-2.629226204209356155e-05
-2.636946595635514257e-05
-2.644668871276678601e-05
-2.652392857505070367e-05
-2.660118781450115932e-05
-2.667846718495958669e-05
-2.675576724264772110e-05
-2.683308676298956641e-05
-2.691042838132151616e-05
-2.698779368215387109e-05
-2.706517910977535024e-05
-2.714258830360805064e-05
-2.722002127641953706e-05
-2.729747949092864445e-05
-2.737496330385003063e-05
-2.745247457625055176e-05
-2.753001405253474587e-05
-2.760758256326045768e-05
-2.768518362039618097e-05
-2.776281669247815387e-05
-2.784048434512076398e-05
-2.791818764613651638e-05
-2.799593101465713829e-05
-2.807371582502771190e-05
-2.815154204971470620e-05
-2.822941689673008625e-05
-2.830734158110193022e-05
-2.838532281135286439e-05
-2.846336305117880272e-05
-2.854147176156729415e-05
-2.861965262024313006e-05
-2.869791228454765530e-05
-2.877626629627094701e-05
-2.885472212321715801e-05
-2.893329613462558569e-05
-2.901200894334099445e-05
-2.909088601510401162e-05
-2.916995849178150024e-05
-2.924926291336671369e-05
-2.932886117679167626e-05
-2.940882840352099237e-05
-2.948925465318108508e-05
-2.957026390160155671e-05
-2.965195263104902779e-05
-2.973427976915576920e-05
-2.981692433134952580e-05
-2.989941110109750610e-05
-2.998142573396034294e-05
-3.006290468965389096e-05
-3.014391085265355485e-05
-3.022452084033844244e-05
-3.030480644705679794e-05
-3.038483716633066933e-05
-3.046465523903751915e-05
-3.054429691917714962e-05
-3.062379132323655995e-05
-3.070316095155067870e-05
-3.078242475973436143e-05
-3.086159619891670758e-05
-3.094068489528645216e-05
-3.101970621433025599e-05
-3.109866835315777678e-05
-3.117757492199224600e-05
-3.125643507773112617e-05
-3.133525214993326813e-05
-3.141403345641169409e-05
-3.149277834446628788e-05
-3.157149378507639881e-05
-3.165018295647747948e-05
-3.172884671698295023e-05
-3.180748916287168271e-05
-3.188611097115767734e-05
-3.196471605737549737e-05
-3.204330510697683820e-05
-3.212188061163523400e-05
-3.220044335017213655e-05
-3.227899451263560593e-05
-3.235753584185374621e-05
-3.243606842884272368e-05
-3.251459329589589942e-05
-3.259311122283392592e-05
-3.267162321352046206e-05
-3.275013044001795492e-05
-3.282863309239658633e-05
-3.290713244386012093e-05
-3.298562895781564919e-05
-3.306412418158100053e-05
-3.314261681830465989e-05
-3.322110850922932457e-05
-3.329959960074457825e-05
-3.337809056047635892e-05
-3.345658183773192462e-05
-3.353507382397591385e-05
-3.361356748809996020e-05
-3.369206125258816797e-05
-3.377055637920900466e-05
-3.384905282854955288e-05
-3.392755090547705521e-05
-3.400605074599383215e-05
-3.408455199838122951e-05
-3.416305563264110390e-05
-3.424156040177095406e-05
-3.432006682912991380e-05
-3.439857471543295020e-05
-3.447708417136929882e-05
-3.455559517917539125e-05
-3.463410748483219948e-05
-3.471262256637963617e-05
-3.479113776994058327e-05
-3.486965446364287402e-05
-3.494817256610716072e-05
-3.502669225918797480e-05
-3.510521361826945963e-05
-3.518373665323260013e-05
-3.526226218297789927e-05
-3.534078898015380332e-05
-3.541931790096430888e-05
-3.549784903955632842e-05
-3.557638248175010176e-05
-3.565491854629065926e-05
-3.573345733742794295e-05
-3.581199993363259892e-05
-3.589054459274265696e-05
-3.596909307035378589e-05
-3.604764419817829690e-05
-3.612619882520373693e-05
-3.620475708776549340e-05
-3.628331924343530801e-05
-3.636188552280650299e-05
-3.644045574791032749e-05
-3.651903177226412112e-05
-3.659761045826659398e-05
-3.667619367486718573e-05
-3.675478143927435326e-05
-3.683337410997911121e-05
-3.691197340260909954e-05
-3.699057605555111650e-05
-3.706918396850777953e-05
-3.714779679742097329e-05
-3.722641503345336389e-05
-3.730503879850743942e-05
-3.738366800187797878e-05
-3.746230338252942715e-05
-3.754094433849886059e-05
-3.761959284476201759e-05
-3.769824544774813546e-05
-3.777690421957746736e-05
-3.785556927082822654e-05
-3.793424042153326070e-05
-3.801292009875112399e-05
-3.809160447021397999e-05
-3.817029551544948163e-05
-3.824899283899618752e-05
-3.832769701828109277e-05
-3.840640816155094228e-05
-3.848512600246323245e-05
-3.856385152412045159e-05
-3.864258390517960606e-05
-3.872132527116267653e-05
-3.880007184198230874e-05
-3.887882591691038670e-05
-3.895758758853951065e-05
-3.903635653557113727e-05
-3.911513544263556241e-05
-3.919392022799783604e-05
-3.927271296644274656e-05
-3.935151308376294566e-05
-3.943032132625035047e-05
-3.950913778094644613e-05
-3.958796206815495822e-05
-3.966679544176177075e-05
-3.974563681030662821e-05
-3.982448835215812721e-05
-3.990334620618263273e-05
-3.998221279866154276e-05
-4.006108794984974963e-05
-4.013997161600446617e-05
-4.021886682659125967e-05
-4.029776869651779947e-05
-4.037667905987252226e-05
-4.045559881982185857e-05
-4.053452764629650318e-05
-4.061346576211821713e-05
-4.069241311011051465e-05
-4.077137108993156289e-05
-4.085033788481240435e-05
-4.092931373778085913e-05
-4.100829962017105146e-05
-4.108729516305587026e-05
-4.116630061024029175e-05
-4.124531589999591574e-05
-4.132434425097031294e-05
-4.140338010594213358e-05
-4.148242565882309663e-05
-4.156148180900487432e-05
-4.164054815836149004e-05
-4.171962512777849241e-05
-4.179871264298196110e-05
-4.187781220543751459e-05
-4.195692125841254949e-05
-4.203604112418268812e-05
-4.211517218599691859e-05
-4.219431406915497007e-05
-4.227346724761105179e-05
-4.235263162577496132e-05
-4.243181062335565912e-05
-4.251099789087664504e-05
-4.259019664720753440e-05
-4.266940729746870886e-05
-4.274862944808610621e-05
-4.282786359921519903e-05
-4.290710964693911222e-05
-4.298636935662347724e-05
-4.306563973366372977e-05
-4.314492231527466970e-05
-4.322421754232586011e-05
-4.330352498937983796e-05
-4.338284542670933774e-05
-4.346217840156541001e-05
-4.354152472163530518e-05
-4.362088426845822653e-05
-4.370025647792985524e-05
-4.377964168000847422e-05
-4.385904022641273770e-05
-4.393845226191572806e-05
-4.401787765129228092e-05
-4.409731875332223439e-05
-4.417677248225171383e-05
-4.425623971937575618e-05
-4.433572080875247678e-05
-4.441521615250465516e-05
-4.449472590950520612e-05
-4.457424993442593575e-05
-4.465379256690660270e-05
-4.473334752186364227e-05
-4.481291870872539107e-05
-4.489250325545590670e-05
-4.497210284115649159e-05
-4.505171819990660964e-05
-4.513134829153830907e-05
-4.521099606225043033e-05
-4.529065856084812935e-05
-4.537033662976863724e-05
-4.545003072475850558e-05
-4.552974136273757466e-05
-4.560946875353799612e-05
-4.568921275471815591e-05
-4.576897825547820986e-05
-4.584875783997244270e-05
-4.592855435325837732e-05
-4.600836835200183828e-05
-4.608820043994210636e-05
-4.616805088386577438e-05
-4.624791955687435063e-05
-4.632780968616412309e-05
-4.640771759445438960e-05
-4.648764421555373616e-05
-4.656759023013989918e-05
-4.664755720695801244e-05
-4.672754425583125482e-05
-4.680755127539626415e-05
-4.688758421445005098e-05
-4.696763545375404192e-05
-4.704770786956302686e-05
-4.712780233040447797e-05
-4.720792077717028690e-05
-4.728806225862136614e-05
-4.736822678330643299e-05
-4.744841758519413588e-05
-4.752863312673660801e-05
-4.760887406884961592e-05
-4.768914109787303346e-05
-4.776943677886613671e-05
-4.784976015026476404e-05
-4.793011143511272110e-05
-4.801049482661134959e-05
-4.809090880719679717e-05
-4.817135468082600624e-05
-4.825183353518447404e-05
-4.833234914913830949e-05
-4.841290072465920247e-05
-4.849348907065564873e-05
-4.857412150172102372e-05
-4.865479443905140755e-05
-4.873551197848158267e-05
-4.881627630104468096e-05
-4.889709326072466666e-05
-4.897796371194917953e-05
-4.905889134598773182e-05
-4.913988863786133976e-05
-4.922095046655527995e-05
-4.930208960407522767e-05
-4.938331123816031010e-05
-4.946462744215285312e-05
-4.954604838824927526e-05
-4.962758729132321633e-05
-4.970926757597027290e-05
-4.979110831460076270e-05
-4.987314281190702303e-05
-4.995541129726444041e-05
-5.003796867786292069e-05
-5.012088185785135153e-05
-5.020424904034204161e-05
-5.028818155528025358e-05
-5.037279273834016635e-05
-5.045807178105654600e-05
-5.054373068069661912e-05
-5.062928809307365441e-05
-5.071439519088727366e-05
-5.079896729431876423e-05
-5.088306328815406232e-05
-5.096676130567079355e-05
-5.105013925799095631e-05
-5.113325751038289013e-05
-5.121616766723402492e-05
-5.129890624433475210e-05
-5.138150316519318750e-05
-5.146398114719286099e-05
-5.154636247617361278e-05
-5.162865701591190515e-05
-5.171087791266959499e-05
-5.179303336488860765e-05
-5.187513583759795210e-05
-5.195718933881376955e-05
-5.203920287699670411e-05
-5.212118254127595662e-05
-5.220312889120393152e-05
-5.228504874055239782e-05
-5.236694446664191815e-05
-5.244882020216667939e-05
-5.253067717592152519e-05
-5.261251930255284037e-05
-5.269434894705771200e-05
-5.277616678367458292e-05
-5.285797564180683139e-05
-5.293977620135503770e-05
-5.302157041875421584e-05
-5.310335973929269926e-05
-5.318514617602687622e-05
-5.326693085783151815e-05
-5.334871861728540665e-05
-5.343050201356280837e-05
-5.351228520578121817e-05
-5.359406984684067510e-05
-5.367585675641883824e-05
-5.375764677773009481e-05
-5.383944123371620094e-05
-5.392124155823019294e-05
-5.400304527669597121e-05
-5.408485380242744611e-05
-5.416666843849338164e-05
-5.424848972146456560e-05
-5.433031780999186822e-05
-5.441215362278484236e-05
-5.449400207768739790e-05
-5.457585391244190731e-05
-5.465771431922838985e-05
-5.473958389501376587e-05
-5.482146299462531402e-05
-5.490335135882595807e-05
-5.498525017799682502e-05
-5.506716099612507520e-05
-5.514908038706245463e-05
-5.523101044613287769e-05
-5.531295178029527193e-05
-5.539490464268048697e-05
-5.547686849594057890e-05
-5.555884471719618745e-05
-5.564083778109019107e-05
-5.572283778476627703e-05
-5.580484996481338555e-05
-5.588687493041089027e-05
-5.596891286663296938e-05
-5.605096302818690646e-05
-5.613302694551514094e-05
-5.621510585585021147e-05
-5.629719589494985854e-05
-5.637929920065953837e-05
-5.646141638937507423e-05
-5.654354759443425138e-05
-5.662569193631838971e-05
-5.670785104372466634e-05
-5.679002453473636081e-05
-5.687221251948759715e-05
-5.695441557662661580e-05
-5.703663126144231654e-05
-5.711886173143110312e-05
-5.720110599205519009e-05
-5.728336575683279364e-05
-5.736564167169166950e-05
-5.744793160744610105e-05
-5.753023981536209419e-05
-5.761255853542479599e-05
-5.769489259066507003e-05
-5.777724090549885005e-05
-5.785960524107292002e-05
-5.794198928876781451e-05
-5.802438469915127683e-05
-5.810679574058674746e-05
-5.818922069134035979e-05
-5.827166133987038421e-05
-5.835411656895939103e-05
-5.843658816162555780e-05
-5.851907616905016596e-05
-5.860157795400944281e-05
-5.868409501985638599e-05
-5.876662770243346046e-05
-5.884917600740280363e-05
-5.893173967497222776e-05
-5.901432020316565996e-05
-5.909691897532098892e-05
-5.917953000522668816e-05
-5.926215645890575701e-05
-5.934479864000419269e-05
-5.942745655551640027e-05
-5.951012991822768328e-05
-5.959282022682810265e-05
-5.967552720320679072e-05
-5.975824812520791340e-05
-5.984098449751673598e-05
-5.992373721930288610e-05
-6.000650539050855770e-05
-6.008928870537832978e-05
-6.017208894815162523e-05
-6.025490812944234165e-05
-6.033774041080963713e-05
-6.042058870869837506e-05
-6.050345119457123388e-05
-6.058632964700549906e-05
-6.066922287673026659e-05
-6.075213264000733915e-05
-6.083505951071099815e-05
-6.091800109542244712e-05
-6.100096034367119557e-05
-6.108393190307204179e-05
-6.116691930035944580e-05
-6.124992133937912087e-05
-6.133293976051668039e-05
-6.141597690123568043e-05
-6.149902681817920325e-05
-6.158209245010759503e-05
-6.166517202466081926e-05
-6.174826725413584683e-05
-6.183137695436879966e-05
-6.191450283665744792e-05
-6.199764542891283980e-05
-6.208080240688307327e-05
-6.216397672542672836e-05
-6.224716298119936653e-05
-6.233036467728769736e-05
-6.241358065939284216e-05
-6.249681258785333426e-05
-6.258006283232919742e-05
-6.266332542148589368e-05
-6.274660330385373186e-05
-6.282989475747680075e-05
-6.291320143858580849e-05
-6.299652330921112764e-05
-6.307985923503789394e-05
-6.316321195287688539e-05
-6.324657865230953746e-05
-6.332996182301098287e-05
-6.341335698656358488e-05
-6.349676715911023450e-05
-6.358019231089695467e-05
-6.366363133392116680e-05
-6.374708830925168712e-05
-6.383055768166556732e-05
-6.391404194194816313e-05
-6.399753942976094123e-05
-6.408105279365194917e-05
-6.416458148383874516e-05
-6.424812390293244135e-05
-6.433168107689013482e-05
-6.441525191791530602e-05
-6.449883995729432939e-05
-6.458244020479675385e-05
-6.466605619726006893e-05
-6.474968579739392993e-05
-6.483333046314321280e-05
-6.491698832511438866e-05
-6.500065977976809961e-05
-6.508434692376052766e-05
-6.516804764256090010e-05
-6.525176535532306588e-05
-6.533549532339311128e-05
-6.541923889369360978e-05
-6.550299709573437212e-05
-6.558676888523962134e-05
-6.567055666961696403e-05
-6.575435621114511520e-05
-6.583817042615791593e-05
-6.592199934596365551e-05
-6.600584193106051600e-05
-6.608970200994157551e-05
-6.617357463389872407e-05
-6.625746187494119255e-05
-6.634136256045142233e-05
-6.642527812439347201e-05
-6.650920861928089067e-05
-6.659315301649204599e-05
-6.667711380548002609e-05
-6.676108885095288770e-05
-6.684507927434690799e-05
-6.692908306160649801e-05
-6.701310213641509250e-05
-6.709713660013605363e-05
-6.718118540427475693e-05
-6.726525200451138886e-05
-6.734933259378017567e-05
-6.743342855053402474e-05
-6.751753907785484898e-05
-6.760166561137204155e-05
-6.768580830007753235e-05
-6.776996608381935516e-05
-6.785414163401615184e-05
-6.793833309570729284e-05
-6.802254167004306851e-05
-6.810676503654633507e-05
-6.819100559329882572e-05
-6.827526356567581445e-05
-6.835953784489756657e-05
-6.844383210580229360e-05
-6.852814313251798239e-05
-6.861247190359520687e-05
-6.869681803467475589e-05
-6.878118326625326517e-05
-6.886556796747989040e-05
-6.894997095985289093e-05
-6.903439522698562314e-05
-6.911883952798181241e-05
-6.920330432524934849e-05
-6.928778948567249074e-05
-6.937229693437796385e-05
-6.945682730286062423e-05
-6.954137932069226480e-05
-6.962595720627628992e-05
-6.971055893278954585e-05
-6.979518729499645247e-05
-6.987983968698152637e-05
-6.996451969509820401e-05
-7.004922883058206651e-05
-7.013396573984920224e-05
-7.021873532808697860e-05
-7.030353613124429302e-05
-7.038837091122296385e-05
-7.047324099762608540e-05
-7.055814924283865253e-05
-7.064309815785208002e-05
-7.072808937269581264e-05
-7.081312965129260562e-05
-7.089821752925828946e-05
-7.098336022415274726e-05
-7.106856027705443779e-05
-7.115382307187889666e-05
-7.123915803242120148e-05
-7.132456944591858417e-05
-7.141007161315382490e-05
-7.149566960151787498e-05
-7.158137952567589224e-05
-7.166721733264935779e-05
-7.175320175289989777e-05
-7.183936270849233807e-05
-7.192573478620456484e-05
-7.201236427267776463e-05
-7.209930559071153766e-05
-7.218662755914539986e-05
-7.227441544677137841e-05
-7.236273848965080191e-05
-7.245160966540264980e-05
-7.254087416808108202e-05
-7.263020537895403805e-05
-7.271927937280153742e-05
-7.280792912234268499e-05
-7.289613589933630067e-05
-7.298395199151208601e-05
-7.307143423207485000e-05
-7.315863787138443541e-05
-7.324561564903131483e-05
-7.333240054230305560e-05
-7.341902567759017728e-05
-7.350551523466197779e-05
-7.359188903444113805e-05
-7.367816260717141574e-05
-7.376435017292237717e-05
-7.385046043162368790e-05
-7.393650501263948627e-05
-7.402248823062951288e-05
-7.410842013000351614e-05
-7.419430365585011344e-05
-7.428014609822675141e-05
-7.436595135135171120e-05
-7.445172282949386044e-05
-7.453746281305129173e-05
-7.462317336515145172e-05
-7.470885907290281125e-05
-7.479452002001618638e-05
-7.488015919732138315e-05
-7.496578092047734287e-05
-7.505138515695453094e-05
-7.513697233052507585e-05
-7.522254571534769951e-05
-7.530810579192692700e-05
-7.539365297559719181e-05
-7.547918865125069487e-05
-7.556471532066399988e-05
-7.565023506383994345e-05
-7.573574368469060403e-05
-7.582124492344632927e-05
-7.590673973334460811e-05
-7.599222787657566869e-05
-7.607771026119092284e-05
-7.616318846492831085e-05
-7.624866278077568893e-05
-7.633413259777732662e-05
-7.641960142956705226e-05
-7.650506546197366475e-05
-7.659052666730836734e-05
-7.667598604799152895e-05
-7.676144384050065383e-05
-7.684690055309584267e-05
-7.693235611194726431e-05
-7.701781142699370974e-05
-7.710326665921751754e-05
-7.718872177508995236e-05
-7.727417740555075909e-05
-7.735963373756149508e-05
-7.744509112350694835e-05
-7.753054955861315989e-05
-7.761600964473203135e-05
-7.770147151975326238e-05
-7.778693521143242862e-05
-7.787240114331961394e-05
-7.795786947673022382e-05
-7.804334047012417841e-05
-7.812881417090800085e-05
-7.821429097731869007e-05
-7.829977101103668957e-05
-7.838525437364740611e-05
-7.847074132572018357e-05
-7.855623203689710010e-05
-7.864172668370361663e-05
-7.872722538282417304e-05
-7.881272836829378292e-05
-7.889823576889831713e-05
-7.898374774584215885e-05
-7.906926445211404086e-05
-7.915478603948145064e-05
-7.924031266137721019e-05
-7.932584448933077681e-05
-7.941138161815519680e-05
-7.949692419451093173e-05
-7.958247244244098795e-05
-7.966802641856673972e-05
-7.975358629763729112e-05
-7.983915216958070715e-05
-7.992472429796393385e-05
-8.001030264703778982e-05
-8.009588739343875829e-05
-8.018147881372339469e-05
-8.026707688713052846e-05
-8.035268180595078746e-05
-8.043829363468812943e-05
-8.052391282364901315e-05
-8.060953949473592672e-05
-8.069517294173600419e-05
-8.078081401929892991e-05
-8.086646264882091373e-05
-8.095211919234568398e-05
-8.103778344048517823e-05
-8.112345596500425415e-05
-8.120913993681089238e-05
-8.129482868135529117e-05
-8.138052572614906666e-05
-8.146623140303788091e-05
-8.155194582670777237e-05
-8.163766871194244601e-05
-8.172340083167917157e-05
-8.180914259203753147e-05
-8.189489269028182861e-05
-8.198065196596271420e-05
-8.206642079278125834e-05
-8.215219930363115708e-05
-8.223798710982332949e-05
-8.232378513040039536e-05
-8.240959664584934785e-05
-8.249541441818220022e-05
-8.258124226467877804e-05
-8.266708060289396087e-05
-8.275292956605451167e-05
-8.283878868631244785e-05
-8.292465901293955000e-05
-8.301054134085550373e-05
-8.309643324522220098e-05
-8.318233614468262260e-05
-8.326825050486430513e-05
-8.335417647598042379e-05
-8.344011347749535901e-05
-8.352606286243791089e-05
-8.361202700390979459e-05
-8.369800061625021215e-05
-8.378398686903487658e-05
-8.386998359788400137e-05
-8.395599274324538897e-05
-8.404201423617418953e-05
-8.412804938462414839e-05
-8.421409833148096880e-05
-8.430015857696648851e-05
-8.438623175832660195e-05
-8.447231822317213812e-05
-8.455841813670428309e-05
-8.464453142242867045e-05
-8.473065952241398691e-05
-8.481680442107286666e-05
-8.490295966478988987e-05
-8.498912888443843627e-05
-8.507531248136412927e-05
-8.516151062110122183e-05
-8.524772320306350792e-05
-8.533395182575009841e-05
-8.542019655566335246e-05
-8.550645449723059954e-05
-8.559272753028146496e-05
-8.567901665901267449e-05
-8.576532178705686960e-05
-8.585164193830596702e-05
-8.593797901246258419e-05
-8.602433606852422088e-05
-8.611070642439155876e-05
-8.619709394452890194e-05
-8.628349647876731865e-05
-8.636991630028845179e-05
-8.645635231518955521e-05
-8.654280663056290734e-05
-8.662928044400608485e-05
-8.671577071406311177e-05
-8.680228156421332386e-05
-8.688880654228459122e-05
-8.697535019663860112e-05
-8.706191130991580707e-05
-8.714849222479781332e-05
-8.723509627639458586e-05
-8.732171605263516767e-05
-8.740835589016171525e-05
-8.749501314042618105e-05
-8.758169059241982524e-05
-8.766838689333589230e-05
-8.775510464509306274e-05
-8.784184521715143745e-05
-8.792860503836763542e-05
-8.801538849367851469e-05
-8.810218885635379138e-05
-8.818901111040666763e-05
-8.827585377180202642e-05
-8.836271971424114469e-05
-8.844961277965079915e-05
-8.853652438756132170e-05
-8.862345897986401155e-05
-8.871041457814143882e-05
-8.879739399625385943e-05
-8.888439557341865083e-05
-8.897142251362843979e-05
-8.905847584939063921e-05
-8.914555256644973724e-05
-8.923265682636571938e-05
-8.931978150339414668e-05
-8.940693219727791075e-05
-8.949410708725125119e-05
-8.958130976866041095e-05
-8.966854393788192823e-05
-8.975580119174875193e-05
-8.984308584358835503e-05
-8.993039572346983590e-05
-9.001773423900072402e-05
-9.010509937257271673e-05
-9.019249518849026259e-05
-9.027992212529145633e-05
-9.036737828638230496e-05
-9.045486662961899071e-05
-9.054238108618939407e-05
-9.062992738528841130e-05
-9.071750606270967410e-05
-9.080511483949837981e-05
-9.089276267482127025e-05
-9.098044040023456347e-05
-9.106815109793942042e-05
-9.115589430586101827e-05
-9.124367345736406065e-05
-9.133148925533074447e-05
-9.141933916467781529e-05
-9.150722966400071101e-05
-9.159515778178750622e-05
-9.168312214347107414e-05
-9.177112583524937861e-05
-9.185917105059004939e-05
-9.194725878414189424e-05
-9.203538619306783630e-05
-9.212356400922772082e-05
-9.221178315355071931e-05
-9.230004653726364694e-05
-9.238835545755108569e-05
-9.247671417045300046e-05
-9.256512424127283367e-05
-9.265358249832544857e-05
-9.274209839627012286e-05
-9.283066958643004796e-05
-9.291929896937389799e-05
-9.300798320510672568e-05
-9.309673116819627836e-05
-9.318554262494060936e-05
-9.327441891837651156e-05
-9.336337212495493532e-05
-9.345239495306412181e-05
-9.354149538154388210e-05
-9.363068316592393359e-05
-9.371995898777019107e-05
-9.380933313907213744e-05
-9.389880934906891241e-05
-9.398840062568858400e-05
-9.407811511386032777e-05
-9.416796393135751231e-05
-9.425796612227976823e-05
-9.434814060393925672e-05
-9.443851476464981687e-05
-9.452912037677396739e-05
-9.462000923909918981e-05
-9.471121152726524883e-05
-9.480281764839837422e-05
-9.489492280800870816e-05
-9.498763855464442685e-05
-9.508105014177647973e-05
-9.517512963808094639e-05
-9.526957613525954827e-05
-9.536391720521564253e-05
-9.545782616515730012e-05
-9.555122837512364242e-05
-9.564417574059458360e-05
-9.573676150287369069e-05
-9.582905515082007497e-05
-9.592113265011192880e-05
-9.601303081629986025e-05
-9.610480075294969282e-05
-9.619647040615131317e-05
-9.628806113060051075e-05
-9.637959606834112236e-05
-9.647109037869139314e-05
-9.656256024659359838e-05
-9.665401683089935858e-05
-9.674546702942432574e-05
-9.683692376283303815e-05
-9.692839299990652080e-05
-9.701988043331333245e-05
-9.711139309043215206e-05
-9.720294597859169272e-05
-9.729452926265924617e-05
-9.738614959586833209e-05
-9.747781811897393567e-05
-9.756953466977247302e-05
-9.766130314481369368e-05
-9.775312625215359930e-05
-9.784501427245739791e-05
-9.793696026350051653e-05
-9.802896896027313289e-05
-9.812104185469294748e-05
-9.821318204694673426e-05
-9.830539080946110175e-05
-9.839766727959275983e-05
-9.849002351047797532e-05
-9.858244224425494195e-05
-9.867492880211159445e-05
-9.876748171988580793e-05
-9.886010107329479268e-05
-9.895278461613532528e-05
-9.904552829143042914e-05
-9.913833683250494744e-05
-9.923119628629795130e-05
-9.932410479585040974e-05
-9.941705821614466032e-05
-9.951005289421388511e-05
-9.960308342904511392e-05
-9.969614403304571937e-05
-9.978923776776671417e-05
-9.988234512858795711e-05
-9.997546612172669711e-05
-1.000685966234815538e-04
-1.001617321273462480e-04
-1.002548679397419207e-04
-1.003480003518575359e-04
-1.004411286210649124e-04
-1.005342440563161688e-04
-1.006273450524508561e-04
-1.007204310369269606e-04
-1.008134996766107960e-04
-1.009065494732563906e-04
-1.009995800859142534e-04
-1.010925964544107103e-04
-1.011855864287980467e-04
-1.012785543451633075e-04
-1.013715024257288988e-04
-1.014644292316457808e-04
-1.015573374538725204e-04
-1.016502285848819298e-04
-1.017431057374063030e-04
-1.018359644819888388e-04
-1.019288071277824059e-04
-1.020216370011262086e-04
-1.021144542449059500e-04
-1.022072617812286310e-04
-1.023000615186786533e-04
-1.023928619795499984e-04
-1.024856507276794559e-04
-1.025784347079561343e-04
-1.026712171966481790e-04
-1.027639995085927183e-04
-1.028567838541327717e-04
-1.029495720057393982e-04
-1.030423701701144168e-04
-1.031351726666906998e-04
-1.032279828263593657e-04
-1.033208038583310895e-04
-1.034136381533601323e-04
-1.035064870453794583e-04
-1.035993520843714322e-04
-1.036922446765453643e-04
-1.037851508972620351e-04
-1.038780781545955989e-04
-1.039710296086848729e-04
-1.040640089822186809e-04
-1.041570168384131634e-04
-1.042500547183689008e-04
-1.043431312816034406e-04
-1.044362397583098456e-04
-1.045293870154395677e-04
-1.046225749234963587e-04
-1.047158088013366850e-04
-1.048090893737141371e-04
-1.049024194403891386e-04
-1.049958132502970543e-04
-1.050892585336971052e-04
-1.051827673490546289e-04
-1.052763431184100540e-04
-1.053699936470753329e-04
-1.054637230976096518e-04
-1.055575410982001472e-04
-1.056514512760564628e-04
-1.057454658641709955e-04
-1.058395953090762731e-04
-1.059338496772754823e-04
-1.060282417673086286e-04
-1.061227791659957731e-04
-1.062174704312690565e-04
-1.063123106399554985e-04
-1.064072922064562832e-04
-1.065023882197424498e-04
-1.065975554490616872e-04
-1.066927485562363387e-04
-1.067879217351297427e-04
-1.068830493829997508e-04
-1.069781199621866463e-04
-1.070731321919371481e-04
-1.071680936023389208e-04
-1.072630132002982961e-04
-1.073579046042549834e-04
-1.074527752368270583e-04
-1.075476375744788271e-04
-1.076424991544033816e-04
-1.077373726239283513e-04
-1.078322565236655706e-04
-1.079271603564579962e-04
-1.080220911968687858e-04
-1.081170508888673609e-04
-1.082120429826138874e-04
-1.083070702786459449e-04
-1.084021392683265361e-04
-1.084972457081612163e-04
-1.085923937070853995e-04
-1.086875883009597032e-04
-1.087828275467828121e-04
-1.088781134310767840e-04
-1.089734465483660486e-04
-1.090688349633106569e-04
-1.091642756138044845e-04
-1.092597598808531245e-04
-1.093552998151503530e-04
-1.094508929186943647e-04
-1.095465415789087515e-04
-1.096422456536849666e-04
-1.097380137482506512e-04
-1.098338473434212759e-04
-1.099297270586996333e-04
-1.100256709286595580e-04
-1.101216784616942945e-04
-1.102177508528479066e-04
-1.103138830261807257e-04
-1.104100855392475822e-04
-1.105063583630716550e-04
-1.106026908193058489e-04
-1.106990889088166341e-04
-1.107955570489593811e-04
-1.108920959558279407e-04
-1.109886996643050239e-04
-1.110853790518007145e-04
-1.111821376457156063e-04
-1.112789557212723324e-04
-1.113758433201050835e-04
-1.114728045686907976e-04
-1.115698397505804351e-04
-1.116669422179805693e-04
-1.117641225488741341e-04
-1.118613791790679102e-04
-1.119587014642986489e-04
-1.120560946179516293e-04
-1.121535621571023711e-04
-1.122511039778339992e-04
-1.123487130733069606e-04
-1.124463996675650890e-04
-1.125441671050442238e-04
-1.126419940862266600e-04
-1.127398907719845411e-04
-1.128378603501012378e-04
-1.129359024888421104e-04
-1.130340102025728655e-04
-1.131321932286155629e-04
-1.132304500118808122e-04
-1.133287757374423776e-04
-1.134271733380654013e-04
-1.135256306054044373e-04
-1.136241581433106163e-04
-1.137227492556958097e-04
-1.138214134522863574e-04
-1.139201548300272648e-04
-1.140189580043360351e-04
-1.141178265000597492e-04
-1.142167588733533634e-04
-1.143157606754430233e-04
-1.144148256649879514e-04
-1.145139636317127341e-04
-1.146131740927813780e-04
-1.147124527173248865e-04
-1.148118033981182506e-04
-1.149112149756437162e-04
-1.150106990264188056e-04
-1.151102496800282537e-04
-1.152098759856778898e-04
-1.153095858357211512e-04
-1.154093648385590143e-04
-1.155092177054228841e-04
-1.156091473755171961e-04
-1.157091595929138350e-04
-1.158092486953643530e-04
-1.159094260678728006e-04
-1.160096960551859624e-04
-1.161100570954420874e-04
-1.162105140017910543e-04
-1.163110628663588386e-04
-1.164117171887912860e-04
-1.165124713852216942e-04
-1.166133420853476821e-04
-1.167143429519068576e-04
-1.168154579612723509e-04
-1.169166999687165642e-04
-1.170180899857653500e-04
-1.171196282636621788e-04
-1.172213225850704532e-04
-1.173231978999211833e-04
-1.174252614802862027e-04
-1.175275340805637114e-04
-1.176300286883646962e-04
-1.177327813440820492e-04
-1.178358067586149360e-04
-1.179391369234839004e-04
-1.180428206724037921e-04
-1.181469052585759627e-04
-1.182514627239283911e-04
-1.183565688084309286e-04
-1.184623363702508314e-04
-1.185688875318113844e-04
-1.186764366267745174e-04
-1.187852587599680376e-04
-1.188957161963877240e-04
-1.190082189289620729e-04
-1.191232142792042481e-04
-1.192413109251111436e-04
-1.193647971021727372e-04
-1.195034343872691807e-04
-1.196742858919908059e-04
-1.198085332473342035e-04
-1.199309424827488257e-04
-1.200480871298426067e-04
-1.201621873535563267e-04
-1.202742798411815528e-04
-1.203849433782933076e-04
-1.204945066263229947e-04
-1.206031955768294139e-04
-1.207111826260209853e-04
-1.208185876740985876e-04
-1.209255017609045524e-04
-1.210319971708395670e-04
-1.211381339888406572e-04
-1.212439474672644124e-04
-1.213494972713835551e-04
-1.214547856481784649e-04
-1.215598602570810982e-04
-1.216647333945886089e-04
-1.217694344136655005e-04
-1.218739711054128705e-04
-1.219783671623231314e-04
-1.220826379465522749e-04
-1.221867831405765159e-04
-1.222908222719976123e-04
-1.223947563639971037e-04
-1.224985975040171482e-04
-1.226023538604126273e-04
-1.227060408939273373e-04
-1.228096647708509792e-04
-1.229132164711765896e-04
-1.230167171227813938e-04
-1.231201604737774957e-04
-1.232235543716653225e-04
-1.233269034456307978e-04
-1.234302165183942535e-04
-1.235334957093714436e-04
-1.236367399656268518e-04
-1.237399654233639623e-04
-1.238431564195563439e-04
-1.239463244313565582e-04
-1.240494726099106160e-04
-1.241526061315223473e-04
-1.242557337750582747e-04
-1.243588435952958093e-04
-1.244619445396333290e-04
-1.245650387576846541e-04
-1.246681297135676658e-04
-1.247712196165151610e-04
-1.248743109111272176e-04
-1.249774074337794971e-04
-1.250805083879980018e-04
-1.251836177029730379e-04
-1.252867380817646037e-04
-1.253898716938595115e-04
-1.254930212912785947e-04
-1.255961891057921775e-04
-1.256993859638511069e-04
-1.258025994694822458e-04
-1.259058392494294409e-04
-1.260091105971250514e-04
-1.261124167097893434e-04
-1.262157598813651305e-04
-1.263191431811749865e-04
-1.264225763419890569e-04
-1.265260576992499608e-04
-1.266295947041085057e-04
-1.267331970745688707e-04
-1.268368692054488989e-04
-1.269406234349901297e-04
-1.270444663625802661e-04
-1.271484231720743097e-04
-1.272524856661405579e-04
-1.273566833078776384e-04
-1.274610420551880452e-04
-1.275655917073459378e-04
-1.276703723445127281e-04
-1.277754362661864818e-04
-1.278808521821828137e-04
-1.279867085219876799e-04
-1.280931201803614528e-04
-1.282002149723959761e-04
-1.283080255697344185e-04
-1.284163097938773035e-04
-1.285245342895757759e-04
-1.286322427590524953e-04
-1.287393049167473436e-04
-1.288457973395162881e-04
-1.289518248395182809e-04
-1.290574868625382621e-04
-1.291628605836203647e-04
-1.292680077578101105e-04
-1.293729771386642469e-04
-1.294777958277260055e-04
-1.295824973459591689e-04
-1.296870995391996573e-04
-1.297916184778147297e-04
-1.298960675153448818e-04
-1.300004601352267031e-04
-1.301048097305246287e-04
-1.302091150718887036e-04
-1.303133852714744023e-04
-1.304176292845626861e-04
-1.305218523330875513e-04
-1.306260566970030013e-04
-1.307302478505967258e-04
-1.308344309611797485e-04
-1.309386044806570837e-04
-1.310427790898183176e-04
-1.311469470532955484e-04
-1.312511144363481819e-04
-1.313552842832077516e-04
-1.314594586855344360e-04
-1.315636453314006360e-04
-1.316678344905897191e-04
-1.317720340336947515e-04
-1.318762428561548461e-04
-1.319804624955178696e-04
-1.320846952472809477e-04
-1.321889420162758455e-04
-1.322932064924398077e-04
-1.323974860991672386e-04
-1.325017822234597631e-04
-1.326060963998676456e-04
-1.327104298323167342e-04
-1.328147834787074544e-04
-1.329191578105515248e-04
-1.330235604913854175e-04
-1.331279807051943820e-04
-1.332324238620952173e-04
-1.333368910607646285e-04
-1.334413836006076437e-04
-1.335459023799057121e-04
-1.336504477175148864e-04
-1.337550236402140769e-04
-1.338596271778236257e-04
-1.339642592499412643e-04
-1.340689218678470240e-04
-1.341736172856267117e-04
-1.342783440709816034e-04
-1.343831049749333317e-04
-1.344879061113690710e-04
-1.345927390842271976e-04
-1.346976105985886463e-04
-1.348025214363834934e-04
-1.349074749785739158e-04
-1.350124696061216767e-04
-1.351175096029333389e-04
-1.352226000594924926e-04
-1.353277380788941997e-04
-1.354329312125424067e-04
-1.355381797892851736e-04
-1.356434907398007539e-04
-1.357488652427019105e-04
-1.358543078561202933e-04
-1.359598318606547451e-04
-1.360654348872003538e-04
-1.361711311245183964e-04
-1.362769273540731518e-04
-1.363828389798760199e-04
-1.364888796532293114e-04
-1.365950670956239676e-04
-1.367014308147895818e-04
-1.368080015060613164e-04
-1.369148239730444416e-04
-1.370219561610541703e-04
-1.371294717106286143e-04
-1.372374738761727997e-04
-1.373460775218049434e-04
-1.374553809180278918e-04
-1.375652904850310776e-04
-1.376753844506417579e-04
-1.377851199287905004e-04
-1.378942296197394057e-04
-1.380027290229790538e-04
-1.381107270953529920e-04
-1.382183372650169773e-04
-1.383256410074640286e-04
-1.384327022805331708e-04
-1.385395722108828664e-04
-1.386462884793715489e-04
-1.387528787069047809e-04
-1.388593657057901609e-04
-1.389657690424872527e-04
-1.390721005757322715e-04
-1.391783695138260057e-04
-1.392845897656425080e-04
-1.393907670096394824e-04
-1.394969100984022603e-04
-1.396030226027411558e-04
-1.397091115789006466e-04
-1.398151813783998776e-04
-1.399212340754685258e-04
-1.400272742888564181e-04
-1.401333032415852387e-04
-1.402393249830824473e-04
-1.403453415267374993e-04
-1.404513546174879224e-04
-1.405573652302205545e-04
-1.406633751277475142e-04
-1.407693852093494513e-04
-1.408753955983721440e-04
-1.409814074950777041e-04
-1.410874212441903808e-04
-1.411934370483258760e-04
-1.412994546443613331e-04
-1.414054746255999362e-04
-1.415114968414954433e-04
-1.416175210499082127e-04
-1.417235475886791107e-04
-1.418295763241372853e-04
-1.419356076417521706e-04
-1.420416411133107459e-04
-1.421476783400876798e-04
-1.422537192483641633e-04
-1.423597644328866707e-04
-1.424658144341117705e-04
-1.425718695298172634e-04
-1.426779306173964201e-04
-1.427839972798494728e-04
-1.428900704589786130e-04
-1.429961524527234573e-04
-1.431022415560034844e-04
-1.432083382447713049e-04
-1.433144428173438456e-04
-1.434205543157096585e-04
-1.435266709569615884e-04
-1.436327917013757727e-04
-1.437389191710769509e-04
-1.438450492914356005e-04
-1.439511812818539127e-04
-1.440573137629908018e-04
-1.441634455968676676e-04
-1.442695744575672734e-04
-1.443757003380952142e-04
-1.444818251439272672e-04
-1.445879470552968726e-04
-1.446940665928986292e-04
-1.448001860132608343e-04
-1.449063071965461802e-04
-1.450124315083289872e-04
-1.451185625240825061e-04
-1.452247101064729762e-04
-1.453308770874572886e-04
-1.454370708567909176e-04
-1.455433027300889748e-04
-1.456495819067704645e-04
-1.457559221400561711e-04
-1.458623437567974079e-04
-1.459688653940860448e-04
-1.460755181024175897e-04
-1.461823434557585344e-04
-1.462893911438056804e-04
-1.463967284098810495e-04
-1.465044497712675309e-04
-1.466126746854090612e-04
-1.467215143675648648e-04
-1.468309445814552916e-04
-1.469406257248451197e-04
-1.470499872467945224e-04
-1.471586956856008044e-04
-1.472667325214116474e-04
-1.473742109936448941e-04
-1.474812467670005844e-04
-1.475879355821163585e-04
-1.476943385820828070e-04
-1.478005081405608934e-04
-1.479064827929477133e-04
-1.480122877058898112e-04
-1.481179507399899009e-04
-1.482234859422337792e-04
-1.483289081878336191e-04
-1.484342286031115066e-04
-1.485394546126839188e-04
-1.486445980067863104e-04
-1.487496583204572786e-04
-1.488546456763772952e-04
-1.489595678367816589e-04
-1.490644280398578658e-04
-1.491692288759782770e-04
-1.492739720659885805e-04
-1.493786628031790187e-04
-1.494832971344894901e-04
-1.495878779667059177e-04
-1.496924139100519469e-04
-1.497968996535536945e-04
-1.499013525985137818e-04
-1.500057631385054435e-04
-1.501101376482072425e-04
-1.502144708835917442e-04
-1.503187567110098044e-04
-1.504230162394648573e-04
-1.505272418569347792e-04
-1.506314397239361114e-04
-1.507356058944031574e-04
-1.508397454987875363e-04
-1.509438542354191171e-04
-1.510479339525971909e-04
-1.511519945198713799e-04
-1.512560327168177565e-04
-1.513600476910070824e-04
-1.514640438452508064e-04
-1.515680241602757050e-04
-1.516719853331682799e-04
-1.517759230655890690e-04
-1.518798639575935638e-04
-1.519837975252347206e-04
-1.520877251669494612e-04
-1.521916517404076075e-04
-1.522955816676274665e-04
-1.523995146643919441e-04
-1.525034540367231628e-04
-1.526074156004142424e-04
-1.527113956405479200e-04
-1.528153983644253699e-04
-1.529194289967561460e-04
-1.530234892295201377e-04
-1.531275761914585587e-04
-1.532316943957390265e-04
-1.533358344009139174e-04
-1.534399877068937101e-04
-1.535441410989157873e-04
-1.536482833437435858e-04
-1.537524019917801965e-04
-1.538564835771305539e-04
-1.539605289472278926e-04
-1.540645319235700583e-04
-1.541684937913512243e-04
-1.542724170072728995e-04
-1.543763100406714273e-04
-1.544801804187478922e-04
-1.545840325819503036e-04
-1.546878698838183297e-04
-1.547917345635640984e-04
-1.548956262761302938e-04
-1.549995622908140191e-04
-1.551035708637904520e-04
-1.552076794398837833e-04
-1.553119253062673621e-04
-1.554163622361492969e-04
-1.555210585378885568e-04
-1.556260984754143095e-04
-1.557315914118007072e-04
-1.558376099926039871e-04
-1.559440596023975445e-04
-1.560505570278314380e-04
-1.561566410820391937e-04
-1.562621106513395475e-04
-1.563669981057280722e-04
-1.564714050708015947e-04
-1.565754234168492687e-04
-1.566791245614096439e-04
-1.567825670246714154e-04
-1.568857869596040899e-04
-1.569888168525546135e-04
-1.570916821378443018e-04
-1.571943988789570312e-04
-1.572969861295403504e-04
-1.573994491447239241e-04
-1.575018058406207899e-04
-1.576040464338346325e-04
-1.577062076181245942e-04
-1.578082827551341438e-04
-1.579102708604285255e-04
-1.580121821451729858e-04
-1.581140174211626004e-04
-1.582157829128627569e-04
-1.583174686394794861e-04
-1.584190910116634043e-04
-1.585206409788764148e-04
-1.586221446215896336e-04
-1.587235872164693973e-04
-1.588249707077382666e-04
-1.589263032031329459e-04
-1.590275628997606105e-04
-1.591287831245180584e-04
-1.592299511979922144e-04
-1.593310752326937418e-04
-1.594321490780981065e-04
-1.595331739858707465e-04
-1.596341565349712610e-04
-1.597350849774636927e-04
-1.598359729607645718e-04
-1.599368072072726576e-04
-1.600376145888260382e-04
-1.601383795069022398e-04
-1.602391030001149019e-04
-1.603397907199433092e-04
-1.604404219189836667e-04
-1.605410293644693454e-04
-1.606415985299092242e-04
-1.607421385041440942e-04
-1.608426429026144078e-04
-1.609431127642668713e-04
-1.610435530837728280e-04
-1.611439535389447286e-04
-1.612443277316799595e-04
-1.613446605431834158e-04
-1.614449808997608926e-04
-1.615452731810185227e-04
-1.616455386355131196e-04
-1.617457817112422092e-04
-1.618459836257857276e-04
-1.619461775311803464e-04
-1.620463528771987072e-04
-1.621465104597596962e-04
-1.622466511949083312e-04
-1.623467763111063888e-04
-1.624468882279739290e-04
-1.625469800603518422e-04
-1.626470676360236567e-04
-1.627471525608159553e-04
-1.628472326530294723e-04
-1.629473127344738259e-04
-1.630473974187918174e-04
-1.631474902404894678e-04
-1.632475789651310905e-04
-1.633477011586670358e-04
-1.634478544427775404e-04
-1.635480430419722353e-04
-1.636482764807434265e-04
-1.637485703266383652e-04
-1.638489425078715200e-04
-1.639494061225210686e-04
-1.640500088953000812e-04
-1.641507810641318343e-04
-1.642517710064295144e-04
-1.643530523037783908e-04
-1.644547150579933614e-04
-1.645568474666347925e-04
-1.646594389698163852e-04
-1.647622914670021643e-04
-1.648649686057934716e-04
-1.649671665622243211e-04
-1.650688226926266822e-04
-1.651700049142279525e-04
-1.652708006636416371e-04
-1.653712769814630335e-04
-1.654714995725781179e-04
-1.655715021211534577e-04
-1.656713185541613953e-04
-1.657709736710977211e-04
-1.658704842020242154e-04
-1.659698636248263526e-04
-1.660691031492023129e-04
-1.661682505028627688e-04
-1.662672895328398681e-04
-1.663662334333571025e-04
-1.664650856610938590e-04
-1.665638485023324122e-04
-1.666625291092405092e-04
-1.667611184937856095e-04
-1.668596361013019447e-04
-1.669580793816072273e-04
-1.670564514828498659e-04
-1.671547485779800724e-04
-1.672529748858453402e-04
-1.673511398484484047e-04
-1.674492214740475049e-04
-1.675472522638665751e-04
-1.676452154538710104e-04
-1.677431276715379838e-04
-1.678409813377079729e-04
-1.679387761949202584e-04
-1.680365201148781296e-04
-1.681342022642473566e-04
-1.682318340305855031e-04
-1.683293987163603234e-04
-1.684269318955600170e-04
-1.685244167787258718e-04
-1.686218529743932493e-04
-1.687192472212828420e-04
-1.688165798037211118e-04
-1.689138809338741609e-04
-1.690111354076817562e-04
-1.691083567274542787e-04
-1.692055402869874214e-04
-1.693026850545509276e-04
-1.693997968272853427e-04
-1.694968668360941066e-04
-1.695939060629703121e-04
-1.696908994259782588e-04
-1.697878784294726273e-04
-1.698848302209565730e-04
-1.699817541979120605e-04
-1.700786553341382401e-04
-1.701755170487873059e-04
-1.702723693661756244e-04
-1.703691981710386827e-04
-1.704660146506498108e-04
-1.705628171632112000e-04
-1.706596071637811463e-04
-1.707563877680895459e-04
-1.708531542696789529e-04
-1.709499193710550813e-04
-1.710466851162495416e-04
-1.711434527029709329e-04
-1.712402248635891411e-04
-1.713370066855901541e-04
-1.714338040417207054e-04
-1.715306206032662928e-04
-1.716274591356814483e-04
-1.717243325392026065e-04
-1.718212438293065247e-04
-1.719182020384346643e-04
-1.720152147730580339e-04
-1.721122941785724336e-04
-1.722094481364511154e-04
-1.723066921508475957e-04
-1.724040412122151977e-04
-1.725015147294728379e-04
-1.725991346056554576e-04
-1.726969340276607312e-04
-1.727949503060877134e-04
-1.728932378226577526e-04
-1.729918719061140919e-04
-1.730909238440991871e-04
-1.731904041059051380e-04
-1.732901429789546199e-04
-1.733897979913079368e-04
-1.734890738743777305e-04
-1.735878812366697943e-04
-1.736862633475722006e-04
-1.737842838428482750e-04
-1.738820097949567156e-04
-1.739794909462188954e-04
-1.740767721003511070e-04
-1.741738832463646247e-04
-1.742708499551381962e-04
-1.743676924785830806e-04
-1.744644264956018986e-04
-1.745610638460570740e-04
-1.746576108784259063e-04
-1.747540830082661145e-04
-1.748504842670195458e-04
-1.749468246066143706e-04
-1.750431083634707008e-04
-1.751393399412881635e-04
-1.752355256433579811e-04
-1.753316664279136461e-04
-1.754277690655392519e-04
-1.755238331293540455e-04
-1.756198665147090665e-04
-1.757158687374360539e-04
-1.758118406467445993e-04
-1.759077932428354529e-04
-1.760037235939426736e-04
-1.760996337453191174e-04
-1.761955260743963692e-04
-1.762914049545649675e-04
-1.763872695593748929e-04
-1.764831125460331052e-04
-1.765789580483456689e-04
-1.766747967985038414e-04
-1.767706307558292167e-04
-1.768664615914294913e-04
-1.769622913533330788e-04
-1.770581209816768364e-04
-1.771539510880826285e-04
-1.772497886523005661e-04
-1.773456326905620273e-04
-1.774414852111494412e-04
-1.775373483301478927e-04
-1.776332238824229748e-04
-1.777291141863424073e-04
-1.778250171856621265e-04
-1.779209430213812837e-04
-1.780168909559787238e-04
-1.781128622533323380e-04
-1.781608596659323140e-04
