4.537087786277230750e-01
4.537120588647611807e-01
4.537154942126671031e-01
4.537194209305495662e-01
4.537234280436368561e-01
4.537279170578873977e-01
4.537324248960851736e-01
4.537374096039842319e-01
4.537423616250126912e-01
4.537475129200367885e-01
4.537531390718804181e-01
4.537586695614753141e-01
4.537646758640062616e-01
4.537708637670159195e-01
4.537772251259652445e-01
4.537830938150429483e-01
4.537897642264397957e-01
4.537965873060064714e-01
4.538028547003304380e-01
4.538099502256051632e-01
4.538171802396064880e-01
4.538245387402288222e-01
4.538312677445535681e-01
4.538388538504474767e-01
4.538465509149690602e-01
4.538535693994216746e-01
4.538614598341107476e-01
4.538694424843419672e-01
4.538775104933391313e-01
4.538848403238008866e-01
4.538930510931026285e-01
4.539013267074593072e-01
4.539088259176968232e-01
4.539172059740226306e-01
4.539252104409271515e-01
4.539336754088556525e-01
4.539417521614823592e-01
4.539498599409260704e-01
4.539584260991611497e-01
4.539665959800733841e-01
4.539752304323197429e-01
4.539834714305160390e-01
4.539921910464223553e-01
4.540005261173337137e-01
4.540093619725951157e-01
4.540182734376169704e-01
4.540263701634755233e-01
4.540354604949334294e-01
4.540446649305443505e-01
4.540539977586235398e-01
4.540625203921822561e-01
4.540721365914326957e-01
4.540819221953813489e-01
4.540908865503302527e-01
4.541010301549832651e-01
4.541113797312265055e-01
4.541219461145030722e-01
4.541316506800457398e-01
4.541426544721314795e-01
4.541533318231483762e-01
4.541642310106696057e-01
4.541759457977583847e-01
4.541873071315443711e-01
4.541995081626277186e-01
4.542113267033978108e-01
4.542239988127582118e-01
4.542362500315935692e-01
4.542486967373793316e-01
4.542619941902770742e-01
4.542747975399498706e-01
4.542884328127709814e-01
4.543015171986626299e-01
4.543154028822367074e-01
4.543286801470778347e-01
4.543420187358236384e-01
4.543561030886354990e-01
4.543695083580940874e-01
4.543836295819441706e-01
4.543970483418706685e-01
4.544111752013586525e-01
4.544246073098553995e-01
4.544387767628890740e-01
4.544522974531454151e-01
4.544659154132456025e-01
4.544811394312668895e-01
4.544943972249374520e-01
4.545094292014087989e-01
4.545248733072623781e-01
4.545408372932697727e-01
4.545557482742184630e-01
4.545730334533235051e-01
4.545912070483827394e-01
4.546084437120853639e-01
4.546287113028422144e-01
4.546503123114258305e-01
4.546734200985608210e-01
4.546956604450810291e-01
4.547221568139395709e-01
4.547507453689904611e-01
4.547784641860633803e-01
4.548117156523670546e-01
4.548478418354552355e-01
4.548851364646334661e-01
4.549256712472113939e-01
4.549698356788192677e-01
4.550207455889963004e-01
4.550738727382231952e-01
4.551355259778012141e-01
4.552003506542985356e-01
4.552762259243732235e-01
4.553567832460936327e-01
4.554470748100973854e-01
4.555546506362972980e-01
4.556712025754924289e-01
4.558086129169675038e-01
4.559683568774520745e-01
4.561562653471323836e-01
4.563802989701072343e-01
4.566438217956850232e-01
4.569756713509694479e-01
4.573905516883137179e-01
4.579155178174025842e-01
4.585679169499991548e-01
4.593597725300133661e-01
4.601532752914389013e-01
4.605891431119180646e-01
4.603632752843920817e-01
4.596677999963748040e-01
4.589015064954619083e-01
4.582603426791988510e-01
4.577547852997377875e-01
4.573682321051517063e-01
4.570840439209578610e-01
4.568812260467752795e-01
4.567367451275127777e-01
4.566509216049458586e-01
4.566247291583151457e-01
4.566667402360670147e-01
4.568001798163578986e-01
4.570623318785540512e-01
4.574829887839009235e-01
4.578632714686320382e-01
4.576385712364886005e-01
4.570405584657030729e-01
4.565450864501624517e-01
4.561925616279287610e-01
4.559393682483436905e-01
4.557493125381257837e-01
4.556024499720527365e-01
4.554821590532814879e-01
4.553825280836102385e-01
4.552983386235139318e-01
4.552260639153211108e-01
4.551632309820374811e-01
4.551080494391540610e-01
4.550603700109370209e-01
4.550156273524428863e-01
4.549775313323282111e-01
4.549414204576613385e-01
4.549104188570163299e-01
4.548808346659767299e-01
4.548552982378407661e-01
4.548308250681230014e-01
4.548096315161750391e-01
4.547902472635526050e-01
4.547716174756583074e-01
4.547554591369952770e-01
4.547399323692780104e-01
4.547264788879990527e-01
4.547129611205491528e-01
4.547024246445923734e-01
4.546917691461218047e-01
4.546821472192961733e-01
4.546743147319388667e-01
4.546664698025988383e-01
4.546594741929208539e-01
4.546532757994117824e-01
4.546483410328811536e-01
4.546435300484073516e-01
4.546393896010916258e-01
4.546362075050605078e-01
4.546332421610531083e-01
4.546308485355808338e-01
4.546289976525304533e-01
4.546277752603772315e-01
4.546268838237695342e-01
4.546264744131125468e-01
4.546264723425291199e-01
4.546268915344663930e-01
4.546276760701231101e-01
4.546288920730884864e-01
4.546304069461417630e-01
4.546322607714073927e-01
4.546345673319661662e-01
4.546370889351744604e-01
4.546400815993262845e-01
4.546432411953242880e-01
4.546468929603706410e-01
4.546506685034099604e-01
4.546547378618343016e-01
4.546593341944801803e-01
4.546639959230566741e-01
4.546692086442189473e-01
4.546747318265922377e-01
4.546805612278305708e-01
4.546860669588997927e-01
4.546924640239042859e-01
4.546991504852443411e-01
4.547054104108285144e-01
4.547126225506437081e-01
4.547200950636601791e-01
4.547278137258732866e-01
4.547349585214536249e-01
4.547430958000703849e-01
4.547514217121300661e-01
4.547590561441801071e-01
4.547676651834219319e-01
4.547763769668367040e-01
4.547851551943521975e-01
4.547930814912508612e-01
4.548018759479142137e-01
4.548101830506190435e-01
4.548184053269976324e-01
4.548269280738371223e-01
4.548348646965634789e-01
4.548430145307231776e-01
4.548505366447500586e-01
4.548581984994953809e-01
4.548652211846004878e-01
4.548719873051885743e-01
4.548788332079783947e-01
4.548850850801305357e-01
4.548914172829698899e-01
4.548972210809740790e-01
4.549031360804253743e-01
4.549086043160820436e-01
4.549139583249786623e-01
4.549195074735730704e-01
4.549250075983390373e-01
4.549304971721196966e-01
4.549354602665816594e-01
4.549410273593726961e-01
4.549466807968162718e-01
4.549524474791604711e-01
4.549577551211810844e-01
4.549637983016372456e-01
4.549700128347731187e-01
4.549757652696713173e-01
4.549823407952425791e-01
4.549891198990303476e-01
4.549961089442296491e-01
4.550025837312619004e-01
4.550099824486761868e-01
4.550175995422803821e-01
4.550246433576640159e-01
4.550326753498269983e-01
4.550409240376829811e-01
4.550493874175672304e-01
4.550571874547805762e-01
4.550660517053343734e-01
4.550751227500521856e-01
4.550834624516887916e-01
4.550929180488403336e-01
4.551025717375963842e-01
4.551124207410988110e-01
4.551214511823577502e-01
4.551316644637346531e-01
4.551420664171230701e-01
4.551515895445543691e-01
4.551623455802069618e-01
4.551732862848407724e-01
4.551844109139055461e-01
4.551945814245814126e-01
4.552060545181337847e-01
4.552177109954621548e-01
4.552283603128451928e-01
4.552403661666762913e-01
4.552525567366570991e-01
4.552649327856853056e-01
4.552762319965790727e-01
4.552889629348229605e-01
4.553018821165417118e-01
4.553136726892005326e-01
4.553269525703623755e-01
4.553404239771502438e-01
4.553540881233680282e-01
4.553665531419318069e-01
4.553805869666200379e-01
4.553948172642503511e-01
4.554077951128815416e-01
4.554224025307873625e-01
4.554372105447510588e-01
4.554522206931514994e-01
4.554659054424506359e-01
4.554813041372853255e-01
4.554969098453694465e-01
4.555111349689719424e-01
4.555271391722215957e-01
4.555433560131705861e-01
4.555597876288994263e-01
4.555747630314077035e-01
4.555916089895226673e-01
4.556086765344746770e-01
4.556242303677107142e-01
4.556417260997444041e-01
4.556594511812941395e-01
4.556774085103250105e-01
4.556937726260830712e-01
4.557121795956577959e-01
4.557298903630305209e-01
4.557478216935518800e-01
4.557669374830372599e-01
4.557853307251952257e-01
4.558049394053865777e-01
4.558238073535055834e-01
4.558439226349504936e-01
4.558632784986794140e-01
4.558828769188297825e-01
4.559037716034015086e-01
4.559238778451900620e-01
4.559453140132583293e-01
4.559659411037780274e-01
4.559879320686214821e-01
4.560090921089185456e-01
4.560327846969026155e-01
4.560533532366976006e-01
4.560764874360305199e-01
4.560999200122058395e-01
4.561212668784461743e-01
4.561452690323075099e-01
4.561695711174123535e-01
4.561941722715085468e-01
4.562165691185718353e-01
4.562417331976958979e-01
4.562671891577899652e-01
4.562903471523786503e-01
4.563163456485901937e-01
4.563426219410130491e-01
4.563691699025606563e-01
4.563932914480049452e-01
4.564203375803261853e-01
4.564476365170153094e-01
4.564724183524638823e-01
4.565001824869181490e-01
4.565281860424154625e-01
4.565564280138179609e-01
4.565820526543239444e-01
4.566107561076948040e-01
4.566397147041216242e-01
4.566660094979402285e-01
4.566954999228623469e-01
4.567253076682298851e-01
4.567554687191296980e-01
4.567829541604657151e-01
4.568139184400364372e-01
4.568453942789316713e-01
4.568742239904189928e-01
4.569068916466150210e-01
4.569386358319545427e-01
4.569729066978218124e-01
4.570063953950571078e-01
4.570409192056487657e-01
4.570785338393891228e-01
4.571156463079406596e-01
4.571563632175695835e-01
4.571968270435711190e-01
4.572415538063222540e-01
4.572863470299357580e-01
4.573362573407674936e-01
4.573866583950443876e-01
4.574403790178254714e-01
4.575010325016762858e-01
4.575631380590317043e-01
4.576339772021396635e-01
4.577073074816603859e-01
4.577919432587833071e-01
4.578806858193704143e-01
4.579790844892613344e-01
4.580951854388384814e-01
4.582199187582316480e-01
4.583659252698136788e-01
4.585346084624865037e-01
4.587319568007812709e-01
4.589660641260892016e-01
4.592399985458510692e-01
4.595826441497115056e-01
4.600064736400087395e-01
4.605250768605465006e-01
4.611625664533143265e-01
4.618726471289629210e-01
4.624823457749890898e-01
4.626853433234554558e-01
4.623512330376059465e-01
4.617057948244696064e-01
4.610320888717763799e-01
4.604599237268981460e-01
4.599919712704803043e-01
4.596157749551655902e-01
4.593264175520575532e-01
4.590859775399558362e-01
4.588894299296554791e-01
4.587268029031222882e-01
4.585907574530930786e-01
4.584758474435126074e-01
4.583779808612070128e-01
4.582920483718060378e-01
4.582216193329287091e-01
4.581603362641638588e-01
4.581041906127687469e-01
4.580576406293294101e-01
4.580147813008217939e-01
4.579791347962333670e-01
4.579462723134310465e-01
4.579189587826532071e-01
4.578950240511163172e-01
4.578730930156449941e-01
4.578550512955865126e-01
4.578387200024103820e-01
4.578255160231051168e-01
4.578141178746906181e-01
4.578049559201426977e-01
4.577973831339588462e-01
4.577914243400806882e-01
4.577866823859066958e-01
4.577828133723366721e-01
4.577797016617445869e-01
4.577776019557771026e-01
4.577766712032239615e-01
4.577768249930280198e-01
4.577780337305179525e-01
4.577800957117116876e-01
4.577831455087159607e-01
4.577868113303502073e-01
4.577914098893394734e-01
4.577964228244333911e-01
4.578020057397536036e-01
4.578084361300377436e-01
4.578150137622756244e-01
4.578223657497402788e-01
4.578296981278549005e-01
4.578377161262063844e-01
4.578455589529966674e-01
4.578539871475761913e-01
4.578621026946785300e-01
4.578702721528653541e-01
4.578788795587577787e-01
4.578870258116694569e-01
4.578955333080377832e-01
4.579035309714804547e-01
4.579118462963554514e-01
4.579196470114371142e-01
4.579273571080953453e-01
4.579353893487443927e-01
4.579429623128550841e-01
4.579508979360211174e-01
4.579584312978368099e-01
4.579663837720342467e-01
4.579739890129693736e-01
4.579816676679649978e-01
4.579898533630502588e-01
4.579977491432356551e-01
4.580062025020237848e-01
4.580143829134868394e-01
4.580231605517142146e-01
4.580321173549590785e-01
4.580403367306547513e-01
4.580496431553658376e-01
4.580591331135118183e-01
4.580688031709262975e-01
4.580776572768053834e-01
4.580876532671274703e-01
4.580978093685347252e-01
4.581070804729954760e-01
4.581175140414693869e-01
4.581280780556457044e-01
4.581387610406955635e-01
4.581484691883559446e-01
4.581593455318403452e-01
4.581703062360712453e-01
4.581802346396568471e-01
4.581913229703387658e-01
4.582024617990858029e-01
4.582136401497929334e-01
4.582237273003869626e-01
4.582349524262157581e-01
4.582461884400305663e-01
4.582574267687199443e-01
4.582675382470044467e-01
4.582787600035417852e-01
4.582899634299432701e-01
4.583000276633928949e-01
4.583111813427712677e-01
4.583223023743415725e-01
4.583333872198928072e-01
4.583433317601836587e-01
4.583543405076804245e-01
4.583653065441116170e-01
4.583751400924909736e-01
4.583860226354675715e-01
4.583968611288053441e-01
4.584076562744819894e-01
4.584173374063416073e-01
4.584280542928138580e-01
4.584387333171060508e-01
4.584483161338003820e-01
4.584589323671554584e-01
4.584695216117321559e-01
4.584800889183560102e-01
4.584895869523309964e-01
4.585001289002153535e-01
4.585106673371300845e-01
4.585201567092845876e-01
4.585307099616061643e-01
4.585412834364317458e-01
4.585518864164055963e-01
4.585614639000476500e-01
4.585721502769768421e-01
4.585828957732502875e-01
4.585926278709169246e-01
4.586035163743915066e-01
4.586144969791394188e-01
4.586250256032864403e-01
4.586356589004719764e-01
4.586469762210735879e-01
4.586578591995833509e-01
4.586688816140706559e-01
4.586806475733483657e-01
4.586919955481593703e-01
4.587041339182306721e-01
4.587158658089337537e-01
4.587284425317484371e-01
4.587406262940512680e-01
4.587530589788957891e-01
4.587664381383025347e-01
4.587794530907298163e-01
4.587935036505442210e-01
4.588072198258662526e-01
4.588220849922857170e-01
4.588362686948007085e-01
4.588517166380628454e-01
4.588677290161031763e-01
4.588843586961607879e-01
4.589016472816205838e-01
4.589196045022161385e-01
4.589381710275537429e-01
4.589571601015076663e-01
4.589757035583400535e-01
4.589941718529615411e-01
4.590113087202917774e-01
4.590264684735309020e-01
4.590394701227578644e-01
4.590507113755452617e-01
4.590609346062988760e-01
4.590706233402236935e-01
4.590808129553828887e-01
4.590915583303242786e-01
4.591029983120067937e-01
4.591151691258699152e-01
4.591280546986440392e-01
4.591416168446999513e-01
4.591554402374198873e-01
4.591702099893326672e-01
4.591855329932933993e-01
4.592017900742025316e-01
4.592177179968222611e-01
4.592349709262170121e-01
4.592518102815330017e-01
4.592699956099423053e-01
4.592877028119061178e-01
4.593058255222051689e-01
4.593253489654496313e-01
4.593443236785252903e-01
4.593647493713473584e-01
4.593845908326545380e-01
4.594059435005105052e-01
4.594266834619272211e-01
4.594478773719475329e-01
4.594706906709762340e-01
4.594928589333609481e-01
4.595167325000210634e-01
4.595411801134862695e-01
4.595662249453488224e-01
4.595892980681365314e-01
4.596155479203468119e-01
4.596424718673250420e-01
4.596673051182705305e-01
4.596955895827155025e-01
4.597231620165029287e-01
4.597529488510648799e-01
4.597819937324993389e-01
4.598117813899991746e-01
4.598439466599807401e-01
4.598752710424080514e-01
4.599090295527252237e-01
4.599418072602682317e-01
4.599769797603061039e-01
4.600109283495687484e-01
4.600452566867739290e-01
4.600815990738690853e-01
4.601160801784867638e-01
4.601520150254661545e-01
4.601854785124346314e-01
4.602196107253689883e-01
4.602506498633154308e-01
4.602815313027460165e-01
4.603089397809271843e-01
4.603343539254187156e-01
4.603589668827123838e-01
4.603804675803096491e-01
4.604014029402032637e-01
4.604200340654349133e-01
4.604387508864464795e-01
4.604560978417124861e-01
4.604734094317387005e-01
4.604919751756104684e-01
4.605102582735185468e-01
4.605304720138168606e-01
4.605508241444815076e-01
4.605736597012513034e-01
4.605968587743485276e-01
4.606216622427622420e-01
4.606496402557446190e-01
4.606781214582155726e-01
4.607102379281594606e-01
4.607429141865723166e-01
4.607797472455307797e-01
4.608172234805797407e-01
4.608573086300298827e-01
4.609025588731199830e-01
4.609487157638512134e-01
4.610009722572365742e-01
4.610544774834778869e-01
4.611153399069660708e-01
4.611780113110864332e-01
4.612460400741053568e-01
4.613242649752956615e-01
4.614058276558357652e-01
4.615005861025079370e-01
4.616005501542342349e-01
4.617151274446528730e-01
4.618442904599946441e-01
4.619872069923964264e-01
4.621554849475728588e-01
4.623511676240056323e-01
4.625818093045295787e-01
4.628577872528611969e-01
4.631933204255695435e-01
4.636013204242035446e-01
4.641140744592133771e-01
4.647329688088499555e-01
4.654461543872980833e-01
4.660940562038452528e-01
4.663679415746744272e-01
4.660901333399566360e-01
4.654586321143868166e-01
4.647769277672325616e-01
4.641938926594982862e-01
4.637178922312022444e-01
4.633413459619977193e-01
4.630424191477484630e-01
4.628025762510534769e-01
4.626077647731884901e-01
4.624476544308476766e-01
4.623146700166217982e-01
4.622058351101419049e-01
4.621112982797533353e-01
4.620309682637394055e-01
4.619607466577340671e-01
4.619035694951656446e-01
4.618518382235770603e-01
4.618095472079224995e-01
4.617729995906414420e-01
4.617399071174032033e-01
4.617129316002702710e-01
4.616886529513610782e-01
4.616690466896177791e-01
4.616516361170812655e-01
4.616378367244420300e-01
4.616264331185637171e-01
4.616167615735794483e-01
4.616095801439081825e-01
4.616039345114670844e-01
4.616000760207328857e-01
4.615978468171449411e-01
4.615971197575235441e-01
4.615976159212688557e-01
4.615993796729881971e-01
4.616019703760506077e-01
4.616058784168876050e-01
4.616107943269248670e-01
4.616166455159083637e-01
4.616226584371136421e-01
4.616301108957560628e-01
4.616383245421420423e-01
4.616463279643684969e-01
4.616558542711675095e-01
4.616660088652819738e-01
4.616767532257933793e-01
4.616868996535083425e-01
4.616986693889213456e-01
4.617109337811822201e-01
4.617223730876144905e-01
4.617355020896888873e-01
4.617490503963128656e-01
4.617629957213746916e-01
4.617758704376623835e-01
4.617905144725599209e-01
4.618054997238654757e-01
4.618192660349605405e-01
4.618348549380432155e-01
4.618507402499483772e-01
4.618669086644533461e-01
4.618816936472686652e-01
4.618983667278474536e-01
4.619152895825107130e-01
4.619307270824605238e-01
4.619480978411575900e-01
4.619656916149986747e-01
4.619835004364664099e-01
4.619997076745337994e-01
4.620179050775126695e-01
4.620362973672884621e-01
4.620530135763966650e-01
4.620717596355605195e-01
4.620906838319794874e-01
4.621097809723707650e-01
4.621271137289431619e-01
4.621465259288455862e-01
4.621660971336410406e-01
4.621858227858872681e-01
4.622037057796816173e-01
4.622237124903578742e-01
4.622438605840925030e-01
4.622621125215538029e-01
4.622825164395253372e-01
4.623030479509279700e-01
4.623237018749457028e-01
4.623423921025263117e-01
4.623632630940554544e-01
4.623842393186398114e-01
4.624032037456242694e-01
4.624243602157588895e-01
4.624455998084990860e-01
4.624669132960561591e-01
4.624861517726735483e-01
4.625075766086615414e-01
4.625290426234540675e-01
4.625483876128538840e-01
4.625698933808091162e-01
4.625903233837145856e-01
4.626118101680490868e-01
4.626321905827568970e-01
4.626525228089962694e-01
4.626738544547366327e-01
4.626940371255716666e-01
4.627151762316251138e-01
4.627351442047228369e-01
4.627560265573357201e-01
4.627757248422910141e-01
4.627952767043273519e-01
4.628156912156211056e-01
4.628349240886916460e-01
4.628549961783348099e-01
4.628739023674498521e-01
4.628936338452023791e-01
4.629122232599142128e-01
4.629316315332415166e-01
4.629499256385684047e-01
4.629680853322785117e-01
4.629870617557065859e-01
4.630059034918952432e-01
4.630246172537558769e-01
4.630413568697183679e-01
4.630598437303148907e-01
4.630782184263567136e-01
4.630946647745542433e-01
4.631128372628968148e-01
4.631309080127331557e-01
4.631488796663309482e-01
4.631649729295934104e-01
4.631827624316068870e-01
4.632004588768041664e-01
4.632163091694332380e-01
4.632338336276771718e-01
4.632512700315269960e-01
4.632686200885463568e-01
4.632841643573115120e-01
4.633013552362191811e-01
4.633184650240265157e-01
4.633337977005707597e-01
4.633507588278122369e-01
4.633676446872649346e-01
4.633844574036632968e-01
4.633995297038651651e-01
4.634162094594085346e-01
4.634328224527243800e-01
4.634477205111093845e-01
4.634642128172403730e-01
4.634806448381290633e-01
4.634970187775735440e-01
4.635117090667650319e-01
4.635279786308990069e-01
4.635441963391263576e-01
4.635603642619494091e-01
4.635748761039403254e-01
4.635909549889199455e-01
4.636069898575743142e-01
4.636213867929167010e-01
4.636373432833864050e-01
4.636532612350293125e-01
4.636691424946265405e-01
4.636834073796324840e-01
4.636992239937066107e-01
4.637150092619152231e-01
4.637291923571958963e-01
4.637449232627814943e-01
4.637621959267598792e-01
4.637778749635349529e-01
4.637904058138318519e-01
4.638060476836357582e-01
4.638216720024208040e-01
4.638372811109205962e-01
4.638528774576361480e-01
4.638684636181284460e-01
4.638840422969703892e-01
4.638965049790167439e-01
4.639120774659832858e-01
4.639276508239531527e-01
4.639432283383857492e-01
4.639588134623007787e-01
4.639744098278495432e-01
4.639900212449047934e-01
4.640025271194418433e-01
4.640181758416824787e-01
4.640338513069846571e-01
4.640479874641684765e-01
4.640637264614938529e-01
4.640795059887909413e-01
4.640953312202487080e-01
4.641096190764401608e-01
4.641255462157613532e-01
4.641415353648509767e-01
4.641559852658231344e-01
4.641721092427781858e-01
4.641883136267455079e-01
4.642046052888717522e-01
4.642193499350689700e-01
4.642358274059523171e-01
4.642524137713244792e-01
4.642674428973218581e-01
4.642842587282260958e-01
4.643012078887077121e-01
4.643182995435138349e-01
4.643338133935286383e-01
4.643512025550670663e-01
4.643687632510277719e-01
4.643847252086086286e-01
4.644026424757472515e-01
4.644207646176198301e-01
4.644391043178998646e-01
4.644558087276134395e-01
4.644745993018027930e-01
4.644936484457092285e-01
4.645110284633641728e-01
4.645306134552241173e-01
4.645505060139481501e-01
4.645707254101689720e-01
4.645892210429722335e-01
4.646101199285113670e-01
4.646314105115266213e-01
4.646509300920492747e-01
4.646730387161215337e-01
4.646956212963916921e-01
4.647187113558032268e-01
4.647399581584171213e-01
4.647641162975763574e-01
4.647888981423180521e-01
4.648117761611882393e-01
4.648378788217055191e-01
4.648647575395434273e-01
4.648924755916355456e-01
4.649181987633335122e-01
4.649477105264230303e-01
4.649782862859098143e-01
4.650100211509770043e-01
4.650396629042587993e-01
4.650739041277049401e-01
4.651096511351218710e-01
4.651432368564493713e-01
4.651822778106829981e-01
4.652212204061494383e-01
4.652643747038759936e-01
4.653076552784641273e-01
4.653534173714836131e-01
4.654045908349551119e-01
4.654564181829558001e-01
4.655148050518703173e-01
4.655744148428220819e-01
4.656421609082252444e-01
4.657119904687119782e-01
4.657879998687329270e-01
4.658758107860501707e-01
4.659679634771710655e-01
4.660759233318315098e-01
4.661909806873131834e-01
4.663244418556662385e-01
4.664770029458306100e-01
4.666484280663976136e-01
4.668536596716393317e-01
4.670964251068158712e-01
4.673869532491384260e-01
4.677378069688701845e-01
4.681562398433685712e-01
4.686599516844622282e-01
4.692171239754846512e-01
4.697569771280715734e-01
4.700928315508166588e-01
4.700532181119632669e-01
4.696752534360196796e-01
4.691403761138692174e-01
4.686108133339974557e-01
4.681569604323508882e-01
4.677767586724330129e-01
4.674669413033523679e-01
4.672141010323098698e-01
4.670062097816335966e-01
4.668336572839588139e-01
4.666890552176314322e-01
4.665667796272056633e-01
4.664625397818332186e-01
4.663751703407159610e-01
4.662957081945664495e-01
4.662301521908901458e-01
4.661699433211237698e-01
4.661198634275536268e-01
4.660735626618602301e-01
4.660348506093475174e-01
4.660006136164701052e-01
4.659688128816579233e-01
4.659421548489718345e-01
4.659174019601609595e-01
4.658966901713965658e-01
4.658775252899151065e-01
4.658607910163233279e-01
4.658476098633938522e-01
4.658348557664543366e-01
4.658239172397404260e-01
4.658146332069942330e-01
4.658075766511495797e-01
4.658010607027107119e-01
4.657958336793357468e-01
4.657921510910654206e-01
4.657891096094970984e-01
4.657870990217195528e-01
4.657860481633740446e-01
4.657858716670163490e-01
4.657864735085175956e-01
4.657878666381153332e-01
4.657897593193459085e-01
4.657925287066421172e-01
4.657959633790976772e-01
4.658000273003489178e-01
4.658041972337697567e-01
4.658093683649104921e-01
4.658147835027731665e-01
4.658209863187132704e-01
4.658273369955831522e-01
4.658341140076297515e-01
4.658416882744502718e-01
4.658492871074954023e-01
4.658576917334273371e-01
4.658660485497065906e-01
4.658752205292051030e-01
4.658842788634421916e-01
4.658936600827138230e-01
4.659038699847080633e-01
4.659138770997589551e-01
4.659247201886956846e-01
4.659353046377768259e-01
4.659467301553239515e-01
4.659578442711983515e-01
4.659692000945531154e-01
4.659814033993517346e-01
4.659932271092494527e-01
4.660059071552372090e-01
4.660181728549229185e-01
4.660313111336395475e-01
4.660440092277519653e-01
4.660569182539488486e-01
4.660707350091773948e-01
4.660840809064055734e-01
4.660983604241045741e-01
4.661121482634835167e-01
4.661268947009264418e-01
4.661411270327772138e-01
4.661555760528137138e-01
4.661710185635244974e-01
4.661859116603194741e-01
4.662018209040326155e-01
4.662171566772542741e-01
4.662335312033083490e-01
4.662493084720951142e-01
4.662653006106540765e-01
4.662823656985530252e-01
4.662987990083842238e-01
4.663163288761490444e-01
4.663332043401123839e-01
4.663512005309619624e-01
4.663685200783539431e-01
4.663869850806778850e-01
4.664047514759964708e-01
4.664227367785979683e-01
4.664419052678550615e-01
4.664603427377375655e-01
4.664809772968470103e-01
4.664988831022319760e-01
4.665190123000476086e-01
4.665393908031368331e-01
4.665579472962514407e-01
4.665788028874420790e-01
4.665999113585683755e-01
4.666212739111817998e-01
4.666407200803115440e-01
4.666625685852072714e-01
4.666846744625886556e-01
4.667047923361782868e-01
4.667273900641579765e-01
4.667502480542382037e-01
4.667733671885412328e-01
4.667944000277745031e-01
4.668180175237595098e-01
4.668418983258370569e-01
4.668636183201840817e-01
4.668880009200268022e-01
4.669126482168055037e-01
4.669375604383494416e-01
4.669602096593423735e-01
4.669856251880835640e-01
4.670113051126170145e-01
4.670346441237197554e-01
4.670608238373360477e-01
4.670872642658579488e-01
4.671139628833355095e-01
4.671382112167521417e-01
4.671653898783011960e-01
4.671928132190862337e-01
4.672204736038734207e-01
4.672455643837878370e-01
4.672722385588296556e-01
4.673005140174796290e-01
4.673275502948547877e-01
4.673561739167012563e-01
4.673835063060184924e-01
4.674124029993156904e-01
4.674399580259037124e-01
4.674675970553365811e-01
4.674967671756923848e-01
4.675245448329661824e-01
4.675538493996694300e-01
4.675817553778151003e-01
4.676112080258365000e-01
4.676392774234556793e-01
4.676674497369963657e-01
4.676972351702970432e-01
4.677256764751934748e-01
4.677557860559522496e-01
4.677845721280063929e-01
4.678150795679668628e-01
4.678442724080780768e-01
4.678752332770693689e-01
4.679064417393001274e-01
4.679347484957158132e-01
4.679664446373710263e-01
4.679984025786307344e-01
4.680306234964591861e-01
4.680598485655333985e-01
4.680925669529515387e-01
4.681255435204906834e-01
4.681554415461569030e-01
4.681888966979954048e-01
4.682225955702442599e-01
4.682565313790451045e-01
4.682872716384750555e-01
4.683216362368095020e-01
4.683562140574426547e-01
4.683875104550654922e-01
4.684224676629791251e-01
4.684576104968036780e-01
4.684929291682071173e-01
4.685248600354298132e-01
4.685604865667480912e-01
4.685962621864193656e-01
4.686285827893411637e-01
4.686646205426089340e-01
4.687007872476780523e-01
4.687370784977687443e-01
4.687698464836946854e-01
4.688063682843401359e-01
4.688430117991285173e-01
4.688760990914216942e-01
4.689129837064284212e-01
4.689500044869200357e-01
4.689871706476549384e-01
4.690207555135925133e-01
4.690582308063795391e-01
4.690958898192875148e-01
4.691299555661136989e-01
4.691680112637616751e-01
4.692063035930154613e-01
4.692448533670140476e-01
4.692797879843059738e-01
4.693188876567175316e-01
4.693583100930153740e-01
4.693940875065758522e-01
4.694341887213951403e-01
4.694746822558965582e-01
4.695155925380745665e-01
4.695527901018701766e-01
4.695945599169270013e-01
4.696368179203692095e-01
4.696752897398995263e-01
4.697185438180526140e-01
4.697623585533812207e-01
4.698067594170131644e-01
4.698472444186560515e-01
4.698928306587258907e-01
4.699390796590042774e-01
4.699860192482618881e-01
4.700288808364266324e-01
4.700772129275990197e-01
4.701263226296841791e-01
4.701712150481734964e-01
4.702218942524863388e-01
4.702734516656913444e-01
4.703259262687309317e-01
4.703739737130592791e-01
4.704283083462515447e-01
4.704836898226187891e-01
4.705344725605222211e-01
4.705919890624093993e-01
4.706507148060457002e-01
4.707107157518396479e-01
4.707658681512216226e-01
4.708284967445224845e-01
4.708926303022793469e-01
4.709517178520041814e-01
4.710189831379574255e-01
4.710880612153443558e-01
4.711590830197619484e-01
4.712247874576773743e-01
4.712999231831270230e-01
4.713774841370847457e-01
4.714495387944117044e-01
4.715323167989080577e-01
4.716182246446774529e-01
4.717030275786060489e-01
4.717912617760894323e-01
4.718832983382327817e-01
4.719847655804300102e-01
4.720860585490831429e-01
4.721985302553121100e-01
4.723117164228334830e-01
4.724385500372298985e-01
4.725675241135467997e-01
4.727061845040148036e-01
4.728645450957350005e-01
4.730291178630893767e-01
4.732154362567015382e-01
4.734234835715957490e-01
4.736587367610528565e-01
4.739285666030730315e-01
4.742429487935598265e-01
4.746048683216302355e-01
4.750501627505149260e-01
4.755891143790043074e-01
4.762320079379129267e-01
4.769362246557623530e-01
4.775740740233650472e-01
4.778620300012988986e-01
4.776566778320393558e-01
4.771383809872293269e-01
4.765729423598515369e-01
4.760883668163277682e-01
4.757125870186268424e-01
4.754199814417854886e-01
4.752042348158371787e-01
4.750445167644859468e-01
4.749306168451127297e-01
4.748472605147039394e-01
4.747909359780810856e-01
4.747564327026804198e-01
4.747398381312154525e-01
4.747383055864224932e-01
4.747491404927647873e-01
4.747702540468914933e-01
4.748021246522108330e-01
4.748404454129536156e-01
4.748882623419826698e-01
4.749400272780244792e-01
4.750004885875955818e-01
4.750630381255426804e-01
4.751300832828234122e-01
4.752050459072068023e-01
4.752800281317723918e-01
4.753625221231006504e-01
4.754439301896991599e-01
4.755324596348552979e-01
4.756189284846836229e-01
4.757120790882541361e-01
4.758022526373731353e-01
4.758937076773885333e-01
4.759909495353549791e-01
4.760838369707061646e-01
4.761816627666749513e-01
4.762741628596358079e-01
4.763705223409359646e-01
4.764605679128055549e-01
4.765486114484518976e-01
4.766385273752535290e-01
4.767207593770378948e-01
4.768033700149131859e-01
4.768775763037212401e-01
4.769506741780920600e-01
4.770149368753430208e-01
4.770738167709585587e-01
4.771297142607112685e-01
4.771768917250719388e-01
4.772202721583148066e-01
4.772555944134592720e-01
4.772867717813840671e-01
4.773109711214177375e-01
4.773302454198764533e-01
4.773456669688302956e-01
4.773561747403953226e-01
4.773634188647489784e-01
4.773672013801808500e-01
4.773684808496605481e-01
4.773676452231316869e-01
4.773652911734895810e-01
4.773616621554789274e-01
4.773575561459510452e-01
4.773529641717790262e-01
4.773487068599772121e-01
4.773446791535312372e-01
4.773415719283484182e-01
4.773393265916130446e-01
4.773383912201659696e-01
4.773388111489995089e-01
4.773408946073373071e-01
4.773445825615565963e-01
4.773503980585317441e-01
4.773578715866723665e-01
4.773678891300404681e-01
4.773795315010082585e-01
4.773933111345704527e-01
4.774101853064503520e-01
4.774285179378743860e-01
4.774502819894384520e-01
4.774733392352409345e-01
4.775001489145260236e-01
4.775280605611598173e-01
4.775583770545546169e-01
4.775929131370906244e-01
4.776282425410920962e-01
4.776681103150116070e-01
4.777085593565505439e-01
4.777538777749937293e-01
4.777995687600384844e-01
4.778478656168836380e-01
4.779015622218828474e-01
4.779553374002548094e-01
4.780149063247282060e-01
4.780743740487353177e-01
4.781400718162740482e-01
4.782055103177790256e-01
4.782739839990675645e-01
4.783494497165845516e-01
4.784244843700912186e-01
4.785071369387130513e-01
4.785893118329934137e-01
4.786798697327596108e-01
4.787699925474632190e-01
4.788643751700273898e-01
4.789686774093486199e-01
4.790728670742492312e-01
4.791884137046670822e-01
4.793043223947462406e-01
4.794301717132842811e-01
4.795637909986611436e-01
4.797060996869008664e-01
4.798541077427525003e-01
4.800167039309788941e-01
4.801912419033090851e-01
4.803786313026189303e-01
4.805791584241268510e-01
4.807917289620869949e-01
4.810126461891175986e-01
4.812284469029362577e-01
4.814376460184563444e-01
4.816173193813765852e-01
4.817514240920580670e-01
4.818322749256809812e-01
4.818683337738530192e-01
4.818730962418900643e-01
4.818646985897404034e-01
4.818555534208656677e-01
4.818535868266341504e-01
4.818622919373083957e-01
4.818824279554220769e-01
4.819132659623825421e-01
4.819533700832108192e-01
4.820010338387893944e-01
4.820530802007640947e-01
4.821121271761110161e-01
4.821707953145187853e-01
4.822338676253479228e-01
4.822939464299718093e-01
4.823564265350543390e-01
4.824144326861538601e-01
4.824707360068455908e-01
4.825279768830635363e-01
4.825804485307003677e-01
4.826338565861891250e-01
4.826831486246291880e-01
4.827338935948339849e-01
4.827814068619727395e-01
4.828311002113334083e-01
4.828783633400712816e-01
4.829259829370238788e-01
4.829767635858436270e-01
4.830258277543408307e-01
4.830784875060500361e-01
4.831295625701479413e-01
4.831844623924863580e-01
4.832376865008520261e-01
4.832919013207728209e-01
4.833499486573111237e-01
4.834088751198827860e-01
4.834685243674397004e-01
4.835226800583309892e-01
4.835831894026014766e-01
4.836438471060607314e-01
4.836983801167786257e-01
4.837586860581330472e-01
4.838184609083880372e-01
4.838774648736688389e-01
4.839297173480153202e-01
4.839866194615823347e-01
4.840421045671245426e-01
4.840906743642778287e-01
4.841429640122272837e-01
4.841933533050148952e-01
4.842417254583158970e-01
4.842834617050489898e-01
4.843277687212262927e-01
4.843698549696694444e-01
4.844058084452184665e-01
4.844435963235980136e-01
4.844791037911487797e-01
4.845123303837569062e-01
4.845402915305069280e-01
4.845692077881194049e-01
4.845958790074100242e-01
4.846179852226517037e-01
4.846404618102371220e-01
4.846607803751620258e-01
4.846789846656152645e-01
4.846936055247997310e-01
4.847079426479109499e-01
4.847203400741740276e-01
4.847308759585276516e-01
4.847388411009062592e-01
4.847460902244678516e-01
4.847517596850361432e-01
4.847556095943184595e-01
4.847586061854453066e-01
4.847603869406221233e-01
4.847610956518705327e-01
4.847609451072628084e-01
4.847600453206854509e-01
4.847585408714998878e-01
4.847568188095037200e-01
4.847546625121388897e-01
4.847524404516332375e-01
4.847503547551411107e-01
4.847487702477402682e-01
4.847475313510064554e-01
4.847470645055081961e-01
4.847475027841629536e-01
4.847491665057845345e-01
4.847523218598643324e-01
4.847572405616125124e-01
4.847634133636770648e-01
4.847724844008890477e-01
4.847841959009313029e-01
4.847972770538863663e-01
4.848149644249055701e-01
4.848363517292383351e-01
4.848618632158301356e-01
4.848887337664424813e-01
4.849233951185101255e-01
4.849636575392968219e-01
4.850051968980590433e-01
4.850578762201759320e-01
4.851181815642352513e-01
4.851833437242037972e-01
4.852570601759156332e-01
4.853450001056499596e-01
4.854395888600461229e-01
4.855463281707072531e-01
4.856735882954446026e-01
4.858106605887885232e-01
4.859745800018173134e-01
4.861519346266728880e-01
4.863653383884439796e-01
4.865980771346591904e-01
4.868657686216251723e-01
4.871844618334654209e-01
4.875578956183552193e-01
4.879998753779139498e-01
4.885293156129980052e-01
4.891726415263092376e-01
4.899446333391477837e-01
4.909374349475025268e-01
4.922031481166714850e-01
4.938194279384762186e-01
4.957978695743323616e-01
4.981448300627293602e-01
5.009713784915441614e-01
5.058235792619411031e-01
5.189762446248308292e-01
5.428014208112061922e-01
5.119175462884142380e-01
5.014249044271305022e-01
4.966370068203312949e-01
4.938301706088003007e-01
4.919482712493796761e-01
4.905956760188574517e-01
4.895435657678279262e-01
4.887059631168532148e-01
4.880199257127359469e-01
4.874455611836975844e-01
4.869562334651303948e-01
4.865334087405676078e-01
4.861726537233979628e-01
4.858373995664176936e-01
4.855539354013692077e-01
4.852864340797322096e-01
4.850572569559960523e-01
4.848385274663774003e-01
4.846492910653249497e-01
4.844671479450839979e-01
4.843084030201612600e-01
4.841620245909854514e-01
4.840198860317558305e-01
4.838950619173550405e-01
4.837733672032888954e-01
4.836607041687316366e-01
4.835562682317391947e-01
4.834687347889378706e-01
4.833780869072365483e-01
4.832938842482953357e-01
4.832232245296145257e-01
4.831500176338043850e-01
4.830820392044738454e-01
4.830189608662299183e-01
4.829661405139049069e-01
4.829115957855969476e-01
4.828611911629338560e-01
4.828191965077946457e-01
4.827761035241470156e-01
4.827366080486936717e-01
4.827005624186812005e-01
4.826709653418927992e-01
4.826411296737039835e-01
4.826156756839370954e-01
4.825929623953349457e-01
4.825719471184510834e-01
4.825546834812908248e-01
4.825393122683644398e-01
4.825273492288110755e-01
4.825179474229069343e-01
4.825108215741494844e-01
4.825067065080456130e-01
4.825052059121513470e-01
4.825065266772070038e-01
4.825108851122347775e-01
4.825179439176352503e-01
4.825285733935491539e-01
4.825418620496043642e-01
4.825584351906119784e-01
4.825796587889776279e-01
4.826050493502451189e-01
4.826333555752876370e-01
4.826661134572799994e-01
4.827058937088197221e-01
4.827492853975248188e-01
4.827988043325244782e-01
4.828584417010951535e-01
4.829232884454656149e-01
4.830015825527735340e-01
4.830871724044684123e-01
4.831913698488328746e-01
4.833032972765638480e-01
4.834411222278933162e-01
4.836043235511315319e-01
4.837998014098900401e-01
4.840370545836760185e-01
4.843292279174270520e-01
4.846890325492225760e-01
4.851484724785353198e-01
4.857179595897144764e-01
4.864106979807285014e-01
4.871217844724400337e-01
4.875614716025852280e-01
4.874410527022039474e-01
4.868544365462048606e-01
4.861495053158892965e-01
4.855328835138755239e-01
4.850309006801723499e-01
4.846378693759578749e-01
4.843295675752534168e-01
4.840851601140892524e-01
4.838889873607510328e-01
4.837296849195819037e-01
4.836020725659401776e-01
4.834935262934554334e-01
4.834032530163042130e-01
4.833278732537465427e-01
4.832648045642269907e-01
4.832108120251566441e-01
4.831680196377964864e-01
4.831306285637987918e-01
4.831014087980858851e-01
4.830775560794327017e-01
4.830575599215680138e-01
4.830428816822175953e-01
4.830314905894944610e-01
4.830238484725993819e-01
4.830195979115917693e-01
4.830184229642404681e-01
4.830198184511856341e-01
4.830238433759865835e-01
4.830295560545083133e-01
4.830380670118347153e-01
4.830487174550588958e-01
4.830613811308294703e-01
4.830744113782714511e-01
4.830897607011883088e-01
4.831076113923021831e-01
4.831261165270774316e-01
4.831471628122788742e-01
4.831686012022464172e-01
4.831926441423987639e-01
4.832168574780865700e-01
4.832423820449260332e-01
4.832706447996144017e-01
4.832988078670039656e-01
4.833298244778827524e-01
4.833605920812404366e-01
4.833943488980483316e-01
4.834277277634445591e-01
4.834623917483511502e-01
4.835002813792741438e-01
4.835376253452312034e-01
4.835783693361949132e-01
4.836184558740922457e-01
4.836610050128847815e-01
4.837049869781986922e-01
4.837504023376802964e-01
4.837960300490267707e-01
4.838442718793121711e-01
4.838939640992721003e-01
4.839451576681549905e-01
4.839979517434542799e-01
4.840525025733556919e-01
4.841090232801270044e-01
4.841662403836942130e-01
4.842274608037417383e-01
4.842915477745350361e-01
4.843588773675997494e-01
4.844317438163113776e-01
4.845050137055862405e-01
4.845869819494981745e-01
4.846701038521466498e-01
4.847591060014885267e-01
4.848601561565891171e-01
4.849643430220131335e-01
4.850842366538950512e-01
4.852097607491046016e-01
4.853528839979916465e-01
4.855138077720733136e-01
4.856919632096490247e-01
4.859025954369540767e-01
4.861495263103163267e-01
4.864441434693669852e-01
4.868022529628676653e-01
4.872388254859392753e-01
4.877903395472088510e-01
4.884596056255186558e-01
4.892269152874759719e-01
4.898839574060854241e-01
4.900769632974652512e-01
4.896821775165446367e-01
4.890068193837197041e-01
4.883528346732477488e-01
4.878204711708551411e-01
4.874138594086757093e-01
4.870982370863599087e-01
4.868558203697416764e-01
4.866682557290165634e-01
4.865222152068499617e-01
4.864081235682159998e-01
4.863190536290072918e-01
4.862514829487119550e-01
4.861981378947774490e-01
4.861572803311044466e-01
4.861293075345841652e-01
4.861094899940043290e-01
4.860984940702776647e-01
4.860940263654634497e-01
4.860956726569394259e-01
4.861023583946613158e-01
4.861142012476332708e-01
4.861294953488864978e-01
4.861493525254974024e-01
4.861713699282822487e-01
4.861974466490684432e-01
4.862246119562789182e-01
4.862537722175033772e-01
4.862862867119463472e-01
4.863186221414492749e-01
4.863539209102998306e-01
4.863884598814383065e-01
4.864257105395342617e-01
4.864618370543777326e-01
4.864986014732466391e-01
4.865379286380753787e-01
4.865758532587103891e-01
4.866163513105957183e-01
4.866553847691724166e-01
4.866970941344688772e-01
4.867373631354318664e-01
4.867783261764151992e-01
4.868222749051053233e-01
4.868648932918817618e-01
4.869107365094635376e-01
4.869552709289901027e-01
4.870032072174867444e-01
4.870497476932769687e-01
4.870997465781414792e-01
4.871481312637381267e-01
4.871972702689338353e-01
4.872496564274740316e-01
4.872998772805943735e-01
4.873530016435447254e-01
4.874035032742359275e-01
4.874564631322834685e-01
4.875063861014474753e-01
4.875557664725264084e-01
4.876070393700828176e-01
4.876550356587484591e-01
4.877048458393916097e-01
4.877516187749030840e-01
4.878005123466280235e-01
4.878469545323715906e-01
4.878937847365646951e-01
4.879440188511429133e-01
4.879932158660781338e-01
4.880472647780904616e-01
4.881015173912591210e-01
4.881625958853614278e-01
4.882253656366665195e-01
4.882938464081466590e-01
4.883734804398885965e-01
4.884578753343100099e-01
4.885579737027088698e-01
4.886661855575412106e-01
4.887937056463189101e-01
4.889420884616378360e-01
4.891121266931109934e-01
4.893203409470882614e-01
4.895733717602966384e-01
4.898863508506877129e-01
4.902746827183064871e-01
4.907755581411767931e-01
4.914113723695084368e-01
4.921728458371764647e-01
4.929010450780863528e-01
4.932362560654693362e-01
4.929096853834512570e-01
4.921975268455923147e-01
4.914655778868257108e-01
4.908611108386154442e-01
4.903907440814100904e-01
4.900312900555963691e-01
4.897464317693048241e-01
4.895205720576203401e-01
4.893387337420535554e-01
4.891902851313915668e-01
4.890676123930998154e-01
4.889651778645385805e-01
4.888788834027177344e-01
4.888073795592633441e-01
4.887430968612797022e-01
4.886906885708167114e-01
4.886431375438320401e-01
4.886040865790066690e-01
4.885684618602899043e-01
4.885390990161628255e-01
4.885135178688318480e-01
4.884901558199800653e-01
4.884709421357105175e-01
4.884534881353315705e-01
4.884385673495398317e-01
4.884259180043424853e-01
4.884162980929480646e-01
4.884073999241969610e-01
4.884002463788912340e-01
4.883952024775687351e-01
4.883910546761545124e-01
4.883883712518587994e-01
4.883870983780138619e-01
4.883871317095735964e-01
4.883884574743500018e-01
4.883911412373931338e-01
4.883947322600743490e-01
4.884000527811439563e-01
4.884064500945145548e-01
4.884146574627645787e-01
4.884239298853474409e-01
4.884353373419955124e-01
4.884478478710894689e-01
4.884621087954146845e-01
4.884791602017174994e-01
4.884974604824426359e-01
4.885191275499898844e-01
4.885421969285024257e-01
4.885693275824020132e-01
4.885980388846382638e-01
4.886298394994566530e-01
4.886668849783090685e-01
4.887056585661299635e-01
4.887503523472402911e-01
4.887964594315907241e-01
4.888471918072322953e-01
4.888993290533374947e-01
4.889544762836097735e-01
4.890095127490317606e-01
4.890620261366323551e-01
4.891091937044289017e-01
4.891483008567080737e-01
4.891774763233312506e-01
4.891963520880631688e-01
4.892061288945678266e-01
4.892100089594523804e-01
4.892110835079306885e-01
4.892128447536100433e-01
4.892183958826912815e-01
4.892303222224505532e-01
4.892507730746732397e-01
4.892807112616170406e-01
4.893248167304307117e-01
4.893806785066051046e-01
4.894546294655223173e-01
4.895486208710187470e-01
4.896669662936164458e-01
4.898155643779851243e-01
4.900026101732620765e-01
4.902327790281159059e-01
4.905338653197464094e-01
4.909221534943227772e-01
4.914163136604609572e-01
4.920462011868294572e-01
4.927642111660067159e-01
4.933552434004051523e-01
4.934575257879520449e-01
4.929744063156141221e-01
4.922394017864220594e-01
4.915428219218553330e-01
4.909787897838789328e-01
4.905274390256118555e-01
4.901713737370755331e-01
4.898901153423599331e-01
4.896584658906456000e-01
4.894674037808953715e-01
4.893075429246124264e-01
4.891720934889920436e-01
4.890560713792098668e-01
4.889533647494321844e-01
4.888683305786804545e-01
4.887934649952059285e-01
4.887239146319449223e-01
4.886653302572366853e-01
4.886104201686343740e-01
4.885638267523708667e-01
4.885198978467054642e-01
4.884824549415729411e-01
4.884470468136909993e-01
4.884153173677124871e-01
4.883896072099574437e-01
4.883639209154060912e-01
4.883410255286190771e-01
4.883207100706960513e-01
4.883044870296857076e-01
4.882886082924297044e-01
4.882748668869701381e-01
4.882642368236820296e-01
4.882542631838258096e-01
4.882461457782042435e-01
4.882398130606139808e-01
4.882355908317355664e-01
4.882324887681320225e-01
4.882310198735672624e-01
4.882310664869977113e-01
4.882326084033434266e-01
4.882357000369909605e-01
4.882403260110165233e-01
4.882457955430133389e-01
4.882533167645217165e-01
4.882623626048569476e-01
4.882718159572049799e-01
4.882837859336702779e-01
4.882973204501103726e-01
4.883124449916335097e-01
4.883274446507600008e-01
4.883456835747390090e-01
4.883656239318754366e-01
4.883850704615427252e-01
4.884083965501395674e-01
4.884336022775954689e-01
4.884607686402962501e-01
4.884869734106310757e-01
4.885181335930461333e-01
4.885515658006179263e-01
4.885837154531358917e-01
4.886218718511325387e-01
4.886606624486266037e-01
4.887043778942674055e-01
4.887488773922969987e-01
4.887991315993489017e-01
4.888504360340582000e-01
4.889055809733820479e-01
4.889682562468093407e-01
4.890327469012137884e-01
4.891065596869201282e-01
4.891831442407607033e-01
4.892716658605167357e-01
4.893645744602226899e-01
4.894734228424356681e-01
4.895894684014179821e-01
4.897205504770416606e-01
4.898744401516058056e-01
4.900530585930915617e-01
4.902634700752726005e-01
4.905154795623460906e-01
4.908227611796024958e-01
4.911931962584353273e-01
4.916696654710695502e-01
4.922664207569794059e-01
4.929765168511896500e-01
4.936714052341322767e-01
4.940534565471491057e-01
4.938410757171547982e-01
4.932116458119524260e-01
4.925067948891145853e-01
4.918995435917153936e-01
4.914154451695125769e-01
4.910390596549008557e-01
4.907325435832905480e-01
4.904886891322829956e-01
4.902882799918470980e-01
4.901245787823975686e-01
4.899814042990660590e-01
4.898578024449805612e-01
4.897496118459475078e-01
4.896537230469460433e-01
4.895656927150451865e-01
4.894899907260911731e-01
4.894207021217290565e-01
4.893535929187536326e-01
4.892945531937914483e-01
4.892366726254870901e-01
4.891852291449082513e-01
4.891343714895061701e-01
4.890888655475578717e-01
4.890436460663953877e-01
4.890009563075061183e-01
4.889645525855648156e-01
4.889262121419085116e-01
4.888899866571340125e-01
4.888557912460798072e-01
4.888266997701230521e-01
4.887962003781590736e-01
4.887675922166311304e-01
4.887434470531022979e-01
4.887183872889760972e-01
4.886951920887973033e-01
4.886738720480270359e-01
4.886563050021757726e-01
4.886386086199594470e-01
4.886228671109523192e-01
4.886104084976641282e-01
4.885985068413029042e-01
4.885887069308009756e-01
4.885810746356143985e-01
4.885761215774793720e-01
4.885728185404879520e-01
4.885719214813737943e-01
4.885732556813018879e-01
4.885772152533536250e-01
4.885839023168132011e-01
4.885934517887765560e-01
4.886046188671691048e-01
4.886200334387518773e-01
4.886387929375791694e-01
4.886587070235922647e-01
4.886844064803165799e-01
4.887141146924742219e-01
4.887481162746709629e-01
4.887826535872902833e-01
4.888257256332849687e-01
4.888715782430004819e-01
4.889226273409443269e-01
4.889824478654331563e-01
4.890455599258485275e-01
4.891192030125994239e-01
4.891966350014956277e-01
4.892867386019856824e-01
4.893812551864293869e-01
4.894909996405381603e-01
4.896058580781814107e-01
4.897319076914604108e-01
4.898776028775506108e-01
4.900291891233153341e-01
4.902033449846460722e-01
4.903831074841617510e-01
4.905822508490118028e-01
4.907903803783228436e-01
4.910180402972107450e-01
4.912597004795770661e-01
4.915161664382738937e-01
4.917907432888994346e-01
4.920911978162084144e-01
4.924269973213133422e-01
4.928218700192463220e-01
4.933034038501997731e-01
4.938642189406080019e-01
4.944097511482591356e-01
4.946821516844823741e-01
4.944403934387492927e-01
4.937815626608139108e-01
4.930129886848895748e-01
4.923243109598136047e-01
4.917412172990634489e-01
4.912636211934546249e-01
4.908708188168335873e-01
4.905440297318452991e-01
4.902686699085023192e-01
4.900338696051061427e-01
4.898363995646979885e-01
4.896599373562081636e-01
4.895054546124698036e-01
4.893661240550096769e-01
4.892489849490427312e-01
4.891394318690390763e-01
4.890467170582094014e-01
4.889637180911632353e-01
4.888856474162348031e-01
4.888193689281208343e-01
4.887570604006390984e-01
4.887042929565982297e-01
4.886525990420902965e-01
4.886133853866530541e-01
4.885749071889226580e-01
4.885414220204122304e-01
4.885152851173665267e-01
4.884904273315954226e-01
4.884697437449058155e-01
4.884530307307649588e-01
4.884412428440998433e-01
4.884316232466645591e-01
4.884255491473398214e-01
4.884230320079179788e-01
4.884234330395213486e-01
4.884268761473962162e-01
4.884336716449899640e-01
4.884431051446694316e-01
4.884561377312492958e-01
4.884714455364180807e-01
4.884895856244940715e-01
4.885117190236259455e-01
4.885356108503144390e-01
4.885637406441447061e-01
4.885932527730750818e-01
4.886271856291887761e-01
4.886620637080666407e-01
4.886994098230345585e-01
4.887412477709937031e-01
4.887832441382168325e-01
4.888296385127393617e-01
