-8.354530400822568481e-10
-2.506391538759089599e-09
-4.177351020651087765e-09
-5.848333817226603060e-09
-7.519343481199314283e-09
-9.190371463851931821e-09
-1.086142686901325760e-08
-1.253250314636744633e-08
-1.420360462578429406e-08
-1.587472997499617122e-08
-1.754587275470953500e-08
-1.921704051444095285e-08
-2.088823647383719617e-08
-2.255945741325149356e-08
-2.423069933588095637e-08
-2.590196035434644273e-08
-2.757325134883359397e-08
-2.924455999586683674e-08
-3.091589406700734344e-08
-3.258725489452274360e-08
-3.425863703832021656e-08
-3.593004294089041650e-08
-3.760146960463117694e-08
-3.927292269167992345e-08
-4.094439964852369940e-08
-4.261590413889848605e-08
-4.428742772510929626e-08
-4.595897462600362360e-08
-4.763054639589370254e-08
-4.930213948206585428e-08
-5.097376010176901673e-08
-5.264539915117438795e-08
-5.431706695535609697e-08
-5.598875763013211326e-08
-5.766047272981467131e-08
-5.933221147724765387e-08
-6.100397287323033879e-08
-6.267575591856200390e-08
-6.434756738560309941e-08
-6.601940039097087265e-08
-6.769125449057611377e-08
-6.936313490246703850e-08
-7.103504062744292469e-08
-7.270696522621022950e-08
-7.437891846873156965e-08
-7.605089535900333431e-08
-7.772289500884710378e-08
-7.939491397657150173e-08
-8.106696480769670643e-08
-8.273904128497377997e-08
-8.441113319435089579e-08
-8.608325319237053463e-08
-8.775539783734132016e-08
-8.942756801744167205e-08
-9.109975596111041796e-08
-9.277197221546629180e-08
-9.444420812076970151e-08
-9.611647711071924505e-08
-9.778876297605876289e-08
-9.946107493163935942e-08
-1.011334106459926829e-07
-1.028057708962748507e-07
-1.044781533510175109e-07
-1.061505611188451326e-07
-1.078229915352224566e-07
-1.094954483749077667e-07
-1.111679295284773161e-07
-1.128404349959311048e-07
-1.145129617796669663e-07
-1.161855135434208819e-07
-1.178580897320813392e-07
-1.195306907897375481e-07
-1.212033168274118111e-07
-1.228759679561264306e-07
-1.245486376255655614e-07
-1.262213391584054989e-07
-1.278940582327692255e-07
-1.295668038414632406e-07
-1.312395744301753098e-07
-1.329123701099277355e-07
-1.345851909917428202e-07
-1.362580362984644466e-07
-1.379309015892005164e-07
-1.396037900835978007e-07
-1.412767119957081263e-07
-1.429496487848069819e-07
-1.446226144397044777e-07
-1.462956024100847685e-07
-1.479686164707061380e-07
-1.496416583979254256e-07
-1.513147187548469219e-07
-1.529878048689425896e-07
-1.546609170732793359e-07
-1.563340565891024880e-07
-1.580072125362264046e-07
-1.596803995695950107e-07
-1.613536085853795043e-07
-1.630268435803827742e-07
-1.647000970050882529e-07
-1.663733844026182851e-07
-1.680466915621181556e-07
-1.697200203709670063e-07
-1.713933783786814047e-07
-1.730667589239232029e-07
-1.747401647822499626e-07
-1.764135925119703074e-07
-1.780870486634000827e-07
-1.797605295728033070e-07
-1.814340335748454436e-07
-1.831075590041919554e-07
-1.847811146316047370e-07
-1.864546944618794555e-07
-1.881282963855923640e-07
-1.898019227342118143e-07
-1.914755721754701767e-07
-1.931492494833264573e-07
-1.948229483295094155e-07
-1.964966775958032486e-07
-1.981704276232676420e-07
-1.998442029638169970e-07
-2.015180001757599371e-07
-2.031918300282598011e-07
-2.048656784214841764e-07
-2.065395531269942353e-07
-2.082134517022993236e-07
-2.098873784772692375e-07
-2.115613247921643847e-07
-2.132352966421890983e-07
-2.149092951375664029e-07
-2.165833182798948542e-07
-2.182573689557543162e-07
-2.199314362849591475e-07
-2.216055353665424832e-07
-2.232796587620100581e-07
-2.249538078036295019e-07
-2.266279777174418086e-07
-2.283021773852311753e-07
-2.299764024771278059e-07
-2.316506495514403241e-07
-2.333249207175924766e-07
-2.349992184180749177e-07
-2.366735413206200178e-07
-2.383478895362500793e-07
-2.400222632870097073e-07
-2.416966565776945686e-07
-2.433710843963154957e-07
-2.450455270919249529e-07
-2.467200010958237044e-07
-2.483944998576959051e-07
-2.500690222673185303e-07
-2.517435694349146047e-07
-2.534181414715064307e-07
-2.550927398203839402e-07
-2.567673675901716024e-07
-2.584420184525981767e-07
-2.601166919635744534e-07
-2.617913861246989882e-07
-2.634661129263804469e-07
-2.651408608222993735e-07
-2.668156345864147738e-07
-2.684904367722396046e-07
-2.701652637160378845e-07
-2.718401128642966569e-07
-2.735149883248411129e-07
-2.751898874331359934e-07
-2.768648135198503724e-07
-2.785397665849842497e-07
-2.802147424096901318e-07
-2.818897415490795311e-07
-2.835647687771114533e-07
-2.852398239827635962e-07
-2.869149055007014226e-07
-2.885900078908321120e-07
-2.902651329295125038e-07
-2.919402880552368629e-07
-2.936154681609792760e-07
-2.952906696940260645e-07
-2.969659032014959621e-07
-2.986411568040026054e-07
-3.003164392723078890e-07
-3.019917451663189922e-07
-3.036670732647905879e-07
-3.053424356691536445e-07
-3.070178162811743050e-07
-3.086932253149043959e-07
-3.103686555538942571e-07
-3.120441213200209063e-07
-3.137196010749576658e-07
-3.153951139145405591e-07
-3.170706487365393400e-07
-3.187462087606007799e-07
-3.204217995378400019e-07
-3.220974109652274819e-07
-3.237730475946776210e-07
-3.254487175308184987e-07
-3.271244005675910671e-07
-3.288001165779874668e-07
-3.304758593447587600e-07
-3.321516250931466629e-07
-3.338274134900842682e-07
-3.355032333063334704e-07
-3.371790769923777020e-07
-3.388549458804845926e-07
-3.405308414139440742e-07
-3.422067628156000296e-07
-3.438827055335380578e-07
-3.455586792266984730e-07
-3.472346782329438497e-07
-3.489107022192072805e-07
-3.505867504083326480e-07
-3.522628237995206746e-07
-3.539389232809497798e-07
-3.556150529604451549e-07
-3.572912076199585840e-07
-3.589673823745087589e-07
-3.606435887704151355e-07
-3.623198149282913505e-07
-3.639960760581928412e-07
-3.656723565059749603e-07
-3.673486600463959917e-07
-3.690249948951063175e-07
-3.707013530585001604e-07
-3.723777382003135017e-07
-3.740541490993010143e-07
-3.757305889751094696e-07
-3.774070505002669051e-07
-3.790835408912229809e-07
-3.807600525984611295e-07
-3.824365941706986405e-07
-3.841131608339765080e-07
-3.857897519221609173e-07
-3.874663742076123185e-07
-3.891430183644573049e-07
-3.908196888335879748e-07
-3.924963943857662230e-07
-3.941731109291524149e-07
-3.958498621114969751e-07
-3.975266370526142623e-07
-3.992034403044186774e-07
-4.008802649835274678e-07
-4.025571169741226640e-07
-4.042339987186949202e-07
-4.059109078857758846e-07
-4.075878377030051070e-07
-4.092647967190998770e-07
-4.109417802711234913e-07
-4.126187914677004187e-07
-4.142958262010054682e-07
-4.159728906882875776e-07
-4.176499832642122101e-07
-4.193270983776642424e-07
-4.210042412466918904e-07
-4.226814077634699629e-07
-4.243586037011581880e-07
-4.260358231755745351e-07
-4.277130735141909668e-07
-4.293903415053534900e-07
-4.310676404717384003e-07
-4.327449681928996483e-07
-4.344223247798595366e-07
-4.360997060137705716e-07
-4.377771086749859819e-07
-4.394545402020000324e-07
-4.411319950436976001e-07
-4.428094841912866286e-07
-4.444869939890239152e-07
-4.461645325415375396e-07
-4.478420936315785639e-07
-4.495196822551505988e-07
-4.511973020759896258e-07
-4.528749426579992132e-07
-4.545526116617182311e-07
-4.562303064226114202e-07
-4.579080321587269964e-07
-4.595857805433922749e-07
-4.612635579048784962e-07
-4.629413560275352779e-07
-4.646191884560835206e-07
-4.662970437552260705e-07
-4.679749259217658164e-07
-4.696528336234351286e-07
-4.713307688586354516e-07
-4.730087310722552729e-07
-4.746867197091830803e-07
-4.763647342143073615e-07
-4.780427749206950239e-07
-4.797208449369705363e-07
-4.813989403773533127e-07
-4.830770593544642111e-07
-4.847552107500874286e-07
-4.864333855714164656e-07
-4.881115880372988158e-07
-4.897898150391100103e-07
-4.914680716838759622e-07
-4.931463518653700362e-07
-4.948246642433318243e-07
-4.965029956061073335e-07
-4.981813583881944396e-07
-4.998597485927902540e-07
-5.015381643325156347e-07
-5.032166024987461128e-07
-5.048950747488234470e-07
-5.065735765308332361e-07
-5.082520970756121415e-07
-5.099306458200558723e-07
-5.116092239854097556e-07
-5.132878265756701808e-07
-5.149664555892385920e-07
-5.166451143567840631e-07
-5.183238011019497549e-07
-5.200025129381558031e-07
-5.216812493102906956e-07
-5.233600136600458086e-07
-5.250388100952463333e-07
-5.267176275136620234e-07
-5.283964786828576621e-07
-5.300753468384655775e-07
-5.317542531857455401e-07
-5.334331764084154770e-07
-5.351121303842631960e-07
-5.367911135589764626e-07
-5.384701208255293636e-07
-5.401491559586801827e-07
-5.418282221780756913e-07
-5.435073098247755752e-07
-5.451864276695417288e-07
-5.468655694951252144e-07
-5.485447441833102289e-07
-5.502239410759557359e-07
-5.519031671674667905e-07
-5.535824211255757632e-07
-5.552616997306358826e-07
-5.569410073125169447e-07
-5.586203400964606658e-07
-5.602997052989167059e-07
-5.619790903743648869e-07
-5.636585098667268312e-07
-5.653379482328801942e-07
-5.670174220151480426e-07
-5.686969201113001304e-07
-5.703764477393846732e-07
-5.720560004585095726e-07
-5.737355786017417358e-07
-5.754151886083747058e-07
-5.770948225958250077e-07
-5.787744832286279006e-07
-5.804541750586977855e-07
-5.821338895373173727e-07
-5.838136343250255322e-07
-5.854934004290157645e-07
-5.871732035034327168e-07
-5.888530300035554887e-07
-5.905328798183617778e-07
-5.922127634949703179e-07
-5.938926742610206588e-07
-5.955726072315314923e-07
-5.972525747299783916e-07
-5.989325637667519686e-07
-6.006125782276328096e-07
-6.022926255511151794e-07
-6.039727008522177698e-07
-6.056528027986729512e-07
-6.073329288369677670e-07
-6.090130864055964821e-07
-6.106932682881094365e-07
-6.123734811458447780e-07
-6.140537178733751489e-07
-6.157339867973732339e-07
-6.174142804793447681e-07
-6.190946006956465908e-07
-6.207749537745499424e-07
-6.224553305012037185e-07
-6.241357283220949626e-07
-6.258161625583014143e-07
-6.274966234398604570e-07
-6.291771116329059055e-07
-6.308576276925492721e-07
-6.325381716187905567e-07
-6.342187413022060127e-07
-6.358993462907136518e-07
-6.375799649349644938e-07
-6.392606216598650803e-07
-6.409413034758060235e-07
-6.426220103827873231e-07
-6.443027498193032443e-07
-6.459835137917480097e-07
-6.476643072961252301e-07
-6.493451281119888563e-07
-6.510259786818295424e-07
-6.527068506789746039e-07
-6.543877547615650769e-07
-6.560686889311995174e-07
-6.577496463044951724e-07
-6.594306377616376835e-07
-6.611116486476831255e-07
-6.627926970592667999e-07
-6.644737676753109668e-07
-6.661548684894214034e-07
-6.678359940615052892e-07
-6.695171477222316980e-07
-6.711983318030689816e-07
-6.728795453048164177e-07
-6.745607858960056546e-07
-6.762420535766366925e-07
-6.779233442388843400e-07
-6.796046704282687756e-07
-6.812860181559798889e-07
-6.829673957486903646e-07
-6.846488076472923012e-07
-6.863302461912468289e-07
-6.880117116025985524e-07
-6.896932009947676079e-07
-6.913747213621590504e-07
-6.930562643781001952e-07
-6.947378450306018749e-07
-6.964194451120064855e-07
-6.981010823858824210e-07
-6.997827440846648983e-07
-7.014644349823129232e-07
-7.031461513040682121e-07
-7.048278944932206969e-07
-7.065096646607926800e-07
-7.081914674689215872e-07
-7.098733016963620912e-07
-7.115551596825753222e-07
-7.132370404283605581e-07
-7.149189574784386991e-07
-7.166009041714715977e-07
-7.182828745122549208e-07
-7.199648729416807669e-07
-7.216469000148606483e-07
-7.233289589514413365e-07
-7.250110388712371901e-07
-7.266931498772777331e-07
-7.283752976317003913e-07
-7.300574684787619617e-07
-7.317396655270869132e-07
-7.334218931065450420e-07
-7.351041465541996445e-07
-7.367864316432104488e-07
-7.384687416012170047e-07
-7.401510820903567378e-07
-7.418334557751649072e-07
-7.435158464463853534e-07
-7.451982740880325196e-07
-7.468807300403668137e-07
-7.485632069759162732e-07
-7.502457222141600823e-07
-7.519282617662881307e-07
-7.536108278527464677e-07
-7.552934275789624508e-07
-7.569760557268878642e-07
-7.586587047470061407e-07
-7.603413881840381805e-07
-7.620240987105120212e-07
-7.637068409893643661e-07
-7.653896076931232528e-07
-7.670724034847253847e-07
-7.687552305846168110e-07
-7.704380863282622727e-07
-7.721209687172603253e-07
-7.738038820814807650e-07
-7.754868159848271603e-07
-7.771697878578009977e-07
-7.788527784935439513e-07
-7.805358139822970998e-07
-7.822188701211985062e-07
-7.839019533495417136e-07
-7.855850634452821168e-07
-7.872682084020254933e-07
-7.889513747860732451e-07
-7.906345771413469947e-07
-7.923177992585905827e-07
-7.940010580131939832e-07
-7.956843448564399068e-07
-7.973676606765067731e-07
-7.990510039190823477e-07
-8.007343745841666305e-07
-8.024177725607373191e-07
-8.041012017345749996e-07
-8.057846629938580918e-07
-8.074681493441815405e-07
-8.091516651154151418e-07
-8.108352100855142908e-07
-8.125187845875458947e-07
-8.142023887325322562e-07
-8.158860194118489062e-07
-8.175696808443433383e-07
-8.192533724749040402e-07
-8.209370941925087095e-07
-8.226208387807076861e-07
-8.243046166755974014e-07
-8.259884232142411520e-07
-8.276722578415274256e-07
-8.293561193362108952e-07
-8.310400134714512888e-07
-8.327239378047579521e-07
-8.344078914479524656e-07
-8.360918718475218725e-07
-8.377758771160870310e-07
-8.394599170236105579e-07
-8.411439823552413486e-07
-8.428280848793434643e-07
-8.445122114952852144e-07
-8.461963634243119259e-07
-8.478805493261631909e-07
-8.495647638717684913e-07
-8.512490063949940122e-07
-8.529332771178843586e-07
-8.546175800372424192e-07
-8.563019122664883298e-07
-8.579862688096184797e-07
-8.596706601027293004e-07
-8.613550812608394835e-07
-8.630395260667000912e-07
-8.647240012926715735e-07
-8.664085079379546528e-07
-8.680930434490363723e-07
-8.697776088251174542e-07
-8.714622010685957321e-07
-8.731468259526309339e-07
-8.748314785922417514e-07
-8.765161630952533756e-07
-8.782008757979298252e-07
-8.798856165892487979e-07
-8.815703840259203616e-07
-8.832551839921265469e-07
-8.849400154886666314e-07
-8.866248690786449060e-07
-8.883097619705182524e-07
-8.899946801754765602e-07
-8.916796208069399654e-07
-8.933645992970085103e-07
-8.950496047654965537e-07
-8.967346417643184964e-07
-8.984197069628052645e-07
-9.001048011381129754e-07
-9.017899244012639315e-07
-9.034750775294142500e-07
-9.051602639642553072e-07
-9.068454769334266530e-07
-9.085307168810174971e-07
-9.102159922447228269e-07
-9.119012933656023279e-07
-9.135866271270387529e-07
-9.152719875338277689e-07
-9.169573783607276596e-07
-9.186427994967161226e-07
-9.203282487213471086e-07
-9.220137275889328521e-07
-9.236992366545848654e-07
-9.253847802481729445e-07
-9.270703438257754669e-07
-9.287559459281169438e-07
-9.304415723443426600e-07
-9.321272317341922076e-07
-9.338129188796173707e-07
-9.354986340026627545e-07
-9.371843852079564385e-07
-9.388701599499782446e-07
-9.405559685538023018e-07
-9.422418085769379559e-07
-9.439276716927125221e-07
-9.456135700025569690e-07
-9.472994944026424946e-07
-9.489854513322626417e-07
-9.506714343521238675e-07
-9.523574534542333936e-07
-9.540434998678293255e-07
-9.557295734818893607e-07
-9.574156815128631592e-07
-9.591018182986132956e-07
-9.607879831730059550e-07
-9.624741773572864645e-07
-9.641604066246145521e-07
-9.658466585404923421e-07
-9.675329450953285004e-07
-9.692192608490302064e-07
-9.709056053575082501e-07
-9.725919832836993351e-07
-9.742783880772876159e-07
-9.759648241791651913e-07
-9.776512899239975241e-07
-9.793377847566731020e-07
-9.810243102315041597e-07
-9.827108664595129994e-07
-9.843974519974096893e-07
-9.860840698427963957e-07
-9.877707146666026006e-07
-9.894573901325642851e-07
-9.911440987941944059e-07
-9.928308335460656053e-07
-9.945176031589397780e-07
-9.962043947542298383e-07
-9.978912282049279270e-07
-9.995780825278188786e-07
-1.001264971600690501e-06
-1.002951883766201036e-06
-1.004638833790316710e-06
-1.006325811681030302e-06
-1.008012818437542535e-06
-1.009699859499946228e-06
-1.011386929206103957e-06
-1.013074028999305654e-06
-1.014761158657506712e-06
-1.016448317292528714e-06
-1.018135510788553688e-06
-1.019822726933128365e-06
-1.021509976606438386e-06
-1.023197260363595262e-06
-1.024884570099970915e-06
-1.026571914364282634e-06
-1.028259284607813129e-06
-1.029946688713145875e-06
-1.031634120907121144e-06
-1.033321588739255503e-06
-1.035009077665627331e-06
-1.036696605227760415e-06
-1.038384159435246090e-06
-1.040071741842396591e-06
-1.041759357445215528e-06
-1.043447005022457574e-06
-1.045134682353676681e-06
-1.046822387551493705e-06
-1.048510129275648239e-06
-1.050197898089244575e-06
-1.051885698766241717e-06
-1.053573527309836777e-06
-1.055261388605011064e-06
-1.056949280209273923e-06
-1.058637198347867070e-06
-1.060325151125418586e-06
-1.062013131769568020e-06
-1.063701149273121871e-06
-1.065389198195987319e-06
-1.067077268213090235e-06
-1.068765374534486057e-06
-1.070453518159375506e-06
-1.072141682989524725e-06
-1.073829880127163960e-06
-1.075518106685713349e-06
-1.077206365884819661e-06
-1.078894659167772829e-06
-1.080582980539368521e-06
-1.082271332664141994e-06
-1.083959718650717718e-06
-1.085648134502292805e-06
-1.087336579330688835e-06
-1.089025055800441066e-06
-1.090713561247014241e-06
-1.092402099778233548e-06
-1.094090669950809058e-06
-1.095779272097807677e-06
-1.097467898669712838e-06
-1.099156562323067021e-06
-1.100845252066662283e-06
-1.102533975672059796e-06
-1.104222734693571795e-06
-1.105911517473856520e-06
-1.107600338334790990e-06
-1.109289186729256471e-06
-1.110978064544632105e-06
-1.112666974223408545e-06
-1.114355915543541187e-06
-1.116044886617650889e-06
-1.117733893996053496e-06
-1.119422923023805083e-06
-1.121111986801537341e-06
-1.122801088104807832e-06
-1.124490212833784142e-06
-1.126179372423763425e-06
-1.127868560324429836e-06
-1.129557780532586264e-06
-1.131247033381299616e-06
-1.132936317871369170e-06
-1.134625633003594203e-06
-1.136314974004015710e-06
-1.138004352085886239e-06
-1.139693760698889946e-06
-1.141383195624179336e-06
-1.143072663634114861e-06
-1.144762169058566315e-06
-1.146451699685080428e-06
-1.148141266393842841e-06
-1.149830855307065747e-06
-1.151520486519785891e-06
-1.153210136717319756e-06
-1.154899824662436458e-06
-1.156589547135489227e-06
-1.158279299473541357e-06
-1.159969079234102196e-06
-1.161658895743045150e-06
-1.163348740229608325e-06
-1.165038612582769417e-06
-1.166728520018978088e-06
-1.168418456209963097e-06
-1.170108427817062591e-06
-1.171798432286763614e-06
-1.173488460515237364e-06
-1.175178524936981717e-06
-1.176868619445770037e-06
-1.178558748704539028e-06
-1.180248907273195869e-06
-1.181939094929695955e-06
-1.183629316003909082e-06
-1.185319566388010060e-06
-1.187009851744136313e-06
-1.188700169851841792e-06
-1.190390515271033678e-06
-1.192080894107938605e-06
-1.193771303142909801e-06
-1.195461745262527131e-06
-1.197152216025898497e-06
-1.198842723759696582e-06
-1.200533260026226401e-06
-1.202223828489223934e-06
-1.203914427039265433e-06
-1.205605056342484716e-06
-1.207295719729550854e-06
-1.208986414535928589e-06
-1.210677139984461803e-06
-1.212367899072752664e-06
-1.214058689580355122e-06
-1.215749510175001546e-06
-1.217440363965316408e-06
-1.219131243512805440e-06
-1.220822166025925526e-06
-1.222513108412037752e-06
-1.224204086769375976e-06
-1.225895098211360335e-06
-1.227586144514347666e-06
-1.229277219239044427e-06
-1.230968323495673644e-06
-1.232659464833751883e-06
-1.234350634260472646e-06
-1.236041837326951054e-06
-1.237733070258428825e-06
-1.239424337939887266e-06
-1.241115635708389675e-06
-1.242806961232467700e-06
-1.244498321617548697e-06
-1.246189716863632668e-06
-1.247881142640849816e-06
-1.249572595840575673e-06
-1.251264088120151996e-06
-1.252955609265526959e-06
-1.254647160831012798e-06
-1.256338748367724634e-06
-1.258030364770235110e-06
-1.259722011037744949e-06
-1.261413695052837625e-06
-1.263105406268394404e-06
-1.264797148348151268e-06
-1.266488925955044920e-06
-1.268180737312718520e-06
-1.269872575204722409e-06
-1.271564449956130716e-06
-1.273256352019025428e-06
-1.274948290275190743e-06
-1.276640264058492846e-06
-1.278332264154080633e-06
-1.280024296557158436e-06
-1.281716364043283818e-06
-1.283408463503832309e-06
-1.285100592274268649e-06
-1.286792755905707963e-06
-1.288484950068280455e-06
-1.290177178758789012e-06
-1.291869434649761672e-06
-1.293561726622982633e-06
-1.295254050459604400e-06
-1.296946410600519073e-06
-1.298638792723849633e-06
-1.300331208708982444e-06
-1.302023665217255655e-06
-1.303716156031420326e-06
-1.305408667606755557e-06
-1.307101218817052768e-06
-1.308793798338037107e-06
-1.310486414385358955e-06
-1.312179058410301025e-06
-1.313871734409666203e-06
-1.315564448267636521e-06
-1.317257192323673110e-06
-1.318949963580173801e-06
-1.320642773139368842e-06
-1.322335617115477646e-06
-1.324028488514095159e-06
-1.325721396105983274e-06
-1.327414330676290888e-06
-1.329107302217025222e-06
-1.330800303067647405e-06
-1.332493338557227958e-06
-1.334186407242476946e-06
-1.335879507680104439e-06
-1.337572641424422670e-06
-1.339265807809297826e-06
-1.340959003726105436e-06
-1.342652235281072137e-06
-1.344345496701038201e-06
-1.346038792204851120e-06
-1.347732120460243266e-06
-1.349425480356991613e-06
-1.351118873005319188e-06
-1.352812299404426710e-06
-1.354505755557511293e-06
-1.356199245794442731e-06
-1.357892773889979310e-06
-1.359586326188377825e-06
-1.361279918343782924e-06
-1.362973540808276596e-06
-1.364667194025948049e-06
-1.366360880328265637e-06
-1.368054601935675407e-06
-1.369748352963995330e-06
-1.371442138520251319e-06
-1.373135954052528973e-06
-1.374829811107147748e-06
-1.376523691143383132e-06
-1.378217604153242348e-06
-1.379911557575219661e-06
-1.381605539974017915e-06
-1.383299554680306187e-06
-1.384993599584660728e-06
-1.386687681015352780e-06
-1.388381797529092410e-06
-1.390075944240898309e-06
-1.391770120817703571e-06
-1.393464333032667923e-06
-1.395158578332278410e-06
-1.396852854607111283e-06
-1.398547164632724105e-06
-1.400241509186272992e-06
-1.401935886935490316e-06
-1.403630297880376077e-06
-1.405324739911506526e-06
-1.407019216026483832e-06
-1.408713720674192871e-06
-1.410408267621399148e-06
-1.412102836551021312e-06
-1.413797445559694665e-06
-1.415492087319947245e-06
-1.417186760166444515e-06
-1.418881470760524621e-06
-1.420576205002355152e-06
-1.422270978213013848e-06
-1.423965787172853936e-06
-1.425660629661429368e-06
-1.427355501459892650e-06
-1.429050405454823647e-06
-1.430745348085515900e-06
-1.432440315807248510e-06
-1.434135324496210728e-06
-1.435830360052570143e-06
-1.437525434244690814e-06
-1.439220537635677033e-06
-1.440915674888465503e-06
-1.442610846225100829e-06
-1.444306054532162875e-06
-1.446001287930265278e-06
-1.447696561074351962e-06
-1.449391863639348799e-06
-1.451087204618062287e-06
-1.452782576683020466e-06
-1.454477978946044914e-06
-1.456173414515760101e-06
-1.457868888499191939e-06
-1.459564391126377814e-06
-1.461259934276704087e-06
-1.462955500075580062e-06
-1.464651107951908671e-06
-1.466346743583812895e-06
-1.468042417296366864e-06
-1.469738122650277035e-06
-1.471433857092030451e-06
-1.473129629947500518e-06
-1.474825432334903041e-06
-1.476521273691133729e-06
-1.478217145689519896e-06
-1.479913053770154363e-06
-1.481608988496141421e-06
-1.483304963967313483e-06
-1.485000970191663328e-06
-1.486697008834525491e-06
-1.488393080895100695e-06
-1.490089190925303342e-06
-1.491785330820505351e-06
-1.493481504466487308e-06
-1.495177708865647048e-06
-1.496873949569099693e-06
-1.498570227465023663e-06
-1.500266534559813181e-06
-1.501962876404583369e-06
-1.503659252444222716e-06
-1.505355663566909641e-06
-1.507052104887662836e-06
-1.508748581180441306e-06
-1.510445091557066633e-06
-1.512141637571851049e-06
-1.513838212563456409e-06
-1.515534823526287767e-06
-1.517231472125679659e-06
-1.518928150257004006e-06
-1.520624861250929882e-06
-1.522321605107457287e-06
-1.524018390819392721e-06
-1.525715201622368511e-06
-1.527412049728837928e-06
-1.529108935471867881e-06
-1.530805847860250424e-06
-1.532502796885992780e-06
-1.534199784880563300e-06
-1.535896796855951152e-06
-1.537593851685947755e-06
-1.539290935936854510e-06
-1.540988056825121078e-06
-1.542685207467364705e-06
-1.544382393303678214e-06
-1.546079612557704763e-06
-1.547776868893180335e-06
-1.549474157425123622e-06
-1.551171478153534622e-06
-1.552868835408283132e-06
-1.554566225303588567e-06
-1.556263649615807765e-06
-1.557961109233119146e-06
-1.559658599714630611e-06
-1.561356130608260173e-06
-1.563053686481907789e-06
-1.564751284877097248e-06
-1.566448912249107650e-06
-1.568146578923013124e-06
-1.569844273019427305e-06
-1.571542003198089787e-06
-1.573239767571621428e-06
-1.574937567805356764e-06
-1.576635394906489296e-06
-1.578333268748011164e-06
-1.580031170345108649e-06
-1.581729108024454433e-06
-1.583427074125509648e-06
-1.585125081637883682e-06
-1.586823120014457800e-06
-1.588521191586700354e-06
-1.590219298019945882e-06
-1.591917437093748333e-06
-1.593615615469445856e-06
-1.595313821600718995e-06
-1.597012069920467070e-06
-1.598710344330456223e-06
-1.600408657820295844e-06
-1.602107006837272252e-06
-1.603805385275158812e-06
-1.605503799795293673e-06
-1.607202248954386903e-06
-1.608900732530393896e-06
-1.610599252410693794e-06
-1.612297804265416801e-06
-1.613996394311811855e-06
-1.615695013224005550e-06
-1.617393668551514452e-06
-1.619092361848650796e-06
-1.620791088452477879e-06
-1.622489848029928794e-06
-1.624188640469981237e-06
-1.625887470879661123e-06
-1.627586335706254772e-06
-1.629285232618293833e-06
-1.630984163503157447e-06
-1.632683131913559293e-06
-1.634382129411804385e-06
-1.636081169764658227e-06
-1.637780241092734457e-06
-1.639479343729099980e-06
-1.641178486222472088e-06
-1.642877658691865861e-06
-1.644576868242708656e-06
-1.646276114875000474e-06
-1.647975387153444160e-06
-1.649674697290492986e-06
-1.651374048061704514e-06
-1.653073430585294545e-06
-1.654772846970686828e-06
-1.656472294553346103e-06
-1.658171779439499005e-06
-1.659871300296877905e-06
-1.661570859567973457e-06
-1.663270450369402909e-06
-1.664970075476723821e-06
-1.666669732780512447e-06
-1.668369424168147930e-06
-1.670069152970299342e-06
-1.671768917410609845e-06
-1.673468719598503185e-06
-1.675168554093886542e-06
-1.676868420785737612e-06
-1.678568321561435539e-06
-1.680268263970496889e-06
-1.681968236244557602e-06
-1.683668239271796097e-06
-1.685368281267862756e-06
-1.687068362676846789e-06
-1.688768477614566166e-06
-1.690468618309459714e-06
-1.692168802969185037e-06
-1.693869022045824124e-06
-1.695569270099284154e-06
-1.697269559230996094e-06
-1.698969882224510286e-06
-1.700670238413692914e-06
-1.702370629352856213e-06
-1.704071060149026096e-06
-1.705771516369303242e-06
-1.707472017331568281e-06
-1.709172551822568664e-06
-1.710873116067546107e-06
-1.712573717838061782e-06
-1.714274354358558128e-06
-1.715975027183347379e-06
-1.717675734314028091e-06
-1.719376478193090918e-06
-1.721077256378045206e-06
-1.722778067980712535e-06
-1.724478917441985004e-06
-1.726179801098126632e-06
-1.727880718838115115e-06
-1.729581672882396504e-06
-1.731282659234167909e-06
-1.732983683333522151e-06
-1.734684741072634040e-06
-1.736385834449905019e-06
-1.738086965019647323e-06
-1.739788131005504113e-06
-1.741489326967382567e-06
-1.743190568337382729e-06
-1.744891833244111012e-06
-1.746593143892027911e-06
-1.748294483294721147e-06
-1.749995853672636770e-06
-1.751697269680718705e-06
-1.753398716441978422e-06
-1.755100197842196508e-06
-1.756801717434086640e-06
-1.758503266890976136e-06
-1.760204857426117542e-06
-1.761906481156927384e-06
-1.763608139970784805e-06
-1.765309832757466779e-06
-1.767011568065690597e-06
-1.768713328020865561e-06
-1.770415129609403948e-06
-1.772116968168369056e-06
-1.773818838146645760e-06
-1.775520747426817536e-06
-1.777222686794033280e-06
-1.778924667128478632e-06
-1.780626681102681630e-06
-1.782328730270954509e-06
-1.784030814078185756e-06
-1.785732935410955236e-06
-1.787435091049616176e-06
-1.789137280994168577e-06
-1.790839510129593748e-06
-1.792541773126821170e-06
-1.794244073094475311e-06
-1.795946408034154729e-06
-1.797648773615989626e-06
-1.799351177833585780e-06
-1.801053620131831678e-06
-1.802756097957214365e-06
-1.804458608423153976e-06
-1.806161155637475701e-06
-1.807863742153692499e-06
-1.809566364530112992e-06
-1.811269016327443637e-06
-1.812971712533695268e-06
-1.814674433164853440e-06
-1.816377198093910295e-06
-1.818079995108412561e-06
-1.819782831757876806e-06
-1.821485700825853371e-06
-1.823188607197323563e-06
-1.824891548429796728e-06
-1.826594528742120360e-06
-1.828297539141487960e-06
-1.830000591951375100e-06
-1.831703676513640744e-06
-1.833406796380998571e-06
-1.835109957104563705e-06
-1.836813144584503732e-06
-1.838516377916654676e-06
-1.840219642224028007e-06
-1.841922944945117990e-06
-1.843626278530408058e-06
-1.845329653193950037e-06
-1.847033059498848218e-06
-1.848736506215864495e-06
-1.850439985351393091e-06
-1.852143500347125382e-06
-1.853847054977819653e-06
-1.855550639140446378e-06
-1.857254266823815669e-06
-1.858957929368187934e-06
-1.860661623553916399e-06
-1.862365357707673752e-06
-1.864069128387768615e-06
-1.865772933151710333e-06
-1.867476772665632723e-06
-1.869180649149981832e-06
-1.870884563159869174e-06
-1.872588514917339353e-06
-1.874292498538210339e-06
-1.875996523015288631e-06
-1.877700581687236081e-06
-1.879404674998141900e-06
-1.881108803392095297e-06
-1.882812970754876858e-06
-1.884517175199107442e-06
-1.886221413394117974e-06
-1.887925692112268905e-06
-1.889630004803244390e-06
-1.891334354908735804e-06
-1.893038732991847439e-06
-1.894743156038991572e-06
-1.896447615168384004e-06
-1.898152107160377966e-06
-1.899856638787333907e-06
-1.901561200501333815e-06
-1.903265804292786356e-06
-1.904970442612174963e-06
-1.906675120344480945e-06
-1.908379830717343850e-06
-1.910084579836990315e-06
-1.911789363373550543e-06
-1.913494182881336769e-06
-1.915199041468973462e-06
-1.916903933807390104e-06
-1.918608864337478792e-06
-1.920313832060038806e-06
-1.922018832423155743e-06
-1.923723875418836826e-06
-1.925428949833829506e-06
-1.927134060331070486e-06
-1.928839209797139631e-06
-1.930544395900568588e-06
-1.932249621749981827e-06
-1.933954880461996595e-06
-1.935660173590925126e-06
-1.937365507798105568e-06
-1.939070877865489706e-06
-1.940776279907296953e-06
-1.942481721806110784e-06
-1.944187199565128310e-06
-1.945892718291375445e-06
-1.947598266105465825e-06
-1.949303854664741209e-06
-1.951009479417287196e-06
-1.952715146247285816e-06
-1.954420837391168675e-06
-1.956126575497485476e-06
-1.957832346022314596e-06
-1.959538155626994183e-06
-1.961244004089479631e-06
-1.962949883971276677e-06
-1.964655805819504053e-06
-1.966361761196466773e-06
-1.968067748325807997e-06
-1.969773775756245016e-06
-1.971479848927870648e-06
-1.973185947634625848e-06
-1.974892086087365328e-06
-1.976598264064044486e-06
-1.978304479344217270e-06
-1.980010726376768559e-06
-1.981717013266326433e-06
-1.983423332130307415e-06
-1.985129698622856154e-06
-1.986836095313471162e-06
-1.988542526532022237e-06
-1.990249004379940345e-06
-1.991955507651965718e-06
-1.993662052446332211e-06
-1.995368636764638381e-06
-1.997075257720304364e-06
-1.998781916312530882e-06
-2.000488608544515046e-06
-2.002195338968171257e-06
-2.003902106362254187e-06
-2.005608908506317789e-06
-2.007315750285343370e-06
-2.009022630033996393e-06
-2.010729543644451667e-06
-2.012436501108716413e-06
-2.014143491324560387e-06
-2.015850517400608055e-06
-2.017557582112416981e-06
-2.019264678465582108e-06
-2.020971818228467498e-06
-2.022678995072801911e-06
-2.024386206000983179e-06
-2.026093459672750896e-06
-2.027800746207120142e-06
-2.029508068712715385e-06
-2.031215426745447417e-06
-2.032922826300520569e-06
-2.034630260050462880e-06
-2.036337738098303873e-06
-2.038045247232389556e-06
-2.039752787674764534e-06
-2.041460373525261218e-06
-2.043167996901296135e-06
-2.044875651252553439e-06
-2.046583349013531006e-06
-2.048291080969377731e-06
-2.049998852227119528e-06
-2.051706660899377255e-06
-2.053414507985351634e-06
-2.055122393707087269e-06
-2.056830313068580551e-06
-2.058538270954812788e-06
-2.060246269031118516e-06
-2.061954301524338007e-06
-2.063662372098207243e-06
-2.065370476089789520e-06
-2.067078621381668313e-06
-2.068786799314104030e-06
-2.070495016881501726e-06
-2.072203273306705285e-06
-2.073911558819752088e-06
-2.075619883745716265e-06
-2.077328250749133076e-06
-2.079036659607957915e-06
-2.080745102883696518e-06
-2.082453584351107168e-06
-2.084162101012587698e-06
-2.085870653867338831e-06
-2.087579232146197228e-06
-2.089287842510501036e-06
-2.090996496839636620e-06
-2.092705198131206146e-06
-2.094413928177552009e-06
-2.096122675765421661e-06
-2.097831430458718671e-06
-2.099540259981047541e-06
-2.101248982588899139e-06
-2.102957755822920660e-06
-2.104665460800347887e-06
-2.106376142840815646e-06
-2.108085391916425522e-06
-2.109794633331496527e-06
-2.111503791479840686e-06
-2.113213008692049755e-06
-2.114922246443384779e-06
-2.116631501847265895e-06
-2.118340784562633416e-06
-2.120050112353055738e-06
-2.121759489437380353e-06
-2.123468890169455392e-06
-2.125178329093202478e-06
-2.126887801545684908e-06
-2.128597305195434330e-06
-2.130306846259699682e-06
-2.132016430733685297e-06
-2.133726044850625669e-06
-2.135435708483512940e-06
-2.137145410419094560e-06
-2.138855146105456129e-06
-2.140564917985088300e-06
-2.142274725280834957e-06
-2.143984573987900433e-06
-2.145694460886637955e-06
-2.147404380203887797e-06
-2.149114341931657179e-06
-2.150824335633849671e-06
-2.152534374522119265e-06
-2.154244450602860184e-06
-2.155954558880068817e-06
-2.157664709678819293e-06
-2.159374895449595044e-06
-2.161085117968752911e-06
-2.162795390892036096e-06
-2.164505684465467539e-06
-2.166216025445422133e-06
-2.167926410723275410e-06
-2.169636829307819426e-06
-2.171347281532121087e-06
-2.173057775722853080e-06
-2.174768305107654953e-06
-2.176478880233645441e-06
-2.178189486445880618e-06
-2.179900132071033170e-06
-2.181610817109103095e-06
-2.183321536453064482e-06
-2.185032297874478502e-06
-2.186743095267118520e-06
-2.188453935292322683e-06
-2.190164811510797449e-06
-2.191875721258007559e-06
-2.193586672194491882e-06
-2.195297658436068389e-06
-2.197008692195190349e-06
-2.198719755708289370e-06
-2.200430861964974838e-06
-2.202142004192886304e-06
-2.203853191051763361e-06
-2.205564408996885106e-06
-2.207275666354924226e-06
-2.208986960239300856e-06
-2.210698298310553866e-06
-2.212409668800319196e-06
-2.214121083587983208e-06
-2.215832533236650193e-06
-2.217544024296635996e-06
-2.219255550106602470e-06
-2.220967114330285597e-06
-2.222678719410176029e-06
-2.224390363680939231e-06
-2.226102044255995338e-06
-2.227813762800678887e-06
-2.229525525865305724e-06
-2.231237324235024744e-06
-2.232949163682995675e-06
-2.234661037214813462e-06
-2.236372949382392505e-06
-2.238084903627424183e-06
-2.239796893288570345e-06
-2.241508920475254740e-06
-2.243220991293704003e-06
-2.244933100303825313e-06
-2.246645243730860386e-06
-2.248357425904679019e-06
-2.250069653486619359e-06
-2.251781910267425246e-06
-2.253494214898843495e-06
-2.255206549728328014e-06
-2.256918930854112659e-06
-2.258631344620454229e-06
-2.260343801907538364e-06
-2.262056294277670077e-06
-2.263768830168544355e-06
-2.265481395702373391e-06
-2.267194009197837090e-06
-2.268906656777147646e-06
-2.270619347544133859e-06
-2.272332075281546793e-06
-2.274044837102806582e-06
-2.275757641778675122e-06
-2.277470483202925777e-06
-2.279183368258941300e-06
-2.280896288731071309e-06
-2.282609251502698555e-06
-2.284322247692038843e-06
-2.286035284959631042e-06
-2.287748364748765084e-06
-2.289461478843790587e-06
-2.291174633684001094e-06
-2.292887826382816741e-06
-2.294601062380330347e-06
-2.296314333349869230e-06
-2.298027643066191672e-06
-2.299740992195431488e-06
-2.301454381958834006e-06
-2.303167810246975478e-06
-2.304881272396919201e-06
-2.306594781620319168e-06
-2.308308325371655201e-06
-2.310021908868975515e-06
-2.311735535776016093e-06
-2.313449197766104248e-06
-2.315162898613998266e-06
-2.316876637986631238e-06
-2.318590418881605331e-06
-2.320304237968251471e-06
-2.322018097133948800e-06
-2.323731993825184361e-06
-2.325445931594671833e-06
-2.327159904891296094e-06
-2.328873921597640617e-06
-2.330587975052367256e-06
-2.332302069363301200e-06
-2.334016201754884889e-06
-2.335730374669608977e-06
-2.337444584221692878e-06
-2.339158833852827968e-06
-2.340873121453590500e-06
-2.342587455461675461e-06
-2.344301820444982809e-06
-2.346016231169478772e-06
-2.347730677310089220e-06
-2.349445166638375326e-06
-2.351159687163928425e-06
-2.352874253874759347e-06
-2.354588859998507644e-06
-2.356303504646994895e-06
-2.358018189707600243e-06
-2.359732912182721520e-06
-2.361447676291206221e-06
-2.363162478369318364e-06
-2.364877317417857228e-06
-2.366592195435224255e-06
-2.368307119526846805e-06
-2.370022078923561537e-06
-2.371737079287505878e-06
-2.373452116066765427e-06
-2.375167194812455307e-06
-2.376882309862438092e-06
-2.378597466101695090e-06
-2.380312666638850772e-06
-2.382027899039407259e-06
-2.383743177070130059e-06
-2.385458497178305493e-06
-2.387173848705792523e-06
-2.388889242643799093e-06
-2.390604682656061186e-06
-2.392320154198657178e-06
-2.394035666930527384e-06
-2.395751225847675414e-06
-2.397466817738447276e-06
-2.399182454593251634e-06
-2.400898123089412195e-06
-2.402613842877876493e-06
-2.404329597527343765e-06
-2.406045389591326966e-06
-2.407761218070625375e-06
-2.409477097620182917e-06
-2.411193007922918241e-06
-2.412908960747195408e-06
-2.414624947433274826e-06
-2.416340985411657982e-06
-2.418057054809352735e-06
-2.419773165285299399e-06
-2.421489315618252647e-06
-2.423205507251502411e-06
-2.424921736965401919e-06
-2.426638005870174197e-06
-2.428354318961822855e-06
-2.430070670356165863e-06
-2.431787059387069405e-06
-2.433503490273380976e-06
-2.435219962126922155e-06
-2.436936473615425314e-06
-2.438653025294001964e-06
-2.440369611722559284e-06
-2.442086248444219621e-06
-2.443802918361548393e-06
-2.445519625582370793e-06
-2.447236378544381807e-06
-2.448953169920109474e-06
-2.450670000486709910e-06
-2.452386870799294627e-06
-2.454103781301952836e-06
-2.455820729774238487e-06
-2.457537722433400518e-06
-2.459254752729123084e-06
-2.460971826545588215e-06
-2.462688936111234739e-06
-2.464406087532289291e-06
-2.466123282807153316e-06
-2.467840511388708080e-06
-2.469557784268161527e-06
-2.471275096671554650e-06
-2.472992447710709030e-06
-2.474709842381628278e-06
-2.476427274467063455e-06
-2.478144752848798760e-06
-2.479862264426202501e-06
-2.481579815638568220e-06
-2.483297406485895920e-06
-2.485015041853166906e-06
-2.486732717632555989e-06
-2.488450435600420008e-06
-2.490168187541108580e-06
-2.491885986666275699e-06
-2.493603817765865927e-06
-2.495321702822295151e-06
-2.497039609639095659e-06
-2.498757568303311416e-06
-2.500475565159199220e-06
-2.502193605646851893e-06
-2.503911683437998192e-06
-2.505629804083753243e-06
-2.507347962477091130e-06
-2.509066163391970861e-06
-2.510784401499321916e-06
-2.512502683904571654e-06
-2.514221004612515742e-06
-2.515939368619157790e-06
-2.517657772149739515e-06
-2.519376211984614145e-06
-2.521094699892145741e-06
-2.522813219552055841e-06
-2.524531784731109951e-06
-2.526250391099438275e-06
-2.527969038101929300e-06
-2.529687722407913952e-06
-2.531406451122819590e-06
-2.533125218251441879e-06
-2.534844029566940549e-06
-2.536562874744241469e-06
-2.538281768105221659e-06
-2.540000699102762383e-06
-2.541719667403796734e-06
-2.543438675561837670e-06
-2.545157726796531961e-06
-2.546876824327526379e-06
-2.548595957940769097e-06
-2.550315133742486751e-06
-2.552034348402010266e-06
-2.553753602585473459e-06
-2.555472898180255470e-06
-2.557192232299776435e-06
-2.558911612604575225e-06
-2.560631036208071976e-06
-2.562350495116660909e-06
-2.564069992438966494e-06
-2.565789534392237670e-06
-2.567509115314337009e-06
-2.569228741200468846e-06
-2.570948403834982798e-06
-2.572668107547748662e-06
-2.574387853448989461e-06
-2.576107645091418874e-06
-2.577827469263382909e-06
-2.579547339287557861e-06
-2.581267247947494070e-06
-2.582987198351816005e-06
-2.584707192831992018e-06
-2.586427222062148701e-06
-2.588147297255538604e-06
-2.589867408531176807e-06
-2.591587564548802902e-06
-2.593307762976948538e-06
-2.595028001373123061e-06
-2.596748278849148051e-06
-2.598468597736491859e-06
-2.600188957035953763e-06
-2.601909358412868301e-06
-2.603629804864837638e-06
-2.605350283180207782e-06
-2.607070810789480220e-06
-2.608791377034513914e-06
-2.610511984024732612e-06
-2.612232632759337037e-06
-2.613953321795037255e-06
-2.615674052131033989e-06
-2.617394822213015004e-06
-2.619115634594493258e-06
-2.620836493383293941e-06
-2.622557387477186808e-06
-2.624278327312268289e-06
-2.625999301342218928e-06
-2.627720319892112855e-06
-2.629441380963548625e-06
-2.631162484778570843e-06
-2.632883630671045694e-06
-2.634604811535545821e-06
-2.636326039584524494e-06
-2.638047307379487449e-06
-2.639768611256698705e-06
-2.641489965315990673e-06
-2.643211355124464035e-06
-2.644932789563902986e-06
-2.646654262306036287e-06
-2.648375780789358203e-06
-2.650097335576973023e-06
-2.651818933219196595e-06
-2.653540574937274243e-06
-2.655262254736001637e-06
-2.656983975168891732e-06
-2.658705737346167552e-06
-2.660427545819743500e-06
-2.662149389709433933e-06
-2.663871282782004357e-06
-2.665593209938421637e-06
-2.667315180837626087e-06
-2.669037195479617708e-06
-2.670759252310084264e-06
-2.672481346888133658e-06
-2.674203484875903314e-06
-2.675925659390010480e-06
-2.677647882198819218e-06
-2.679370143532366910e-06
-2.681092443945765069e-06
-2.682814791765686380e-06
-2.684537179775681182e-06
-2.686259608752905592e-06
-2.687982080695761056e-06
-2.689704595604247572e-06
-2.691427147816227716e-06
-2.693149739774192142e-06
-2.694872381137081163e-06
-2.696595054030304084e-06
-2.698317779548098372e-06
-2.700040539371784121e-06
-2.701763344936658484e-06
-2.703486192467963178e-06
-2.705209076414583080e-06
-2.706932005325235480e-06
-2.708654975980273605e-06
-2.710377991377299622e-06
-2.712101045077019990e-06
-2.713824144739973576e-06
-2.715547284704022957e-06
-2.717270460306231428e-06
-2.718993682870873840e-06
-2.720716946957857374e-06
-2.722440255786828800e-06
-2.724163599365780897e-06
-2.725886994903170546e-06
-2.727610422526005607e-06
-2.729333899886832171e-06
-2.731057413218884733e-06
-2.732780969405546045e-06
-2.734504569334994528e-06
-2.736228208233271175e-06
-2.737951894649093276e-06
-2.739675620033743542e-06
-2.741399389272203280e-06
-2.743123198478691904e-06
-2.744847049096499347e-06
-2.746570946565718430e-06
-2.748294877785717460e-06
-2.750018856856328853e-06
-2.751742876783147551e-06
-2.753466938010262766e-06
-2.755191043091187453e-06
-2.756915188695252539e-06
-2.758639378042104795e-06
-2.760363605469606796e-06
-2.762087879193408924e-06
-2.763812191886039216e-06
-2.765536550208835820e-06
-2.767260952829531107e-06
-2.768985393863943045e-06
-2.770709873978205451e-06
-2.772434401721035613e-06
-2.774158969875983871e-06
-2.775883580552473973e-06
-2.777608228088368492e-06
-2.779332923030786162e-06
-2.781057664602570867e-06
-2.782782442700693082e-06
-2.784507267650226936e-06
-2.786232128459964486e-06
-2.787957037120314396e-06
-2.789681981529845700e-06
-2.791406974789190087e-06
-2.793132009015764083e-06
-2.794857086096946830e-06
-2.796582204811493000e-06
-2.798307364493268778e-06
-2.800032563587961931e-06
-2.801757808534866001e-06
-2.803483096669445729e-06
-2.805208429879080256e-06
-2.806933798060740060e-06
-2.808659214537101434e-06
-2.810384676865673725e-06
-2.812110177830007274e-06
-2.813835718096235894e-06
-2.815561302438318592e-06
-2.817286930190121552e-06
-2.819012602017778590e-06
-2.820738311370973861e-06
-2.822464070795227542e-06
-2.824189866412751826e-06
-2.825915707327375515e-06
-2.827641592095808676e-06
-2.829367516388181514e-06
-2.831093485200497639e-06
-2.832819496756400213e-06
-2.834545546281930228e-06
-2.836271642436827278e-06
-2.837997782889623011e-06
-2.839723965086804469e-06
-2.841450190138594678e-06
-2.843176460487484292e-06
-2.844902762033640897e-06
-2.846629120756283271e-06
-2.848355515228107038e-06
-2.850081954886007907e-06
-2.851808436177272199e-06
-2.853534957991676890e-06
-2.855261523215801844e-06
-2.856988133959070808e-06
-2.858714782894011819e-06
-2.860441478125252956e-06
-2.862168219430749616e-06
-2.863894996929516878e-06
-2.865621822389918805e-06
-2.867348687596305012e-06
-2.869075597211612205e-06
-2.870802547461082099e-06
-2.872529542896629096e-06
-2.874256578966338793e-06
-2.875983661554393223e-06
-2.877710784998654958e-06
-2.879437952629793074e-06
-2.881165162005316915e-06
-2.882892414013404903e-06
-2.884619707321789406e-06
-2.886347045594206406e-06
-2.888074429163722812e-06
-2.889801851035933566e-06
-2.891529319315466751e-06
-2.893256830560630988e-06
-2.894984383661203253e-06
-2.896711978173094337e-06
-2.898439621867865412e-06
-2.900167300756706368e-06
-2.901895026719003567e-06
-2.903622798755556289e-06
-2.905350608428669545e-06
-2.907078462954792997e-06
-2.908806364998461902e-06
-2.910534302680289898e-06
-2.912262283549793551e-06
-2.913990313602177196e-06
-2.915718387841437220e-06
-2.917446501493614619e-06
-2.919174656557110836e-06
-2.920902860359397835e-06
-2.922631102353356880e-06
-2.924359392086905984e-06
-2.926087721344394765e-06
-2.927816092346269272e-06
-2.929544509644443906e-06
-2.931272970463361105e-06
-2.933001471361329493e-06
-2.934730024550802341e-06
-2.936458617597281773e-06
-2.938187247059076412e-06
-2.939915922595126574e-06
-2.941644641762941603e-06
-2.943373402897186963e-06
-2.945102214435557642e-06
-2.946831062611288132e-06
-2.948559959636831707e-06
-2.950288893854846606e-06
-2.952017875146317749e-06
-2.953746900069553760e-06
-2.955475967403309312e-06
-2.957205077258606707e-06
-2.958934230412602062e-06
-2.960663430973120569e-06
-2.962392672278824080e-06
-2.964121956772203248e-06
-2.965851285230414192e-06
-2.967580655433010861e-06
-2.969310072487019170e-06
-2.971039529953145575e-06
-2.972769032938415990e-06
-2.974498581109763506e-06
-2.976228171691630564e-06
-2.977957805239128675e-06
-2.979687478754655672e-06
-2.981417205227820943e-06
-2.983146967228123003e-06
-2.984876774636546770e-06
-2.986606625232646195e-06
-2.988336521791978839e-06
-2.990066461761031746e-06
-2.991796444473671102e-06
-2.993526471262164534e-06
-2.995256538018686854e-06
-2.996986657399780540e-06
-2.998716813640278644e-06
-3.000447011625162475e-06
-3.002177258459859388e-06
-3.003907547705075842e-06
-3.005637880693079467e-06
-3.007368257090803354e-06
-3.009098679118693553e-06
-3.010829140226434220e-06
-3.012559648407631130e-06
-3.014290201330815933e-06
-3.016020796886564881e-06
-3.017751439737814678e-06
-3.019482121335848035e-06
-3.021212851450627568e-06
-3.022943617425610796e-06
-3.024674435581076182e-06
-3.026405291595146707e-06
-3.028136197680275643e-06
-3.029867146397968725e-06
-3.031598140412761211e-06
-3.033329169843668183e-06
-3.035060253342436454e-06
-3.036791375254921377e-06
-3.038522540244059655e-06
-3.040253754194033320e-06
-3.041985003560121470e-06
-3.043716309325539271e-06
-3.045447649618893138e-06
-3.047179037540814761e-06
-3.048910470648813487e-06
-3.050641945057108728e-06
-3.052373461431834301e-06
-3.054105026323306049e-06
-3.055836632848141221e-06
-3.057568287556655662e-06
-3.059299986785113390e-06
-3.061031726869778424e-06
-3.062763508809851487e-06
-3.064495336158046257e-06
-3.066227207804139709e-06
-3.067959124858354869e-06
-3.069691081880598915e-06
-3.071423090972302816e-06
-3.073155140809191721e-06
-3.074887238052603777e-06
-3.076619375486089325e-06
-3.078351553220670667e-06
-3.080083783024711863e-06
-3.081816051020425107e-06
-3.083548368310040644e-06
-3.085280729342443351e-06
-3.087013135338878556e-06
-3.088745580859253437e-06
-3.090478072453883840e-06
-3.092210611899126604e-06
-3.093943193199777397e-06
-3.095675824016375088e-06
-3.097408488805797333e-06
-3.099141205331612525e-06
-3.100873965156125678e-06
-3.102606765059690019e-06
-3.104339614035112049e-06
-3.106072508862744996e-06
-3.107805445767830577e-06
-3.109538425638547210e-06
-3.111271452027608575e-06
-3.113004525268081579e-06
-3.114737636034092816e-06
-3.116470799313653117e-06
-3.118204002672264608e-06
-3.119937250994908595e-06
-3.121670543060339753e-06
-3.123403881533093340e-06
-3.125137262527388771e-06
-3.126870693925809519e-06
-3.128604166846571388e-06
-3.130337681178652076e-06
-3.132071240252720656e-06
-3.133804846733312388e-06
-3.135538498399981222e-06
-3.137272192477169597e-06
-3.139005934515992635e-06
-3.140739714746487721e-06
-3.142473547379509569e-06
-3.144207421534872537e-06
-3.145941337989732745e-06
-3.147675300851915381e-06
-3.149409309788353539e-06
-3.151143361690422751e-06
-3.152877461221059718e-06
-3.154611605604706881e-06
-3.156345790733539047e-06
-3.158080021825604433e-06
-3.159814301878505205e-06
-3.161548625119081635e-06
-3.163282990326088395e-06
-3.165017401274283770e-06
-3.166751857075489340e-06
-3.168486360394240364e-06
-3.170220906456577836e-06
-3.171955497371925503e-06
-3.173690132696194155e-06
-3.175424813428584514e-06
-3.177159538014784346e-06
-3.178894312116931076e-06
-3.180629126187106692e-06
-3.182363989440162300e-06
-3.184098895436804355e-06
-3.185833846286456605e-06
-3.187568838991516884e-06
-3.189303882655813993e-06
-3.191038965510983871e-06
-3.192774097771078345e-06
-3.194509275883383737e-06
-3.196244497738476298e-06
-3.197979762559199912e-06
-3.199715074231335166e-06
-3.201450432976926663e-06
-3.203185831690547047e-06
-3.204921279365002817e-06
-3.206656770449178850e-06
-3.208392307940677313e-06
-3.210127884845093149e-06
-3.211863513929991143e-06
-3.213599188978122356e-06
-3.215334906547795413e-06
-3.217070671190924713e-06
-3.218806476357194413e-06
-3.220542327042608122e-06
-3.222278229020325568e-06
-3.224014170966071902e-06
-3.225750159541185269e-06
-3.227486194190554158e-06
-3.229222273914977848e-06
-3.230958398714456337e-06
-3.232694570809435675e-06
-3.234430785203912251e-06
-3.236167050779670262e-06
-3.237903353658921901e-06
-3.239639708496611092e-06
-3.241376105633797522e-06
-3.243112545625592702e-06
-3.244849034578223268e-06
-3.246585569049997844e-06
-3.248322146154336565e-06
-3.250058771442354555e-06
-3.251795442693605764e-06
-3.253532161573424730e-06
-3.255268917867759626e-06
-3.257005728229955821e-06
-3.258742577783024785e-06
-3.260479474742616901e-06
-3.262216413668639348e-06
-3.263953403553898625e-06
-3.265690438514212701e-06
-3.267427522768429071e-06
-3.269164644104094464e-06
-3.270901814844684452e-06
-3.272639030438284635e-06
-3.274376291328984223e-06
-3.276113599848251567e-06
-3.277850957106309693e-06
-3.279588352889106773e-06
-3.281325795412293189e-06
-3.283063288783694134e-06
-3.284800824010503106e-06
-3.286538405644634508e-06
-3.288276031465642291e-06
-3.290013703693972502e-06
-3.291751420109179094e-06
-3.293489183819886534e-06
-3.295226992938715682e-06
-3.296964849686112586e-06
-3.298702752063675803e-06
-3.300440697295847770e-06
-3.302178690378632098e-06
-3.303916731867140300e-06
-3.305654813878788900e-06
-3.307392943852072165e-06
-3.309131121786990093e-06
-3.310869342354472167e-06
-3.312607610883588904e-06
-3.314345923377537417e-06
-3.316084281945741452e-06
-3.317822685700022589e-06
-3.319561136305715365e-06
-3.321299632208507546e-06
-3.323038180180759582e-06
-3.324776766233661363e-06
-3.326515403578866881e-06
-3.328254083445614242e-06
-3.329992811940130082e-06
-3.331731582623120858e-06
-3.333470403377170044e-06
-3.335209268096051005e-06
-3.336948181775767353e-06
-3.338687135756579494e-06
-3.340426137032892484e-06
-3.342165189490486910e-06
-3.343904283581444759e-06
-3.345643424412791944e-06
-3.347382612983729189e-06
-3.349121843410074462e-06
-3.350861123130322028e-06
-3.352600449368914326e-06
-3.354339826566743454e-06
-3.356079241512155420e-06
-3.357818703753068235e-06
-3.359558211291080454e-06
-3.361297771453664041e-06
-3.363037377801525452e-06
-3.364777023340259632e-06
-3.366516716951650778e-06
-3.368256461300234150e-06
-3.369996247837292458e-06
-3.371736084223364571e-06
-3.373475962242800108e-06
-3.375215891110450173e-06
-3.376955863387820500e-06
-3.378695881628424047e-06
-3.380435943389770159e-06
-3.382176062105557435e-06
-3.383916212351678610e-06
-3.385656420218374762e-06
-3.387396670828657363e-06
-3.389136970288753048e-06
-3.390877314934925835e-06
-3.392617701103439742e-06
-3.394358138897324295e-06
-3.396098619101728389e-06
-3.397839151486614639e-06
-3.399579729279622597e-06
-3.401320348594971676e-06
-3.403061018425468376e-06
-3.403931362666590132e-06
