4.640452402876045213e-01
4.640465005424676548e-01
4.640474491130512913e-01
4.640487180032580317e-01
4.640496728990003428e-01
4.640509500144291977e-01
4.640519109183409707e-01
4.640531958236585597e-01
4.640541623996928267e-01
4.640554546341639774e-01
4.640564265273695588e-01
4.640577256054453370e-01
4.640587024426928164e-01
4.640600078553424601e-01
4.640609892465675790e-01
4.640621364405883575e-01
4.640632860032185003e-01
4.640644378125431957e-01
4.640655917450134393e-01
4.640667476756467069e-01
4.640679054782332336e-01
4.640690650255718253e-01
4.640702261896967884e-01
4.640713888421300615e-01
4.640725528541260192e-01
4.640737180969382036e-01
4.640748844420740093e-01
4.640760517615700742e-01
4.640772199282544586e-01
4.640783888160086579e-01
4.640795583000316693e-01
4.640807282570814096e-01
4.640818985657167994e-01
4.640830691065076508e-01
4.640842397622225723e-01
4.640854104179868433e-01
4.640865809613877735e-01
4.640877512825345996e-01
4.640889212740425540e-01
4.640900908309284478e-01
4.640912598504145503e-01
4.640924282315972982e-01
4.640935958749576873e-01
4.640947626816953053e-01
4.640959285528397649e-01
4.640970933880839144e-01
4.640982570843142363e-01
4.640994195337636019e-01
4.641005806217313734e-01
4.641017402237733180e-01
4.641028982023182037e-01
4.641040544026030501e-01
4.641052086478184013e-01
4.641063607334001695e-01
4.641075104203489232e-01
4.641086574275237742e-01
4.641098014228158264e-01
4.641109420132218388e-01
4.641120787337984499e-01
4.641132110356809837e-01
4.641143382733157741e-01
4.641154596913345531e-01
4.641165744115816616e-01
4.641176814210926649e-01
4.641187795619948764e-01
4.641198675246378524e-01
4.641209438453916536e-01
4.641220069108226154e-01
4.641230549699106867e-01
4.641240861559002839e-01
4.641250985189175338e-01
4.641260900698628844e-01
4.641270588350177029e-01
4.641280029196038770e-01
4.641289205771217397e-01
4.641298102800466285e-01
4.641306707864268355e-01
4.641315011966793969e-01
4.641323009951351941e-01
4.641330700721961189e-01
4.641338087247816047e-01
4.641345176350268886e-01
4.641351978294613323e-01
4.641358506228139280e-01
4.641364775517751173e-01
4.641370803044882476e-01
4.641376606512435665e-01
4.641382203807919438e-01
4.641387612455441514e-01
4.641392849174471036e-01
4.641397929551141499e-01
4.641402867817837619e-01
4.641407676729245035e-01
4.641412367519659465e-01
4.641416949924271340e-01
4.641421432248179491e-01
4.641425821467526913e-01
4.641430123350755999e-01
4.641434342589291218e-01
4.641438482930257403e-01
4.641442547305288935e-01
4.641446537952172435e-01
4.641450456526595159e-01
4.641454304203025960e-01
4.641458081764377464e-01
4.641461789680622618e-01
4.641465428176920760e-01
4.641468997292083620e-01
4.641472496928289448e-01
4.641475926893006143e-01
4.641479286934064308e-01
4.641482576768648505e-01
4.641485796107215345e-01
4.641488944672951256e-01
4.641492022217378888e-01
4.641495028532877654e-01
4.641497963462327125e-01
4.641500826906694854e-01
4.641503618830455369e-01
4.641506339265729086e-01
4.641508988314820283e-01
4.641511566151939050e-01
4.641514073023725317e-01
4.641516509249392075e-01
4.641518875219978746e-01
4.641521171397304801e-01
4.641523398312418780e-01
4.641525556563887434e-01
4.641527646815694075e-01
4.641529669795042556e-01
4.641531626289964740e-01
4.641533517146876897e-01
4.641535343268095026e-01
4.641537105609140346e-01
4.641538805176205762e-01
4.641540443023509654e-01
4.641542020250715161e-01
4.641543538000278413e-01
4.641544997454888355e-01
4.641546399834963754e-01
4.641547746396139096e-01
4.641549038426783236e-01
4.641550277245598544e-01
4.641551464199304422e-01
4.641552600660260874e-01
4.641553688024348534e-01
4.641554727708583350e-01
4.641555858794192413e-01
4.641556669799496437e-01
4.641557700425359978e-01
4.641558438615254190e-01
4.641559375555158740e-01
4.641560046048164301e-01
4.641560896168987482e-01
4.641561504141146766e-01
4.641562274370608643e-01
4.641562825032139461e-01
4.641563522328959190e-01
4.641564020902729792e-01
4.641564652228771237e-01
4.641565103930205272e-01
4.641565676225005710e-01
4.641566086243756883e-01
4.641566606401056894e-01
4.641566979884293453e-01
4.641567454730813891e-01
4.641567796768037990e-01
4.641568233044257030e-01
4.641568548653609572e-01
4.641568952996601993e-01
4.641569247112847796e-01
4.641569626041113228e-01
4.641569903504871308e-01
4.641570263405073171e-01
4.641570528953720132e-01
4.641570876069458507e-01
4.641571134329275372e-01
4.641571474751515769e-01
4.641571730231331960e-01
4.641572069890819163e-01
4.641572326976902696e-01
4.641572671638306002e-01
4.641572934590673105e-01
4.641573289848505146e-01
4.641573562798446129e-01
4.641573934074624264e-01
4.641574221023623270e-01
4.641574613566809004e-01
4.641574918386545123e-01
4.641575337273129986e-01
4.641575663706893895e-01
4.641576113843506879e-01
4.641576465508728822e-01
4.641576951636438575e-01
4.641577332028395397e-01
4.641577858728482830e-01
4.641578271225103025e-01
4.641578842926333270e-01
4.641579290794295432e-01
4.641579911781467671e-01
4.641580398183196010e-01
4.641581072607454672e-01
4.641581600609197000e-01
4.641582332499255559e-01
4.641582905080149923e-01
4.641583698355046250e-01
4.641584318416991928e-01
4.641585176899865606e-01
4.641585847278245636e-01
4.641586774710991792e-01
4.641587498186066085e-01
4.641588498244973438e-01
4.641589277553851423e-01
4.641590353865864271e-01
4.641591191714806719e-01
4.641592347874201052e-01
4.641593246951372653e-01
4.641594486536755881e-01
4.641595449524980044e-01
4.641596776116280743e-01
4.641597805705698354e-01
4.641599222901088839e-01
4.641600321801667151e-01
4.641601833233827690e-01
4.641603004187432324e-01
4.641604613539271895e-01
4.641605859331040529e-01
4.641607570350397283e-01
4.641608893819391679e-01
4.641610710332643719e-01
4.641612114381479248e-01
4.641614040305592770e-01
4.641615527908990457e-01
4.641617567262028565e-01
4.641619141474001009e-01
4.641621298383880045e-01
4.641622962343481262e-01
4.641625241054766482e-01
4.641626997990558889e-01
4.641629402869097420e-01
4.641631256101787506e-01
4.641633791637415629e-01
4.641635744581115719e-01
4.641638415388019134e-01
4.641640471549675073e-01
4.641643282364891765e-01
4.641645445342384990e-01
4.641648401021999937e-01
4.641650674500591989e-01
4.641653780014159958e-01
4.641656167761568641e-01
4.641659428184598535e-01
4.641661934044759574e-01
4.641665354549696643e-01
4.641667982435453421e-01
4.641671568281113269e-01
4.641674322165763589e-01
4.641678078685608222e-01
4.641680962593786597e-01
4.641684895183235682e-01
4.641687913181010150e-01
4.641692027283907396e-01
4.641695183468505514e-01
4.641699484563259759e-01
4.641702783052512604e-01
4.641707276637825896e-01
4.641710721559377251e-01
4.641715413139957946e-01
4.641719008620707743e-01
4.641723903693240061e-01
4.641727653848856661e-01
4.641732757888197836e-01
4.641736666812976697e-01
4.641741985259008607e-01
4.641746057016210569e-01
4.641751595261234820e-01
4.641755833873948967e-01
4.641761597250955163e-01
4.641766006693637259e-01
4.641772000465361203e-01
4.641776584655901705e-01
4.641782814004917768e-01
4.641787576797653525e-01
4.641794046817347974e-01
4.641798991996616275e-01
4.641805707683234750e-01
4.641810838957813323e-01
4.641817805203490854e-01
4.641823126201721772e-01
4.641830347788505340e-01
4.641835862054219941e-01
4.641843343649033615e-01
4.641849054638094163e-01
4.641856800788723425e-01
4.641862711866344138e-01
4.641870726998182928e-01
4.641876841436822221e-01
4.641885129850500946e-01
4.641891450828403154e-01
4.641900016698227716e-01
4.641906547298416119e-01
4.641915394671448647e-01
4.641922137881440702e-01
4.641931270677185362e-01
4.641938229388835047e-01
4.641947651399689345e-01
4.641954828409805556e-01
4.641964543301787538e-01
4.641971941312871275e-01
4.641981952627028951e-01
4.641989574248444606e-01
4.641999885402532944e-01
4.642007733151935489e-01
4.642018347442601334e-01
4.642026423747694919e-01
4.642037344352811234e-01
4.642045651553234342e-01
4.642056881534721846e-01
4.642065421884242205e-01
4.642076964190984811e-01
4.642085739859795890e-01
4.642097597330941960e-01
4.642106610408145428e-01
4.642118785776487844e-01
4.642128038272780866e-01
4.642140534168363031e-01
4.642150028018827146e-01
4.642162846972821000e-01
4.642172584039830907e-01
4.642185728488468222e-01
4.642195710564772093e-01
4.642212579302219533e-01
4.642219411665440831e-01
4.642233214053498314e-01
4.642243691264159589e-01
4.642261388358129848e-01
4.642268553141697951e-01
4.642283022182914221e-01
4.642297683211424331e-01
4.642308806391473586e-01
4.642320038199332921e-01
4.642335182010479677e-01
4.642346668310349256e-01
4.642366052866170323e-01
4.642373894580608118e-01
4.642389720763733796e-01
4.642405743244747418e-01
4.642417890299324057e-01
4.642430148336520457e-01
4.642446664068805018e-01
4.642459181987718675e-01
4.642480290937895937e-01
4.642488824151428384e-01
4.642506036283483573e-01
4.642523448611655112e-01
4.642536640585927521e-01
4.642549945698433156e-01
4.642567860861726570e-01
4.642581430837673384e-01
4.642604297920409073e-01
4.642613536027954679e-01
4.642632160752464543e-01
4.642650989408426132e-01
4.642665246079634711e-01
4.642679617992084840e-01
4.642698958834016176e-01
4.642713600536640950e-01
4.642738258557193021e-01
4.642748214704572884e-01
4.642768278384358238e-01
4.642788549863398617e-01
4.642803891217466838e-01
4.642819350035805037e-01
4.642840143585503232e-01
4.642855877478850868e-01
4.642882360971031241e-01
4.642893049139306116e-01
4.642914580058085661e-01
4.642936323115000596e-01
4.642952771058075911e-01
4.642969339004126006e-01
4.642991615419850282e-01
4.643008464548250558e-01
4.643036812796294543e-01
4.643048249025539809e-01
4.643071279859770084e-01
4.643094528010902611e-01
4.643112108263727222e-01
4.643129811583722732e-01
4.643153606716963755e-01
4.643171598640887243e-01
4.643201858925577463e-01
4.643214062618845062e-01
4.643238633052436115e-01
4.643263427195793436e-01
4.643282171260045832e-01
4.643301042189597050e-01
4.643326400200164517e-01
4.643345568951113278e-01
4.643377799789883409e-01
4.643390795001282045e-01
4.643416954284437237e-01
4.643443345231791919e-01
4.643463292268371068e-01
4.643483370891001161e-01
4.643510346690193358e-01
4.643530734574521923e-01
4.643565008667429050e-01
4.643578825257537179e-01
4.643606634475374029e-01
4.643634685160409337e-01
4.643655883603525214e-01
4.643677219426582403e-01
4.643705880716225143e-01
4.643727539795747261e-01
4.643763946395676467e-01
4.643778620944365998e-01
4.643808154779852093e-01
4.643837941935409219e-01
4.643860450692575692e-01
4.643883103796447309e-01
4.643913532521146692e-01
4.643936525640951496e-01
4.643975172148782082e-01
4.643990748551528602e-01
4.644022096406104638e-01
4.644053711588392308e-01
4.644077600745306067e-01
4.644101642434354527e-01
4.644133935565398219e-01
4.644158336879721238e-01
4.644199349603308491e-01
4.644215879334397945e-01
4.644249145786334965e-01
4.644282695744269551e-01
4.644308046784849653e-01
4.644333559759774577e-01
4.644367829453182051e-01
4.644393724491569508e-01
4.644437248660767126e-01
4.644454790747191697e-01
4.644490095446669464e-01
4.644525701950129593e-01
4.644552607586202031e-01
4.644579685740054531e-01
4.644616059015083676e-01
4.644643544406470981e-01
4.644689743652261060e-01
4.644708364445448434e-01
4.644745841627129779e-01
4.644783640941487768e-01
4.644812204696254221e-01
4.644840952680384105e-01
4.644879570816671799e-01
4.644908753821227476e-01
4.644957809369212320e-01
4.644977582214634415e-01
4.645017380025552867e-01
4.645057522227135638e-01
4.645087857915156104e-01
4.645118390615146087e-01
4.645159408448846228e-01
4.645190406427336383e-01
4.645242516210830730e-01
4.645263521092788950e-01
4.645305800881985858e-01
4.645348449148423153e-01
4.645380680344323165e-01
4.645413122349153490e-01
4.645456707566240073e-01
4.645489647450568582e-01
4.645545025227456049e-01
4.645567348415177156e-01
4.645612284023422078e-01
4.645657613918501294e-01
4.645691873415694340e-01
4.645726358471127249e-01
4.645772690867314147e-01
4.645807708594945074e-01
4.645866582980062720e-01
4.645890316630135186e-01
4.645938093573375172e-01
4.645986292196888634e-01
4.646022721344418294e-01
4.646059391664746352e-01
4.646108662184089133e-01
4.646145901940015865e-01
4.646208515061376332e-01
4.646233756648970314e-01
4.646284570921315749e-01
4.646335835624851307e-01
4.646374583301027816e-01
4.646413588483682688e-01
4.646465997671423431e-01
4.646505610646712858e-01
4.646572215906842884e-01
4.646599067266449778e-01
4.646653123302738053e-01
4.646707659482647301e-01
4.646748880319748753e-01
4.646790375460203570e-01
4.646846130767064431e-01
4.646888272991533397e-01
4.646959131156810918e-01
4.646987696806998414e-01
4.647045203929818791e-01
4.647103221187957600e-01
4.647147072493123532e-01
4.647191214924775160e-01
4.647250526063163578e-01
4.647295354687525082e-01
4.647370727215474617e-01
4.647401111514418703e-01
4.647462277927018603e-01
4.647523983618012111e-01
4.647570620225000004e-01
4.647617564093510234e-01
4.647680635350358580e-01
4.647728302524954946e-01
4.647808440645188610e-01
4.647840743160273069e-01
4.647905766212781509e-01
4.647971355050650732e-01
4.648020921070390998e-01
4.648070808677262078e-01
4.648137826711452592e-01
4.648188469917172161e-01
4.648256500084743115e-01
4.648307905749396451e-01
4.648376956783776270e-01
4.648429131126695646e-01
4.648499210847276686e-01
4.648552159355562874e-01
4.648623274540348849e-01
4.648677001868873337e-01
4.648749158114794944e-01
4.648803667976920684e-01
4.648876869547644008e-01
4.648932164595916960e-01
4.649006414255952291e-01
4.649062495952367979e-01
4.649137794786638578e-01
4.649194663261708160e-01
4.649271010479978927e-01
4.649328664379997478e-01
4.649406057105062717e-01
4.649464493427097889e-01
4.649542926466193049e-01
4.649602140380093007e-01
4.649681605978733812e-01
4.649741590635742550e-01
4.649822078213428633e-01
4.649882824540965132e-01
4.649964320408088159e-01
4.650025816890445141e-01
4.650108303946345889e-01
4.650170536390908493e-01
4.650253993802712094e-01
4.650316945092014542e-01
4.650401347954398190e-01
4.650464997783842480e-01
4.650550316760220793e-01
4.650614641362167956e-01
4.650700842307886052e-01
4.650765814162762246e-01
4.650852857731778700e-01
4.650918445267154810e-01
4.651006286503634457e-01
4.651072453782965077e-01
4.651161041700208054e-01
4.651227748103064497e-01
4.651317025252830750e-01
4.651384225149187701e-01
4.651474127184898610e-01
4.651541769606644117e-01
4.651632224845352881e-01
4.651700253158626563e-01
4.651791182147114734e-01
4.651859533730247076e-01
4.651950848821825857e-01
4.652019454754070527e-01
4.652111059703836760e-01
4.652179844471092673e-01
4.652271634058485206e-01
4.652340515283125977e-01
4.652432374971732232e-01
4.652501263174511070e-01
4.652593068820385924e-01
4.652661867223277237e-01
4.652753484844234233e-01
4.652822089223909718e-01
4.652913374843180572e-01
4.652981673445564237e-01
4.653072473024215672e-01
4.653140346551310480e-01
4.653230496024597929e-01
4.653297817704873940e-01
4.653387143137941995e-01
4.653453778892348014e-01
4.653542096770921233e-01
4.653607905485626084e-01
4.653695023156749766e-01
4.653759857074046269e-01
4.653845573351083620e-01
4.653909278588218568e-01
4.653993384532589261e-01
4.654055801737350118e-01
4.654138081627201551e-01
4.654199046776574811e-01
4.654279279269464276e-01
4.654338624615586006e-01
4.654416584108271859e-01
4.654474139272102295e-01
4.654549597456345000e-01
4.654605190666253889e-01
4.654677918273416592e-01
4.654731377741296861e-01
4.654801146463175554e-01
4.654852301886199806e-01
4.654918886452857341e-01
4.654967570623836370e-01
4.655030751012644852e-01
4.655076801517309404e-01
4.655136365260495457e-01
4.655179626234833834e-01
4.655235370787239035e-01
4.655275694703681633e-01
4.655327429826064400e-01
4.655364679273675255e-01
4.655412229383167899e-01
4.655446278803729854e-01
4.655489485239227565e-01
4.655520222579821454e-01
4.655558945729286746e-01
4.655586273971141220e-01
4.655620395207699658e-01
4.655644233732517123e-01
4.655673657109379304e-01
4.655693942866983015e-01
4.655718596524833774e-01
4.655735284969990673e-01
4.655755122218512287e-01
4.655768187990523832e-01
4.655783188032432962e-01
4.655792625357994541e-01
4.655802793635125947e-01
4.655808616442683734e-01
4.655813984593522581e-01
4.655816226335469099e-01
4.655816851765335329e-01
4.655815564953200703e-01
4.655811530029161927e-01
4.655806785494940869e-01
4.655798196388374888e-01
4.655790082292884380e-01
4.655777067502249733e-01
4.655765688118075896e-01
4.655748396712212078e-01
4.655733871014153258e-01
4.655712470642995870e-01
4.655694930742916293e-01
4.655669605466797312e-01
4.655649194932160451e-01
4.655620142922768934e-01
4.655597015019070084e-01
4.655564446185450067e-01
4.655538762082055970e-01
4.655502895673246377e-01
4.655474822650265132e-01
4.655435884882994091e-01
4.655405594573481243e-01
4.655363816328029758e-01
4.655331483026461381e-01
4.655287097648789785e-01
4.655252896711407629e-01
4.655206137952749290e-01
4.655170244310996019e-01
4.655121344429778985e-01
4.655083931232981698e-01
4.655033119277042220e-01
4.654994356675148937e-01
4.654941856956101853e-01
4.654901911029362127e-01
4.654847941794539867e-01
4.654806973632087397e-01
4.654751745935085117e-01
4.654709910861242195e-01
4.654653627626529899e-01
4.654611074570164653e-01
4.654553929844352789e-01
4.654510800844275376e-01
4.654452979222923337e-01
4.654409409060560887e-01
4.654351085277842470e-01
4.654307201226458579e-01
4.654248539893114933e-01
4.654204461572616358e-01
4.654145617046664962e-01
4.654101456372178314e-01
4.654042572746838191e-01
4.653998433959298242e-01
4.653939645152652127e-01
4.653895624919822671e-01
4.653837054850734067e-01
4.653793242427666232e-01
4.653735005264076907e-01
4.653691482702571602e-01
4.653633683168389990e-01
4.653590525565732272e-01
4.653533259294276858e-01
4.653490535072727918e-01
4.653433888995596179e-01
4.653391660204410640e-01
4.653335712965835369e-01
4.653294035599170875e-01
4.653238857987126997e-01
4.653197782311539465e-01
4.653143437698264995e-01
4.653103008584743572e-01
4.653049553369968394e-01
4.653009810625887144e-01
4.652957294677593780e-01
4.652918273375041824e-01
4.652866740463126871e-01
4.652828471260468390e-01
4.652777959479814096e-01
4.652740468934165596e-01
4.652691011114103437e-01
4.652654321982629404e-01
4.652605946080677346e-01
4.652570077609665677e-01
4.652522807087804413e-01
4.652487775287886262e-01
4.652441629470441820e-01
4.652407447377923111e-01
4.652362441790095504e-01
4.652329119713463079e-01
4.652285266400348895e-01
4.652252812152183337e-01
4.652210119978009151e-01
4.652178539092082232e-01
4.652137014020161776e-01
4.652106309954151531e-01
4.652065955307411738e-01
4.652036129631340056e-01
4.651996946334601701e-01
4.651967998905616186e-01
4.651929985709596371e-01
4.651901914833561080e-01
4.651865068521798263e-01
4.651837871102194044e-01
4.651802186681506246e-01
4.651775858356241855e-01
4.651741329231448563e-01
4.651715864498405240e-01
4.651682482632270577e-01
4.651657874963823214e-01
4.651625631023122986e-01
4.651601872970732021e-01
4.651563076312935641e-01
4.651547839748216284e-01
4.651517839126626530e-01
4.651488470612341608e-01
4.651466857538926192e-01
4.651445595805603905e-01
4.651417788711892376e-01
4.651397339360292538e-01
4.651370608322816236e-01
4.651350960554865854e-01
4.651325290852407202e-01
4.651306433396976137e-01
4.651281809711860782e-01
4.651263730874777291e-01
4.651240137355744375e-01
4.651222825064332267e-01
4.651200245382429155e-01
4.651183687224586527e-01
4.651162104622056925e-01
4.651146287880971175e-01
4.651125685214473338e-01
4.651110596898649363e-01
4.651090956676710020e-01
4.651076583546269738e-01
4.651057887961911330e-01
4.651044216551198929e-01
4.651026447509864492e-01
4.651013464146995235e-01
4.650996603290525333e-01
4.650984294113804096e-01
4.650968322840777769e-01
4.650956673812784437e-01
4.650941573295577225e-01
4.650930570214832915e-01
4.650916321413858801e-01
4.650905949924540872e-01
4.650892533599996215e-01
4.650882779199960182e-01
4.650870175921503202e-01
4.650861023968790309e-01
4.650849214123413677e-01
4.650840649841602725e-01
4.650829613640048987e-01
4.650821622122598420e-01
4.650811339604587480e-01
4.650803905818452488e-01
4.650794356857184120e-01
4.650787465645883079e-01
4.650778629951916043e-01
4.650772266038337155e-01
4.650764123163123043e-01
4.650758271152269918e-01
4.650750800491871284e-01
4.650745444873564116e-01
4.650738625672603543e-01
4.650733750824687096e-01
4.650727562180748120e-01
4.650723152372714386e-01
4.650717573241698877e-01
4.650713612639023609e-01
4.650708621841417867e-01
4.650705094510814153e-01
4.650700670739508213e-01
4.650697560655165930e-01
4.650693682484518532e-01
4.650690973535767658e-01
4.650687619432722353e-01
4.650685295432931410e-01
4.650682443769877938e-01
4.650680488467030527e-01
4.650678117537137557e-01
4.650676514626085334e-01
4.650674602660763157e-01
4.650673335797371188e-01
4.650671860986431150e-01
4.650670913803630069e-01
4.650669854318073004e-01
4.650669210444019486e-01
4.650668544461679099e-01
4.650668187540080156e-01
4.650667893274147424e-01
4.650667806986690245e-01
4.650667862717199896e-01
4.650668030808348119e-01
4.650668414916582227e-01
4.650668821220475535e-01
4.650669512226394686e-01
4.650670140696090971e-01
4.650671117298689761e-01
4.650671952037309098e-01
4.650673193157656149e-01
4.650674218451882336e-01
4.650675703278941975e-01
4.650676903634142212e-01
4.650678611672992013e-01
4.650679971850365524e-01
4.650681882972559911e-01
4.650683388027638809e-01
4.650685482523679304e-01
4.650687117846310503e-01
4.650689376479535397e-01
4.650691127834791772e-01
4.650693531896705757e-01
4.650695385466732112e-01
4.650697916832968182e-01
4.650699859259150859e-01
4.650702500445946797e-01
4.650704518871345838e-01
4.650707253091890814e-01
4.650709335203236372e-01
4.650712146423465199e-01
4.650714280492672659e-01
4.650717153485923183e-01
4.650719328410546360e-01
4.650722248810621462e-01
4.650724454152866949e-01
4.650727408504866101e-01
4.650729634528827372e-01
4.650732610337426354e-01
4.650734848044061898e-01
4.650737833818456290e-01
4.650740074977978700e-01
4.650743060273203056e-01
4.650745297454613736e-01
4.650748272908675207e-01
4.650750499505805768e-01
4.650753456872248615e-01
4.650755667126442727e-01
4.650758599301786367e-01
4.650760788320517092e-01
4.650763689366601561e-01
4.650765853138096317e-01
4.650768718298559090e-01
4.650770853701990948e-01
4.650773679413102157e-01
4.650775784224511211e-01
4.650778568119869893e-01
4.650780641013392835e-01
4.650783381922644621e-01
4.650785422467275110e-01
4.650788120408594906e-01
4.650790129060245470e-01
4.650792785226989801e-01
4.650794763316210001e-01
4.650797380057293262e-01
4.650799329772474233e-01
4.650801910567367026e-01
4.650803834933784353e-01
4.650806384361661494e-01
4.650808287216494086e-01
4.650810810920537053e-01
4.650812696884059072e-01
4.650815201530704157e-01
4.650817075974170711e-01
4.650819569207970128e-01
4.650821438218255555e-01
4.650823928612901059e-01
4.650825798954317247e-01
4.650828295960134917e-01
4.650830175033937586e-01
4.650832688922447167e-01
4.650834584724276022e-01
4.650837126530231735e-01
4.650839047605937471e-01
4.650841629067640204e-01
4.650843584467870273e-01
4.650846217965977081e-01
4.650848217200000967e-01
4.650850915695580734e-01
4.650852968684594524e-01
4.650855745656821694e-01
4.650857862687313160e-01
4.650860732071371850e-01
4.650862923748643185e-01
4.650865899874196963e-01
4.650868177076663001e-01
4.650871274607482064e-01
4.650873648441793962e-01
4.650876882316695160e-01
4.650879364074224642e-01
4.650881895577863023e-01
4.650885350564429310e-01
4.650888006358900872e-01
4.650891634767888028e-01
4.650894426420931205e-01
4.650898243713549318e-01
4.650901182840505577e-01
4.650905204517289393e-01
4.650908302745386247e-01
4.650912544300059293e-01
4.650915813234945961e-01
4.650920290111228428e-01
4.650923741305706405e-01
4.650928468857190579e-01
4.650932113782215716e-01
4.650937107235275647e-01
4.650940957253331676e-01
4.650946231673033782e-01
4.650950298013710738e-01
4.650955868272799165e-01
4.650960162010621679e-01
4.650966042761447428e-01
4.650970574795934009e-01
4.650976780445223446e-01
4.650981561482900872e-01
4.650988106169213210e-01
4.650993146707842474e-01
4.651000044281692891e-01
4.651005354596151609e-01
4.651012618602453630e-01
4.651018208732525250e-01
4.651025852395360149e-01
4.651031732135041952e-01
4.651039768344435998e-01
4.651045947232688160e-01
4.651054388533200634e-01
4.651060875846145248e-01
4.651069734427094593e-01
4.651076539171181135e-01
4.651085826858348815e-01
4.651092957764508817e-01
4.651102686013028342e-01
4.651110151531850923e-01
4.651120331419885123e-01
4.651128139717151111e-01
4.651138781940654665e-01
4.651146940893624016e-01
4.651158055761453469e-01
4.651166572955341416e-01
4.651178170384768218e-01
4.651187053109533398e-01
4.651199142622085003e-01
4.651208397869336930e-01
4.651220988586656224e-01
4.651230623046504475e-01
4.651243723686131482e-01
4.651253743744010460e-01
4.651267362615162382e-01
4.651277774348709371e-01
4.651291919347945725e-01
4.651302728523533658e-01
4.651317407130312609e-01
4.651328619199986969e-01
4.651343838472370984e-01
4.651355458570438084e-01
4.651371225141017196e-01
4.651383258081443484e-01
4.651399578153907477e-01
4.651412028427887591e-01
4.651428907774652899e-01
4.651441779549394528e-01
4.651459223510664431e-01
4.651472520629522100e-01
4.651490534114711140e-01
4.651504260099252885e-01
4.651522847591444965e-01
4.651537005646141920e-01
4.651556171210371460e-01
4.651570764230722466e-01
4.651590511527478600e-01
4.651605542112190461e-01
4.651625874416875361e-01
4.651641344885132923e-01
4.651662265114890893e-01
4.651678177529510738e-01
4.651699688278489453e-01
4.651716044475804335e-01
4.651738148059791911e-01
4.651754949686970342e-01
4.651777648198437420e-01
4.651794896758802422e-01
4.651818192132764485e-01
4.651835889039293570e-01
4.651859783130272707e-01
4.651877929767344599e-01
4.651899344319832541e-01
4.651921022229743574e-01
4.651942963943936360e-01
4.651965169934590416e-01
4.651987640705464444e-01
4.652010376798066948e-01
4.652033378797780228e-01
4.652056647340296336e-01
4.652080183117747181e-01
4.652103986884817965e-01
4.652128059464848420e-01
4.652152401755488831e-01
4.652177014734318328e-01
4.652201899464023516e-01
4.652227057097307328e-01
4.652252488881233883e-01
4.652278196161388490e-01
4.652304180385257171e-01
4.652330443105252566e-01
4.652356985981206394e-01
4.652383810782146911e-01
4.652410919387739430e-01
4.652438313788882507e-01
4.652465996087938316e-01
4.652493968498337962e-01
4.652522233343626135e-01
4.652550793056055567e-01
4.652579650174643033e-01
4.652608807342928920e-01
4.652638267306147823e-01
4.652668032908306994e-01
4.652698107088810708e-01
4.652728492878942523e-01
4.652759193398212645e-01
4.652790211850508229e-01
4.652821551520243681e-01
4.652853215768549267e-01
4.652885208029489128e-01
4.652917531806347040e-01
4.652950190668082575e-01
4.652987929456874339e-01
4.653016528230674576e-01
4.653055054559235293e-01
4.653084250461673177e-01
4.653123581719121327e-01
4.653153387968607668e-01
4.653193542005722438e-01
4.653223972154866828e-01
4.653264967255275608e-01
4.653296035174065981e-01
4.653337890038210523e-01
4.653369609906779503e-01
4.653412343648816729e-01
4.653444729959952952e-01
4.653488362117357835e-01
4.653521429688348143e-01
4.653565980243656308e-01
4.653599744236998625e-01
4.653645233651003132e-01
4.653679709603246728e-01
4.653726158858768613e-01
4.653761362717133143e-01
4.653808793372499197e-01
4.653844741538386565e-01
4.653893175789757808e-01
4.653929885168674452e-01
4.653979345920735700e-01
4.654016833978167345e-01
4.654067344922360738e-01
4.654105629745186601e-01
4.654157215445146045e-01
4.654196315808508122e-01
4.654249001792628571e-01
4.654288937231750856e-01
4.654342750092649861e-01
4.654383540980196465e-01
4.654438508481152925e-01
4.654480176109735412e-01
4.654536327298607890e-01
4.654578893969111841e-01
4.654636259299954060e-01
4.654679748415828655e-01
4.654738359879062592e-01
4.654782796047356452e-01
4.654842687309088678e-01
4.654888096448629997e-01
4.654949303000276428e-01
4.654995712458047663e-01
4.655058271777236523e-01
4.655105710453745771e-01
4.655169662178167966e-01
4.655218160662915605e-01
4.655283546778157255e-01
4.655333137496475149e-01
4.655400002540232007e-01
4.655450719912983537e-01
4.655519111197193305e-01
4.655570991814748649e-01
4.655640959668290169e-01
4.655694042481010042e-01
4.655765640515449610e-01
4.655819967042442720e-01
4.655893252444013863e-01
4.655948867002862035e-01
4.656023900854012743e-01
4.656080850814170446e-01
4.656157698448821769e-01
4.656216034511943547e-01
4.656294765909017586e-01
4.656354542419851028e-01
4.656435232640439015e-01
4.656496507932715301e-01
4.656579237606908173e-01
4.656642074389037989e-01
4.656726930259794672e-01
4.656791396046419673e-01
4.656878471578532741e-01
4.656944639174248057e-01
4.657034035238413749e-01
4.657101983282029845e-01
4.657193808925046974e-01
4.657263622503132749e-01
4.657357995817884566e-01
4.657429767158877687e-01
4.657526816269476067e-01
4.657600645530728389e-01
4.657700509711698023e-01
4.657776505874904327e-01
4.657879336825914152e-01
4.657957618718647774e-01
4.658063582021265137e-01
4.658144279486043371e-01
4.658253556273420082e-01
4.658336811509790620e-01
4.658449600386675993e-01
4.658535569496998763e-01
4.658652088754505205e-01
4.658740943530314538e-01
4.658846244264102099e-01
4.658953363703819406e-01
4.659062362746920205e-01
4.659173305513191754e-01
4.659286259565246779e-01
4.659401296147051563e-01
4.659518490443029792e-01
4.659637921859179355e-01
4.659759674328591283e-01
4.659883836644302391e-01
4.660010502821568812e-01
4.660139772493371302e-01
4.660271751342434099e-01
4.660406551573675338e-01
4.660544292431886282e-01
4.660685100769431655e-01
4.660829111669986813e-01
4.660976469134794353e-01
4.661127326838900298e-01
4.661281848965851959e-01
4.661440211130837286e-01
4.661602601402911605e-01
4.661769221439776012e-01
4.661940287749283818e-01
4.662116033095001222e-01
4.662296708065558626e-01
4.662482582830409505e-01
4.662673949108945837e-01
4.662871122384017464e-01
4.663074444396091423e-01
4.663284285961326603e-01
4.663501050163809114e-01
4.663725175982046944e-01
4.663957142420756541e-01
4.664197473233145930e-01
4.664446742335079388e-01
4.664705580034114729e-01
4.664974680221106729e-01
4.665254808704296652e-01
4.665546812905755902e-01
4.665851633189492809e-01
4.666170316153803177e-01
4.666504030301146799e-01
4.666854084601174679e-01
4.667221950596021074e-01
4.667609288869450368e-01
4.668017980928502175e-01
4.668450167846177057e-01
4.668908297414548492e-01
4.669395182098214914e-01
4.669914070815215368e-01
4.670468738588825497e-01
4.671063599533438193e-01
4.671703850646148903e-01
4.672395656760314209e-01
4.673146391223687579e-01
4.673964953106959919e-01
4.674828650167400235e-01
4.675814386081251772e-01
4.676908201805238807e-01
4.678131048905642131e-01
4.679509861839206697e-01
4.681079902334949749e-01
4.682888315241652277e-01
4.684999702225364215e-01
4.687505201967471224e-01
4.690537977286916571e-01
4.694301137231887688e-01
4.699121650066991340e-01
4.705563889344833162e-01
4.714598898375643166e-01
4.728675872017071846e-01
4.753777704813589300e-01
4.811711827070957459e-01
4.956998530286819693e-01
4.826594984256166732e-01
4.759208534164884874e-01
4.731602926230297212e-01
4.716584616794886609e-01
4.706992787242544884e-01
4.700389693650027234e-01
4.695504649363872463e-01
4.691730423639394187e-01
4.688718735353299971e-01
4.686254881394679161e-01
4.684198939724860677e-01
4.682455608374720413e-01
4.680957604163085706e-01
4.679655990052892234e-01
4.678514268713852564e-01
4.677504631014554048e-01
4.676605491997790631e-01
4.675772600225125974e-01
4.675049416384358114e-01
4.674394688682617649e-01
4.673799434281160625e-01
4.673256214973954270e-01
4.672758815270837141e-01
4.672301998316176208e-01
4.671881318438700914e-01
4.671492975503135359e-01
4.671133700526302057e-01
4.670800664961023974e-01
4.670491408096374975e-01
4.670203778468601796e-01
4.669935886210436204e-01
4.669686064015694527e-01
4.669452834946008490e-01
4.669234885712563177e-01
4.669031044370717254e-01
4.668840261595888497e-01
4.668661594882984045e-01
4.668494195148133463e-01
4.668337295314576307e-01
4.668190200546273316e-01
4.668052279856774733e-01
4.667922958871506545e-01
4.667801713561426924e-01
4.667688064798837244e-01
4.667581573611166434e-01
4.667481837030215130e-01
4.667388484451052699e-01
4.667301174428553079e-01
4.667219591851263227e-01
4.667143445441403471e-01
4.667072465537864256e-01
4.667006402125354336e-01
4.666945023078136745e-01
4.666888112591852655e-01
4.666835469779784806e-01
4.666786907414454677e-01
4.666742250796531155e-01
4.666701336736946426e-01
4.666664012638708225e-01
4.666630135667751422e-01
4.666599572002470553e-01
4.666572196153797036e-01
4.666547890348012873e-01
4.666526543966041940e-01
4.666508053032918379e-01
4.666492319752915674e-01
4.666479252085206086e-01
4.666468763356579341e-01
4.666460771907280924e-01
4.666455200766980171e-01
4.666451977358088143e-01
4.666451033223863454e-01
4.666452303779080046e-01
4.666456389092017987e-01
4.666461248620672464e-01
4.666470054557659286e-01
4.666478364395789113e-01
4.666491657646524294e-01
4.666503252742148500e-01
4.666520825766878322e-01
4.666535559417395174e-01
4.666557227950402509e-01
4.666574970085968221e-01
4.666600571038359013e-01
4.666621206783047038e-01
4.666650596489956282e-01
4.666674024963302636e-01
4.666707077730564701e-01
4.666733211059638786e-01
4.666769817973995260e-01
4.666798580491522963e-01
4.666838648465282402e-01
4.666869976074368154e-01
4.666913427101309075e-01
4.666947266791202642e-01
4.666994037395032491e-01
4.667030346895379433e-01
4.667074031680314983e-01
4.667119135319333645e-01
4.667165651485048472e-01
4.667213575369058565e-01
4.667262903686884012e-01
4.667313634686514612e-01
4.667365768160798289e-01
4.667419305463105239e-01
4.667474249526520902e-01
4.667530604885883339e-01
4.667588377702762137e-01
4.667647575792950310e-01
4.667708208655937385e-01
4.667770287506072813e-01
4.667833825304727458e-01
4.667898836792787609e-01
4.667965338522572782e-01
4.668033348888107059e-01
4.668102888152521057e-01
4.668173978470874230e-01
4.668246643906803217e-01
4.668320910440210691e-01
4.668396805963855867e-01
4.668474360265117973e-01
4.668553604989098549e-01
4.668634573578537839e-01
4.668717301184728830e-01
4.668801824542868628e-01
4.668888181804005666e-01
4.668976412314254643e-01
4.669066556330301876e-01
4.669158654658442376e-01
4.669252748202064041e-01
4.669348877400288367e-01
4.669447081537427269e-01
4.669547397900478125e-01
4.669649860757957294e-01
4.669754500130803843e-01
4.669861340322016829e-01
4.669970398169088766e-01
4.670081680980063821e-01
4.670195184112755360e-01
4.670310888155841389e-01
4.670428755673223242e-01
4.670548727477414341e-01
4.670670718408734268e-01
4.670794612612503283e-01
4.670920258331238140e-01
4.671047462262911121e-01
4.671175983583676361e-01
4.671305527793611079e-01
4.671435740620044075e-01
4.671566202303193416e-01
4.671696422690116979e-01
4.671825837670271486e-01
4.671953807585941254e-01
4.672079618329766926e-01
4.672202485875564526e-01
4.672321564953627049e-01
4.672435962449227320e-01
4.672544755853609844e-01
4.672647016718661783e-01
4.672741838573042372e-01
4.672828368186307535e-01
4.672900620238545355e-01
4.672969094644618959e-01
4.673027390972128159e-01
4.673075167580988953e-01
4.673112269984449063e-01
4.673138738471430687e-01
4.673154805802708367e-01
4.673160885208647586e-01
4.673157549859854876e-01
4.673145505741465033e-01
4.673125560328766914e-01
4.673098589594407160e-01
4.673065505701075595e-01
4.673027227318273247e-01
4.672984653953445311e-01
4.672938645101841759e-01
4.672890004483354898e-01
4.672839469198733497e-01
4.672787703328108999e-01
4.672735295308515502e-01
4.672682758350541476e-01
4.672630533158060873e-01
4.672578992277086618e-01
4.672528445490818916e-01
4.672479145784958487e-01
4.672431295511610960e-01
4.672385052476613065e-01
4.672340535757685820e-01
4.672297831128420786e-01
4.672256996016804220e-01
4.672215356095842931e-01
4.672178477698223364e-01
4.672143512405239618e-01
4.672110443113163813e-01
4.672079242074413941e-01
4.672049873103222284e-01
4.672022293448750974e-01
4.671996455375804769e-01
4.671972307489979381e-01
4.671949795841646158e-01
4.671928864839900442e-01
4.671909458003680737e-01
4.671891518574627922e-01
4.671874990012718776e-01
4.671859816393169051e-01
4.671845942720358469e-01
4.671833315172495005e-01
4.671821881288514278e-01
4.671811590107216583e-01
4.671802392266747317e-01
4.671794240071792670e-01
4.671787087534283178e-01
4.671780890392469576e-01
4.671775606112840151e-01
4.671771193878129780e-01
4.671767614564413806e-01
4.671764830709763672e-01
4.671762806476270069e-01
4.671761507607380959e-01
4.671760901381618591e-01
4.671760956563934530e-01
4.671761643355530902e-01
4.671762933343019952e-01
4.671764799447296612e-01
4.671767215872834056e-01
4.671770158057394484e-01
4.671773602623059962e-01
4.671777527327899415e-01
4.671781911019591838e-01
4.671786733589856633e-01
4.671791975930834062e-01
4.671797619892781861e-01
4.671804539252253918e-01
4.671810044629318703e-01
4.671817784978404275e-01
4.671823880260090878e-01
4.671832374579096281e-01
4.671839012138510050e-01
4.671848200284663966e-01
4.671855337431860544e-01
4.671865165564003108e-01
4.671872764133295219e-01
4.671883184185655069e-01
4.671891210158172769e-01
4.671902179359212481e-01
4.671910602517942990e-01
4.671922082950245025e-01
4.671930876564266422e-01
4.671942834761877994e-01
4.671951975297264914e-01
4.671964381876435590e-01
4.671973848731034162e-01
4.671986678051379682e-01
4.671996453311063613e-01
4.672009683163672045e-01
4.672019751377937125e-01
4.672033362698064241e-01
4.672043710672851846e-01
4.672057687274185911e-01
4.672068303880265172e-01
4.672082632209128006e-01
4.672093508204467893e-01
4.672108177111539140e-01
4.672119304976301013e-01
4.672134305504368479e-01
4.672145679287216247e-01
4.672161004473247004e-01
4.672172619648097269e-01
4.672188264338810737e-01
4.672200117670953223e-01
4.672216078350029389e-01
4.672228167770856588e-01
4.672244442397445185e-01
4.672256766887256663e-01
4.672273354744518326e-01
4.672285914222454872e-01
4.672302815775701279e-01
4.672315610996759516e-01
4.672332827760234952e-01
4.672345860218494740e-01
4.672363394630484890e-01
4.672376666468408546e-01
4.672394521774128617e-01
4.672408035697492301e-01
4.672426215839284303e-01
4.672439975037439575e-01
4.672458484551888502e-01
4.672472492623191420e-01
4.672491336544938867e-01
4.672505597426940827e-01
4.672524781198701960e-01
4.672539299102986265e-01
4.672558828491771843e-01
4.672573607843247268e-01
4.672593488862143429e-01
4.672608534242598810e-01
4.672628773078258968e-01
4.672644089173896842e-01
4.672664692119288254e-01
4.672680283672258073e-01
4.672701257064476588e-01
4.672717128828057231e-01
4.672743849483385059e-01
4.672754635688470271e-01
4.672776368880444120e-01
4.672798323713944768e-01
4.672814937532438484e-01
4.672831677961624686e-01
4.672854195486684792e-01
4.672871234477891655e-01
4.672899917642289735e-01
4.672911494762553852e-01
4.672934819740835466e-01
4.672958379400697360e-01
4.672976205213950074e-01
4.672994164663828442e-01
4.673018318226574985e-01
4.673036592055110905e-01
4.673067347676359007e-01
4.673079758672120110e-01
4.673104759501410799e-01
4.673130005452936220e-01
4.673149102568993629e-01
4.673168338750115502e-01
4.673194202722298352e-01
4.673213765171142509e-01
4.673246678950183086e-01
4.673259956686996452e-01
4.673286696608549007e-01
4.673313688701755120e-01
4.673334099734832714e-01
4.673354653278942727e-01
4.673382278704122372e-01
4.673403165674057669e-01
4.673438292841652353e-01
4.673452457783113245e-01
4.673480974903297391e-01
4.673509747453596930e-01
4.673531495633885813e-01
4.673553387610780430e-01
4.673582799206303928e-01
4.673605026694720999e-01
4.673642389059959878e-01
4.673657448228577538e-01
4.673687753674772294e-01
4.673718313920966483e-01
4.673741402129219513e-01
4.673764633239940736e-01
4.673795828559734189e-01
4.673819392205662004e-01
4.673858977713712948e-01
4.673874924621069238e-01
4.673907002577963321e-01
4.673939330945683923e-01
4.673963742054204062e-01
4.673988293090560187e-01
4.674021243315753527e-01
4.674046119121633147e-01
4.674087883291793699e-01
4.674104698592821405e-01
4.674138507742154336e-01
4.674172559451563735e-01
4.674198257635914233e-01
4.674224090879850468e-01
4.674258742815916023e-01
4.674284888740480870e-01
4.674328757494158326e-01
4.674346410177067090e-01
4.674381886173361034e-01
4.674417593838862128e-01
4.674444526605726069e-01
4.674471587921694149e-01
4.674507866885272978e-01
4.674535225078667033e-01
4.674581098592416328e-01
4.674599547562806046e-01
4.674636606272872252e-01
4.674673883233593230e-01
4.674701983976095598e-01
4.674730205413702433e-01
4.674768018773465816e-01
4.674796518284067282e-01
4.674844275593363907e-01
4.674863471546921168e-01
4.674902012845807975e-01
4.674940757026320171e-01
4.674969947959746741e-01
4.674999250722288724e-01
4.675038491905566529e-01
4.675068051719060702e-01
4.675117555844270356e-01
4.675137443336961907e-01
4.675177355279774294e-01
4.675217453400483669e-01
4.675247648743037776e-01
4.675277946385937300e-01
4.675318499167577802e-01
4.675349031439668401e-01
4.675400134798634588e-01
4.675420654418726563e-01
4.675461817593375424e-01
4.675503149530766955e-01
4.675534258775561058e-01
4.675565460477654756e-01
4.675607203336634710e-01
4.675638616653702284e-01
4.675691166475980931e-01
4.675712257000660954e-01
4.675754548821531298e-01
4.675796991870720953e-01
4.675828922958675804e-01
4.675860936671445978e-01
4.675903746948705253e-01
4.675935949411714199e-01
4.675989792805234635e-01
4.676011393199249189e-01
4.676054691851916911e-01
4.676098124595886585e-01
4.676130786764368108e-01
4.676163522011974050e-01
4.676207279563412977e-01
4.676240181464080825e-01
4.676295169746428337e-01
4.676317220847253653e-01
4.676361408573759815e-01
4.676405714050704265e-01
4.676439020128100310e-01
4.676472390230123621e-01
4.676516980275055024e-01
4.676550496143035418e-01
4.676606488078161039e-01
4.676628933827807755e-01
4.676673899279749080e-01
4.676718967185544695e-01
4.676752835142510278e-01
4.676786758677566325e-01
4.676832073611773555e-01
4.676866123469620717e-01
4.676922987156751921e-01
4.676945775285913931e-01
4.676991414769386957e-01
4.677037142537587844e-01
4.677071496188307531e-01
4.677105897602075735e-01
4.677151837663559020e-01
4.677186347417294221e-01
4.677243960736535144e-01
4.677267042871146585e-01
4.677313260438122899e-01
4.677359553170069018e-01
4.677394322015312467e-01
4.677429131374845617e-01
4.677475604180131863e-01
4.677510505170874855e-01
4.677568754847353794e-01
4.677592086069462529e-01
4.677638792530419698e-01
4.677685561865440600e-01
4.677720680153680255e-01
4.677755832131915148e-01
4.677802751205391019e-01
4.677837979020962322e-01
4.677896758486425055e-01
4.677920296425115421e-01
4.677967407441525616e-01
4.678014569533771039e-01
4.678049974670471234e-01
4.678085406894541554e-01
4.678132689374573938e-01
4.678168182062830693e-01
4.678227388356996364e-01
4.678251091908103843e-01
4.678298525365303662e-01
4.678345998171247744e-01
4.678381628631139155e-01
4.678417279551180252e-01
4.678464843284060315e-01
4.678500539127253277e-01
4.678560069106661445e-01
4.678583896889479954e-01
4.678631569766780740e-01
4.678679269861764078e-01
4.678715062768981636e-01
4.678750869212458530e-01
4.678798629455184765e-01
4.678834464472538257e-01
4.678894210606964754e-01
4.678918119270090159e-01
4.678965944234211860e-01
4.679013783385431724e-01
4.679049671932665189e-01
4.679085566517174333e-01
4.679133432481001886e-01
4.679169337833966602e-01
4.679229183884064946e-01
4.679253126379000483e-01
4.679301008339402101e-01
4.679348890076319711e-01
4.679384800965827318e-01
4.679420709553581692e-01
4.679468581035470254e-01
4.679504480523419274e-01
4.679564297415535479e-01
4.679588221365907907e-01
4.679636054249681765e-01
4.679683870692763481e-01
4.679719721796608556e-01
4.679755561190842572e-01
4.679803325562338912e-01
4.679839133412653229e-01
4.679898775655880194e-01
4.679922621961392082e-01
4.679970285989575318e-01
4.680017915222575153e-01
4.680053613678760716e-01
4.680089289780144934e-01
4.680136819627595535e-01
4.680172438803398283e-01
4.680231741824567582e-01
4.680255443651898939e-01
4.680302803423198599e-01
4.680350107718504460e-01
4.680385548696872622e-01
4.680420955355562573e-01
4.680468107088717189e-01
4.680503428353026130e-01
4.680562207151084952e-01
4.680585689472994693e-01
4.680632593179000489e-01
4.680679418401194058e-01
4.680714484783655704e-01
4.680749503591934424e-01
4.680796117346799345e-01
4.680831019327977849e-01
4.680889068853598123e-01
4.680912248697691180e-01
4.680958528790966633e-01
4.681004705296771817e-01
4.681039268507806717e-01
4.681073769766412318e-01
4.681119670908821528e-01
4.681154021391954467e-01
4.681211119018054978e-01
4.681233906567801029e-01
4.681279382159913571e-01
4.681324727460602353e-01
4.681358649639477676e-01
4.681392494681313465e-01
4.681437497142549309e-01
4.681471155750370206e-01
4.681515903601367046e-01
4.681549366721839411e-01
4.681593847878204873e-01
4.681627106443316810e-01
4.681671308815859023e-01
4.681704353765293036e-01
4.681748265290633371e-01
4.681781087595313084e-01
4.681824696267712360e-01
4.681857286953987063e-01
4.681900580858279759e-01
4.681932931033089273e-01
4.681975898378489820e-01
4.682007999254900743e-01
4.682050628409526460e-01
4.682082471332948970e-01
4.682124750858898121e-01
4.682156327333328316e-01
4.682198246021844756e-01
4.682229547736398989e-01
4.682271094643073450e-01
4.682302113498313378e-01
4.682343277978173735e-01
4.682374006112199338e-01
4.682414777854085330e-01
4.682445207668081144e-01
4.682485576728379617e-01
4.682515700911611400e-01
4.682555657746938493e-01
4.682585469300710734e-01
4.682625004799364499e-01
4.682654497060098064e-01
4.682693602571846303e-01
4.682722769232843807e-01
4.682761436597173144e-01
4.682790271728996534e-01
4.682828493301238182e-01
4.682856991370623612e-01
4.682894760045971383e-01
4.682922915932902774e-01
4.682960225168188440e-01
4.682988034181322923e-01
4.683024878014178660e-01
4.683052335904254737e-01
4.683088708969661562e-01
4.683115811940939399e-01
4.683151709485224301e-01
4.683178454204878771e-01
4.683213872096689268e-01
4.683240255702017518e-01
4.683275190440622238e-01
4.683301210544168480e-01
4.683335659264798445e-01
4.683361313957288830e-01
4.683395274433638233e-01
4.683420562284841826e-01
4.683454032928727195e-01
4.683478952986072641e-01
4.683511932844364734e-01
4.683536484629629570e-01
4.683568973378345324e-01
4.683593156882333020e-01
4.683625154818318870e-01
4.683648970493516361e-01
4.683680478523472024e-01
4.683703927275065237e-01
4.683734946902340934e-01
4.683758030077413981e-01
4.683788563386527826e-01
4.683811282761679573e-01
4.683841332400918711e-01
4.683863690168503791e-01
4.683893259330572656e-01
4.683915258083556910e-01
4.683944350484618435e-01
4.683965993200284172e-01
4.683994613057534950e-01
4.684015903080154253e-01
4.684044055088135705e-01
4.684064996110798851e-01
4.684085788775032011e-01
4.684113281462207179e-01
4.684133730969688991e-01
4.684160769041586514e-01
4.684180879852486989e-01
4.684207469447047023e-01
4.684227246303254155e-01
4.684253393920457809e-01
4.684272841825215528e-01
4.684298554299869966e-01
4.684317678497261217e-01
4.684342962971681512e-01
4.684361768926235681e-01
4.684386632822991614e-01
4.684405126199235880e-01
4.684429577194199057e-01
4.684447763836622758e-01
4.684471809832383427e-01
4.684489695745695514e-01
4.684513344845384619e-01
4.684530936175101967e-01
4.684554196657050862e-01
4.684571499670705519e-01
4.684600065523323864e-01
4.684611401032555134e-01
4.684633909691783282e-01
4.684656209870751153e-01
4.684672800957717098e-01
4.684689277578882316e-01
4.684711069028632546e-01
4.684727283269348175e-01
4.684754059396579740e-01
4.684764687763665614e-01
4.684785797187951406e-01
4.684806718252948476e-01
4.684822288240961252e-01
4.684837755127702064e-01
4.684858217963787097e-01
4.684873449028593706e-01
4.684898611839360405e-01
4.684908603737216182e-01
4.684928455394922753e-01
4.684948138901742221e-01
4.684962793961937044e-01
4.684977357249159313e-01
4.684996632868553834e-01
4.685010986674821298e-01
4.685034712355030107e-01
4.685044138111535417e-01
4.685062872359575525e-01
4.685081458211700078e-01
4.685095302936262418e-01
4.685109066900630115e-01
4.685127293806707893e-01
4.685140873803451678e-01
4.685158859564848011e-01
4.685172261793582593e-01
4.685190014623454857e-01
4.685203245203506395e-01
4.685220773205900358e-01
4.685233838173403220e-01
4.685251149339869081e-01
4.685264054645596477e-01
4.685281156852846851e-01
4.685293908360896875e-01
4.685310809369531149e-01
4.685323412856612912e-01
4.685340120310703127e-01
4.685352581466293853e-01
4.685369102893905957e-01
4.685381427320901015e-01
4.685397770135481532e-01
4.685409963351528928e-01
4.685426134854055458e-01
4.685438202293462640e-01
4.685454209675278259e-01
4.685466156691374118e-01
4.685482007037644059e-01
4.685493838905613884e-01
4.685509539199432805e-01
4.685521261119512948e-01
4.685536818246368029e-01
4.685548435347425267e-01
4.685563856100073976e-01
4.685575373443308100e-01
4.685590664526941285e-01
4.685602087109919101e-01
4.685617255147545568e-01
4.685628587908165499e-01
4.685643639446015474e-01
4.685654887266664792e-01
4.685669828779603363e-01
4.685680996491186079e-01
4.685695834388097780e-01
4.685706926773906544e-01
4.685721667402722446e-01
4.685732689202259937e-01
4.685747338854914790e-01
4.685758294767374266e-01
4.685772859684143032e-01
4.685783754371501408e-01
4.685798240745181475e-01
4.685809078835196373e-01
4.685823492814488733e-01
4.685834278903036609e-01
4.685848626595618960e-01
4.685859365248766228e-01
4.685873652723615002e-01
4.685884348479109063e-01
4.685898581768366822e-01
4.685909239136789584e-01
4.685923424236770884e-01
4.685934047702182137e-01
4.685948190573991368e-01
4.685958784593989845e-01
4.685972891163371346e-01
4.685983460168848813e-01
4.685997536325574586e-01
4.686008084720027500e-01
4.686022136316590481e-01
4.686032668474942597e-01
4.686046701324860231e-01
4.686057219472093416e-01
