-5.678700842892681067e-09
-1.704211760600315984e-08
-2.841173429857235533e-08
-3.978763118972494794e-08
-5.116995127618650940e-08
-6.255883167050058091e-08
-7.395442069846325239e-08
-8.535691720101823421e-08
-9.676674350700409377e-08
-1.081839021699337877e-07
-1.196079176812858691e-07
-1.310394888154320370e-07
-1.424788665937981591e-07
-1.539263670968793463e-07
-1.653826536829328120e-07
-1.768472072116722416e-07
-1.883207010333620701e-07
-1.998037336692348731e-07
-2.112969117451513057e-07
-2.228010542726366339e-07
-2.343171955354605984e-07
-2.458472768696040589e-07
-2.573943204131623474e-07
-2.689646174669491074e-07
-2.805768447577960956e-07
-2.923912254537697208e-07
-3.041282352622687313e-07
-3.157926623531537302e-07
-3.274427589072814726e-07
-3.390921793355872182e-07
-3.507472631225638793e-07
-3.624125719525750355e-07
-3.740918770311907338e-07
-3.857868876577796868e-07
-3.974944333684504727e-07
-4.092090130081160737e-07
-4.209282056244489922e-07
-4.326523420639105666e-07
-4.443825448730009953e-07
-4.561198627683893392e-07
-4.678654158540851427e-07
-4.796197409229208120e-07
-4.913831850306138449e-07
-5.031557889223492452e-07
-5.149373779600452394e-07
-5.267277802811776155e-07
-5.385271408808733895e-07
-5.503356658165259319e-07
-5.621536293132223250e-07
-5.739813062621834661e-07
-5.858190464946844145e-07
-5.976670554019847259e-07
-6.095255491445072948e-07
-6.213947904010197476e-07
-6.332749434845297287e-07
-6.451661449524692671e-07
-6.570685218143523798e-07
-6.689821991923139421e-07
-6.809072197189180997e-07
-6.928438551767612807e-07
-7.047922075953394483e-07
-7.167524139761738411e-07
-7.287246412968073628e-07
-7.407090150124417960e-07
-7.527057437339834678e-07
-7.647151561984699697e-07
-7.767373919609354971e-07
-7.887726884980850173e-07
-8.008212227794686555e-07
-8.128833369758226013e-07
-8.249594309894803246e-07
-8.370498507659362986e-07
-8.491550160805161340e-07
-8.612752910863719080e-07
-8.734111889285856023e-07
-8.855633277793373281e-07
-8.977322534242659913e-07
-9.099185415140098598e-07
-9.221226529021464557e-07
-9.343456639498981531e-07
-9.465878725301024588e-07
-9.588499256807381244e-07
-9.711325705819007226e-07
-9.834358332128090296e-07
-9.957602787880048822e-07
-1.008105835142991680e-06
-1.020472277235562331e-06
-1.032859978766786924e-06
-1.045269142019300546e-06
-1.057699755890872950e-06
-1.070151874782432344e-06
-1.082625617598864665e-06
-1.095121138994237242e-06
-1.107638616160144807e-06
-1.120178268920746234e-06
-1.132740381160068921e-06
-1.145325162044130707e-06
-1.157932910333947518e-06
-1.170564294605824784e-06
-1.183219559885984040e-06
-1.195899070993711177e-06
-1.208603227498272759e-06
-1.221332382783657522e-06
-1.234086868029393713e-06
-1.246866992543615993e-06
-1.259673012010686932e-06
-1.272505149030322968e-06
-1.285363595671107362e-06
-1.298248510028798819e-06
-1.311160020334156684e-06
-1.324098213184576878e-06
-1.337063130990578941e-06
-1.350054493642893760e-06
-1.363072205884385824e-06
-1.376116386508918765e-06
-1.389186734979119819e-06
-1.402282561846490694e-06
-1.415403911186885466e-06
-1.428549750159824328e-06
-1.441719247208261834e-06
-1.454911412235304624e-06
-1.468125096049099909e-06
-1.481359026445083771e-06
-1.494611760466391104e-06
-1.507881731588334162e-06
-1.521167237505949288e-06
-1.534466389285782384e-06
-1.547777344512724085e-06
-1.561098489144541190e-06
-1.574428078576772805e-06
-1.587764550725623280e-06
-1.601106701776267016e-06
-1.614453903564516679e-06
-1.627806325288361222e-06
-1.641164312116139001e-06
-1.654523754890391274e-06
-1.667870004107285808e-06
-1.681191806546245004e-06
-1.694489083159389509e-06
-1.707764084812879446e-06
-1.721018244915661910e-06
-1.734252193630325678e-06
-1.747466291668331451e-06
-1.760660698790772472e-06
-1.773835593965600310e-06
-1.786991353003308802e-06
-1.800128187512406441e-06
-1.813246395920842247e-06
-1.826346469058215405e-06
-1.839429035199735551e-06
-1.852494808773919033e-06
-1.865544374535232919e-06
-1.878578484548754091e-06
-1.891597873449057943e-06
-1.904603166957841154e-06
-1.917595141787131752e-06
-1.930573655939404887e-06
-1.943539713278319425e-06
-1.956494070087799741e-06
-1.969436202342578213e-06
-1.982366524377887629e-06
-1.995285312195171912e-06
-2.008193036751038107e-06
-2.021089900883232815e-06
-2.033976387427749444e-06
-2.046853196380205020e-06
-2.059720988878410708e-06
-2.072580580714245002e-06
-2.085432811216314519e-06
-2.098278610640491593e-06
-2.111118857395233306e-06
-2.123954447874609741e-06
-2.136786299677950751e-06
-2.149615340063526503e-06
-2.162442449993307036e-06
-2.175268426163334823e-06
-2.188094168853460530e-06
-2.200920418915508492e-06
-2.213747884116656905e-06
-2.226577204833546375e-06
-2.239408974702428168e-06
-2.252243747391524664e-06
-2.265082002295137897e-06
-2.277924252558349849e-06
-2.290771057622542628e-06
-2.303623008348409940e-06
-2.316480833153278240e-06
-2.329345363483170672e-06
-2.342217498729759484e-06
-2.355098087436502396e-06
-2.367987981921615415e-06
-2.380887764275030349e-06
-2.393797700173116993e-06
-2.406718020431242167e-06
-2.419648986951017378e-06
-2.432591321044341726e-06
-2.445545470464161042e-06
-2.458512106673360620e-06
-2.471491921451907103e-06
-2.484485605025454902e-06
-2.497493843511833234e-06
-2.510517267295675481e-06
-2.523556485445332953e-06
-2.536611882653083683e-06
-2.549683837727023672e-06
-2.562772968506266125e-06
-2.575879615829279601e-06
-2.589004034270203647e-06
-2.602146543018157843e-06
-2.615307295616986494e-06
-2.628486027056453622e-06
-2.641682586790317089e-06
-2.654896740783563303e-06
-2.668127817018195458e-06
-2.681375510404926388e-06
-2.694639413269861450e-06
-2.707918875133330516e-06
-2.721213194778471234e-06
-2.734521644676135566e-06
-2.747843514394610054e-06
-2.761178103605210765e-06
-2.774524770599029466e-06
-2.787882846799760728e-06
-2.801251945516725073e-06
-2.814631755554408699e-06
-2.828022028888987904e-06
-2.841422610977417662e-06
-2.854833385801391898e-06
-2.868254374677192686e-06
-2.881685660538479965e-06
-2.895127438451439161e-06
-2.908579826654822398e-06
-2.922042991571061066e-06
-2.935517627422612463e-06
-2.949003339969280546e-06
-2.962501185477250942e-06
-2.976011138522416388e-06
-2.989533583686032614e-06
-3.003068894669169708e-06
-3.016617468265536672e-06
-3.030179507090835500e-06
-3.043755842924156241e-06
-3.057346436241559218e-06
-3.070952156680739620e-06
-3.084573131362233767e-06
-3.098209700569398706e-06
-3.111861965221507376e-06
-3.125530417480426593e-06
-3.139215653757965185e-06
-3.152918038984431348e-06
-3.166637917217940412e-06
-3.180375384048694798e-06
-3.194130760664215529e-06
-3.207903785718002609e-06
-3.221693843147299674e-06
-3.235499681730757970e-06
-3.249319266429573361e-06
-3.263149743193416441e-06
-3.276987398548314445e-06
-3.290828177293647627e-06
-3.304668266368437912e-06
-3.318504837146463160e-06
-3.332336425687643100e-06
-3.346162918527184615e-06
-3.359985451645286503e-06
-3.373805965711795807e-06
-3.387626756889972057e-06
-3.401450237472403160e-06
-3.415278722163073155e-06
-3.429114444286618379e-06
-3.442959371491305376e-06
-3.456815061309015391e-06
-3.470683393014262208e-06
-3.484565797240435359e-06
-3.498463689299846635e-06
-3.512378403347504729e-06
-3.526311125656711454e-06
-3.540262944579097848e-06
-3.554235460057064699e-06
-3.568230059314281277e-06
-3.582248157885103979e-06
-3.596291729190959074e-06
-3.610362918848863956e-06
-3.624464626650336641e-06
-3.638600857613916162e-06
-3.652777542439977765e-06
-3.667004070062596099e-06
-3.681296469659756099e-06
-3.695685323212849482e-06
-3.710239218190913846e-06
-3.725161733081350235e-06
-3.741603716078678588e-06
-3.758492913119582113e-06
-3.774364980113631418e-06
-3.789882083271578495e-06
-3.805223516950562157e-06
-3.820465110160320421e-06
-3.835646096073119793e-06
-3.850789701664858455e-06
-3.865909464662031780e-06
-3.881015778084417889e-06
-3.896117495294504351e-06
-3.911215727403494213e-06
-3.926302661216851675e-06
-3.941372830995604204e-06
-3.956426808171542575e-06
-3.971467563812502988e-06
-3.986498073538236042e-06
-4.001520877205955173e-06
-4.016538005635617026e-06
-4.031551149807910406e-06
-4.046561728143771575e-06
-4.061570977431649965e-06
-4.076580441103594410e-06
-4.091589929533512304e-06
-4.106600683173589061e-06
-4.121613263907697444e-06
-4.136628190987146070e-06
-4.151645466188291778e-06
-4.166665486526888174e-06
-4.181688024296192907e-06
-4.196713148107988900e-06
-4.211740560977617065e-06
-4.226770344395447410e-06
-4.241802269988603769e-06
-4.256835993809993113e-06
-4.271871308469954442e-06
-4.286908144690571021e-06
-4.301946429863257038e-06
-4.316986166319480844e-06
-4.332027508047175957e-06
-4.347070730270630179e-06
-4.362116260980819504e-06
-4.377164722013660025e-06
-4.392217006543575053e-06
-4.407274285189721752e-06
-4.422338086396138124e-06
-4.437410454860568620e-06
-4.452494058893030626e-06
-4.467592783385931909e-06
-4.482712191777871169e-06
-4.497860603414061131e-06
-4.513051442001092539e-06
-4.528308146345416674e-06
-4.543675864665530639e-06
-4.559247239299679677e-06
-4.575168683351726884e-06
-4.591280480914505802e-06
-4.607232044318010367e-06
-4.623017125005013384e-06
-4.638690966451974873e-06
-4.654292523054159858e-06
-4.669848412630628331e-06
-4.685397739678798246e-06
-4.700909562393995600e-06
-4.716378094182793745e-06
-4.731826857895526928e-06
-4.747263648186006435e-06
-4.762693679771778932e-06
-4.778120034298893870e-06
-4.793543752712459138e-06
-4.808963963043311196e-06
-4.824378022183495318e-06
-4.839782378751600334e-06
-4.855174018603136687e-06
-4.870551366664699344e-06
-4.885914375418742850e-06
-4.901264134882232781e-06
-4.916601894611183354e-06
-4.931929363238829467e-06
-4.947248118614133716e-06
-4.962559626342510910e-06
-4.977865217692389876e-06
-4.993166046296515503e-06
-5.008463093592041560e-06
-5.023757314148724618e-06
-5.039049537303164072e-06
-5.054340491361664078e-06
-5.069630869547481211e-06
-5.084921312459300680e-06
-5.100212393527314703e-06
-5.115504668751214012e-06
-5.130798650720969079e-06
-5.146094881447460523e-06
-5.161393810682035621e-06
-5.176695929920427375e-06
-5.192001714782179533e-06
-5.207311566390870894e-06
-5.222626083489778637e-06
-5.237945599145810149e-06
-5.253270487948213940e-06
-5.268601342311995950e-06
-5.283938391387188460e-06
-5.299282331172605609e-06
-5.314633488406883544e-06
-5.329992168512376338e-06
-5.345358831898572305e-06
-5.360734067982875217e-06
-5.376118420885589444e-06
-5.391512467811665488e-06
-5.406916995909227808e-06
-5.422331980531325257e-06
-5.437758165083295125e-06
-5.453196325277964718e-06
-5.468646980699709559e-06
-5.484110519371476755e-06
-5.499586843371595535e-06
-5.515075404249891733e-06
-5.530575154955030825e-06
-5.546085518393084612e-06
-5.561606706727673100e-06
-5.577139736923086843e-06
-5.592686383670830708e-06
-5.608249535438147859e-06
-5.623834534951299702e-06
-5.639455495920486783e-06
-5.655224854850260385e-06
-5.670965976367625672e-06
-5.686667254534150118e-06
-5.702382467887012751e-06
-5.718156982137401201e-06
-5.733985570022248623e-06
-5.749759224515926803e-06
-5.765514195843479683e-06
-5.781265841053873089e-06
-5.797020467102065311e-06
-5.812781496361552058e-06
-5.828550655118114321e-06
-5.844329136528436663e-06
-5.860117582856538831e-06
-5.875916215813958843e-06
-5.891725111006884674e-06
-5.907543848104879203e-06
-5.923371478644412491e-06
-5.939206700333876654e-06
-5.955048052452838192e-06
-5.970894199180953876e-06
-5.986744312402869639e-06
-6.002597816912036421e-06
-6.018454412282103760e-06
-6.034313955960435294e-06
-6.050176394656325840e-06
-6.066041749464012867e-06
-6.081910019162251047e-06
-6.097781251379608136e-06
-6.113655700801245985e-06
-6.129533601462178183e-06
-6.145415295200074013e-06
-6.161301282614495278e-06
-6.177192166556544350e-06
-6.193088679884439784e-06
-6.208991729983459607e-06
-6.224902423190847855e-06
-6.240822090441966452e-06
-6.256752193900538828e-06
-6.272694663245204083e-06
-6.288651752117679905e-06
-6.304626045228189923e-06
-6.320620438371449268e-06
-6.336637728088234667e-06
-6.352680271382027399e-06
-6.368748763918574696e-06
-6.384841358064718975e-06
-6.400953815877130637e-06
-6.417082282217378975e-06
-6.433226334534580815e-06
-6.449389592044774133e-06
-6.465578253012083110e-06
-6.481796420709784456e-06
-6.498036541069396321e-06
-6.514282611336241757e-06
-6.530523948611310914e-06
-6.546758004044583856e-06
-6.562986286984262563e-06
-6.579211289325925804e-06
-6.595435602441135359e-06
-6.611661540589786057e-06
-6.627891207755531866e-06
-6.644126512078685209e-06
-6.660369316402459106e-06
-6.676621493006962282e-06
-6.692885055059605293e-06
-6.709162166051996223e-06
-6.725455164668936447e-06
-6.741767338613868787e-06
-6.758102470305615839e-06
-6.774465492354053708e-06
-6.790862894789917448e-06
-6.807303307265755166e-06
-6.823798963329075207e-06
-6.840367939853209123e-06
-6.857036190965892786e-06
-6.873841056909135716e-06
-6.890821033445071464e-06
-6.907973924219490414e-06
-6.925178908434581615e-06
-6.942295641465534572e-06
-6.959295313024860263e-06
-6.976208408504547265e-06
-6.993071742456002937e-06
-7.009916354383527448e-06
-7.026765772133458654e-06
-7.043631243597303637e-06
-7.060501065359048312e-06
-7.077332201288477620e-06
-7.094068449453594383e-06
-7.110678657551439130e-06
-7.127165491782605500e-06
-7.143547083754420157e-06
-7.159842675408256696e-06
-7.176069030889742351e-06
-7.192238865361133549e-06
-7.208361822774733696e-06
-7.224444790843165265e-06
-7.240491881388422257e-06
-7.256506419861530333e-06
-7.272491917564849473e-06
-7.288452037790271731e-06
-7.304390378881642221e-06
-7.320309941105662688e-06
-7.336213337039154680e-06
-7.352102881275079937e-06
-7.367980631056703089e-06
-7.383848194209008398e-06
-7.399707183886050643e-06
-7.415558892942542002e-06
-7.431404459690149622e-06
-7.447244899538851826e-06
-7.463080967329283055e-06
-7.478913224279182259e-06
-7.494742074176663493e-06
-7.510567809898560654e-06
-7.526390533696414309e-06
-7.542210290423234653e-06
-7.558027115939225382e-06
-7.573840955510391382e-06
-7.589651862760504741e-06
-7.605459740989140016e-06
-7.621264582646780639e-06
-7.637066439136752649e-06
-7.652865404939035443e-06
-7.668661633042361814e-06
-7.684455293310854529e-06
-7.700246734132498716e-06
-7.716036222404909495e-06
-7.731824204881831974e-06
-7.747611102892904000e-06
-7.763397340987410189e-06
-7.779183333500583331e-06
-7.794969556718100989e-06
-7.810756367465643280e-06
-7.826544056399598048e-06
-7.842332827467934919e-06
-7.858122787141041954e-06
-7.873913881573102458e-06
-7.889705927910384275e-06
-7.905498564664270589e-06
-7.921291272583452781e-06
-7.937083371434283663e-06
-7.952874053085423611e-06
-7.968662402157988822e-06
-7.984447396136573616e-06
-8.000227982196683740e-06
-8.016003112176761647e-06
-8.031771778327367883e-06
-8.047532943922242055e-06
-8.063285727555324911e-06
-8.079029109597790637e-06
-8.094762228405549820e-06
-8.110484390200234373e-06
-8.126194946611597913e-06
-8.141893041768710759e-06
-8.157578092582440377e-06
-8.173249529730419738e-06
-8.188906866823941755e-06
-8.204549732826471597e-06
-8.220177798667904767e-06
-8.235790819655086636e-06
-8.251388636471013172e-06
-8.266971156523084119e-06
-8.282538485948620632e-06
-8.298090442449002069e-06
-8.313627144262980551e-06
-8.329148561525556715e-06
-8.344654981007337824e-06
-8.360146707353521833e-06
-8.375623662626452415e-06
-8.391086004921888275e-06
-8.406533838378749124e-06
-8.421967318539280711e-06
-8.437386910586930355e-06
-8.452792599422664921e-06
-8.468184569676573403e-06
-8.483563004979544075e-06
-8.498928078193301872e-06
-8.514279960847304096e-06
-8.529618855002141231e-06
-8.544944954058664166e-06
-8.560258504264339763e-06
-8.575559736656579446e-06
-8.590848709189025101e-06
-8.606125705745704124e-06
-8.621390949814511373e-06
-8.636644642012747397e-06
-8.651887015265202763e-06
-8.667118228555814596e-06
-8.682338227705699296e-06
-8.697546991620619394e-06
-8.712744386518700423e-06
-8.727930092988778199e-06
-8.743103583785938326e-06
-8.758264479657995594e-06
-8.773412544904601873e-06
-8.788547819271741446e-06
-8.803670657364648378e-06
-8.818781512043294413e-06
-8.833880961289786171e-06
-8.848969515473648073e-06
-8.864047747580983128e-06
-8.879116030535705306e-06
-8.894174967299939283e-06
-8.909224373465640667e-06
-8.924265007093090674e-06
-8.939297008847546522e-06
-8.954321016441113557e-06
-8.969336729780508222e-06
-8.984345194695819714e-06
-8.999346113425232829e-06
-9.014340181190405588e-06
-9.029327861509450770e-06
-9.044308930339362007e-06
-9.059283692214314954e-06
-9.074252506735547286e-06
-9.089215803892436440e-06
-9.104174166885137254e-06
-9.119128264178932852e-06
-9.134078881478657763e-06
-9.149026754751155011e-06
-9.163972495840333465e-06
-9.178916213548049541e-06
-9.193857337330690882e-06
-9.208794563231315067e-06
-9.223726098905871140e-06
-9.238650310217089157e-06
-9.253566173539340411e-06
-9.268473283419176312e-06
-9.283371679824625744e-06
-9.298261889778558498e-06
-9.313144647804527665e-06
-9.328020754817423210e-06
-9.342891135077913134e-06
-9.357756822092611060e-06
-9.372618920422404187e-06
-9.387478598132936725e-06
-9.402337152741857551e-06
-9.417196050631737592e-06
-9.432056957026091482e-06
-9.446921724443058110e-06
-9.461792693454817993e-06
-9.476672512165329465e-06
-9.491564469388258374e-06
-9.506472725018255687e-06
-9.521402536072365308e-06
-9.536360813022781713e-06
-9.551357934345361400e-06
-9.566409099992512211e-06
-9.581537387726157817e-06
-9.596783869358915808e-06
-9.612229387667703406e-06
-9.628058898369928897e-06
-9.644760999627521869e-06
-9.661455099951865577e-06
-9.677514049788449313e-06
-9.693202518090693331e-06
-9.708683743281376621e-06
-9.724034293778771598e-06
-9.739294728028369263e-06
-9.754487413360379833e-06
-9.769627619116150186e-06
-9.784725141459560405e-06
-9.799786956032896512e-06
-9.814817740760872766e-06
-9.829821084439416268e-06
-9.844800123559593885e-06
-9.859757631680565737e-06
-9.874695487632756397e-06
-9.889615708580379305e-06
-9.904519974512915326e-06
-9.919409718728289249e-06
-9.934286303470152291e-06
-9.949150997501376992e-06
-9.964005003193499022e-06
-9.978849361824693176e-06
-9.993685362696957952e-06
-1.000851379739930991e-05
-1.002333583710601772e-05
-1.003815221756187981e-05
-1.005296425782287173e-05
-1.006777302836603383e-05
-1.008257979673299332e-05
-1.009738519097691523e-05
-1.011219046609390659e-05
-1.012699614832968109e-05
-1.014180247682627822e-05
-1.015660909098325959e-05
-1.017141530113008230e-05
-1.018622099746568921e-05
-1.020102765247887788e-05
-1.021583841986917207e-05
-1.023065809047096764e-05
-1.024549315498113344e-05
-1.026035340712105892e-05
-1.027525408248131100e-05
-1.029021919440875621e-05
-1.030526990097868634e-05
-1.032034464343301039e-05
-1.033533203798064903e-05
-1.035023281814595464e-05
-1.036507664542440921e-05
-1.037988349972263080e-05
-1.039466483787609974e-05
-1.040942790142551644e-05
-1.042417719876453930e-05
-1.043891580188027746e-05
-1.045364588414532392e-05
-1.046836889828650641e-05
-1.048308583062596000e-05
-1.049779743633738605e-05
-1.051250421091332043e-05
-1.052720649752370008e-05
-1.054190453464443067e-05
-1.055659843118839092e-05
-1.057128823622743852e-05
-1.058597398451155414e-05
-1.060065574565172142e-05
-1.061533343671428042e-05
-1.063000714007777958e-05
-1.064467690703452263e-05
-1.065934269406376700e-05
-1.067400461940426482e-05
-1.068866277165181344e-05
-1.070331714714267690e-05
-1.071796797191826300e-05
-1.073261530715186041e-05
-1.074725919125718576e-05
-1.076189991633391685e-05
-1.077653761016872380e-05
-1.079117239211058177e-05
-1.080580450107948565e-05
-1.082043417388600659e-05
-1.083506167165459999e-05
-1.084968727027568747e-05
-1.086431126406939285e-05
-1.087893400175676817e-05
-1.089355578165474014e-05
-1.090817697491086591e-05
-1.092279793479811190e-05
-1.093741902058464888e-05
-1.095204059697874044e-05
-1.096666299993387383e-05
-1.098128653009844413e-05
-1.099591143116640524e-05
-1.101053791208173038e-05
-1.102516605011594208e-05
-1.103979584138325976e-05
-1.105442718918325795e-05
-1.106905987857675910e-05
-1.108369360125482928e-05
-1.109832800316734591e-05
-1.111296267641836977e-05
-1.112759724242184944e-05
-1.114223133935610122e-05
-1.115686469632670708e-05
-1.117149712781539961e-05
-1.118612848549638272e-05
-1.120075851746005213e-05
-1.121538720671999556e-05
-1.123001516001309597e-05
-1.124464247304057807e-05
-1.125926882161731868e-05
-1.127389476807127977e-05
-1.128852023923876402e-05
-1.130314494335316056e-05
-1.131776972207454435e-05
-1.133239452077994258e-05
-1.134701911720270573e-05
-1.136164349468948842e-05
-1.137626832314886371e-05
-1.139089351864797095e-05
-1.140551902356623515e-05
-1.142014436938953992e-05
-1.143477043763496681e-05
-1.144939691211099841e-05
-1.146402421070558120e-05
-1.147865219075505649e-05
-1.149328097660440307e-05
-1.150791073123436092e-05
-1.152254164549226800e-05
-1.153717392765596372e-05
-1.155180788536824821e-05
-1.156644375943649550e-05
-1.158108175347560831e-05
-1.159572181086421239e-05
-1.161036325603159725e-05
-1.162500433504742858e-05
-1.163964229933256433e-05
-1.165427476035318932e-05
-1.166890108528217951e-05
-1.168352206226686008e-05
-1.169813895385285463e-05
-1.171275292133344692e-05
-1.172736491306114459e-05
-1.174197563236223374e-05
-1.175658565155668356e-05
-1.177119540385351826e-05
-1.178580527227968133e-05
-1.180041556114730383e-05
-1.181502655034361027e-05
-1.182963849521989630e-05
-1.184425157874091639e-05
-1.185886605681307771e-05
-1.187348205222704678e-05
-1.188809975904980831e-05
-1.190271934525810593e-05
-1.191734095806751270e-05
-1.193196474158497722e-05
-1.194659081293902858e-05
-1.196121930457927363e-05
-1.197585034151682493e-05
-1.199048394429080844e-05
-1.200512022869748563e-05
-1.201975926112819337e-05
-1.203440115171705571e-05
-1.204904592999600510e-05
-1.206369366102411078e-05
-1.207834438443633474e-05
-1.209299813176301086e-05
-1.210765493309118312e-05
-1.212231477376590760e-05
-1.213697761293097699e-05
-1.215164334644747157e-05
-1.216631187117567237e-05
-1.218098301114522997e-05
-1.219565656829235678e-05
-1.221033229514834062e-05
-1.222500999364939389e-05
-1.223968950836429315e-05
-1.225437072893686974e-05
-1.226905356122021118e-05
-1.228373795925108425e-05
-1.229842391670121771e-05
-1.231311138194524091e-05
-1.232780047932813261e-05
-1.234249131609743699e-05
-1.235718395209417508e-05
-1.237187847280551978e-05
-1.238657500723938654e-05
-1.240127368562493615e-05
-1.241597465462263017e-05
-1.243067805478670351e-05
-1.244538402478401196e-05
-1.246009270006176450e-05
-1.247480425226044076e-05
-1.248951905330475398e-05
-1.250423763454744375e-05
-1.251896112353101387e-05
-1.253369178388918925e-05
-1.254843451681253441e-05
-1.256320081066686356e-05
-1.257801651466383674e-05
-1.259285977994739625e-05
-1.260766402610968839e-05
-1.262244098654274893e-05
-1.263720202759888167e-05
-1.265195298016941194e-05
-1.266669696220468211e-05
-1.268143591104387014e-05
-1.269617121990584963e-05
-1.271090387344742112e-05
-1.272563464160825220e-05
-1.274036413845269777e-05
-1.275509287845810746e-05
-1.276982132480952714e-05
-1.278454990094601840e-05
-1.279927899699995208e-05
-1.281400898001106015e-05
-1.282874019503665863e-05
-1.284347300867239028e-05
-1.285820774055146387e-05
-1.287294476692846246e-05
-1.288768444929200285e-05
-1.290242711837752410e-05
-1.291717318763208056e-05
-1.293192303197798765e-05
-1.294667707929519906e-05
-1.296143577411701386e-05
-1.297619960616280821e-05
-1.299096913032204981e-05
-1.300574477269833551e-05
-1.302052715579371522e-05
-1.303531685892256320e-05
-1.305011408325729150e-05
-1.306491869290660190e-05
-1.307973001296591775e-05
-1.309454667097753600e-05
-1.310936751386382326e-05
-1.312419246224383329e-05
-1.313902248600840039e-05
-1.315385880640285166e-05
-1.316870293099903222e-05
-1.318355638257884266e-05
-1.319842056790587748e-05
-1.321329686376770951e-05
-1.322818670757008874e-05
-1.324309160810610564e-05
-1.325801319806974021e-05
-1.327295326591926283e-05
-1.328791369459292326e-05
-1.330289689327468494e-05
-1.331790572234314851e-05
-1.333294348637714677e-05
-1.334801421903897278e-05
-1.336312297328667853e-05
-1.337827617531317514e-05
-1.339348221252034676e-05
-1.340875226141235999e-05
-1.342410135363181212e-05
-1.343954821420023649e-05
-1.345511645356456398e-05
-1.347081665103999626e-05
-1.348660649880262241e-05
-1.350236621910916313e-05
-1.351799954518728697e-05
-1.353350026156441288e-05
-1.354890056315394276e-05
-1.356423284493146753e-05
-1.357952135139228744e-05
-1.359478452556128758e-05
-1.361003579636310690e-05
-1.362528624593295490e-05
-1.364054536834302667e-05
-1.365582185564040429e-05
-1.367112432804074018e-05
-1.368646183153021667e-05
-1.370184440485644473e-05
-1.371728376797776150e-05
-1.373279349081713008e-05
-1.374839257328730469e-05
-1.376410471143341141e-05
-1.377996287998950464e-05
-1.379601489193138519e-05
-1.381233395658654217e-05
-1.382904006064222813e-05
-1.384633921230893350e-05
-1.386462178876168849e-05
-1.388444129513111136e-05
-1.390518358967973711e-05
-1.392487969686939664e-05
-1.394340117488734876e-05
-1.396115169161049607e-05
-1.397840043904086116e-05
-1.399530177426111521e-05
-1.401194918027037772e-05
-1.402840299835617088e-05
-1.404470413446379240e-05
-1.406088158062424043e-05
-1.407695743227410645e-05
-1.409294547993766855e-05
-1.410885964292507566e-05
-1.412470975792334826e-05
-1.414050375414532823e-05
-1.415624813938531901e-05
-1.417194834030244266e-05
-1.418760893678872037e-05
-1.420323419043523216e-05
-1.421882709051747185e-05
-1.423439076342347676e-05
-1.424992724108342657e-05
-1.426543919569311925e-05
-1.428092863808849700e-05
-1.429639753913747313e-05
-1.431184751421454848e-05
-1.432727966199642822e-05
-1.434269518896247320e-05
-1.435809518202102453e-05
-1.437348070132404843e-05
-1.438885239191112220e-05
-1.440421103482414367e-05
-1.441955728664900960e-05
-1.443489173258427627e-05
-1.445021493728937401e-05
-1.446552738770812141e-05
-1.448082960597840696e-05
-1.449612208237471833e-05
-1.451140522079619188e-05
-1.452667949941588432e-05
-1.454194527761298872e-05
-1.455720307208530073e-05
-1.457245337255219653e-05
-1.458769673423621072e-05
-1.460293371724485922e-05
-1.461816500192281154e-05
-1.463339143070729875e-05
-1.464861399458339264e-05
-1.466383411075078413e-05
-1.467905353391696366e-05
-1.469427562972303036e-05
-1.470950615267696548e-05
-1.472475706365550252e-05
-1.474006262880411811e-05
-1.475552066254604000e-05
-1.477093567314735623e-05
-1.478626428641494073e-05
-1.480155099609081759e-05
-1.481681283543867522e-05
-1.483205776697804623e-05
-1.484728997025452912e-05
-1.486251216076261983e-05
-1.487772621056038247e-05
-1.489293352963105832e-05
-1.490813520343969856e-05
-1.492333215047381145e-05
-1.493852514999893799e-05
-1.495371488435814911e-05
-1.496890196217570690e-05
-1.498408691291697181e-05
-1.499927029935399503e-05
-1.501445260643219370e-05
-1.502963432031823032e-05
-1.504481589886808024e-05
-1.505999778517175258e-05
-1.507518042387356871e-05
-1.509036424818255284e-05
-1.510554967720789676e-05
-1.512073716181117078e-05
-1.513592714375011639e-05
-1.515112010597174930e-05
-1.516631650644306717e-05
-1.518151682156076987e-05
-1.519672160166241071e-05
-1.521193148568134035e-05
-1.522714721080564715e-05
-1.524236966243819325e-05
-1.525759995901765365e-05
-1.527283981250793232e-05
-1.528809127926411549e-05
-1.530335681687589044e-05
-1.531863633308372385e-05
-1.533392201680250366e-05
-1.534920481338630793e-05
-1.536448312466909272e-05
-1.537975846810368807e-05
-1.539503224456950647e-05
-1.541030528895426244e-05
-1.542557816347489563e-05
-1.544085133597938864e-05
-1.545612523745631961e-05
-1.547140035673688629e-05
-1.548667711692708338e-05
-1.550195603072790362e-05
-1.551723759007916925e-05
-1.553252226571544270e-05
-1.554781046708697545e-05
-1.556310266825899902e-05
-1.557839934118732117e-05
-1.559370092907297334e-05
-1.560900784958185739e-05
-1.562432053081597161e-05
-1.563963936490608830e-05
-1.565496475974814672e-05
-1.567029708249290110e-05
-1.568563671860978559e-05
-1.570098406311615236e-05
-1.571633954888795870e-05
-1.573170355317898839e-05
-1.574707643758888054e-05
-1.576245865664294143e-05
-1.577785055806302239e-05
-1.579325245582019477e-05
-1.580866471162511999e-05
-1.582408767231147095e-05
-1.583952168449087594e-05
-1.585496687395160365e-05
-1.587042405104543974e-05
-1.588589314238664230e-05
-1.590137464846375082e-05
-1.591686853852358752e-05
-1.593237524477597589e-05
-1.594789495895643228e-05
-1.596342789567106735e-05
-1.597897406724335667e-05
-1.599453404566020254e-05
-1.601010768093047432e-05
-1.602569536718334575e-05
-1.604129652255092964e-05
-1.605691182038349041e-05
-1.607254146851477827e-05
-1.608818507425890942e-05
-1.610384234318473773e-05
-1.611951369084874131e-05
-1.613519905341309624e-05
-1.615089821338511200e-05
-1.616661125192209170e-05
-1.618233796618628872e-05
-1.619807823149965742e-05
-1.621383194050363130e-05
-1.622959904756804406e-05
-1.624537958955230010e-05
-1.626117379416314179e-05
-1.627698218076290004e-05
-1.629280571424640556e-05
-1.630864598378689578e-05
-1.632450624600156885e-05
-1.634039274611698289e-05
-1.635631923690983314e-05
-1.637232385587328309e-05
-1.638849301766054367e-05
-1.640451221007754867e-05
-1.642044674921017133e-05
-1.643635290093925505e-05
-1.645224837465431023e-05
-1.646814080746850095e-05
-1.648403448506474689e-05
-1.649993223751256011e-05
-1.651583625705832503e-05
-1.653174848148530884e-05
-1.654767080416785774e-05
-1.656360543034196553e-05
-1.657955490841356294e-05
-1.659552286981114122e-05
-1.661151414078521071e-05
-1.662753640707670399e-05
-1.664360214026494589e-05
-1.665973275033483247e-05
-1.667596687826566892e-05
-1.669235743284591678e-05
-1.670883803484013441e-05
-1.672519375006675801e-05
-1.674141700003239919e-05
-1.675755854624316754e-05
-1.677364875585229953e-05
-1.678970500296195212e-05
-1.680573748186198202e-05
-1.682175291506382564e-05
-1.683775567173917409e-05
-1.685374875404210826e-05
-1.686973437875494142e-05
-1.688571414815154270e-05
-1.690168919676882098e-05
-1.691766045430753707e-05
-1.693362865118341887e-05
-1.694959432885223549e-05
-1.696555792352061331e-05
-1.698151980200623967e-05
-1.699748030681291766e-05
-1.701343972504432145e-05
-1.702939836145667130e-05
-1.704535651170235866e-05
-1.706131446943537355e-05
-1.707727260880087528e-05
-1.709323121323880201e-05
-1.710919103137253927e-05
-1.712515248675217094e-05
-1.714111647854732468e-05
-1.715708400096271902e-05
-1.717305632464860565e-05
-1.718903503955537815e-05
-1.720502249380473359e-05
-1.722102095325084292e-05
-1.723703343892157847e-05
-1.725306293198780594e-05
-1.726911096322503170e-05
-1.728517466226264787e-05
-1.730124392484988505e-05
-1.731730302201306415e-05
-1.733333834874617452e-05
-1.734934389807651911e-05
-1.736531960150333731e-05
-1.738126864769817814e-05
-1.739719415772000843e-05
-1.741309943315005881e-05
-1.742898709666818036e-05
-1.744485936305828488e-05
-1.746071802233295500e-05
-1.747656458628288334e-05
-1.749240033765975255e-05
-1.750822642154759023e-05
-1.752404381782923792e-05
-1.753985345553932262e-05
-1.755565614502963001e-05
-1.757145268199700183e-05
-1.758724382028287181e-05
-1.760303029507692685e-05
-1.761881280448740483e-05
-1.763459194437100308e-05
-1.765036853162982311e-05
-1.766614318288173280e-05
-1.768191656548179225e-05
-1.769768932902149317e-05
-1.771346218215619217e-05
-1.772923581866425735e-05
-1.774501093354530212e-05
-1.776078826087879037e-05
-1.777656853496623057e-05
-1.779235249799171470e-05
-1.780814093321758662e-05
-1.782393462590459166e-05
-1.783973440483421768e-05
-1.785554109878795259e-05
-1.787135550124219208e-05
-1.788717848416609968e-05
-1.790301109794167900e-05
-1.791885434820894574e-05
-1.793470930200324887e-05
-1.795057709563785409e-05
-1.796645895579818131e-05
-1.798235622352262197e-05
-1.799827017567867671e-05
-1.801420259461838924e-05
-1.803015516799177931e-05
-1.804612976696873261e-05
-1.806212854138511403e-05
-1.807815395349354759e-05
-1.809420900478198035e-05
-1.811029678799869203e-05
-1.812642098097949628e-05
-1.814258592547357551e-05
-1.815879779065721067e-05
-1.817506368906318670e-05
-1.819139279968240430e-05
-1.820779725136834060e-05
-1.822429341791220736e-05
-1.824090384050514047e-05
-1.825765964191816693e-05
-1.827460277936676647e-05
-1.829178752488225257e-05
-1.830929036727990677e-05
-1.832728024442342729e-05
-1.834620279572707346e-05
-1.836729683790672141e-05
-1.838944122334318365e-05
-1.840976005029748563e-05
-1.842910107208162174e-05
-1.844792747240919795e-05
-1.846644270975250635e-05
-1.848475014032402441e-05
-1.850290996041614733e-05
-1.852096215204657170e-05
-1.853893212733215279e-05
-1.855683824814047256e-05
-1.857469428656610688e-05
-1.859251093672131816e-05
-1.861029629135479979e-05
-1.862805669861078428e-05
-1.864579760313400669e-05
-1.866352360002654365e-05
-1.868123821646694438e-05
-1.869894470651889407e-05
-1.871664585473276077e-05
-1.873434412724694909e-05
-1.875204176771116948e-05
-1.876974081482796208e-05
-1.878744319372405158e-05
-1.880515076091437976e-05
-1.882286535581645381e-05
-1.884058866530313736e-05
-1.885832254489017146e-05
-1.887606896566751402e-05
-1.889382985154064443e-05
-1.891160719369455734e-05
-1.892940325254333089e-05
-1.894722054363029429e-05
-1.896506194376534893e-05
-1.898293085733637753e-05
-1.900083145855990807e-05
-1.901876827059556518e-05
-1.903674890024742439e-05
-1.905478221109202508e-05
-1.907288063240919485e-05
-1.909106053199494113e-05
-1.910934089188742746e-05
-1.912773590184713157e-05
-1.914623925880487576e-05
-1.916481671537795251e-05
-1.918342733842059999e-05
-1.920204839267469765e-05
-1.922067082849032715e-05
-1.923929515379452226e-05
-1.925792422918792823e-05
-1.927656078526407413e-05
-1.929520661758665767e-05
-1.931386279063751488e-05
-1.933253050845351595e-05
-1.935121145357765471e-05
-1.936990742279487421e-05
-1.938862046668710093e-05
-1.940735204042365325e-05
-1.942610353533602563e-05
-1.944487614879975013e-05
-1.946367074667776365e-05
-1.948248781658001860e-05
-1.950132799544146422e-05
-1.952019144324523836e-05
-1.953907825780198948e-05
-1.955798823127796737e-05
-1.957692132159571941e-05
-1.959587734623458033e-05
-1.961485601775780907e-05
-1.963385679204510126e-05
-1.965287925997927232e-05
-1.967192269825002171e-05
-1.969098635756783011e-05
-1.971006942258490824e-05
-1.972917096015880389e-05
-1.974829018402957104e-05
-1.976742609055559541e-05
-1.978657723367138743e-05
-1.980574324078610005e-05
-1.982492232688315426e-05
-1.984411415845155346e-05
-1.986331811187902474e-05
-1.988253406248752242e-05
-1.990176142163679884e-05
-1.992100008341157746e-05
-1.994025000873200781e-05
-1.995951200162160433e-05
-1.997878675830122575e-05
-1.999807520125518323e-05
-2.001737842871609274e-05
-2.003669786698747401e-05
-2.005603523713705982e-05
-2.007539256154711182e-05
-2.009477195119568904e-05
-2.011417619063315954e-05
-2.013360814467901605e-05
-2.015307114411335476e-05
-2.017256909359055328e-05
-2.019210614223609923e-05
-2.021168722354804714e-05
-2.023131836226266245e-05
-2.025100630054232909e-05
-2.027075924637689042e-05
-2.029058599561928133e-05
-2.031049836948017884e-05
-2.033051004246555493e-05
-2.035063652172652837e-05
-2.037089956286042280e-05
-2.039132732711834706e-05
-2.041195665436479345e-05
-2.043283843267129640e-05
-2.045404574879672310e-05
-2.047569031693452501e-05
-2.049795041603186263e-05
-2.052117438411382722e-05
-2.054614484536809726e-05
-2.057552230472214916e-05
-2.063560858245327978e-05
-2.066159452951410458e-05
-2.068337703320377585e-05
-2.070361510431162344e-05
-2.072302641042966798e-05
-2.074191807388547915e-05
-2.076044142507171841e-05
-2.077868978966890268e-05
-2.079672375587815480e-05
-2.081458493830012912e-05
-2.083230388383316978e-05
-2.084990236117523210e-05
-2.086739702911177829e-05
-2.088480085704613742e-05
-2.090212477223740706e-05
-2.091937832748858028e-05
-2.093656784618591615e-05
-2.095369982602068859e-05
-2.097077955220960632e-05
-2.098781170400965124e-05
-2.100480048239372621e-05
-2.102174970608494675e-05
-2.103866295966039246e-05
-2.105554358089456457e-05
-2.107239463822185854e-05
-2.108921899790505705e-05
-2.110601951077484273e-05
-2.112279849453280178e-05
-2.113955800864264489e-05
-2.115630020371739306e-05
-2.117302694470968305e-05
-2.118973973097570962e-05
-2.120643992764570385e-05
-2.122312868435560773e-05
-2.123980696810967572e-05
-2.125647479089831648e-05
-2.127313345956505231e-05
-2.128978293391980969e-05
-2.130642380560043847e-05
-2.132305603408379824e-05
-2.133968057627111392e-05
-2.135629753663437214e-05
-2.137290779091749471e-05
-2.138951160912672123e-05
-2.140610990075675346e-05
-2.142270288774117404e-05
-2.143929109843512038e-05
-2.145587500901324773e-05
-2.147245497097216571e-05
-2.148903154630676937e-05
-2.150560561697822948e-05
-2.152217620232654838e-05
-2.153874487720308650e-05
-2.155531083958273086e-05
-2.157187562745743747e-05
-2.158843795851961289e-05
-2.160499916148417299e-05
-2.162155958174150072e-05
-2.163811959965400433e-05
-2.165467961390277196e-05
-2.167124003460418891e-05
-2.168780126787783757e-05
-2.170436373527540042e-05
-2.172092785623913613e-05
-2.173749402112346019e-05
-2.175406273952074088e-05
-2.177063438990600730e-05
-2.178720938916800520e-05
-2.180378815430650263e-05
-2.182037112052892525e-05
-2.183695865065615749e-05
-2.185355114792120190e-05
-2.187014901955386392e-05
-2.188675251113547660e-05
-2.190336205687426485e-05
-2.191997791589628264e-05
-2.193660038052325234e-05
-2.195322977249780649e-05
-2.196986636082698396e-05
-2.198651031981579962e-05
-2.200316182465744674e-05
-2.201982111860179003e-05
-2.203648834320226513e-05
-2.205316357839492980e-05
-2.206984681263346459e-05
-2.208653830249041050e-05
-2.210323810003522738e-05
-2.211994619483181879e-05
-2.213666259365254518e-05
-2.215338730926497135e-05
-2.217012024907649703e-05
-2.218686127064550817e-05
-2.220361015625726964e-05
-2.222036682941741503e-05
-2.223713101845437023e-05
-2.225390245658154242e-05
-2.227068082205629906e-05
-2.228746573451623192e-05
-2.230425687477222141e-05
-2.232105383292992684e-05
-2.233785615202155128e-05
-2.235466330169355587e-05
-2.237147472305967000e-05
-2.238828989287178217e-05
-2.240510817219654172e-05
-2.242192898294081971e-05
-2.243875171203946195e-05
-2.245557572688738901e-05
-2.247240041242104525e-05
-2.248922518444107510e-05
-2.250604945364109710e-05
-2.252287270332331559e-05
-2.253969446552872569e-05
-2.255651430083105424e-05
-2.257333177901887922e-05
-2.259014650962676285e-05
-2.260695813915969410e-05
-2.262376624462270058e-05
-2.264057078060766059e-05
-2.265737104167886429e-05
-2.267416660006738027e-05
-2.269095687845723575e-05
-2.270774162083100123e-05
-2.272452010887437979e-05
-2.274129180002137929e-05
-2.275805604623482026e-05
-2.277481266677039429e-05
-2.279156095674750304e-05
-2.280830056555771534e-05
-2.282503121819878800e-05
-2.284175273881139390e-05
-2.285846507410482786e-05
-2.287516804821976280e-05
-2.289186160664424818e-05
-2.290854582109869142e-05
-2.292522059499368936e-05
-2.294188606344338410e-05
-2.295854231471050610e-05
-2.297518947624865859e-05
-2.299182769638363766e-05
-2.300845715341726105e-05
-2.302507818596755129e-05
-2.304169104960784864e-05
-2.305829605064868559e-05
-2.307489362418646550e-05
-2.309148424928242349e-05
-2.310806857663827429e-05
-2.312464740039654743e-05
-2.314122165902876560e-05
-2.315779251538252481e-05
-2.317436145238271905e-05
-2.319093021507789842e-05
-2.320750139583882543e-05
-2.322407820010141677e-05
-2.324066474157504558e-05
-2.325726507879100069e-05
-2.327388014589093501e-05
-2.329050288885081699e-05
-2.330712162734727144e-05
-2.332373009561461430e-05
-2.334032954320885977e-05
-2.335692561394875355e-05
-2.337352682302284990e-05
-2.339014578078835171e-05
-2.340680548384987958e-05
-2.342356051399097083e-05
-2.344066036807923581e-05
-2.345820855542690708e-05
-2.347498275323545158e-05
-2.349160031744901289e-05
-2.350814152374258725e-05
-2.352463365318246957e-05
-2.354109012059346639e-05
-2.355751895399826878e-05
-2.357392523510970506e-05
-2.359031253695853536e-05
-2.360668350431804896e-05
-2.362304026215511499e-05
-2.363938453353586766e-05
-2.365571788343068249e-05
-2.367204151765278652e-05
-2.368835651700429423e-05
-2.370466393464276678e-05
-2.372096472136320244e-05
-2.373725976778651159e-05
-2.375354991934752746e-05
-2.376983599527981994e-05
-2.378611881170833442e-05
-2.380239916088822127e-05
-2.381867783907143377e-05
-2.383495550983827371e-05
-2.385123339565531353e-05
-2.386751256633345974e-05
-2.388379426965236974e-05
-2.390008032704393770e-05
-2.391637304943738940e-05
-2.393267614375638175e-05
-2.394899528035399072e-05
-2.396534005066897066e-05
-2.398172925988095727e-05
-2.399820528053986379e-05
-2.401489310610571692e-05
-2.403208943202450598e-05
-2.404913681997022934e-05
-2.406594302184483780e-05
-2.408262884767697898e-05
-2.409924428425913590e-05
-2.411581344829993867e-05
-2.413234942155728646e-05
-2.414885975654534889e-05
-2.416535019167387333e-05
-2.418182444685612609e-05
-2.419828532529422205e-05
-2.421473492331127630e-05
-2.423117494521065396e-05
-2.424760674124559756e-05
-2.426403135935562005e-05
-2.428044965396836119e-05
-2.429686242744200086e-05
-2.431327030261165589e-05
-2.432967390508800065e-05
-2.434607375301212073e-05
-2.436247035220162616e-05
-2.437886416206680451e-05
-2.439525560848920804e-05
-2.441164509636717384e-05
-2.442803304814056276e-05
-2.444441989390977454e-05
-2.446080598583755261e-05
-2.447719173515050528e-05
-2.449357755329728548e-05
-2.450996384129044969e-05
-2.452635101535260986e-05
-2.454273950514007652e-05
-2.455912975285468036e-05
-2.457552221923897662e-05
-2.459191739501154217e-05
-2.460831577999478270e-05
-2.462471792841203211e-05
-2.464112441236121498e-05
-2.465753577129969898e-05
-2.467395272143235729e-05
-2.469037604468926617e-05
-2.470680661048607618e-05
-2.472324525848446086e-05
-2.473969298266709416e-05
-2.475615101171779742e-05
-2.477262063382834612e-05
-2.478910360426134218e-05
-2.480560179862756343e-05
-2.482211759302632714e-05
-2.483865405733531873e-05
-2.485521473349905364e-05
-2.487180415311485149e-05
-2.488842811354530227e-05
-2.490509208352698067e-05
-2.492179888169410162e-05
-2.493854372853654411e-05
-2.495530850998850525e-05
-2.497206811569174789e-05
-2.498880582502138736e-05
-2.500551777784298935e-05
-2.502220731104287665e-05
-2.503887980176422445e-05
-2.505554045195701462e-05
-2.507219369041191470e-05
-2.508884322616200535e-05
-2.510549233147862935e-05
-2.512214338568075078e-05
-2.513879884369352169e-05
-2.515546069770113746e-05
-2.517213116870475886e-05
-2.518881251434290647e-05
-2.520550658446918391e-05
-2.522221548417746817e-05
-2.523894145733951433e-05
-2.525568625055818472e-05
-2.527245303951541899e-05
-2.528924485045713766e-05
-2.530606501438548150e-05
-2.532291766776939568e-05
-2.533980743946173675e-05
-2.535673903725221834e-05
-2.537371877253669084e-05
-2.539075417562486336e-05
-2.540785318194682674e-05
-2.542502772384658272e-05
-2.544229279854981485e-05
-2.545966732936388865e-05
-2.547717675271954363e-05
-2.549485593383860049e-05
-2.551275471729397282e-05
-2.553094734980554392e-05
-2.554954928879471510e-05
-2.556874384462837213e-05
-2.558880599268231748e-05
-2.560999637091221359e-05
-2.563180877146464809e-05
-2.565300050128005438e-05
-2.567322747293321328e-05
-2.569270914232202330e-05
-2.571166393983137510e-05
-2.573024399865619927e-05
-2.574854806480786351e-05
-2.576664245845794454e-05
-2.578457253887833645e-05
-2.580236814020420155e-05
-2.582005425977307311e-05
-2.583765387764724863e-05
-2.585518353637183964e-05
-2.587266622322559328e-05
-2.589021269394642388e-05
-2.590764334176043349e-05
-2.592498799136588872e-05
-2.594227424479456090e-05
-2.595950886064013474e-05
-2.597669589121665012e-05
-2.599383889057005348e-05
-2.601094145227023091e-05
-2.602800719697651033e-05
-2.604503908010258328e-05
-2.606203995159095399e-05
-2.607901240436749646e-05
-2.609595859071056623e-05
-2.611288058718130856e-05
-2.612977965377183409e-05
-2.614665727884712965e-05
-2.616351464257427040e-05
-2.618035275758767710e-05
-2.619717249396913417e-05
-2.621397460700336524e-05
-2.623075975638489155e-05
-2.624752854207823560e-05
-2.626428152441295794e-05
-2.628101934909476967e-05
-2.629774243212423812e-05
-2.631445116474395718e-05
-2.633114599925878707e-05
-2.634782749399988688e-05
-2.636449607174018439e-05
-2.638115216702097143e-05
-2.639779623592186653e-05
-2.641442877970856529e-05
-2.643105044897176015e-05
-2.644766088544248106e-05
-2.646426153729564135e-05
-2.648085336809380408e-05
-2.649743585747543761e-05
-2.651400999398312308e-05
-2.653057649026901998e-05
-2.654713574257172581e-05
-2.656368849318635483e-05
-2.658023520785146587e-05
-2.659677660810100264e-05
-2.661331359266050356e-05
-2.662984626677911137e-05
-2.664637523197566082e-05
-2.666290107677937726e-05
-2.667942444423143655e-05
-2.669594596371727135e-05
-2.671246633179080732e-05
-2.672898630917686091e-05
-2.674550669845565665e-05
-2.676202834028806876e-05
-2.677855212818158748e-05
-2.679507900349431537e-05
-2.681160993445175222e-05
-2.682814593102378353e-05
-2.684468805402850933e-05
-2.686123733952605619e-05
-2.687779486754138247e-05
-2.689436171354753213e-05
-2.691093885309747691e-05
-2.692752741884074652e-05
-2.694412833892378956e-05
-2.696074237951151531e-05
-2.697737007495426553e-05
-2.699401197459039281e-05
-2.701066843091570746e-05
-2.702733947246294122e-05
-2.704402499908997726e-05
-2.706072478797505454e-05
-2.707743835805853649e-05
-2.709416526569530248e-05
-2.711090483176192834e-05
-2.712765643841930086e-05
-2.714441938012068789e-05
-2.716119269696726235e-05
-2.717797526485821180e-05
-2.719476595136605113e-05
-2.721156317686546089e-05
-2.722836502710990203e-05
-2.724516921137620784e-05
-2.726197323366097436e-05
-2.727877451813576215e-05
-2.729557056568854279e-05
-2.731235910413687407e-05
-2.732913822722782271e-05
-2.734590638353573411e-05
-2.736266256186947743e-05
-2.737940632657753781e-05
-2.739613778479643713e-05
-2.741285691298944727e-05
-2.742956409162999876e-05
-2.744625993156279975e-05
-2.746294513744640398e-05
-2.747962048188501427e-05
-2.749628674580950616e-05
-2.751294474201415596e-05
-2.752959526131082413e-05
-2.754623907164077679e-05
-2.756287694860581894e-05
-2.757950960963206910e-05
-2.759613770708657654e-05
-2.761276187968064733e-05
-2.762938277534043863e-05
-2.764600097282521318e-05
-2.766261702891181784e-05
-2.767923146196338280e-05
-2.769584479000997135e-05
-2.771245737132055353e-05
-2.772906952286380289e-05
-2.774568136432176146e-05
-2.776229299006338636e-05
-2.777890439242813869e-05
-2.779551545928349299e-05
-2.781212605229566037e-05
-2.782873605988722687e-05
-2.784534544231220821e-05
-2.786195415660497332e-05
-2.787856218011697251e-05
-2.789516951418047341e-05
-2.791177616867646094e-05
-2.792838224352500731e-05
-2.794498773295295280e-05
-2.796159259732533542e-05
-2.797819692612613096e-05
-2.799480067194881627e-05
-2.801140423769332699e-05
-2.802800772938596197e-05
-2.804461099004118552e-05
-2.806121421006224637e-05
-2.807781755964633419e-05
-2.809442123274941139e-05
-2.811102537847443017e-05
-2.812763023274378327e-05
-2.814423608188398873e-05
-2.816084323231660136e-05
-2.817745205108135309e-05
-2.819406293219639537e-05
-2.821067638358876195e-05
-2.822729295381964931e-05
-2.824391325850772461e-05
-2.826053797599925588e-05
-2.827716784314926457e-05
-2.829380371205392208e-05
-2.831044652651382165e-05
-2.832709735844929355e-05
-2.834375726468163492e-05
-2.836042721332532324e-05
-2.837710869585396978e-05
-2.839380281149939123e-05
-2.841051049118359373e-05
-2.842723227691745791e-05
-2.844396778689528560e-05
-2.846071537232486293e-05
-2.847747217138429932e-05
-2.849423471873446800e-05
-2.851099998069095420e-05
-2.852776613049279320e-05
-2.854453264022893677e-05
-2.856129998995982078e-05
-2.857806920442129694e-05
-2.859484145512070086e-05
-2.861161812917067948e-05
-2.862840038964087341e-05
-2.864518924250436527e-05
-2.866198552364807028e-05
-2.867878977952376118e-05
-2.869560244433966290e-05
-2.871242357838088566e-05
-2.872925307151330543e-05
-2.874609062897270917e-05
-2.876293580755806545e-05
-2.877978803395020435e-05
-2.879664670729642495e-05
-2.881351123196207453e-05
-2.883038109957603012e-05
-2.884725594987092023e-05
-2.886413557923184214e-05
-2.888101984555024870e-05
-2.889790873317199527e-05
-2.891480231426157843e-05
-2.893170068130057615e-05
-2.894860398416909675e-05
-2.896551236375444205e-05
-2.898242592686006702e-05
-2.899934476774390646e-05
-2.901626885876140705e-05
-2.903319862712638866e-05
-2.905013341836237828e-05
-2.906707322258839099e-05
-2.908401748025202238e-05
-2.910096604935574760e-05
-2.911791823367870791e-05
-2.913487414124560360e-05
-2.915183248641817215e-05
-2.916879309422526489e-05
-2.918575536992040753e-05
-2.920271872519641931e-05
-2.921968252289630641e-05
-2.923664615828158730e-05
-2.925360909222796124e-05
-2.927057074075811727e-05
-2.928753065878364481e-05
-2.930448845406274927e-05
-2.932144373668510440e-05
-2.933839627616841028e-05
-2.935534584969090588e-05
-2.937229237087723988e-05
-2.938923578787999702e-05
-2.940617610525109171e-05
-2.942311339571013207e-05
-2.944004780003339761e-05
-2.945697944134462176e-05
-2.947390855878584404e-05
-2.949083523429152365e-05
-2.950776026278134623e-05
-2.952468349759485022e-05
-2.954160544121897658e-05
-2.955852646024936803e-05
-2.957544705961545617e-05
-2.959236773569795531e-05
-2.960928902484560865e-05
-2.962621155555567043e-05
-2.964313596065526468e-05
-2.966006292914880049e-05
-2.967699324085693036e-05
-2.969392769747170036e-05
-2.971086717074022943e-05
-2.972781254173550991e-05
-2.974476487793697999e-05
-2.976172541202526389e-05
-2.977869551601397546e-05
-2.979567655925219327e-05
-2.981267021684441687e-05
-2.982967814602055512e-05
-2.984670275685274987e-05
-2.986374674285308117e-05
-2.988081315624668832e-05
-2.989790537721859209e-05
-2.991502675642188080e-05
-2.993217936542169610e-05
-2.994936126232694562e-05
-2.996656261733399162e-05
-2.998376568508209772e-05
-3.000095456373585989e-05
-3.001812380620805243e-05
-3.003527601863620333e-05
-3.005241525877444531e-05
-3.006954209872070294e-05
-3.008665427783885349e-05
-3.010374965684015081e-05
-3.012082851283626184e-05
-3.013789329076033141e-05
-3.015494745972624457e-05
-3.017199432386874491e-05
-3.018903688867258239e-05
-3.020607776349493179e-05
-3.022311914901987251e-05
-3.024016287300757000e-05
-3.025721051419516527e-05
-3.027426340973526919e-05
-3.029132274245949219e-05
-3.030838953210768238e-05
-3.032546468484387248e-05
-3.034254938438785132e-05
-3.035964411657321449e-05
-3.037674962724778993e-05
-3.039386656245035567e-05
-3.041099563949600793e-05
-3.042813736653382506e-05
-3.044529211160273974e-05
-3.046246083682202510e-05
-3.047964374636169538e-05
-3.049684112366168875e-05
-3.051405301912613055e-05
-3.053128017671546957e-05
-3.054852287609488570e-05
-3.056578126292563979e-05
-3.058305552294804386e-05
-3.060034566093605690e-05
-3.061765143153039048e-05
-3.063497228750211576e-05
-3.065230746734926015e-05
-3.066965608711225144e-05
-3.068701682251706586e-05
-3.070438848662426778e-05
-3.072177011875787400e-05
-3.073916103901730423e-05
-3.075656090401057696e-05
-3.077396979900282048e-05
-3.079138792139168856e-05
-3.080881553640946180e-05
-3.082625297201602166e-05
-3.084370075845388470e-05
-3.086115945094558555e-05
-3.087862961725917899e-05
-3.089611180662199530e-05
-3.091360659923658716e-05
-3.093111458851716122e-05
-3.094863637775890908e-05
-3.096617271070023492e-05
-3.098372416276973240e-05
-3.100129105781945782e-05
-3.101887448198059616e-05
-3.103647505886542035e-05
-3.105409363313160753e-05
-3.107173114158534588e-05
-3.108938864171406635e-05
-3.110706719589018121e-05
-3.112476864441937607e-05
-3.114249446856121040e-05
-3.116024646188098046e-05
-3.117802678420655837e-05
-3.119583775634815481e-05
-3.121368063618845667e-05
-3.123155490769580211e-05
-3.124945773314014019e-05
-3.126738482461810520e-05
-3.128533226204321949e-05
-3.130329780298701792e-05
-3.132128078198181953e-05
-3.133928177179168273e-05
-3.135730207581843842e-05
-3.137534344144210507e-05
-3.139340747937424680e-05
-3.141149591634473381e-05
-3.142961037028157989e-05
-3.144775271757271895e-05
-3.146592463976194409e-05
-3.148412798481547981e-05
-3.150236434223963045e-05
-3.152063577616104340e-05
-3.152979009168888069e-05
