5.061472276188648811e-01
5.062790733384902042e-01
5.064171148438120218e-01
5.065605480407625594e-01
5.067084121923873807e-01
5.068598817269688306e-01
5.070127715371933741e-01
5.071638988922027025e-01
5.073129358772789921e-01
5.074596208149133592e-01
5.076016634794835447e-01
5.077424671554700009e-01
5.078831563942717287e-01
5.080272268735714913e-01
5.081736258622695512e-01
5.083234396862407189e-01
5.084805449573249758e-01
5.086444889751130516e-01
5.088152500124113464e-01
5.089921408925275337e-01
5.091734085619439298e-01
5.093634324368659927e-01
5.095643634146338474e-01
5.097886465419603219e-01
5.100915593465620290e-01
5.110851944505492295e-01
5.106271690621109194e-01
5.103956127945078469e-01
5.104092203114223292e-01
5.104884766456220246e-01
5.106033044345794636e-01
5.107440246262946459e-01
5.109056435602783441e-01
5.110729698493220452e-01
5.112114848642403953e-01
5.113035276022316333e-01
5.113806823250192091e-01
5.114719949746665550e-01
5.115826884578027478e-01
5.117084848940520736e-01
5.118475524601366899e-01
5.119947751016162840e-01
5.121461627706278552e-01
5.122984150968533656e-01
5.124496771259253736e-01
5.126015577305927939e-01
5.127530276273720711e-01
5.129091999762361853e-01
5.130729095873394208e-01
5.132483034710443315e-01
5.134522067439828419e-01
5.137426910585045636e-01
5.138697002597720775e-01
5.139489472389952018e-01
5.140915244322015187e-01
5.142531773020525554e-01
5.144238590495134877e-01
5.146003333857950279e-01
5.147784489672296848e-01
5.149581905817260941e-01
5.151346696228037425e-01
5.153058078981924695e-01
5.154683799381253317e-01
5.156271359558787237e-01
5.157907399373552471e-01
5.159560459582466230e-01
5.161244751180359414e-01
5.162973524873699649e-01
5.164742559298654001e-01
5.166601666961958550e-01
5.168568102090218552e-01
5.170696971144422838e-01
5.173042181545423057e-01
5.175334459016253108e-01
5.177703693540887109e-01
5.180597495439148714e-01
5.184239553318649163e-01
5.189208099863846790e-01
5.196997198685584518e-01
5.212717587781479089e-01
5.228473852585738824e-01
5.209224853847063130e-01
5.200084104701974130e-01
5.196543150083282603e-01
5.195204558174880693e-01
5.194983500735345094e-01
5.195503576536222301e-01
5.196196271142659029e-01
5.196949734760603068e-01
5.198051805599530617e-01
5.199375995151128693e-01
5.200815871584861805e-01
5.202255869110057329e-01
5.203598542193131893e-01
5.204840949551721163e-01
5.206061279746247994e-01
5.207322092408308567e-01
5.208654559412639884e-01
5.210028584010152342e-01
5.211449484534493859e-01
5.212893611509997749e-01
5.214316460858229307e-01
5.215693089694724005e-01
5.217052201957622648e-01
5.218435441655389084e-01
5.219861827845726499e-01
5.221334135099578999e-01
5.222846373712992651e-01
5.224382372013259834e-01
5.225918016530783916e-01
5.227433026978755004e-01
5.228923507866073406e-01
5.230387236302145304e-01
5.231848362994763191e-01
5.233286159231536061e-01
5.234699976803416366e-01
5.236093523006136730e-01
5.237497197918660197e-01
5.238901663252827356e-01
5.240305361294294029e-01
5.241703333470961734e-01
5.243089094168743580e-01
5.244457775900250862e-01
5.245808003937649788e-01
5.247137384959296158e-01
5.248430560853492022e-01
5.249640164769399098e-01
5.250756844316052385e-01
5.251786991760277745e-01
5.252773933435364029e-01
5.253741243625383861e-01
5.254702366724443019e-01
5.255689697293560725e-01
5.256767060225592259e-01
5.257968611288906802e-01
5.258977990151466608e-01
5.258915583526176940e-01
5.257978228942946641e-01
5.257049791953889439e-01
5.256366653012739532e-01
5.255892760026923405e-01
5.255581479305203585e-01
5.255412576450562145e-01
5.255380409034793310e-01
5.255449974761049470e-01
5.255488185329875162e-01
5.255410008757972484e-01
5.255345797614001668e-01
5.255389435830788436e-01
5.255619446302608466e-01
5.255913294275830205e-01
5.255680534072917354e-01
5.255832819024205405e-01
5.255974486346011165e-01
5.255888820215386392e-01
5.255708911807218664e-01
5.255563084777598037e-01
5.255473465810708289e-01
5.255379121065576475e-01
5.255306864960100910e-01
5.255284058214211296e-01
5.255347501551439482e-01
5.255659014523612615e-01
5.255791415511303910e-01
5.255397001610532248e-01
5.255350439352604042e-01
5.255471079052531636e-01
5.255699365718118354e-01
5.256014133406463618e-01
5.256426155410716117e-01
5.257007887108360311e-01
5.257571420517125338e-01
5.257438702379884088e-01
5.256500418987993806e-01
5.255941810779090062e-01
5.255584639656041279e-01
5.255337934315398307e-01
5.255174637290007666e-01
5.255084073380958953e-01
5.255054738910275303e-01
5.255073194207782183e-01
5.255129427937157427e-01
5.255221565821381891e-01
5.255356923627861887e-01
5.255549946446352871e-01
5.255816176073460078e-01
5.256179648059819964e-01
5.256655531077647492e-01
5.257247008858131343e-01
5.257931691578898725e-01
5.258762212402989800e-01
5.259805925369417379e-01
5.261124189770961523e-01
5.262752395403171857e-01
5.264495182262431960e-01
5.265874472515303939e-01
5.266096974942606757e-01
5.265101380256019814e-01
5.263672870976702223e-01
5.262416792543801458e-01
5.261500389046857018e-01
5.260898425927008626e-01
5.260553657132288619e-01
5.260426424740458629e-01
5.260494964632972392e-01
5.260752504310676203e-01
5.261194100165156318e-01
5.261813067166838387e-01
5.262603311426438113e-01
5.263525217892762731e-01
5.264548069439596301e-01
5.265631854779948551e-01
5.266741709742149835e-01
5.267832526619029565e-01
5.268940145091093319e-01
5.270062848878227513e-01
5.271199277155240726e-01
5.272262863673327082e-01
5.273070326907044469e-01
5.273523410096473407e-01
5.273709764072831430e-01
5.273775718847517613e-01
5.273846189304249865e-01
5.274003303884599037e-01
5.274292289986330928e-01
5.274727083311103737e-01
5.275319740687858250e-01
5.276077299039114710e-01
5.276838599220238235e-01
5.277258849308666955e-01
5.277674843728539233e-01
5.278344709093061304e-01
5.279302845789044518e-01
5.280667833167624892e-01
5.281478261188565781e-01
5.282188539653182024e-01
5.283164190819760186e-01
5.284318481071452744e-01
5.285651085786107206e-01
5.287167325821874320e-01
5.288868058341918976e-01
5.290749701385105697e-01
5.292802532841107688e-01
5.295010104018244013e-01
5.297356714332170924e-01
5.299839531068508691e-01
5.302440117661855190e-01
5.305196595879048127e-01
5.308059676562978391e-01
5.311022321315490569e-01
5.314117009552578041e-01
5.317356254672096494e-01
5.320829694809227073e-01
5.324530659575072988e-01
5.328465003868917416e-01
5.332555404557781653e-01
5.336430761004505863e-01
5.339618260612400968e-01
5.342239945681496183e-01
5.344427208339582736e-01
5.346086095296523899e-01
5.347146976775990490e-01
5.347690663509684361e-01
5.347860908557889870e-01
5.347843946455254072e-01
5.347798396908937102e-01
5.347830079285991189e-01
5.348000685426156364e-01
5.348337300556862406e-01
5.348838138963410982e-01
5.349460558751820694e-01
5.350152781826285064e-01
5.350907553225138225e-01
5.351695291655546027e-01
5.352513320061677016e-01
5.353381781259431982e-01
5.354349419434067947e-01
5.355475821069494158e-01
5.356628925596358393e-01
5.358001243214430831e-01
5.359687675682118790e-01
5.361777145160511182e-01
5.364313629849525311e-01
5.366694595604399876e-01
5.369381970252997682e-01
5.372684647943837266e-01
5.376586559428604417e-01
5.381158384218965862e-01
5.386706183786136304e-01
5.394366046141311211e-01
5.408374665538836501e-01
5.454106874288299212e-01
5.437419246840564657e-01
5.405728440825463554e-01
5.395871583443250241e-01
5.391586422592080652e-01
5.389776159521028065e-01
5.389582447440675050e-01
5.391128769182785829e-01
5.397155761020371312e-01
5.395984524919458236e-01
5.392962379453107857e-01
5.392236682900054534e-01
5.391339079933116230e-01
5.390449016447254049e-01
5.390029702433442038e-01
5.390267531346887298e-01
5.391695170671692017e-01
5.395790223966120402e-01
5.394117961226904123e-01
5.393115643475107079e-01
5.393423884148966785e-01
5.394340925261784658e-01
5.395657202570118827e-01
5.397250369091158850e-01
5.399088735879056244e-01
5.401194545405839653e-01
5.403620346531632368e-01
5.406470229620424783e-01
5.409920301302568735e-01
5.414411121533406757e-01
5.420395911853654880e-01
5.427351221156542227e-01
5.430447562565657860e-01
5.426186115850744063e-01
5.420139287573890741e-01
5.415618579128417265e-01
5.412652223539559104e-01
5.410825799080661858e-01
5.409822739073119058e-01
5.408489428624090323e-01
5.406816672129440837e-01
5.405613468698036161e-01
5.404695159958124995e-01
5.403841377427256454e-01
5.403080909568676038e-01
5.402451043943918840e-01
5.401979464611693649e-01
5.401711436481959616e-01
5.401688111801041803e-01
5.401972709154369001e-01
5.402670933307276435e-01
5.403967909533039515e-01
5.406198658949946667e-01
5.410014172907597896e-01
5.416565149144919600e-01
5.425696301153856149e-01
5.425472917401932271e-01
5.415974894661748085e-01
5.408981083343828988e-01
5.404731400815939724e-01
5.402043761796044841e-01
5.400344238594462221e-01
5.400048254342306731e-01
5.398548045822808561e-01
5.396629135042082526e-01
5.395482549692515173e-01
5.394497687189353519e-01
5.393568175043124135e-01
5.392662790543952811e-01
5.391794257276764091e-01
5.390935475596410065e-01
5.390022350103573778e-01
5.389070539248667080e-01
5.388138166908421622e-01
5.387263164664769510e-01
5.386477881596067885e-01
5.385824575439153161e-01
5.385342012064782136e-01
5.385109016912811297e-01
5.385017922524191203e-01
5.384499202372281523e-01
5.384018832540817812e-01
5.383771151291122381e-01
5.383702393687215260e-01
5.383775309406736431e-01
5.383973864988675917e-01
5.384288508218235680e-01
5.384701736935098015e-01
5.385196725966260312e-01
5.385732489051304750e-01
5.386256219001579471e-01
5.386704997326303701e-01
5.387062542794163189e-01
5.387201331881730226e-01
5.387140644797353550e-01
5.387079434432320291e-01
5.387144262865243283e-01
5.387384957533557506e-01
5.387801770052409456e-01
5.388377060400273422e-01
5.389071908875859851e-01
5.389813535058898264e-01
5.390499823257833834e-01
5.391043785307562120e-01
5.391431946821010346e-01
5.391722306997612790e-01
5.392001260298900922e-01
5.392335663601126594e-01
5.392775517240867567e-01
5.393328407744842901e-01
5.393992920299540694e-01
5.394773960209299224e-01
5.395636903951185337e-01
5.396479359649130059e-01
5.397170243298877734e-01
5.397741958316364386e-01
5.398277772812467568e-01
5.398802675318890021e-01
5.399343838118709771e-01
5.399934483074005920e-01
5.400601151788899656e-01
5.401364953507304945e-01
5.402268738876707665e-01
5.403415373808966304e-01
5.405113397728538160e-01
5.410779255865234560e-01
5.408861637342025075e-01
5.408842094491296271e-01
5.410990194120945951e-01
5.414444784180505454e-01
5.413484430830827199e-01
5.409080258286513843e-01
5.407036168401051501e-01
5.406031630323737680e-01
5.405553472843366292e-01
5.405375017311302432e-01
5.405323255365660495e-01
5.405294253194108389e-01
5.405338296897779227e-01
5.405482329151966026e-01
5.405469834578595645e-01
5.405556050329303197e-01
5.405720528308871620e-01
5.405908330093222025e-01
5.406017383127871279e-01
5.405979371807725364e-01
5.405867509114445912e-01
5.405809415133218110e-01
5.405868162061016058e-01
5.406054608901469383e-01
5.406354773432416883e-01
5.406719009140685817e-01
5.407076351714565909e-01
5.407339600165366189e-01
5.407470452041792663e-01
5.407484301522497150e-01
5.407456627286253426e-01
5.407469892982774695e-01
5.407579857388472577e-01
5.407814315732485388e-01
5.408211422678568248e-01
5.408838125418666820e-01
5.409753544644980705e-01
5.410979394298124356e-01
5.412543513550445162e-01
5.414381396671260616e-01
5.416348202796016365e-01
5.418299709676883680e-01
5.420166590281373376e-01
5.421894111778646774e-01
5.423534471597167839e-01
5.425118429862351155e-01
5.426523245958767561e-01
5.427552924103009602e-01
5.428207701360588944e-01
5.428596903953357700e-01
5.428735862228417641e-01
5.428411763840249593e-01
5.427224197560228669e-01
5.425222070828502607e-01
5.422791602308886239e-01
5.420499049270764980e-01
5.418545655533710814e-01
5.416649629530797538e-01
5.415183037902735474e-01
5.414241736272141781e-01
5.413703492151871188e-01
5.413396294979532231e-01
5.412791060334414261e-01
5.411994050942573464e-01
5.411446646712417818e-01
5.411219761567851450e-01
5.411253677043476040e-01
5.411390711350242411e-01
5.411433583345380827e-01
5.411279062720097954e-01
5.410986696908234306e-01
5.410795304838378339e-01
5.410969872162536554e-01
5.411350630475856294e-01
5.412362826163553686e-01
5.414527981725814065e-01
5.417812685132096240e-01
5.420875187972044040e-01
5.420384863578283641e-01
5.416207893005301477e-01
5.411660078349120884e-01
5.408317331712374498e-01
5.406306832605047852e-01
5.405447704372549067e-01
5.405492208896740536e-01
5.406098283682748695e-01
5.406687933715768057e-01
5.406204359196793430e-01
5.403904947252611279e-01
5.400308344031791163e-01
5.396529307786850360e-01
5.393317694666046602e-01
5.390660573434951086e-01
5.388720314631544328e-01
5.387801208893614469e-01
5.387754020447830250e-01
5.387446320313218351e-01
5.384969924872067271e-01
5.381337221511307556e-01
5.378095810124120524e-01
5.375480649311902281e-01
5.373402008261111140e-01
5.371768608768847653e-01
5.370481613830121459e-01
5.369424895813088572e-01
5.368770202651865775e-01
5.368522110637584666e-01
5.368659729484532850e-01
5.369151130615926748e-01
5.370004291179144573e-01
5.371578257655892363e-01
5.374530596785944692e-01
5.372273638235006699e-01
5.371149232409885288e-01
5.371453977047278006e-01
5.372556169529045800e-01
5.373687542635213754e-01
5.373380490936456866e-01
5.370773129019774661e-01
5.365578725948501049e-01
5.361325673937414882e-01
5.357803326190626603e-01
5.354875628096510409e-01
5.352397280732100748e-01
5.350304478240995865e-01
5.348506408829143410e-01
5.346967095991892460e-01
5.345582094309788701e-01
5.344244079613786891e-01
5.342993454968660849e-01
5.341905047597644840e-01
5.340959303593411089e-01
5.340074111898337472e-01
5.339169918914374868e-01
5.338226905648988385e-01
5.337243058246680105e-01
5.336293533619630436e-01
5.335595031272805100e-01
5.335574142985101131e-01
5.334185155301238712e-01
5.331239924516266715e-01
5.328992829512723128e-01
5.327205930788465604e-01
5.325716412983313441e-01
5.324471238041114107e-01
5.323293291035464669e-01
5.322284304462832072e-01
5.321637550768594238e-01
5.321155461842466128e-01
5.319945496367617377e-01
5.318469939030919802e-01
5.317268347159531672e-01
5.316280433879122524e-01
5.315501165593362609e-01
5.314221442404231111e-01
5.312660679467889890e-01
5.311245073380553849e-01
5.309890450959576791e-01
5.308575556509086413e-01
5.307294997392537628e-01
5.306048175612790851e-01
5.304823810937291384e-01
5.303596079000630903e-01
5.302341345022389962e-01
5.300987994646177981e-01
5.299507336936514212e-01
5.297907917502598929e-01
5.296263565068490831e-01
5.294616571539475514e-01
5.293014629276480143e-01
5.291467502371974829e-01
5.289949633269293017e-01
5.288498195230059151e-01
5.287091302364349543e-01
5.285733957594062060e-01
5.284414269913886297e-01
5.283124743628948572e-01
5.281866686885516859e-01
5.280647588532656478e-01
5.279464228990553565e-01
5.278283612902072708e-01
5.277032947920367034e-01
5.275608145968445628e-01
5.274061256010561527e-01
5.272521795286428947e-01
5.271005133287203215e-01
5.269483172533367954e-01
5.268020222083401594e-01
5.266623225754251125e-01
5.265306595952389257e-01
5.264082643702143738e-01
5.262916433137201366e-01
5.261809801386656549e-01
5.260761395128052964e-01
5.259771802583033118e-01
5.258829492695430430e-01
5.257948634360207762e-01
5.257159847745727088e-01
5.256495320624448020e-01
5.256026270411136014e-01
5.255680034653492649e-01
5.256090007222373739e-01
5.259762727763142021e-01
5.256043028974684006e-01
5.253352296441597957e-01
5.252053061450225879e-01
5.251162188094485872e-01
5.250463820246579205e-01
5.249883121882804593e-01
5.249381537166605272e-01
5.248922436138317993e-01
5.248465248514541104e-01
5.247971756862985782e-01
5.247452840715430833e-01
5.246932808546099780e-01
5.246419199986955828e-01
5.245901474134569975e-01
5.245369469680351004e-01
5.244777588200790763e-01
5.244061228900741556e-01
5.243270359337925957e-01
5.242450278901088501e-01
5.241562826601435798e-01
5.240553351162106077e-01
5.239371051957513181e-01
5.237999329795417491e-01
5.236464217022230860e-01
5.234820727730731260e-01
5.233094775988060832e-01
5.231333337344562517e-01
5.229607460282788001e-01
5.227886277549516070e-01
5.226185106671840108e-01
5.224503450355657552e-01
5.222803911630398144e-01
5.221179594426651471e-01
5.219581754572083510e-01
5.218006271826476361e-01
5.216521960378224243e-01
5.215158857635225909e-01
5.213955259975052714e-01
5.212912644413575380e-01
5.212060309075157161e-01
5.211412324849696853e-01
5.210982064105134093e-01
5.210791099615895705e-01
5.210870385557271334e-01
5.211321142450646704e-01
5.212380228071203936e-01
5.214388435217982565e-01
5.218036825385554689e-01
5.224696546160992883e-01
5.237838179935490057e-01
5.266107415372960343e-01
5.260984082800028716e-01
5.236825726632801103e-01
5.224034259033443206e-01
5.216124857095285616e-01
5.208583389343064418e-01
5.202245925751767253e-01
5.197151346121182680e-01
5.193053982758507603e-01
5.190521070271454374e-01
5.186673733451567792e-01
5.183846159085301331e-01
5.181612210039603372e-01
5.179814304257117641e-01
5.178344622806286823e-01
5.177197641679405216e-01
5.176372343509191287e-01
5.175800794951705974e-01
5.175437556317901144e-01
5.175338422206808842e-01
5.176010540960668260e-01
5.180365334550262046e-01
5.195918990186357833e-01
5.172970617842765906e-01
5.168192602467526209e-01
5.165361424568087889e-01
5.163228785507495422e-01
5.161477614164314831e-01
5.159801257400867813e-01
5.158289852175983459e-01
5.156979708797629902e-01
5.156010954111274192e-01
5.155068413239064506e-01
5.153108564943609249e-01
5.151668550134066438e-01
5.150324648657813587e-01
5.148986241077055936e-01
5.147654114087720778e-01
5.146395976534234862e-01
5.145252021706150369e-01
5.144282704514819837e-01
5.143538352634403621e-01
5.143154223816963633e-01
5.143360960378049462e-01
5.144155839513319117e-01
5.143456431095941861e-01
5.139837376892725240e-01
5.136203784695226870e-01
5.133396116661104180e-01
5.131188413451266417e-01
5.129369829317701468e-01
5.127805153388891313e-01
5.126375638287017367e-01
5.124978448229690065e-01
5.123645390457223225e-01
5.122419217197229369e-01
5.121307899870013447e-01
5.120334753345485712e-01
5.119607016974393465e-01
5.119172857621898665e-01
5.119065001488455335e-01
5.119256263454186051e-01
5.119575870770963766e-01
5.119700348728022377e-01
5.119115117781509738e-01
5.117453195640416785e-01
5.114995051301466367e-01
5.112353466474828245e-01
5.109820635029280744e-01
5.107516209287351616e-01
5.105793294972015284e-01
5.105184749596596294e-01
5.106583168472449419e-01
5.110260810529099196e-01
5.117074541220383299e-01
5.115483965996792115e-01
5.103379561845713397e-01
5.093737851399241512e-01
5.087344421876279776e-01
5.082593738671544736e-01
5.078739542309087529e-01
5.075432264702877116e-01
5.072485470405858621e-01
5.069809626808219338e-01
5.067270837671419281e-01
5.064825895939115696e-01
5.062475132686353740e-01
5.060234686809627069e-01
5.058096332469539380e-01
5.056045250041035777e-01
5.054067498925299828e-01
5.052149609439899880e-01
5.050280586821596085e-01
5.048465069270242633e-01
5.046665521833036960e-01
5.044900276697313890e-01
5.043180344311902763e-01
5.041488143465061578e-01
5.039831708492952256e-01
5.038214362699715565e-01
5.036603504409763454e-01
5.035031820576896244e-01
5.033530285156363471e-01
5.032093094932320598e-01
5.030682962546468850e-01
5.029310452581385871e-01
5.027975806839125594e-01
5.026674571218954224e-01
5.025398963478000525e-01
5.024139946646787314e-01
5.022886483120877488e-01
5.021628700979795523e-01
5.020365433427249613e-01
5.019107324335895237e-01
5.017870055062003676e-01
5.016664613726294908e-01
5.015492995883684690e-01
5.014349644594850997e-01
5.013223739482630670e-01
5.012099894591210969e-01
5.010963204560768824e-01
5.009808991680684276e-01
5.008666326142340308e-01
5.007509881037015553e-01
5.006382381654324032e-01
5.005310614506385258e-01
5.004330602073738810e-01
5.003513733185955825e-01
5.002897143808571201e-01
5.001612678254472311e-01
5.000203935142220057e-01
4.999070123033528823e-01
4.998096179365755787e-01
4.997224561629797224e-01
4.996442130360777556e-01
4.995697675832556084e-01
4.994947004968323112e-01
4.994181582921170537e-01
4.993408872362132822e-01
4.992673926206797619e-01
4.992010414426590326e-01
4.991419301442280854e-01
4.990882188572188793e-01
4.990419361957063593e-01
4.990058890937313363e-01
4.989885769057357812e-01
4.990477657456834915e-01
4.992491780580723959e-01
4.989438495704809351e-01
4.987257941647701975e-01
4.984519154982463562e-01
4.982423746366662076e-01
4.980786988931428794e-01
4.979403729993571170e-01
4.978160173370687613e-01
4.977008163002454300e-01
4.975949509996250297e-01
4.974998457648395767e-01
4.974199159780530177e-01
4.973542489972113678e-01
4.973045390072325933e-01
4.972714977605199871e-01
4.972545392176670465e-01
4.972530806998592956e-01
4.972643442800797065e-01
4.972825503972068684e-01
4.972972310241055571e-01
4.972940163391980084e-01
4.972625557780538386e-01
4.971972621263647252e-01
4.970865356928453327e-01
4.969081546495465740e-01
4.966632312571939711e-01
4.963848278633717359e-01
4.961089731214779475e-01
4.958509636923075226e-01
4.955756392093753071e-01
4.952788346485355597e-01
4.949970428058116378e-01
4.947352984134999465e-01
4.944889764765894036e-01
4.942512928502399427e-01
4.940249589889640913e-01
4.938117254942205325e-01
4.936135588752884051e-01
4.934323545382399145e-01
4.932701532156067437e-01
4.931301933789875025e-01
4.930194440170777015e-01
4.929534434259487674e-01
4.929667073539492628e-01
4.931468409690439869e-01
4.939004668140926646e-01
4.935473944865996221e-01
4.925903657161647131e-01
4.921834141013544661e-01
4.919260253641513092e-01
4.917489099157403842e-01
4.916413972446583291e-01
4.916066019932133213e-01
4.914409789039736465e-01
4.910975652715592332e-01
4.908371684128363666e-01
4.906338013512731022e-01
4.904577524939087163e-01
4.902958787265504492e-01
4.901466586692290184e-01
4.900072542561453304e-01
4.898768549436575137e-01
4.897545000196266152e-01
4.896351586504084641e-01
4.895161529156561997e-01
4.893934789783688233e-01
4.892655712520984079e-01
4.891335116995531029e-01
4.889975516626625662e-01
4.888551422852270290e-01
4.887061183942040254e-01
4.885572932721013450e-01
4.884001275255467900e-01
4.882265028851447419e-01
4.880582419696007923e-01
4.879064523925724095e-01
4.877708549385902925e-01
4.876499763777285557e-01
4.875422195991396812e-01
4.874457964711575442e-01
4.873604168417505211e-01
4.872884909586957525e-01
4.872300074707310302e-01
4.871871123057850972e-01
4.871577372400253680e-01
4.871358316902904551e-01
4.871109645734490456e-01
4.870710620830582815e-01
4.870121058241300149e-01
4.869405959392669181e-01
4.868671542597786117e-01
4.867951466022447660e-01
4.867179289190335933e-01
4.866317209536869526e-01
4.865363989703023750e-01
4.864375163048448303e-01
4.863422973219758139e-01
4.862562088647046643e-01
4.861822839256275675e-01
4.861219016635084378e-01
4.860760528482213627e-01
4.860444697433100036e-01
4.860281980756624431e-01
4.860262307943311599e-01
4.860407324671481288e-01
4.860758295334350887e-01
4.861355901720578743e-01
4.862262795567072748e-01
4.863574290078212514e-01
4.865429368789592202e-01
4.867980839802057980e-01
4.871411636794732436e-01
4.875457331735699174e-01
4.878607903879260688e-01
4.878271157903985022e-01
4.874651560568482034e-01
4.870422605216171430e-01
4.866982321330656225e-01
4.864445020900511896e-01
4.862658918775522032e-01
4.861488221482257455e-01
4.860778531484583054e-01
4.860468507146513684e-01
4.860530475370613002e-01
4.860968117337449712e-01
4.861801289629760214e-01
4.863057890854427523e-01
4.864779204038565674e-01
4.867033608691078705e-01
4.869899316408199397e-01
4.873602181528240429e-01
4.878407981899837154e-01
4.884761672811612221e-01
4.893344559532339932e-01
4.905268148870458034e-01
4.922497200566221531e-01
4.948567071932240546e-01
4.990260603909580928e-01
5.050565980566893431e-01
5.075913585023639207e-01
5.021028977763685175e-01
4.966685106089369639e-01
4.931753040585166725e-01
4.909091828954285086e-01
4.893465326522266623e-01
4.881908594389099409e-01
4.872765711941254851e-01
4.865364610328540840e-01
4.859332315900067312e-01
4.854388235552572484e-01
4.850204095565703311e-01
4.846656968916520092e-01
4.843618584460723242e-01
4.840982176675218129e-01
4.838650670617473670e-01
4.836549604149261716e-01
4.834651659219664777e-01
4.832960355602571867e-01
4.831487067932190294e-01
4.830179463082093783e-01
4.829050130751917358e-01
4.828061336318564267e-01
4.827195374935384642e-01
4.826448171884999971e-01
4.825786700631765069e-01
4.825163400488203247e-01
4.824492198816348054e-01
4.823746145964674104e-01
4.822994039709055936e-01
4.822273372008588632e-01
4.821622886134186436e-01
4.821080682525978878e-01
4.820699194957250300e-01
4.820555850554596455e-01
4.820790996307192655e-01
4.821732700134180316e-01
4.824316675751855743e-01
4.826691704925255566e-01
4.822566511773936915e-01
4.820627332186849801e-01
4.819871312623671411e-01
4.819657530382760457e-01
4.819718730632268078e-01
4.819876171769437168e-01
4.819986438805350937e-01
4.819916079011882792e-01
4.819660748859259658e-01
4.819316027329988428e-01
4.818934929356872288e-01
4.818617831043221500e-01
4.818599508488491945e-01
4.819479741341214374e-01
4.823020982754389063e-01
4.832593441361226483e-01
4.823663377919777395e-01
4.815061183364559572e-01
4.810749731113201366e-01
4.808057151054622169e-01
4.806107815929538951e-01
4.804630948092071252e-01
4.803487095989505962e-01
4.802597232695692275e-01
4.801910297730831445e-01
4.801394383241376351e-01
4.801029425094879843e-01
4.800712216529930965e-01
4.799975299628874703e-01
4.798659286583028538e-01
4.797298369461807099e-01
4.796118778731468524e-01
4.795128517424799841e-01
4.794311869025365547e-01
4.793655046403370590e-01
4.793146307879245782e-01
4.792774909970645147e-01
4.792529093321525879e-01
4.792395311170664085e-01
4.792358308236138176e-01
4.792411495076620565e-01
4.792544747872604094e-01
4.792733718971808332e-01
4.792952350803547090e-01
4.793189507144515193e-01
4.793444737329876082e-01
4.793740576321097735e-01
4.794112635355617935e-01
4.794587281214188201e-01
4.795196826984851612e-01
4.795958654686559575e-01
4.796876301830246825e-01
4.797841910904813156e-01
4.798552224336695704e-01
4.798972994381425217e-01
4.799399095660989989e-01
4.799945872735537633e-01
4.800596795832133279e-01
4.801297403623400184e-01
4.802023549247466661e-01
4.802754353612701532e-01
4.803479743476000707e-01
4.804188116265761255e-01
4.804909714756807615e-01
4.805669209304209155e-01
4.806478463489655684e-01
4.807337552991853835e-01
4.808225594633885325e-01
4.809173376099320496e-01
4.810169067639540330e-01
4.811219341132859650e-01
4.812329376527503810e-01
4.813500750775350778e-01
4.814732445597801891e-01
4.816023323901141295e-01
4.817344989011212997e-01
4.818560945582395783e-01
4.819619587586146392e-01
4.820670043059270826e-01
4.821740032225982353e-01
4.822842267152790408e-01
4.823995972549665612e-01
4.825179539877863522e-01
4.826394356483262316e-01
4.827630001482340338e-01
4.828878533359716729e-01
4.830136085774192622e-01
4.831379724737923653e-01
4.832657176269316013e-01
4.833951279975644555e-01
4.835270789357514754e-01
4.836626229979729130e-01
4.838023933527391685e-01
4.839457881326450495e-01
4.840906489427880821e-01
4.842340432833339703e-01
4.843737332820504671e-01
4.845094458740390464e-01
4.846427262762697530e-01
4.847752223554587236e-01
4.849071702869847122e-01
4.850369150728980894e-01
4.851599552425424622e-01
4.852735561212986881e-01
4.853701610770341235e-01
4.854433230184446724e-01
4.854909483660089786e-01
4.855193086834627691e-01
4.855360489462052787e-01
4.855478751236556589e-01
4.855594743739604091e-01
4.855740624791928250e-01
4.855937832626531780e-01
4.856200118105113428e-01
4.856537431697724450e-01
4.856961461743993791e-01
4.857488690683511856e-01
4.858176324096036836e-01
4.859135608884951330e-01
4.860680594206602811e-01
4.863870209355196095e-01
4.871274605083015796e-01
4.865923478696776439e-01
4.862433604794134667e-01
4.861306701491182047e-01
4.861013999816909403e-01
4.861142603466878653e-01
4.861561301806141544e-01
4.862206607255303292e-01
4.862987364042378191e-01
4.863860019509884669e-01
4.864906599542560550e-01
4.866151442362567359e-01
4.867590011711921405e-01
4.869223673024561938e-01
4.871055579307572714e-01
4.873168930124280873e-01
4.875649316391597599e-01
4.878763178668248379e-01
4.883161550846430998e-01
4.889391761173950690e-01
4.892951597618142023e-01
4.888516154444689787e-01
4.883985090477233615e-01
4.881441335617803801e-01
4.880095299647515539e-01
4.879473838052582613e-01
4.879338288016760172e-01
4.879637218355081241e-01
4.880422634322059694e-01
4.881750073642666110e-01
4.883092391204651994e-01
4.883047458611609049e-01
4.882258958627624379e-01
4.881819916687615279e-01
4.881743639375209498e-01
4.881869829233568270e-01
4.882079174069720584e-01
4.882302019897820644e-01
4.882518285046273943e-01
4.882736894174515840e-01
4.882982874765321446e-01
4.883296247331817552e-01
4.883715210784635441e-01
4.884284771944794601e-01
4.885074108291843631e-01
4.885973208352517583e-01
4.886406968930528394e-01
4.886607386564611466e-01
4.886943713026359326e-01
4.887519863574633638e-01
4.888287494521036392e-01
4.889064895145657785e-01
4.889727169698939724e-01
4.890509168490687064e-01
4.891601503139109131e-01
4.892955755344051694e-01
4.894288568961741026e-01
4.895121593083565648e-01
4.895130177008781835e-01
4.894230834258619378e-01
4.892883802959347994e-01
4.891664748278766184e-01
4.890713111658493428e-01
4.890029279263516937e-01
4.889595094753176885e-01
4.889366360044798965e-01
4.889304449648546047e-01
4.889385347453580333e-01
4.889591625485161241e-01
4.889904588063230251e-01
4.890304724927079794e-01
4.890773853263353232e-01
4.891295496897368755e-01
4.891856029230694514e-01
4.892447443058669521e-01
4.893068910582032416e-01
4.893719269685052886e-01
4.894417654497094650e-01
4.895172417630113681e-01
4.895966366833288674e-01
4.896817395321860777e-01
4.897706971373340656e-01
4.898659560124055123e-01
4.899683095720039905e-01
4.900786927394628067e-01
4.901969161899871752e-01
4.903214783696666634e-01
4.904492553968190505e-01
4.905753403586500250e-01
4.906935193513105586e-01
4.907977439951808907e-01
4.908843224298051755e-01
4.909536851174081118e-01
4.910100032809189274e-01
4.910614330666910887e-01
4.911150076598556069e-01
4.911770970380834878e-01
4.912512192077491679e-01
4.913371862035609272e-01
4.914390005179706256e-01
4.915658664643640097e-01
4.917264319070225875e-01
4.919412785408864286e-01
4.922400562877930486e-01
4.925811529315448078e-01
4.926613352446733152e-01
4.926640578916525182e-01
4.927681630895302534e-01
4.929559382642867416e-01
4.932151171575761550e-01
4.935497760274521473e-01
4.938781399221762181e-01
4.941677448065565637e-01
4.945408660969741743e-01
4.950088762024499323e-01
4.955831973566997006e-01
4.962871415446864498e-01
4.971466682878730170e-01
4.981733566539941482e-01
4.993562085225159430e-01
5.007506536034684874e-01
5.028134985944695545e-01
5.067673988983212308e-01
5.152524530386027868e-01
5.161687551851910083e-01
5.070072879792968390e-01
5.025143212002100013e-01
5.002207414922253959e-01
4.988698739220907008e-01
4.980056628109623129e-01
4.974280829831541628e-01
4.970391656450233175e-01
4.967758618997021314e-01
4.966083794961940745e-01
4.965152977109902332e-01
4.964807869051376943e-01
4.964895630365479540e-01
4.965384972330046387e-01
4.966169462730264383e-01
4.966932408988987135e-01
4.967529122176622680e-01
4.968191284363276949e-01
4.969174052968323707e-01
4.970579520988078204e-01
4.972434252966636548e-01
4.974653301535752470e-01
4.976590475261429281e-01
4.977207820077568790e-01
4.977287459450899787e-01
4.977505168055187945e-01
4.978006045964781245e-01
4.978835124018053393e-01
4.979981411559507021e-01
4.981444195880585513e-01
4.983221622792729510e-01
4.985325429214314541e-01
4.987787489562501841e-01
4.990665719225142460e-01
4.994048400902901252e-01
4.997974611392324018e-01
5.002705715122891528e-01
5.008207728384739266e-01
5.014232752804079762e-01
5.020256860371672403e-01
5.026104997905650462e-01
5.032077163715211743e-01
5.038898404919610607e-01
5.054862168779448162e-01
5.105509792397960878e-01
5.039737209310490851e-01
5.027559386255522345e-01
5.021812591790260072e-01
5.018681291443805037e-01
5.016455652350632066e-01
5.014598326451957799e-01
5.013409317877040028e-01
5.012848482272564965e-01
5.012808118132291435e-01
5.013215611313053266e-01
5.014075550780567880e-01
5.015656052940308252e-01
5.017743403501937483e-01
5.017837048441282644e-01
5.019119528016382503e-01
5.020718514410102973e-01
5.022501469753316572e-01
5.024504275352533744e-01
5.026879224527304180e-01
5.030035806502184403e-01
5.035913697979275128e-01
5.047928424878984632e-01
5.038258008849249014e-01
5.037269783638925746e-01
5.038222216958287980e-01
5.039875912929000501e-01
5.041959949331324964e-01
5.044392090836353759e-01
5.046969193740532544e-01
5.049728542342569737e-01
5.052776047436277063e-01
5.056056459821839377e-01
5.058616500844445030e-01
5.059194044153059178e-01
5.058953733073203729e-01
5.058851836653811551e-01
5.059138552187653071e-01
5.059755589351115912e-01
5.060596649656139423e-01
5.061605318081854321e-01
5.062740883334330144e-01
5.063992783698175737e-01
5.065365289302802276e-01
5.066850128628088701e-01
5.068328184350888721e-01
5.069972847767979518e-01
5.071830644975698910e-01
5.073999237490028902e-01
5.076889346237870582e-01
5.081228897173561965e-01
5.083573312248740317e-01
5.082393516107022169e-01
5.082874768808693933e-01
5.084759778066594293e-01
5.086108003080099804e-01
5.087405977205046170e-01
5.089503715804892803e-01
5.092127830879643602e-01
5.095357354297193053e-01
5.099189976964672022e-01
5.103729955764357840e-01
5.109233046015846380e-01
5.115922724123015408e-01
5.124193815455204692e-01
5.134637654908532634e-01
5.148170821183642998e-01
5.166382586137001631e-01
5.192098442762175248e-01
5.232498727684842255e-01
5.305556256246375391e-01
5.485744248318193961e-01
6.529651119417302363e-01
5.499998081347833301e-01
5.307467138557643294e-01
5.230212907506147646e-01
5.187303179014284282e-01
5.159562653255809206e-01
5.139672442904615890e-01
5.124794944836037480e-01
5.113298550741570692e-01
5.104224739812593947e-01
5.096770578935662099e-01
5.089681296538106636e-01
5.083225740573265039e-01
5.077732950364758358e-01
5.073046414043241858e-01
5.069003936611715666e-01
5.065415257767268420e-01
5.062217671339973579e-01
5.059298270199276137e-01
5.056521759148647766e-01
5.053766205320321392e-01
5.051000710885311662e-01
5.048294972423301719e-01
5.045735282144042655e-01
5.043371019926337073e-01
5.041221757398511860e-01
5.039316711718114794e-01
5.037652382605742885e-01
5.036341164711933827e-01
5.035377265986394901e-01
5.033985977198637274e-01
5.032269067359483872e-01
5.030528986907353284e-01
5.029041650655269313e-01
5.027728168028906541e-01
5.026470663114519510e-01
5.025238620673697643e-01
5.024030784974278241e-01
5.022856196056626477e-01
5.021726533624091271e-01
5.020653545971722753e-01
5.019645131935372984e-01
5.018701996351166983e-01
5.017816648058645024e-01
5.016981704961110955e-01
5.016162304580996656e-01
5.015343948720468736e-01
5.014504796167572609e-01
5.013615992823794443e-01
5.012675428593549309e-01
5.011666461344547185e-01
5.010594788074274053e-01
5.009481385838983059e-01
5.008356461469853915e-01
5.007271225199338982e-01
5.006214377532324233e-01
5.005228488558147726e-01
5.004328957644660347e-01
5.003526469766154117e-01
5.002836199647345827e-01
5.002277487013279123e-01
5.001924407330087252e-01
5.001888835726149285e-01
5.003201189468362564e-01
5.002340023316592665e-01
5.000175904165973240e-01
4.999190599920879108e-01
4.998439340125910846e-01
4.997778550908603679e-01
4.997135046050664164e-01
4.996534485012649185e-01
4.995984225512491994e-01
4.995466645653429127e-01
4.995008171450525114e-01
4.994622496824560609e-01
4.994351428482478039e-01
4.994203124142366779e-01
4.994203644859652180e-01
4.994418803777840310e-01
4.994891320547391045e-01
4.995595443214140285e-01
4.996327587069560594e-01
4.996611065834895560e-01
4.996237667496750134e-01
4.995661069831289214e-01
4.995268632017478838e-01
4.995146420188701919e-01
4.995250656231549069e-01
4.995457825137018526e-01
4.995586234633985767e-01
4.995512573309736082e-01
4.995309517915332287e-01
4.995140446316749805e-01
4.995110659553292365e-01
4.995294284653489236e-01
4.995808384710501149e-01
4.997162567068871297e-01
4.998048139316038085e-01
4.998143136827994382e-01
4.999288885363240009e-01
5.000861271772735206e-01
5.001732659328397279e-01
5.000873579457928431e-01
4.999592502471507660e-01
4.998789058871799251e-01
4.998451380388935217e-01
4.998423122879421809e-01
4.998572615276581366e-01
4.998778140647566204e-01
4.998754624599149321e-01
4.998635276859804133e-01
4.998500025908997335e-01
4.998021944764707847e-01
4.997064716021311082e-01
4.995999080210019039e-01
4.995313253962437305e-01
4.996607375784171134e-01
5.003354799701376088e-01
4.991299837318362576e-01
4.987996161838199605e-01
4.985593628639689023e-01
4.983538630277303816e-01
4.981741830718813269e-01
4.980425483228438366e-01
4.980566204673416153e-01
4.997753966329286923e-01
4.976617282795370301e-01
4.972838387775351809e-01
4.970415433517644810e-01
4.968490814012644918e-01
4.966861982470542336e-01
4.965513807903350063e-01
4.964449256639363872e-01
4.962863434482395752e-01
4.961230415756198164e-01
4.959863746670692963e-01
4.958661175566792534e-01
4.957600651450831397e-01
4.956672102770921517e-01
4.955852378499316924e-01
4.955095558856559279e-01
4.954378710965972599e-01
4.953710183298013492e-01
4.953118049811945922e-01
4.952606252544319299e-01
4.952177124697720867e-01
4.951847319639578471e-01
4.951620304895166802e-01
4.951504189690622559e-01
4.951511926353764914e-01
4.951664671947819674e-01
4.952020971470537103e-01
4.952666832184633994e-01
4.953623224610634868e-01
4.954632540695037557e-01
4.955523804891801554e-01
4.955986092246026375e-01
4.955161409287696106e-01
4.952791429815514568e-01
4.949782090511867794e-01
4.947041884138436152e-01
4.944863605152686192e-01
4.943352261546636872e-01
4.942628828971940003e-01
4.942958884813301590e-01
4.945443544484093290e-01
4.957257701085325263e-01
4.973361152103338845e-01
4.943690312357606476e-01
4.937054462704713598e-01
4.933569138787703978e-01
4.931153154635122826e-01
4.929289367301956659e-01
4.927812993786359619e-01
4.926641952284872006e-01
4.925722497862904392e-01
4.925023423656170740e-01
4.924526822005039772e-01
4.924211674832498775e-01
4.924020633789614187e-01
4.923884104270494499e-01
4.923834480077731168e-01
4.923894071223597901e-01
4.923796818325208990e-01
4.923725264201423979e-01
4.923579837781595359e-01
4.923322182578309114e-01
4.922980785365844159e-01
4.922658483561363485e-01
4.922545808686190072e-01
4.923065384099103436e-01
4.925102576587453429e-01
4.923275364971522183e-01
4.921944691895664969e-01
4.921704512569489709e-01
4.922034704721525156e-01
4.922898773401962469e-01
4.924412984149205141e-01
4.926903028093341241e-01
4.931125898337268554e-01
4.938927191961132723e-01
4.956101931767806223e-01
4.987081757485794520e-01
4.960897618146041799e-01
4.940257507869046383e-01
4.930931985840473764e-01
4.925880076577399680e-01
4.922833802550063420e-01
4.921198979410628116e-01
4.919787018231220332e-01
4.917871391794076952e-01
4.916773612129151094e-01
4.916067840792076038e-01
4.915796104189800175e-01
4.916428679073574504e-01
4.920948524566007287e-01
4.917336113321574831e-01
4.914805857016340540e-01
4.912975397592050375e-01
4.911658312156562678e-01
4.910801915992284439e-01
4.910198342667852489e-01
4.909761165966599061e-01
4.909451993847700479e-01
4.909252623310398356e-01
4.909152114499378827e-01
4.909143894461369118e-01
4.909217257648461064e-01
4.909369161802689674e-01
4.909595020171195756e-01
4.909891625110350266e-01
4.910253565876702697e-01
4.910668413871195903e-01
4.911121521093738673e-01
4.911614794129389727e-01
4.912159607888257340e-01
4.912754762011697363e-01
4.913388358902012754e-01
4.914052583359564963e-01
4.914751165946567579e-01
4.915483088144745882e-01
4.916264239565013572e-01
4.917118426035660406e-01
4.918142582564499765e-01
4.919431594028333410e-01
4.921166466659668282e-01
4.923546525619809655e-01
4.926860824298370245e-01
4.931574063324894452e-01
4.937649437091196636e-01
4.942257214379291441e-01
4.940529042688650008e-01
4.935855203121520818e-01
4.932387487141376980e-01
4.930629793534049843e-01
4.930134563474332099e-01
4.930442144208576627e-01
4.931004000101198992e-01
4.931125412840884348e-01
4.930395433012109696e-01
4.929116336141945443e-01
4.927894346780766766e-01
4.927014235052461499e-01
4.926354538784875059e-01
4.925705151840714668e-01
4.925195724620174964e-01
4.924954326724262366e-01
4.924952095495829241e-01
4.925139139147310385e-01
4.925490240175459111e-01
4.926003388653046322e-01
4.926690648309551279e-01
4.927560820668868691e-01
4.928594486226895999e-01
4.929760592975116484e-01
4.931068033713932874e-01
4.932467739423538888e-01
4.934005688515203381e-01
4.935832150560015563e-01
4.938022914256816054e-01
4.940623515703881918e-01
4.943608421410274900e-01
4.947032227469679300e-01
4.950947343517136945e-01
4.955428094514683912e-01
4.960470936367374351e-01
4.966373150763342403e-01
4.973202000420463564e-01
4.981186647923775968e-01
4.990682265706738452e-01
5.002231346654189004e-01
5.016683328873199343e-01
5.035429748414107509e-01
5.060803123336742315e-01
5.096582667005052913e-01
5.146860803914714566e-01
5.208005537623393577e-01
5.233930929003057786e-01
5.188524569049262070e-01
5.126651333963654356e-01
5.079359274090181620e-01
5.045909536099791870e-01
5.022319791648729437e-01
5.005068632216335134e-01
4.992405151774870209e-01
4.983211225532019339e-01
4.977057065743780151e-01
4.973298076281170710e-01
4.967814305444337442e-01
4.959006794172676758e-01
4.951454937489443986e-01
4.949473432555177022e-01
4.940435887205949506e-01
4.934511941388186607e-01
4.930044408010515467e-01
4.926127730493696233e-01
4.922608917420835395e-01
4.919459170880158272e-01
4.916371141769399489e-01
4.913095363203360266e-01
4.910077421584592150e-01
4.907418740122699297e-01
4.904942066357695918e-01
4.902484999076597294e-01
4.899994939512329339e-01
4.897450419180727765e-01
4.894928974777383868e-01
4.892481007715046015e-01
4.890151054914668172e-01
4.887971135544403878e-01
4.885955566522434679e-01
4.884103865114411969e-01
4.882401693711260759e-01
4.880816810759858737e-01
4.879314461804719061e-01
4.877829872424616631e-01
4.876395805997535970e-01
4.875139708843850839e-01
4.874627661458100780e-01
4.873767504902568604e-01
4.871346079465192491e-01
4.869964762258353619e-01
4.868851649709280416e-01
4.867912707732177102e-01
4.867118937152165037e-01
4.866473548509182012e-01
4.865961524837034147e-01
4.865563553505528049e-01
4.865262299042165672e-01
4.865042284770730308e-01
4.864888235128698724e-01
4.864786657241962353e-01
4.864727108154614510e-01
4.864700441150897614e-01
4.864697231058723315e-01
4.864714638438927263e-01
4.864764868795465880e-01
4.864859241481724883e-01
4.864995571735639124e-01
4.865241432937453259e-01
4.865609500316943614e-01
4.866097193288176359e-01
4.866695428551843228e-01
4.867365989645708324e-01
4.868050705331787853e-01
4.868661590722252464e-01
4.869196103576352019e-01
4.869727328684755330e-01
4.870313857224071730e-01
4.870980174878804525e-01
4.871731275567334207e-01
4.872559139609812240e-01
4.873441077289301648e-01
4.874386344707311580e-01
4.875362156415604664e-01
4.876386777688043739e-01
4.877483136279897602e-01
4.878723279613628172e-01
4.880168026925918445e-01
4.881890987500865919e-01
4.883966138460754669e-01
4.886556124765280562e-01
4.887719271217914052e-01
4.889493348183007182e-01
4.891652982332540534e-01
4.894345485854272870e-01
4.897506864041424324e-01
4.900677645937701610e-01
4.902924763088808424e-01
4.903121267612006173e-01
4.901057094342661791e-01
4.897782055095630249e-01
4.894349999941467466e-01
4.891239799996557336e-01
4.888596943923630422e-01
4.886397196429401180e-01
4.884580682647387539e-01
4.883092542142104531e-01
4.881880441361330369e-01
4.880925917883878196e-01
4.880165994916673688e-01
4.879574981994942440e-01
4.879146883900263854e-01
4.878914408355495835e-01
4.878882550185121292e-01
4.879050346046263642e-01
4.879416559023443956e-01
4.879969596536201659e-01
4.880653659371819164e-01
4.881443990139259226e-01
4.882417086980235243e-01
4.883572531567594299e-01
4.884884300283210967e-01
4.886405185247305050e-01
4.888225199688065459e-01
4.890373080714448539e-01
4.892827395482459152e-01
4.895492132061391444e-01
4.898157580832769309e-01
4.900700315013268860e-01
4.904396934850691614e-01
4.904688754783160243e-01
4.903090971694459288e-01
4.903054782725098093e-01
4.903529414420347843e-01
4.904417934282035985e-01
4.905711352846093831e-01
4.907422940295985136e-01
4.909580889118017044e-01
4.912228869473705406e-01
4.915428366154648288e-01
4.919268100152131562e-01
4.923866586167793269e-01
4.929703513622628597e-01
4.937739242018985286e-01
4.950430545762652956e-01
4.974411251518281452e-01
5.024275118279879493e-01
5.015892504713601596e-01
4.970955118022275521e-01
4.950248223420343208e-01
4.939293852128076034e-01
4.932728888336269102e-01
4.928451559266149307e-01
4.925493791941184529e-01
4.923341906884006747e-01
4.921692637771060697e-01
4.920355711031030310e-01
4.919217429896678984e-01
4.918199984122509916e-01
4.917189717034650132e-01
4.916210856416797781e-01
4.915295024011012703e-01
4.914495001746722047e-01
4.913717884598494123e-01
4.913071712701427285e-01
4.912572370723338189e-01
4.912225404194729972e-01
4.912044103538584228e-01
4.912031729387905665e-01
4.912190975540450255e-01
4.912516057642979384e-01
4.912980255480885461e-01
4.913530311771994730e-01
4.914084725836709855e-01
4.914537192005317134e-01
4.914781484466916872e-01
4.914761256519636912e-01
4.914503307672309917e-01
4.914099330913455077e-01
4.913655989367908816e-01
4.913256854664490025e-01
4.912954659874118057e-01
4.912769311704832664e-01
4.912716052394872635e-01
4.912802252718374563e-01
4.913039930306452030e-01
4.913316328060328697e-01
4.913614572211126297e-01
4.914029607728434557e-01
4.914527466791816512e-01
4.915081018850480654e-01
4.915666427203281286e-01
4.916270472478092013e-01
4.916896198790414729e-01
4.917554117129810387e-01
4.918255420541386425e-01
4.919036497114447903e-01
4.920018749875137432e-01
4.920746400706381696e-01
4.921456560134966907e-01
4.922339455911363681e-01
4.923310376815231981e-01
4.924354803299907934e-01
4.925470117329152631e-01
4.926652806727188083e-01
4.927915204417728234e-01
4.929280566767285099e-01
4.930746726552025505e-01
4.932341182082914943e-01
4.934051846708431555e-01
4.935886098402118005e-01
4.937862611493477050e-01
4.940013640237601034e-01
4.942385189994493722e-01
4.945016175599238895e-01
4.947969307598806821e-01
4.951320250287901126e-01
4.955313257159036922e-01
4.960110295414625337e-01
4.965594307561888021e-01
4.970789000216649378e-01
4.973984021690955881e-01
4.974810711211405945e-01
4.973490993782888059e-01
4.970016100826030181e-01
4.966609754615035621e-01
4.964374757637382007e-01
4.963170497120788505e-01
4.962757493118414853e-01
4.962921967382976640e-01
4.963585148698967386e-01
4.964887366252159207e-01
4.967202845272296607e-01
4.971416366710207368e-01
4.979714731007273132e-01
4.993039145287214708e-01
4.986250200016795198e-01
4.974790692267148096e-01
4.969082973583974772e-01
4.966103356978438521e-01
4.964470272529120654e-01
4.963564718405539256e-01
4.962948994103715261e-01
4.962496200748792718e-01
4.962270176321803561e-01
4.962244863181554666e-01
4.962308927641707057e-01
4.962303058626311714e-01
4.962313218984013008e-01
4.962484737758147135e-01
4.962799591832177115e-01
4.963308655818179371e-01
4.963998526278420864e-01
4.964855556838657091e-01
4.965874011833518731e-01
4.967051761705897350e-01
4.968409225613423796e-01
4.969899692188720630e-01
4.971580260436890275e-01
4.973520062765013350e-01
4.975741490207965523e-01
4.978241307407215155e-01
4.980941956893275568e-01
4.983609740093120077e-01
4.985903434974900406e-01
4.987633849114119777e-01
4.988956698382488453e-01
4.990151453966064077e-01
4.991334717574216207e-01
4.992309084553752108e-01
4.992830319965911312e-01
4.992846045220845075e-01
4.992580406217009825e-01
4.992328058148289283e-01
4.992234675429167434e-01
4.992333128197607994e-01
4.992609655378628108e-01
4.993034933223206018e-01
4.993580936523445701e-01
4.994226493499996367e-01
4.994965542030238015e-01
4.995799672492985954e-01
4.996726578300620947e-01
4.997716439666200494e-01
4.998728172202285824e-01
4.999794759385355891e-01
5.000960740439345242e-01
5.002236907424961743e-01
5.003620034065233702e-01
5.005105639596441058e-01
5.006692920405408920e-01
5.008389104382177104e-01
5.010216290730775679e-01
5.012222246776152357e-01
5.014423046220343183e-01
5.016541839119048607e-01
5.018328424400931853e-01
5.019903564730008316e-01
5.021044285407239016e-01
5.022236813329910010e-01
5.023596143443433970e-01
5.025058751396478396e-01
5.026552188574522351e-01
5.028039659757846946e-01
5.029519957417906140e-01
5.030986588440238272e-01
5.032520227482709663e-01
5.034151167850784425e-01
5.035707341176699492e-01
5.036792327863839347e-01
5.037629967364057881e-01
5.038550241908591465e-01
5.039529059898562036e-01
5.040528645078697911e-01
5.041584872161021247e-01
5.042675320414232720e-01
5.043748706506507862e-01
5.044751957123821962e-01
5.045767211710693312e-01
5.046859701941194265e-01
5.048048657681458717e-01
5.049357976301662720e-01
5.050775760593764208e-01
5.052295219144022909e-01
5.053979235833985229e-01
5.055802808157893180e-01
5.057769994164567073e-01
5.059899890249351939e-01
5.062216159339237853e-01
5.064733065317216232e-01
5.067450223281187993e-01
5.070360477153951217e-01
5.073459201045107392e-01
5.076832838134447412e-01
5.080350957827902691e-01
5.083837364146273075e-01
5.087398041148056826e-01
5.091156545095502084e-01
5.095166405128057630e-01
5.099532943338217494e-01
5.104335226521624636e-01
5.109590376995036820e-01
5.116236690979377721e-01
5.124990468971526436e-01
5.124964525040800467e-01
5.125485496622084192e-01
5.128455974095948999e-01
5.132641253077885324e-01
5.137310639032586224e-01
5.141545556767483927e-01
5.144404917173521774e-01
5.145788255919158116e-01
5.146496486893731293e-01
5.147248872324698965e-01
