-1.547124377609954138e-06
-4.643841620688426985e-06
-7.743512618341164000e-06
-1.084669517481540169e-05
-1.395423883843172064e-05
-1.706728338379814858e-05
-2.018766227895874010e-05
-2.331838796731933172e-05
-2.646476056655799880e-05
-2.963231765018559116e-05
-3.281296501445041258e-05
-3.598949522165550974e-05
-3.915964634448876325e-05
-4.232668629045033271e-05
-4.549355124849885357e-05
-4.866230648148395233e-05
-5.183438988998201324e-05
-5.501057930612507363e-05
-5.819123039885187865e-05
-6.137619715440578716e-05
-6.456506039331788571e-05
-6.775734170494374098e-05
-7.095260283895843401e-05
-7.415057702742089418e-05
-7.735107984008227078e-05
-8.055414515872882930e-05
-8.375985469799562821e-05
-8.696844186661945031e-05
-9.018006485161933483e-05
-9.339507149463965874e-05
-9.661382833792142577e-05
-9.983688960368830578e-05
-1.030647033049003625e-04
-1.062981061500378743e-04
-1.095381642814974299e-04
-1.127866180238301652e-04
-1.160460956695086310e-04
-1.193216329390400787e-04
-1.226196708614679665e-04
-1.259369234309914987e-04
-1.292554092765518803e-04
-1.325697352093646586e-04
-1.358827830431064143e-04
-1.391977309530556539e-04
-1.425180793362956777e-04
-1.458503879987471663e-04
-1.492316218208999956e-04
-1.526240484243102102e-04
-1.559963708176459463e-04
-1.593648915372281039e-04
-1.627344638980288138e-04
-1.661074229286629844e-04
-1.694853353356728931e-04
-1.728693626882327194e-04
-1.762606551268808275e-04
-1.796600910032308818e-04
-1.830688811698122365e-04
-1.864881338610180350e-04
-1.899191851458814639e-04
-1.933635215749518466e-04
-1.968225069939322225e-04
-2.002975968081743829e-04
-2.037898544854366278e-04
-2.073006967922008670e-04
-2.108372557312332418e-04
-2.143981606057554501e-04
-2.179661024703793970e-04
-2.215528786430054353e-04
-2.251655478662240029e-04
-2.287918077896744506e-04
-2.324211083454263971e-04
-2.360555218832161017e-04
-2.396980559321582049e-04
-2.433477356934554692e-04
-2.469971089509304107e-04
-2.506411427791732649e-04
-2.542942945498172236e-04
-2.579872556723872279e-04
-2.616791993570455332e-04
-2.653530598918374395e-04
-2.690183934064283022e-04
-2.726814127228527340e-04
-2.763450190774729975e-04
-2.800095226107579549e-04
-2.836736478206702827e-04
-2.873357320629654765e-04
-2.909946032019217199e-04
-2.946500003664365153e-04
-2.983025967066010864e-04
-3.019538264782406500e-04
-3.056062735076192638e-04
-3.092635947078425929e-04
-3.129307740431519491e-04
-3.166140189932997728e-04
-3.203216305401879183e-04
-3.240650937290645572e-04
-3.278596282296764031e-04
-3.317173963449659979e-04
-3.356257947828567012e-04
-3.395713812243128515e-04
-3.435463272262184731e-04
-3.475513145019260008e-04
-3.517185781177767367e-04
-3.557249009102925186e-04
-3.596962391465563513e-04
-3.636470406201963712e-04
-3.675834413350287377e-04
-3.715089983259423079e-04
-3.754264523579964319e-04
-3.793378176498718446e-04
-3.832448649766506676e-04
-3.871489588569421159e-04
-3.910515863352337362e-04
-3.949541305557913162e-04
-3.988587272579779963e-04
-4.027722818285006667e-04
-4.066929012648268227e-04
-4.105995187555500081e-04
-4.145044442289691489e-04
-4.184099895407911163e-04
-4.223174531763351780e-04
-4.262280617399749616e-04
-4.301440132967737640e-04
-4.340693595064060162e-04
-4.379969266542493855e-04
-4.419330497348328279e-04
-4.458847250216058100e-04
-4.498564470479804456e-04
-4.538312381092701742e-04
-4.577970418512267159e-04
-4.617563082907061300e-04
-4.657122588501705351e-04
-4.696670216590703717e-04
-4.736220293976023399e-04
-4.775783112048737067e-04
-4.815366580858126966e-04
-4.854977251749215128e-04
-4.894620896656043385e-04
-4.934302920249766800e-04
-4.974028510154049343e-04
-5.013802394360222792e-04
-5.053630509858075825e-04
-5.093517169623140717e-04
-5.133468960024645256e-04
-5.173492670986767905e-04
-5.213595428198436466e-04
-5.253785436646341012e-04
-5.294072323391851853e-04
-5.334466107921320699e-04
-5.374978469320224050e-04
-5.415623307234440631e-04
-5.456416216681470033e-04
-5.497375322269792974e-04
-5.538522729214845342e-04
-5.579895579591598320e-04
-5.621505362349843438e-04
-5.663356067520108894e-04
-5.705479952431424806e-04
-5.747725242047918570e-04
-5.789958335619127539e-04
-5.832194900884379862e-04
-5.874463352888437129e-04
-5.916778503844977166e-04
-5.959144051692621957e-04
-6.001558135514395431e-04
-6.044013587789276443e-04
-6.086506850911943545e-04
-6.129034410845557446e-04
-6.171596012927160757e-04
-6.214194582484511287e-04
-6.256836103319951548e-04
-6.299529565617634219e-04
-6.342287256325684908e-04
-6.385125383373546626e-04
-6.428065620522893653e-04
-6.471137167735063755e-04
-6.514378714785884483e-04
-6.557855905402476537e-04
-6.601687545489953735e-04
-6.646172355332380377e-04
-6.692601007045606565e-04
-6.741207856765241146e-04
-6.786190894800814277e-04
-6.830437688469803703e-04
-6.874424020948399772e-04
-6.918338441190829968e-04
-6.962313508044326582e-04
-7.006450209612324898e-04
-7.050661153710224838e-04
-7.094888263933230022e-04
-7.139240563027726694e-04
-7.183881148170589981e-04
-7.228795251136288513e-04
-7.273569454701034331e-04
-7.318037022218115695e-04
-7.362250533109460093e-04
-7.406267423557544305e-04
-7.450129608430611228e-04
-7.493864332042132759e-04
-7.537491497744408520e-04
-7.581025848786282495e-04
-7.624481582714226491e-04
-7.667869328893406333e-04
-7.711201903212172581e-04
-7.754490305343919587e-04
-7.797744864329603232e-04
-7.840969058692248694e-04
-7.884166739677844760e-04
-7.927348504762621317e-04
-7.970524936266043525e-04
-8.013702215412532581e-04
-8.056877738177314896e-04
-8.100042568451870650e-04
-8.143195386288715198e-04
-8.186352620610515274e-04
-8.229550834254473202e-04
-8.272851379799162075e-04
-8.316262233001303628e-04
-8.359626624899751945e-04
-8.402890602827728372e-04
-8.446078532314826859e-04
-8.489214705021952412e-04
-8.532315838051252044e-04
-8.575394488544718641e-04
-8.618459330209660152e-04
-8.661517417507536010e-04
-8.704574516521512706e-04
-8.747635889150284783e-04
-8.790706455926722285e-04
-8.833790938910235369e-04
-8.876893971146992968e-04
-8.920020377276571821e-04
-8.963175635892106641e-04
-9.006366458029768651e-04
-9.049603484094781436e-04
-9.092903488474579632e-04
-9.136296728821102775e-04
-9.179835547136194762e-04
-9.223597455181309357e-04
-9.267574775848608226e-04
-9.311604848756260822e-04
-9.355634003700430412e-04
-9.399639073018883906e-04
-9.443664065482693104e-04
-9.487761659308091566e-04
-9.531991401654504870e-04
-9.576422448103194540e-04
-9.621016928436088023e-04
-9.665555409952286681e-04
-9.709941200281013707e-04
-9.754185950722193965e-04
-9.798304674240032597e-04
-9.842335928509360343e-04
-9.886314036805510241e-04
-9.930263177506670758e-04
-9.974199801405791987e-04
-1.001813613776936229e-03
-1.006208108735417994e-03
-1.010603901997364495e-03
-1.015000953571876252e-03
-1.019399288591515962e-03
-1.023799175256745464e-03
-1.028200988201000143e-03
-1.032605095709793197e-03
-1.037011825031242118e-03
-1.041421476441928284e-03
-1.045834348597396435e-03
-1.050250764758842159e-03
-1.054671116011984822e-03
-1.059095858557124181e-03
-1.063525621839533919e-03
-1.067961082864332667e-03
-1.072403380768638392e-03
-1.076854027238782763e-03
-1.081315536479721118e-03
-1.085792329442725190e-03
-1.090290690648698657e-03
-1.094806898431444075e-03
-1.099329433486673224e-03
-1.103860517602917035e-03
-1.108406619790835990e-03
-1.112975657781345440e-03
-1.117578112067252327e-03
-1.122230422282877171e-03
-1.126949926792186751e-03
-1.131712935273809784e-03
-1.136458668063111688e-03
-1.141208372124835613e-03
-1.146096965082388230e-03
-1.151044802840894832e-03
-1.155848990808561183e-03
-1.160603223515299653e-03
-1.165335010411161498e-03
-1.170055150514048847e-03
-1.174769395334895883e-03
-1.179482538671727809e-03
-1.184199068970270829e-03
-1.188923091510085683e-03
-1.193658025806954015e-03
-1.198406875106750036e-03
-1.203175564235547945e-03
-1.207970888943199483e-03
-1.212783565968766908e-03
-1.217619563744332112e-03
-1.222475642269627016e-03
-1.227344615420733476e-03
-1.232226478948494908e-03
-1.237113838113867992e-03
-1.242011386226704595e-03
-1.246883395302100794e-03
-1.251758669661651169e-03
-1.256652195524732285e-03
-1.261585707546197810e-03
-1.266593380831460003e-03
-1.271660727299339655e-03
-1.276680509024519239e-03
-1.281656341991621595e-03
-1.286614185029510971e-03
-1.291563818485608195e-03
-1.296508082504255199e-03
-1.301453170655331171e-03
-1.306408410024717526e-03
-1.311384784825952998e-03
-1.316394193305647775e-03
-1.321445192724701734e-03
-1.326538582445135894e-03
-1.331731488385723416e-03
-1.336901678230750790e-03
-1.342017994855781993e-03
-1.347114607195387670e-03
-1.352202448326011996e-03
-1.357286902405330231e-03
-1.362358309771494191e-03
-1.367423187820460129e-03
-1.372493541082264734e-03
-1.377570640321623685e-03
-1.382651116438982086e-03
-1.387738223242118707e-03
-1.392835270243697465e-03
-1.397944112166205066e-03
-1.403067047382688948e-03
-1.408208770349528294e-03
-1.413376315338998879e-03
-1.418564206126737837e-03
-1.423764673658234337e-03
-1.428982291217573142e-03
-1.434154884843441558e-03
-1.439311235724383131e-03
-1.444462410517655115e-03
-1.449615360202938241e-03
-1.454776327655227242e-03
-1.459951973633133449e-03
-1.465151226875294199e-03
-1.470387330375966251e-03
-1.475682865513028297e-03
-1.481084563529910803e-03
-1.486709240058781134e-03
-1.492790664321841376e-03
-1.498946060645267586e-03
-1.504917814602824144e-03
-1.510799188375377966e-03
-1.516653198979867057e-03
-1.522513884259724115e-03
-1.528395635788770690e-03
-1.534288040935694042e-03
-1.540166623751781927e-03
-1.546032425932430954e-03
-1.551899008044643757e-03
-1.557929983799333229e-03
-1.563796396064409677e-03
-1.569633606899767386e-03
-1.575459047530092249e-03
-1.581278598409396885e-03
-1.587095500242274859e-03
-1.592911887821069072e-03
-1.598729449325930752e-03
-1.604549771033525474e-03
-1.610374427157612587e-03
-1.616205099110201715e-03
-1.622043522748639610e-03
-1.627891759429567209e-03
-1.633751145809880789e-03
-1.639623908191278900e-03
-1.645511923966336276e-03
-1.651417489137885219e-03
-1.657342419150276136e-03
-1.663289430634207200e-03
-1.669261403762667406e-03
-1.675261601429722802e-03
-1.681293850166576398e-03
-1.687361688879285282e-03
-1.693470609016700656e-03
-1.699621486143887417e-03
-1.705806818706023797e-03
-1.712037432246682478e-03
-1.718326644804979431e-03
-1.724688460513434940e-03
-1.731139587900498711e-03
-1.737698862137371236e-03
-1.744384799137854714e-03
-1.751200480432757445e-03
-1.758127776204876369e-03
-1.765142857942381127e-03
-1.772230436205890491e-03
-1.779371820777475577e-03
-1.786526606365579362e-03
-1.793649276012554417e-03
-1.800723976451812369e-03
-1.807758699659767210e-03
-1.814764567290017006e-03
-1.821741772685236960e-03
-1.828681300973467039e-03
-1.835563092281722319e-03
-1.842366173985587885e-03
-1.849072254483274946e-03
-1.855672676822628375e-03
-1.862164490205264755e-03
-1.868553228851377312e-03
-1.874846021389986461e-03
-1.881057651808570874e-03
-1.887199638614278641e-03
-1.893284537122896793e-03
-1.899319329705440040e-03
-1.905315207234803410e-03
-1.911287576711440117e-03
-1.917254546447644259e-03
-1.923236764834301837e-03
-1.929258751118712034e-03
-1.935346046220032257e-03
-1.941509473043057099e-03
-1.947717534875326173e-03
-1.953901109748024112e-03
-1.960010296088054993e-03
-1.966033494902874601e-03
-1.971977489508058845e-03
-1.977850217342869144e-03
-1.983657178464937054e-03
-1.989401874494811651e-03
-1.995090516328401620e-03
-2.000730131675343415e-03
-2.006329403121731580e-03
-2.011895151418530148e-03
-2.017433738875640259e-03
-2.022950331043715799e-03
-2.028449488302053183e-03
-2.033935576990941740e-03
-2.039412852759880934e-03
-2.044885766565252005e-03
-2.050359189140760208e-03
-2.055838597374015642e-03
-2.061331021833145982e-03
-2.066848100928608822e-03
-2.072413397647965283e-03
-2.078110545588152114e-03
-2.083770193008094296e-03
-2.089335387823632040e-03
-2.094865116654243131e-03
-2.100396182262209699e-03
-2.105953887789002721e-03
-2.111561943066386782e-03
-2.117245953941360170e-03
-2.123022519320394430e-03
-2.128865900318022142e-03
-2.134707684270265027e-03
-2.140498632846599136e-03
-2.146230523716652350e-03
-2.151910617432362116e-03
-2.157548482611626461e-03
-2.163154852648729864e-03
-2.168739872783875811e-03
-2.174311474143819645e-03
-2.179874192489217322e-03
-2.185428206556760955e-03
-2.190969674520704125e-03
-2.196495907969997496e-03
-2.202012677687825715e-03
-2.207530383457112499e-03
-2.213059137111894614e-03
-2.218593602052454372e-03
-2.224130134832025263e-03
-2.229675498210292872e-03
-2.235229382448467028e-03
-2.240797349551071349e-03
-2.246388647082597778e-03
-2.252013527130225512e-03
-2.257683644974695092e-03
-2.263412909741635559e-03
-2.269211899956102840e-03
-2.275080075251900702e-03
-2.280994564181071382e-03
-2.286917415003975051e-03
-2.292819934035184026e-03
-2.298694664474520977e-03
-2.304548973494080499e-03
-2.310392689290230450e-03
-2.316220839256977193e-03
-2.322019115585716165e-03
-2.327786123107133953e-03
-2.333529156581137798e-03
-2.339260375809226744e-03
-2.344991881353619689e-03
-2.350737695847371356e-03
-2.356517065038810088e-03
-2.362362021815611612e-03
-2.368344152691159721e-03
-2.374782443452683189e-03
-2.381976054670054133e-03
-2.388063969772535877e-03
-2.393974392159492481e-03
-2.399827869881021591e-03
-2.405681392391612050e-03
-2.411607294692363901e-03
-2.418178120540015463e-03
-2.424121861042460857e-03
-2.430068856806077982e-03
-2.436069874971358296e-03
-2.442175279796399145e-03
-2.448313529680889999e-03
-2.454325136464263757e-03
-2.460260605816944057e-03
-2.466139334347028367e-03
-2.471974983197289255e-03
-2.477778686231002503e-03
-2.483560695299869003e-03
-2.489330838079117925e-03
-2.495099825590263443e-03
-2.500880294439067342e-03
-2.506682538609306121e-03
-2.512490625217300710e-03
-2.518278072688562297e-03
-2.524044874158470897e-03
-2.529798868923238686e-03
-2.535546084859507943e-03
-2.541290895388792492e-03
-2.547036173203398590e-03
-2.552784258184170874e-03
-2.558537747859634948e-03
-2.564300360836324622e-03
-2.570077751185007031e-03
-2.575877594371278612e-03
-2.581709357277528483e-03
-2.587581578148978600e-03
-2.593496381579463161e-03
-2.599441318856365868e-03
-2.605388427872612489e-03
-2.611307296478293516e-03
-2.617180938806917823e-03
-2.623005747348416961e-03
-2.628786389116677391e-03
-2.634528510541800372e-03
-2.640238666994809691e-03
-2.645922206097051088e-03
-2.651584344071089561e-03
-2.657228941569389491e-03
-2.662859751032753408e-03
-2.668479499187026427e-03
-2.674090305561871439e-03
-2.679694372595742280e-03
-2.685293984520664701e-03
-2.690891627089131433e-03
-2.696489881464203542e-03
-2.702091645919391105e-03
-2.707700257353451434e-03
-2.713319470867614491e-03
-2.718954042940091576e-03
-2.724609933426713759e-03
-2.730294656709375545e-03
-2.736016858769341198e-03
-2.741786172051341453e-03
-2.747607952393260611e-03
-2.753476140401223127e-03
-2.759367186097816393e-03
-2.765250508597216772e-03
-2.771106497460817941e-03
-2.776929524516913439e-03
-2.782721941786192588e-03
-2.788489274790584282e-03
-2.794236783248749134e-03
-2.799970326891276784e-03
-2.805694704816508178e-03
-2.811414885916518891e-03
-2.817136241723861012e-03
-2.822865126829166016e-03
-2.828609499160306129e-03
-2.834379215610582925e-03
-2.840181574864097946e-03
-2.846396690210140079e-03
-2.852190655524999841e-03
-2.857962498156618736e-03
-2.863725689591367640e-03
-2.869488795367858280e-03
-2.875259238000582585e-03
-2.881044228164486576e-03
-2.886851496569642350e-03
-2.892690393950347882e-03
-2.898572181415426385e-03
-2.904511867787507029e-03
-2.910511991229602913e-03
-2.916515328169499988e-03
-2.922508024999936893e-03
-2.928473191344593829e-03
-2.934404268289725337e-03
-2.940302781289982903e-03
-2.946173968712662017e-03
-2.952023173855233829e-03
-2.957855795233554907e-03
-2.963675947887378648e-03
-2.969487085274891136e-03
-2.975292831876696908e-03
-2.981097796347254025e-03
-2.986907574304087376e-03
-2.992730916805297348e-03
-2.998579886890451185e-03
-3.004443858012906254e-03
-3.010295049550859581e-03
-3.016135991340429534e-03
-3.021974598993670824e-03
-3.027817067411175955e-03
-3.033668567171909913e-03
-3.039534341205074597e-03
-3.045420266686416078e-03
-3.051333389589183653e-03
-3.057281315516080511e-03
-3.063271696181923964e-03
-3.069306066244559261e-03
-3.075374438473499339e-03
-3.081454207443989901e-03
-3.087523799160329929e-03
-3.093573176605635133e-03
-3.099601943095442458e-03
-3.105613657933603555e-03
-3.111612666515273240e-03
-3.117603084816900072e-03
-3.123588415457234646e-03
-3.129571626497629211e-03
-3.135555234775155853e-03
-3.141541468230757417e-03
-3.147532348665160740e-03
-3.153529777496610897e-03
-3.159535608829977527e-03
-3.165551747439376840e-03
-3.171580084022518342e-03
-3.177622843090532889e-03
-3.183682381722841015e-03
-3.189761733603857508e-03
-3.195864483305110859e-03
-3.201995318038886040e-03
-3.208160456759312495e-03
-3.214367464978828970e-03
-3.220626764333878178e-03
-3.226950558518737466e-03
-3.233350414589941657e-03
-3.239826233912279640e-03
-3.246351405557068581e-03
-3.252888039292134437e-03
-3.259410186777222940e-03
-3.265896033950332900e-03
-3.272361164660675392e-03
-3.278816881734814004e-03
-3.285273183476933312e-03
-3.291736727951688479e-03
-3.298206285495819401e-03
-3.304676885860780011e-03
-3.311150134248652677e-03
-3.317631186130820531e-03
-3.324125252842424771e-03
-3.330637693312099579e-03
-3.337173557238060084e-03
-3.343739073358054092e-03
-3.350340896510539679e-03
-3.356990473817544895e-03
-3.363706189618675957e-03
-3.370506610046120066e-03
-3.377355418961669464e-03
-3.384218418537865425e-03
-3.391100772493382820e-03
-3.398004828679579425e-03
-3.404921975297403591e-03
-3.411840711373570478e-03
-3.418755958446206833e-03
-3.425671451888212538e-03
-3.432593724708943306e-03
-3.439530238372845439e-03
-3.446487318995883342e-03
-3.453469190133007238e-03
-3.460479203781119395e-03
-3.467517950745735433e-03
-3.474583986774693045e-03
-3.481676147140344568e-03
-3.488802812060431968e-03
-3.496016585542549571e-03
-3.503220734171086370e-03
-3.510382375202181215e-03
-3.517542121982630832e-03
-3.524712528796269950e-03
-3.531900207394245150e-03
-3.539110404579437485e-03
-3.546354722756550615e-03
-3.553633346346618538e-03
-3.560902003816646122e-03
-3.568177424457030789e-03
-3.575463020125013713e-03
-3.582761424070213252e-03
-3.590075821766625097e-03
-3.597410208193152492e-03
-3.604767083431048569e-03
-3.612147940259435863e-03
-3.619551240594209851e-03
-3.626976150503669061e-03
-3.634420739827892710e-03
-3.641882811180718882e-03
-3.649360212808816506e-03
-3.656850295361335768e-03
-3.664349095901187070e-03
-3.671852002720799035e-03
-3.679353993836564918e-03
-3.686852002422691399e-03
-3.694343494300644792e-03
-3.701825883245302151e-03
-3.709296437293674309e-03
-3.716752022214109275e-03
-3.724189591643334296e-03
-3.731606581520274801e-03
-3.739000566337580267e-03
-3.746369581079989075e-03
-3.753713234776134833e-03
-3.761035199958628894e-03
-3.768344013520996683e-03
-3.775650601442803733e-03
-3.782963743145129065e-03
-3.790290539511187440e-03
-3.797636058221143252e-03
-3.805008220615024861e-03
-3.812428486367869240e-03
-3.820012087145108204e-03
-3.827634436808557972e-03
-3.835112693915565529e-03
-3.842560473111267250e-03
-3.850002196757684736e-03
-3.857450827192243636e-03
-3.864919125093346786e-03
-3.872421068642828423e-03
-3.879944878749541637e-03
-3.887472505197941963e-03
-3.895015354303255073e-03
-3.902594534132108883e-03
-3.910253093209137276e-03
-3.918123249535443442e-03
-3.926692215053040336e-03
-3.934640667144329029e-03
-3.942282383310624638e-03
-3.949800532855873847e-03
-3.957265970448764492e-03
-3.964722779221219184e-03
-3.972197928414633594e-03
-3.979706168640517738e-03
-3.987254588149080625e-03
-3.994845695637905258e-03
-4.002479962777139022e-03
-4.010157371403866300e-03
-4.017876191744984560e-03
-4.025635771369495686e-03
-4.033434740203567515e-03
-4.041271496000975461e-03
-4.049141622572749455e-03
-4.057038191711992425e-03
-4.064952288125533997e-03
-4.072875515206519914e-03
-4.080799651609123835e-03
-4.088715675077514433e-03
-4.096613314897523672e-03
-4.104480387498110616e-03
-4.112303397987515652e-03
-4.120066815613721012e-03
-4.127757055335856684e-03
-4.135369489478346594e-03
-4.142919052706250937e-03
-4.150443592226049638e-03
-4.157985792605067843e-03
-4.165569483879472124e-03
-4.173196429897108040e-03
-4.180859699834282850e-03
-4.188552813024659649e-03
-4.196271188771527605e-03
-4.204013257233185641e-03
-4.211779747608668245e-03
-4.219574178499940764e-03
-4.227399887841820636e-03
-4.235262972139497428e-03
-4.243170037216859036e-03
-4.251129464198255548e-03
-4.259147881153668713e-03
-4.267232379288277144e-03
-4.275384409621163506e-03
-4.283603009350489543e-03
-4.291881342864067861e-03
-4.300205981380034181e-03
-4.308562713523422794e-03
-4.316948350671090395e-03
-4.325383207066546554e-03
-4.333912137459372538e-03
-4.342583042164172014e-03
-4.351409615084955718e-03
-4.360373758300006841e-03
-4.369465575663755708e-03
-4.378733032577852846e-03
-4.388104771847145535e-03
-4.397009463254497597e-03
-4.405458914929161196e-03
-4.413612232679331449e-03
-4.421555674138710756e-03
-4.429336937378902661e-03
-4.437011722181916085e-03
-4.444550648094014456e-03
-4.451999963334229982e-03
-4.459384204042016187e-03
-4.466726971887657882e-03
-4.474067244024326762e-03
-4.481408249275564692e-03
-4.488733223490637414e-03
-4.496242096879154992e-03
-4.504017663828685514e-03
-4.511448635564518916e-03
-4.518675541932526407e-03
-4.525796242446200601e-03
-4.532811478285325713e-03
-4.539756330723676570e-03
-4.546642275760626184e-03
-4.553475810157303627e-03
-4.560266728909634359e-03
-4.567021849629426811e-03
-4.573746636798436960e-03
-4.580447796483144707e-03
-4.587130279103623920e-03
-4.593799950298071977e-03
-4.600463254732956031e-03
-4.607130072231790940e-03
-4.613813912678121909e-03
-4.620538806381135899e-03
-4.627355928911613958e-03
-4.634403207543602576e-03
-4.641810046267846879e-03
-4.648930666660944233e-03
-4.655814678496961179e-03
-4.662576809615237572e-03
-4.669269754086213808e-03
-4.675924072593429237e-03
-4.682543656126636478e-03
-4.689111737700035754e-03
-4.695641498936198310e-03
-4.702145976968497010e-03
-4.708638706627521486e-03
-4.715140569155451544e-03
-4.721631575907436762e-03
-4.728085804975634687e-03
-4.734530137811443495e-03
-4.740978361712833156e-03
-4.747444531348232744e-03
-4.753949903903542662e-03
-4.760535861475623243e-03
-4.767299500811117419e-03
-4.774438858830998278e-03
-4.781524307562956544e-03
-4.788302737101624018e-03
-4.794921984921485247e-03
-4.801447628545840729e-03
-4.807913440924349580e-03
-4.814338925373085054e-03
-4.820736565943395391e-03
-4.827121790325183959e-03
-4.833482655767773473e-03
-4.839831207530176371e-03
-4.846172101033663360e-03
-4.852509233717938741e-03
-4.858847225272966419e-03
-4.865190966390819938e-03
-4.871547386716135186e-03
-4.877931996113193946e-03
-4.884346682180518151e-03
-4.890824887293643286e-03
-4.897426294692364124e-03
-4.904299883167761998e-03
-4.911499593559409682e-03
-4.918386074284963883e-03
-4.925035490690565787e-03
-4.931561786289839766e-03
-4.938015212087143446e-03
-4.944422707640838688e-03
-4.950800270641875223e-03
-4.957159730124005570e-03
-4.963511148453281230e-03
-4.969877657472476784e-03
-4.976246112830540191e-03
-4.982569233104472417e-03
-4.988883020064727170e-03
-4.995195992859802203e-03
-5.001515009214418939e-03
-5.007847885083460682e-03
-5.014206765530437870e-03
-5.020610741681363898e-03
-5.027097898291921219e-03
-5.033755317246257910e-03
-5.040766182708988907e-03
-5.047795675654387360e-03
-5.054489498617198429e-03
-5.061008176176717832e-03
-5.067430463641886540e-03
-5.073786525016554805e-03
-5.080097193995047888e-03
-5.086374403808657796e-03
-5.092626521050913624e-03
-5.098859847664449774e-03
-5.105080442062037704e-03
-5.111292644940923502e-03
-5.117501183702244383e-03
-5.123710962174898853e-03
-5.129927628548469620e-03
-5.136158625238973485e-03
-5.142414490978408637e-03
-5.148710347425256018e-03
-5.155068948082264235e-03
-5.161543960612191562e-03
-5.168268565861056096e-03
-5.175344089649591695e-03
-5.182112469714783565e-03
-5.188619594100662979e-03
-5.194999252800314160e-03
-5.201307894161844025e-03
-5.207572212101663212e-03
-5.213807132746772766e-03
-5.220022023302961500e-03
-5.226224063632045613e-03
-5.232419521855713462e-03
-5.238612594740787998e-03
-5.244790178868030672e-03
-5.250960453677122608e-03
-5.257130317934732844e-03
-5.263304449914851801e-03
-5.269488296379853942e-03
-5.275689746107037337e-03
-5.281922135163097387e-03
-5.288207633759256510e-03
-5.294592120391183876e-03
-5.301150483224104093e-03
-5.308065010270146544e-03
-5.314933245130770700e-03
-5.321464418596044688e-03
-5.327828517328381253e-03
-5.334102878412627646e-03
-5.340322864318070017e-03
-5.346507654007015553e-03
-5.352668438854846222e-03
-5.358812969055049003e-03
-5.364946177170093478e-03
-5.371071822070860868e-03
-5.377192905406391610e-03
-5.383312777953119799e-03
-5.389435247425078401e-03
-5.395565027989435158e-03
-5.401707860542170891e-03
-5.407871705610745039e-03
-5.414068697600638025e-03
-5.420319852271981986e-03
-5.426666188326767504e-03
-5.433205038644750573e-03
-5.440118276333505420e-03
-5.446921621539924097e-03
-5.453423727253547959e-03
-5.459783599548795330e-03
-5.466067052667833437e-03
-5.472303287879953793e-03
-5.478509437935485948e-03
-5.484696707207636912e-03
-5.490872991723239060e-03
-5.497043991493977266e-03
-5.503214480114482221e-03
-5.509388551035998560e-03
-5.515570136942149482e-03
-5.521763333790841166e-03
-5.527973042912637247e-03
-5.534204972243661480e-03
-5.540468274303878005e-03
-5.546776780139150986e-03
-5.553155327400527419e-03
-5.559656118814038095e-03
-5.566417449701543951e-03
-5.573522456266299940e-03
-5.580284534530077778e-03
-5.586805606505929056e-03
-5.593212486863841093e-03
-5.599557032618940333e-03
-5.605863902738983384e-03
-5.612147653198173991e-03
-5.618417290884969439e-03
-5.624679476375682441e-03
-5.630939557370817639e-03
-5.637202367098637090e-03
-5.643472170049457226e-03
-5.649751930441704317e-03
-5.656043227211582369e-03
-5.662350097779600411e-03
-5.668680223996802603e-03
-5.675046195687705186e-03
-5.681468004591128107e-03
-5.687986306918579871e-03
-5.694695678119532367e-03
-5.701786132252473216e-03
-5.708785725776932551e-03
-5.715457116958422290e-03
-5.721980965470274683e-03
-5.728433828027679198e-03
-5.734852829474279545e-03
-5.741268480872308011e-03
-5.747703377830370997e-03
-5.754097674638303239e-03
-5.760483483576828156e-03
-5.766873308900355433e-03
-5.773276280523043091e-03
-5.779690175942597818e-03
-5.786111829414908314e-03
-5.792552475881618257e-03
-5.799022429888167629e-03
-5.805532820576941866e-03
-5.812099259679293084e-03
-5.818745585275508780e-03
-5.825520937972283875e-03
-5.832540813289099901e-03
-5.839865934989751928e-03
-5.846847493426010622e-03
-5.853550894840631180e-03
-5.860131348718877753e-03
-5.866651946354495273e-03
-5.873142089731220317e-03
-5.879618523657925699e-03
-5.886091802731363565e-03
-5.892569590892571263e-03
-5.899057994549816719e-03
-5.905561969607786565e-03
-5.912086548893413784e-03
-5.918636031191804037e-03
-5.925215768240232883e-03
-5.931831150462363311e-03
-5.938490467522483662e-03
-5.945205567794653589e-03
-5.951997020687271878e-03
-5.958900764443275655e-03
-5.965989477251021356e-03
-5.973385392295416096e-03
-5.980727265286422956e-03
-5.987658877336543561e-03
-5.994443910513402862e-03
-6.001191108410797170e-03
-6.007942520792064478e-03
-6.014719739399154719e-03
-6.021535459033056092e-03
-6.028400045638981908e-03
-6.035320711261005222e-03
-6.042305986988294464e-03
-6.049364239937848886e-03
-6.056506541403772204e-03
-6.063743031920809656e-03
-6.071091787969495890e-03
-6.078579005150519521e-03
-6.086246770080849799e-03
-6.094145150583263337e-03
-6.102273072247421659e-03
-6.110487736430081362e-03
-6.118676486611795973e-03
-6.126653147471627925e-03
-6.134416733063141614e-03
-6.142028364271245877e-03
-6.149541513448042451e-03
-6.156995389581920719e-03
-6.164401852834622275e-03
-6.171742274379221627e-03
-6.178996979056439187e-03
-6.186156419288213471e-03
-6.193226941385798767e-03
-6.200217401936103379e-03
-6.207140494831286937e-03
-6.214004525505134602e-03
-6.220817877499840165e-03
-6.227586800741535811e-03
-6.234317636039654609e-03
-6.241016383297548487e-03
-6.247694223556532478e-03
-6.254375379312948624e-03
-6.261133348780201224e-03
-6.268053097430725806e-03
-6.274926261761293311e-03
-6.281712144739048931e-03
-6.288431820432927033e-03
-6.295099836746698152e-03
-6.301726272999186307e-03
-6.308319745676027601e-03
-6.314889430210746113e-03
-6.321450393523275757e-03
-6.327995818312892595e-03
-6.334532575789530995e-03
-6.341037998655041363e-03
-6.347532413936152196e-03
-6.354022215276144969e-03
-6.360512994703304557e-03
-6.367010502930647853e-03
-6.373522572432621658e-03
-6.380063482816500375e-03
-6.386667911062349212e-03
-6.393481993946736885e-03
-6.400464731265431695e-03
-6.407192383192428231e-03
-6.413822270597280273e-03
-6.420402030421601403e-03
-6.426950373422002372e-03
-6.433477187073211034e-03
-6.439988161399234912e-03
-6.446487285861723926e-03
-6.452977889179423165e-03
-6.459464469424913702e-03
-6.465952570530175691e-03
-6.472450602223345228e-03
-6.478971117646059596e-03
-6.485532005941929690e-03
-6.492181476398739548e-03
-6.499134544275086967e-03
-6.506141753533700722e-03
-6.512830496649857359e-03
-6.519410122017732512e-03
-6.525936976367163744e-03
-6.532433440001095271e-03
-6.538910874624659364e-03
-6.545377071373481570e-03
-6.551837079918687579e-03
-6.558295349140430552e-03
-6.564756022867546115e-03
-6.571223558485272953e-03
-6.577703616061358893e-03
-6.584203722540427073e-03
-6.590737401550139651e-03
-6.597333152808304568e-03
-6.604079667400175602e-03
-6.611360379431219236e-03
-6.618297194315947429e-03
-6.625028619963169163e-03
-6.631683398085175263e-03
-6.638302532294915181e-03
-6.644904007227170339e-03
-6.651497432759279071e-03
-6.658089515515830392e-03
-6.664685841835660263e-03
-6.671291643204013688e-03
-6.677912400566254902e-03
-6.684553828514960827e-03
-6.691223769960563672e-03
-6.697933177360226864e-03
-6.704702377809734770e-03
-6.711578248451810502e-03
-6.718752973760455660e-03
-6.726148125250297483e-03
-6.733204258203673298e-03
-6.740174626314932027e-03
-6.747118999294254849e-03
-6.754060330609656937e-03
-6.761011069059796874e-03
-6.767979904506726818e-03
-6.774974095191899082e-03
-6.782000588614889303e-03
-6.789066742021732104e-03
-6.796181264960510227e-03
-6.803355062938609699e-03
-6.810604398686748162e-03
-6.817980314940963460e-03
-6.825478230899961751e-03
-6.833360121849207935e-03
-6.841572397318751442e-03
-6.848955738810613703e-03
-6.856186027909938474e-03
-6.863391239409266653e-03
-6.870605493878523262e-03
-6.877843704041985973e-03
-6.885118726051908666e-03
-6.892445939605029714e-03
-6.900147052022465033e-03
-6.907589710916539616e-03
-6.915069158176301301e-03
-6.922596093070776391e-03
-6.930172493285868818e-03
-6.937801640758856081e-03
-6.945485900966219539e-03
-6.953233825431004433e-03
-6.961066073692401268e-03
-6.969041543708143216e-03
-6.977326695614127772e-03
-6.985125175987816348e-03
-6.992618702764352712e-03
-7.000035731942078066e-03
-7.007422186946499210e-03
-7.014797110956316750e-03
-7.022179255332217096e-03
-7.029587594799435735e-03
-7.036964744653539938e-03
-7.044350215464900700e-03
-7.051759557217485153e-03
-7.059207624864338726e-03
-7.066716840721021242e-03
-7.074333754476969105e-03
-7.082183463100966136e-03
-7.090668926768906033e-03
-7.098377637192565537e-03
-7.105690364909822421e-03
-7.112885190557416415e-03
-7.120027793762084833e-03
-7.127143920152123613e-03
-7.134246950153300126e-03
-7.141345598354553736e-03
-7.148446812157205343e-03
-7.155557010389945738e-03
-7.162682908473883003e-03
-7.169832897094940982e-03
-7.177018786075906043e-03
-7.184258893576433991e-03
-7.191587958256584479e-03
-7.199084366427910275e-03
-7.207025485478357751e-03
-7.215343908927529526e-03
-7.222774237615081638e-03
-7.229996799450244538e-03
-7.237141582713491061e-03
-7.244251707456905720e-03
-7.251349839480392134e-03
-7.258466754460846104e-03
-7.265569609928079764e-03
-7.272661557377380070e-03
-7.279759825329801259e-03
-7.286873739233645786e-03
-7.294013719898129189e-03
-7.301193645354864259e-03
-7.308437174734616626e-03
-7.315793776199952525e-03
-7.323401774601445702e-03
-7.331881260608352768e-03
-7.339686222092134393e-03
-7.347056167531285098e-03
-7.354287118153446379e-03
-7.361454138864576002e-03
-7.368587918518243463e-03
-7.375704724458143069e-03
-7.382814452061015054e-03
-7.389924601291064654e-03
-7.397041608342869168e-03
-7.404172068216419156e-03
-7.411323509002532006e-03
-7.418506807727820451e-03
-7.425738703122242157e-03
-7.433051569937676462e-03
-7.440521422600543389e-03
-7.448437089852100179e-03
-7.456960499193310277e-03
-7.464613570010936172e-03
-7.472041305368937181e-03
-7.479382288115066224e-03
-7.486686791324137502e-03
-7.493990511943549038e-03
-7.501298935537303869e-03
-7.508589082448335894e-03
-7.515887403403587186e-03
-7.523205622319451003e-03
-7.530554651264842470e-03
-7.537946698786157640e-03
-7.545399060038926464e-03
-7.552938243936324625e-03
-7.560616195167124687e-03
-7.568574858528798188e-03
-7.577482728286955016e-03
-7.585922672365463804e-03
-7.593917830499452570e-03
-7.601720826737157211e-03
-7.609407373138421526e-03
-7.617020240316074720e-03
-7.624588698194934011e-03
-7.632131826996180202e-03
-7.639664132064072355e-03
-7.647196427833291565e-03
-7.654738080457357263e-03
-7.662298433536385289e-03
-7.669887302815037167e-03
-7.677520747618626906e-03
-7.685225491823821642e-03
-7.693068222422327906e-03
-7.701309299797176600e-03
-7.710393357430844752e-03
-7.718681448046216254e-03
-7.726733295680854319e-03
-7.734693324035313289e-03
-7.742618818266211456e-03
-7.750553431214335376e-03
-7.758444493003335829e-03
-7.766326030425929616e-03
-7.774209214534422152e-03
-7.782100824918147808e-03
-7.790006482383371456e-03
-7.797932690214337548e-03
-7.805888497587010200e-03
-7.813889735315715512e-03
-7.821969302099440746e-03
-7.830229769658969552e-03
-7.839216463806475410e-03
-7.848229487024016571e-03
-7.856788295413141832e-03
-7.865182787046509638e-03
-7.873496761089060492e-03
-7.881765484338387751e-03
-7.890006693748508049e-03
-7.898231780613440556e-03
-7.906447154933715638e-03
-7.914658330805290909e-03
-7.922869770085272378e-03
-7.931085949081650988e-03
-7.939312404275367108e-03
-7.947557543169447847e-03
-7.955839278710352680e-03
-7.964205159588066962e-03
-7.972851813362491491e-03
-7.982390548273876618e-03
-7.991351848673833302e-03
-8.000069515011309917e-03
-8.008677323103952084e-03
-8.017182398857625181e-03
-8.025625619659471077e-03
-8.034021942940117178e-03
-8.042380135089732818e-03
-8.050705838169247563e-03
-8.059003783491558437e-03
-8.067278454456539016e-03
-8.075549536498694003e-03
-8.083796086903682898e-03
-8.092032554112060794e-03
-8.100287996454125228e-03
-8.108650749836576743e-03
-8.117599905977157526e-03
-8.126617495188503959e-03
-8.135282934811804978e-03
-8.143802477263983874e-03
-8.152261997886989242e-03
-8.160671991266355008e-03
-8.168975246996779127e-03
-8.177178430761600225e-03
-8.185304568126938740e-03
-8.193368930206168521e-03
-8.201383349468849282e-03
-8.209356081772756220e-03
-8.217295914859423789e-03
-8.225213332152203627e-03
-8.233127718914934334e-03
-8.241093373500096853e-03
-8.249401263009770169e-03
-8.258180341237042477e-03
-8.266564243418317304e-03
-8.274776628513502708e-03
-8.282893451408535057e-03
-8.290950842219202421e-03
-8.298985893894772481e-03
-8.306993943689833237e-03
-8.314989039887810129e-03
-8.323027297749252540e-03
-8.330969232378748757e-03
-8.338865964341857229e-03
-8.346740814258568619e-03
-8.354606416124732426e-03
-8.362477735995632599e-03
-8.370389725956051130e-03
-8.378523651931146787e-03
-8.387208713904636959e-03
-8.395581256053996633e-03
-8.403833217634604225e-03
-8.412025650785248665e-03
-8.420184496306992727e-03
-8.428322220374151463e-03
-8.436446609367154181e-03
-8.444562055288318270e-03
-8.452672313063014364e-03
-8.460775871375170176e-03
-8.468863729088837999e-03
-8.476938602340999829e-03
-8.485004146695618310e-03
-8.493065700003521457e-03
-8.501142435019981569e-03
-8.509341776713919003e-03
-8.517989316580210080e-03
-8.526160629155454806e-03
-8.534218059623510655e-03
-8.542213803595322119e-03
-8.550167411146780694e-03
-8.558109734918661893e-03
-8.565995442543217209e-03
-8.573833882290937680e-03
-8.581639425744747030e-03
-8.589418971640228051e-03
-8.597178396671401046e-03
-8.604925211273761754e-03
-8.612669744080925227e-03
-8.620430552963687099e-03
-8.628250101528456284e-03
-8.636299064346153465e-03
-8.644229074338927177e-03
-8.651862809443078284e-03
-8.659427854175505423e-03
-8.666956416764737270e-03
-8.674460368642167296e-03
-8.681946208268009890e-03
-8.689417942292054775e-03
-8.696878377389194448e-03
-8.704330902303603068e-03
-8.711779628702287503e-03
-8.719230857370252608e-03
-8.726693220861281297e-03
-8.734181122207140824e-03
-8.741723101744369728e-03
-8.749397774896805480e-03
-8.757537096231060580e-03
-8.764990058859223332e-03
-8.772270221949929336e-03
-8.779504419387906822e-03
-8.786720217225263418e-03
-8.793928662898964355e-03
-8.801136171060153224e-03
-8.808347517921366610e-03
-8.815567074212826704e-03
-8.822799501857159221e-03
-8.830050592977256585e-03
-8.837328108520003944e-03
-8.844643521683681620e-03
-8.852017233750730796e-03
-8.859491556551080116e-03
-8.867198611337112624e-03
-8.875304087645030648e-03
-8.882575477973997380e-03
-8.889739180275357811e-03
-8.896884006422633995e-03
-8.904043693700236517e-03
-8.911226475432298955e-03
-8.918396859242228025e-03
-8.925578443203074919e-03
-8.932780176331478472e-03
-8.940008023455958686e-03
-8.947270010698837872e-03
-8.954576546187476005e-03
-8.961950413645447533e-03
-8.969405086952431105e-03
-8.976994076968614067e-03
-8.984947093470752044e-03
-8.992769672195310982e-03
-9.000034327566797110e-03
-9.007225054982415102e-03
-9.014405210405529445e-03
-9.021594175868452581e-03
-9.028800873146503037e-03
-9.036030836330866123e-03
-9.043289007838017923e-03
-9.050579371921552152e-03
-9.057907995186798011e-03
-9.065282082135195374e-03
-9.072713626814166155e-03
-9.080219791581578548e-03
-9.087836587351572071e-03
-9.095652963234002186e-03
-9.104034045149034249e-03
-9.111783345582047389e-03
-9.119162751358711461e-03
-9.126485460440370012e-03
-9.133805781765480525e-03
-9.141143368945781056e-03
-9.148507226686142246e-03
-9.155900612114020731e-03
-9.163328219099042826e-03
-9.170795001739340258e-03
-9.178309759210190322e-03
-9.185884636396801639e-03
-9.193537864320866504e-03
-9.201303345638400799e-03
-9.209252015422553228e-03
-9.217611321962526638e-03
-9.226330613257394120e-03
-9.234118437656091416e-03
-9.241749411553423776e-03
-9.249355348289078904e-03
-9.256980872583864262e-03
-9.264668703670597694e-03
-9.272350320095879006e-03
-9.280029877793749549e-03
-9.287719016346618339e-03
-9.295431669115394868e-03
-9.303169352536500014e-03
-9.310927562273363378e-03
-9.318726801715193631e-03
-9.326600598999479352e-03
-9.334620795904968737e-03
-9.343033335790895677e-03
-9.351955442341797209e-03
-9.359972029184260300e-03
-9.367761051892298241e-03
-9.375459692674947831e-03
-9.383110947190131945e-03
-9.390733424343489233e-03
-9.398335201997065624e-03
-9.405920133486511681e-03
-9.413488191682417572e-03
-9.421038349820443081e-03
-9.428568802616110744e-03
-9.436079022480114986e-03
-9.443568677013125523e-03
-9.451039356899060273e-03
-9.458493583689220330e-03
-9.465938166697607237e-03
-9.473382718415024328e-03
-9.480845316186203853e-03
-9.488364523600578693e-03
-9.496040991650911423e-03
-9.504213831951990876e-03
-9.512516741609466919e-03
-9.520368534318701670e-03
-9.528005266424832698e-03
-9.535525029913727302e-03
-9.542969637571285801e-03
-9.550348312058587474e-03
-9.557672807447237240e-03
-9.564955797636609525e-03
-9.572205451645610097e-03
-9.579431332429111379e-03
-9.586640112379196665e-03
-9.593841328924934686e-03
-9.601050478033279489e-03
-9.608314259033523541e-03
-9.615713842406337086e-03
-9.623027660854543974e-03
-9.630475208212474492e-03
-9.638427381813419181e-03
-9.646412613104837774e-03
-9.654057944617266962e-03
-9.661524272101207345e-03
-9.668884864552085290e-03
-9.676175935159680996e-03
-9.683417656070059110e-03
-9.690622714175423091e-03
-9.697795095795935794e-03
-9.704934782806429183e-03
-9.712041200847787437e-03
-9.719118135366744404e-03
-9.726170990247196002e-03
-9.733209082395721801e-03
-9.740246479315262107e-03
-9.747309257543190775e-03
-9.754462603499658435e-03
-9.761938154082328012e-03
-9.769860930737617188e-03
-9.777441707159773010e-03
-9.784813534162939419e-03
-9.792069207044784562e-03
-9.799251829510358114e-03
-9.806385356923352781e-03
-9.813489491457882963e-03
-9.820589686659220163e-03
-9.827788349484944952e-03
-9.834942537904733939e-03
-9.841973124713798704e-03
-9.848961525843358267e-03
-9.855929433063570499e-03
-9.862891372975357562e-03
-9.869865911379727130e-03
-9.876889420861068025e-03
-9.884067290773179693e-03
-9.891788438692428187e-03
-9.899527235661231828e-03
-9.906985979276416998e-03
-9.914311262319563944e-03
-9.921567911693740527e-03
-9.928790689985644846e-03
-9.936004595622938140e-03
-9.943231255258977441e-03
-9.950493885350630840e-03
-9.957818937814999494e-03
-9.965246421224649431e-03
-9.972737026226252688e-03
-9.980231939822892251e-03
-9.987678793322074533e-03
-9.995054354056676083e-03
-1.000237569235484791e-02
-1.000969790607142418e-02
-1.001719904116538107e-02
-1.002526124181124523e-02
-1.003299085370268351e-02
-1.004046543602599151e-02
-1.004779487264917393e-02
-1.005502691843995766e-02
-1.006218711557094192e-02
-1.006929012855473093e-02
-1.007634729080097991e-02
-1.008336557544775580e-02
-1.009035138909086804e-02
-1.009730951190712656e-02
-1.010424485135985595e-02
-1.011116284532909138e-02
-1.011807085348226387e-02
-1.012498016747986895e-02
-1.013191608818986289e-02
-1.013894722748220900e-02
-1.014636131800816798e-02
-1.015410753955625633e-02
-1.016151417568689208e-02
-1.016874619144358949e-02
-1.017587862873348126e-02
-1.018294552220511129e-02
-1.018996447582798393e-02
-1.019694621698141734e-02
-1.020389816848310538e-02
-1.021082564115383118e-02
-1.021773293600847232e-02
-1.022462409317870247e-02
-1.023150272909445491e-02
-1.023837436799157619e-02
-1.024524634426993153e-02
-1.025213268494873375e-02
-1.025906697112566324e-02
-1.026615683309117788e-02
-1.027381186343778730e-02
-1.028139933641480930e-02
-1.028871869189673660e-02
-1.029590405533520325e-02
-1.030300948938656092e-02
-1.031006104437548476e-02
-1.031707346293420091e-02
-1.032405601082531099e-02
-1.033101532790048349e-02
-1.033795634857537227e-02
-1.034488359368612720e-02
-1.035180087658671422e-02
-1.035871270096011543e-02
-1.036562471964708187e-02
-1.037254588644809239e-02
-1.037949394827164529e-02
-1.038651537788803925e-02
-1.039378721612416179e-02
-1.040163138765193285e-02
-1.040917017955034218e-02
-1.041650509780911449e-02
-1.042373376993788181e-02
-1.043090169411586832e-02
-1.043806700125637921e-02
-1.044516808071249692e-02
-1.045223204574619036e-02
-1.045926800634788822e-02
-1.046628153389106419e-02
-1.047327902923989029e-02
-1.048026799038892509e-02
-1.048725185430687823e-02
-1.049423113513736627e-02
-1.050121621367183788e-02
-1.050823170715320387e-02
-1.051534644739138269e-02
-1.052286675691727069e-02
-1.053070085091789565e-02
-1.053820359921953109e-02
-1.054554951503661187e-02
-1.055280907476874308e-02
-1.056001399788031314e-02
-1.056718151404834050e-02
-1.057432218205645036e-02
-1.058144333770949519e-02
-1.058855073397002577e-02
-1.059564851938199492e-02
-1.060274061136945445e-02
-1.060982991026759858e-02
-1.061692012425208276e-02
-1.062401717283556479e-02
-1.063113312018948431e-02
-1.063829874981581103e-02
-1.064562248940637001e-02
-1.065355500477727091e-02
-1.066140161354633964e-02
-1.066901127558950169e-02
-1.067650614849091628e-02
-1.068393607555828684e-02
-1.069132558775121034e-02
-1.069868916297134209e-02
-1.070603581161666540e-02
-1.071337231599667206e-02
-1.072070376861677943e-02
-1.072803428283297666e-02
-1.073536795887708450e-02
-1.074270914066133287e-02
-1.075006323603877600e-02
-1.075743860516498174e-02
-1.076485342088717712e-02
-1.077235919685215482e-02
-1.078018239953559831e-02
-1.078847688593631560e-02
-1.079652557049237682e-02
-1.080444278382575174e-02
-1.081229788231041766e-02
-1.082012310037550051e-02
-1.082793664970116421e-02
-1.083575066374009577e-02
-1.084357402747571086e-02
-1.085141375316756029e-02
-1.085927532199948420e-02
-1.086716327843806340e-02
-1.087507913186913644e-02
-1.088302397604157257e-02
-1.089099704144391723e-02
-1.089900101289187351e-02
-1.090705763149435459e-02
-1.091528631399818483e-02
-1.092402560087868402e-02
-1.093256331129710546e-02
-1.094092967656623561e-02
-1.094920585402570090e-02
-1.095742814647826524e-02
-1.096561595984335558e-02
-1.097378203454979495e-02
-1.098193606461805860e-02
-1.099008455083061442e-02
-1.099823347494066628e-02
-1.100638832104283704e-02
-1.101455495024206144e-02
-1.102274048361551184e-02
-1.103095450692170854e-02
-1.103921252251860441e-02
-1.104754051058354225e-02
-1.105599430611647893e-02
-1.106473769583027345e-02
-1.107396593391296591e-02
-1.108309335435830878e-02
-1.109252109932457042e-02
-1.110253043179554311e-02
-1.111264352004692757e-02
-1.112213419999807940e-02
-1.113124008173915769e-02
-1.114013058098417552e-02
-1.114889058775703212e-02
-1.115756679319424016e-02
-1.116618859563511812e-02
-1.117477662704713381e-02
-1.118334818476973691e-02
-1.119191942970587661e-02
-1.120051177251812913e-02
-1.120916701823215789e-02
-1.121793361221956609e-02
-1.122692393412094702e-02
-1.123595569418389672e-02
-1.124465947251485076e-02
-1.125324875259869906e-02
-1.126179826113382632e-02
-1.127033850314973495e-02
-1.127888568232016109e-02
-1.128745048339496737e-02
-1.129604123441596553e-02
-1.130466564853283007e-02
-1.131333094255049243e-02
-1.132204698897676387e-02
-1.133083802499745829e-02
-1.133970233793435423e-02
-1.134862177170059550e-02
-1.135764367000258179e-02
-1.136682195804061823e-02
-1.137628740528706661e-02
-1.138619121777351140e-02
-1.139559807514411993e-02
-1.140483411502157818e-02
-1.141406091418806223e-02
-1.142333032607145693e-02
-1.143266970665524074e-02
-1.144210035402204451e-02
-1.145164376566920605e-02
-1.146134539320564638e-02
-1.147118206282271569e-02
-1.148117755158961639e-02
-1.149137966384639054e-02
-1.150183281643502031e-02
-1.151258785558395559e-02
-1.152370354951792741e-02
-1.153526091203005421e-02
-1.154741413923909832e-02
-1.156025361047141597e-02
-1.157294884337944918e-02
-1.158568894174427655e-02
-1.159842830631274690e-02
-1.161097791716236838e-02
-1.162320638390068606e-02
-1.163502189083176486e-02
-1.164643595845893387e-02
-1.165751657389402229e-02
-1.166836393008019446e-02
-1.167906251161154874e-02
-1.168952141054857563e-02
-1.169983643896221892e-02
-1.171006578232536288e-02
-1.172026662760994320e-02
-1.173051919148038191e-02
-1.174095406192132707e-02
-1.175154800410238565e-02
-1.176153527577927793e-02
-1.177122739213243285e-02
-1.178078754798628225e-02
-1.179023555084324215e-02
-1.179960249923539539e-02
-1.180891968737096676e-02
-1.181821290381634970e-02
-1.182752236828021886e-02
-1.183684085760805527e-02
-1.184615898628182951e-02
-1.185551764602255087e-02
-1.186494456662778862e-02
-1.187447241237560291e-02
-1.188415656880503768e-02
-1.189411841006748904e-02
-1.190450006025689511e-02
-1.191433644143502502e-02
-1.192383768587090831e-02
-1.193322518841655189e-02
-1.194254042736708765e-02
-1.195181699005032350e-02
-1.196107118235434363e-02
-1.197031374773382950e-02
-1.197955341601708579e-02
-1.198879958671361656e-02
-1.199806345355192150e-02
-1.200735580149436821e-02
-1.201667905346215370e-02
-1.202604846321597698e-02
-1.203550172558587317e-02
-1.204511588535006616e-02
-1.205511271357084802e-02
-1.206559116207939208e-02
-1.207533881631872585e-02
-1.208483098373769327e-02
-1.209422541890803338e-02
-1.210358113734710805e-02
-1.211292384605455741e-02
-1.212226668008431485e-02
-1.213161798925477264e-02
-1.214098284687648022e-02
-1.215036534466829021e-02
-1.215977017781666447e-02
-1.216920382251462929e-02
-1.217868026729218567e-02
-1.218821791097002283e-02
-1.219782027258276003e-02
-1.220756833671876596e-02
-1.221773848557394793e-02
-1.222821656416650526e-02
-1.223807513931796098e-02
-1.224769759421473481e-02
-1.225717117437286063e-02
-1.226655025158374102e-02
-1.227586520257861746e-02
-1.228513293414035257e-02
-1.229436475869472023e-02
-1.230356922067388226e-02
-1.231275560472699926e-02
-1.232193221281485673e-02
-1.233110979179830036e-02
-1.234030351298787131e-02
-1.234954006387978254e-02
-1.235887846035732540e-02
-1.236849730964006966e-02
-1.237867513299995004e-02
-1.238845785980113856e-02
-1.239797075529680548e-02
-1.240735988310548432e-02
-1.241668304542575818e-02
-1.242596767609049913e-02
-1.243522796212614967e-02
-1.244447006708848669e-02
-1.245369783812977360e-02
-1.246291533245658112e-02
-1.247213019557547042e-02
-1.248135106212799883e-02
-1.249059112518402515e-02
-1.249987095347604438e-02
-1.250923168959938714e-02
-1.251875018066161971e-02
-1.252872752474099016e-02
-1.253874360057805060e-02
-1.254851323683114916e-02
-1.255817539324777243e-02
-1.256778954722925778e-02
-1.257738525762952531e-02
-1.258697923984686273e-02
-1.259658234208416161e-02
-1.260620268817724821e-02
-1.261584646025482037e-02
-1.262551924716648344e-02
-1.263522689126994614e-02
-1.264497680884668629e-02
-1.265478143755838225e-02
-1.266465912864278565e-02
-1.267462246890593836e-02
-1.268485532525231996e-02
-1.269535387033482454e-02
-1.270577608561518357e-02
-1.271615380286161834e-02
-1.272652189753908925e-02
-1.273686434448006999e-02
-1.274720044050159373e-02
-1.275754281598950879e-02
-1.276789948812795394e-02
-1.277827763790961857e-02
-1.278868515357556301e-02
-1.279913202051474741e-02
-1.280963186769057405e-02
-1.282020574787157141e-02
-1.283081418836296006e-02
-1.284146083168202779e-02
-1.285227810510347624e-02
-1.286326398944914740e-02
-1.287423638381901547e-02
-1.288522922168167106e-02
-1.289628809501575102e-02
-1.290746362408112802e-02
-1.291878708720495261e-02
-1.293012887603028904e-02
-1.294123287608661688e-02
-1.295207188469105208e-02
-1.296272919124819012e-02
-1.297327369786205331e-02
-1.298376793443456467e-02
-1.299421469248729366e-02
-1.300456866990840066e-02
-1.301489412734146978e-02
-1.302528909992006767e-02
-1.303569835588069825e-02
-1.304603568362094901e-02
-1.305632362586328643e-02
-1.306657601762739596e-02
-1.307680308525949187e-02
-1.308701116091759431e-02
-1.309720569172900806e-02
-1.310739223627443995e-02
-1.311757508056365928e-02
-1.312775977671321037e-02
-1.313795754861435405e-02
-1.314819748046247572e-02
-1.315841336178125154e-02
-1.316864429100905731e-02
-1.317892812987730977e-02
-1.318944801874666339e-02
-1.319977502855207430e-02
-1.321001955352418822e-02
-1.322023811726869003e-02
-1.323045063772798624e-02
-1.324066650123989497e-02
-1.325089157320213928e-02
-1.326113034492959475e-02
-1.327138641066405444e-02
-1.328166512967399182e-02
-1.329197548790261862e-02
-1.330235498180298848e-02
-1.331272285748319462e-02
-1.332310264839797753e-02
-1.333351417127170979e-02
-1.334398281587645396e-02
-1.335453637695183104e-02
-1.336495984904606527e-02
-1.337522003620417177e-02
-1.338543502949229858e-02
-1.339563929665632536e-02
-1.340584505026509721e-02
-1.341605681509228098e-02
-1.342627708639376749e-02
-1.343651022907710324e-02
-1.344676950872958354e-02
-1.345707904467130511e-02
-1.346738079004661248e-02
-1.347770366722322866e-02
-1.348806420258352734e-02
-1.349848423944211007e-02
-1.350899880184075474e-02
-1.351962853220944893e-02
-1.353005332060885912e-02
-1.354022622320483205e-02
-1.355032242995379832e-02
-1.356039992299917785e-02
-1.357048285150186384e-02
-1.358058483255897286e-02
-1.359071295276170765e-02
-1.360087323009162574e-02
-1.361106289565772176e-02
-1.362125362824029295e-02
-1.363147275066245445e-02
-1.364173737422913479e-02
-1.365207006703450521e-02
-1.366250065988472429e-02
-1.367308682763990202e-02
-1.368386055766102061e-02
-1.369437396345674074e-02
-1.370457289155257996e-02
-1.371466480167871094e-02
-1.372472365449461940e-02
-1.373477903207087625e-02
-1.374484861539371217e-02
-1.375495349367639175e-02
-1.376003182754015342e-02
