5.236551152367742157e-01
5.237238125717440518e-01
5.238266881444898493e-01
5.239637383392999892e-01
5.241422347514006486e-01
5.243682702534319118e-01
5.246520479101884904e-01
5.250144820420417080e-01
5.254880881158032757e-01
5.260341346238024407e-01
5.263505666326915300e-01
5.263661324640327432e-01
5.264261134207826043e-01
5.266982500780988952e-01
5.268520170759107835e-01
5.269907047637286679e-01
5.272290968002174560e-01
5.274730776221397965e-01
5.276736341376002670e-01
5.278024786887928199e-01
5.278765672048019164e-01
5.279323729180396274e-01
5.279935436548922612e-01
5.280701110244377938e-01
5.281661574614000543e-01
5.282827479137021109e-01
5.284195695487853284e-01
5.285777179106108115e-01
5.287529269456899828e-01
5.289489259293326251e-01
5.291638132502404224e-01
5.293994541926402286e-01
5.296509096425829899e-01
5.299277885966079404e-01
5.302355727556992138e-01
5.305858917928659713e-01
5.309966374149112101e-01
5.315075203913056656e-01
5.321094212917536481e-01
5.325623118157823965e-01
5.326826229592205308e-01
5.328080662766563336e-01
5.330588814232890549e-01
5.334275953091744960e-01
5.339418229004420091e-01
5.347768560292006645e-01
5.371367753614307849e-01
5.363771256865389470e-01
5.357132380627226409e-01
5.358780592034602108e-01
5.363849609887461067e-01
5.376401242112065493e-01
5.382855072171550681e-01
5.377527896299386656e-01
5.380769219974000928e-01
5.385740413910019564e-01
5.391464545278563669e-01
5.398079007449023692e-01
5.405488329151451055e-01
5.413680953895878556e-01
5.422688814633563892e-01
5.432673713104758662e-01
5.443114346701568573e-01
5.454630470083022820e-01
5.471471564553170852e-01
5.479061864197269927e-01
5.476117445822430430e-01
5.481165487359745958e-01
5.489212239483597378e-01
5.496343329833459634e-01
5.504570791624001647e-01
5.516399711053167065e-01
5.531682579446437487e-01
5.548500852682645146e-01
5.561488387089545959e-01
5.565771488467021744e-01
5.566583946796097582e-01
5.567550127874288934e-01
5.555024648535634713e-01
5.545332499080367628e-01
5.541728727966426238e-01
5.541573951416023380e-01
5.543300840717446665e-01
5.545884256446229621e-01
5.548767473100241210e-01
5.551812027298154151e-01
5.555080968134430419e-01
5.558799263600119334e-01
5.563840331353542279e-01
5.566156923024584424e-01
5.569514151966695747e-01
5.574015982323750062e-01
5.579895757803114975e-01
5.587632195369208743e-01
5.597538975389694249e-01
5.610137395720266040e-01
5.625499233771457108e-01
5.641490013144516702e-01
5.652459118257684434e-01
5.656651135921657580e-01
5.654732406295492897e-01
5.652128027628033902e-01
5.690167576121755166e-01
5.620236731685309683e-01
5.598700874651971748e-01
5.584478315821387318e-01
5.573107656236266916e-01
5.563957019435860074e-01
5.556936215524589384e-01
5.551510130906910367e-01
5.547376621186520529e-01
5.544137917997813414e-01
5.541939242317878156e-01
5.540552079171284783e-01
5.540066418160329853e-01
5.541797228595839453e-01
5.543580431326688984e-01
5.539420318709283864e-01
5.538791155696808355e-01
5.539319649712639571e-01
5.540759750262682637e-01
5.543291084036729988e-01
5.548135536445085725e-01
5.556176663458836096e-01
5.553965474158798488e-01
5.557061184483426119e-01
5.560902502821060134e-01
5.563652678741292101e-01
5.562659128871929592e-01
5.561138676872279252e-01
5.562314923775359965e-01
5.569699806577376178e-01
5.577128026164692720e-01
5.566497043441308579e-01
5.566080205968405581e-01
5.567812440455440770e-01
5.569756181513222382e-01
5.572349970195091817e-01
5.575674947472718523e-01
5.579658610297953958e-01
5.584550037001139167e-01
5.591410412653737838e-01
5.600262826724360377e-01
5.600077243837141561e-01
5.603821145805547577e-01
5.609102408777432158e-01
5.615286819389122552e-01
5.622278150495423343e-01
5.630337078452035682e-01
5.638793328205974342e-01
5.647262148209747368e-01
5.656672633834352037e-01
5.667172014257505497e-01
5.679069736847586203e-01
5.692570790497519795e-01
5.702980404528025238e-01
5.710351338070152050e-01
5.715765410929155577e-01
5.716867232307386582e-01
5.716140211163410756e-01
5.715839040972308105e-01
5.715017796912105208e-01
5.714781212526394150e-01
5.714942386952253095e-01
5.715334333225300378e-01
5.716037302809003906e-01
5.717365313501245883e-01
5.719690653418175730e-01
5.723285519668737109e-01
5.727606077343507796e-01
5.729458007463118507e-01
5.732737411868599198e-01
5.738358266537594288e-01
5.745971830599629904e-01
5.756384385603888765e-01
5.770622166229976147e-01
5.790367691746355350e-01
5.818900384412725169e-01
5.863955982880011408e-01
5.948747771775649840e-01
6.190355355574397311e-01
6.440584398844446667e-01
6.012034327357418384e-01
5.901001328484815067e-01
5.851559534029602272e-01
5.824853013120500078e-01
5.810891175512328255e-01
5.804616376584306181e-01
5.801057981187940360e-01
5.802900415918028632e-01
5.816207147105216801e-01
5.850209325071962230e-01
5.895644143399982884e-01
5.839156302350172467e-01
5.795032762657490455e-01
5.769644095704914433e-01
5.752753652270545803e-01
5.740731785317678693e-01
5.731571021770131003e-01
5.724669269034923236e-01
5.719649542053686364e-01
5.716018752062118624e-01
5.713107746865420111e-01
5.710995134632675940e-01
5.710171152798869665e-01
5.710754403606153051e-01
5.710667473017391194e-01
5.707860997215249421e-01
5.704213749580202553e-01
5.700671332145834658e-01
5.697816343880913736e-01
5.695416170970147851e-01
5.692451069313236856e-01
5.689176062645510124e-01
5.686835208262271957e-01
5.686758596336294325e-01
5.694444502671707209e-01
5.692704344094170477e-01
5.678686752846314745e-01
5.671166377792868918e-01
5.666262141146447551e-01
5.662886317333688524e-01
5.660562070402245238e-01
5.658982460806327719e-01
5.658045580361040772e-01
5.657734963990829202e-01
5.658004144241939315e-01
5.657940822944385051e-01
5.657964823198087245e-01
5.658487097544447897e-01
5.659222242033087324e-01
5.659813047638835304e-01
5.660668815071890903e-01
5.661689927079729401e-01
5.662920033222282878e-01
5.664571297713353326e-01
5.667176303783544311e-01
5.670466956312113505e-01
5.675324521538862577e-01
5.678070050434709248e-01
5.676085858390400585e-01
5.674420741305716831e-01
5.673541249655063012e-01
5.675438718157719276e-01
5.678688843440294898e-01
5.683200654550986108e-01
5.689931506770011804e-01
5.694090451728025526e-01
5.691546192301426554e-01
5.686361586451169625e-01
5.680566320472787423e-01
5.673908023613563056e-01
5.668978316060794276e-01
5.665653166933860563e-01
5.663485689001747092e-01
5.662205936662692007e-01
5.661610771922005458e-01
5.661490866499153674e-01
5.661610511607441110e-01
5.661859545009951811e-01
5.662355488243054902e-01
5.663202140532566098e-01
5.664351230195595610e-01
5.665888660440667746e-01
5.667865442166496459e-01
5.670305882487389759e-01
5.673168995239805668e-01
5.676389345586146939e-01
5.680226970763385674e-01
5.684766220491204169e-01
5.690081224185251640e-01
5.696281958293777370e-01
5.703483648133684802e-01
5.711815190130627995e-01
5.721380213299459561e-01
5.732805782191976451e-01
5.746329589601978372e-01
5.758855139353431518e-01
5.770328016153410955e-01
5.786092741464459177e-01
5.808438487583077459e-01
5.839865677985712766e-01
5.885367591705498169e-01
5.952642420652988209e-01
6.041795317913827290e-01
6.094161137366810310e-01
6.055460814818128812e-01
6.028132181682784863e-01
6.110787219912625634e-01
6.073965952797379941e-01
5.929974073933128587e-01
5.877560728163957471e-01
5.850598168417359135e-01
5.818440918607742374e-01
5.801439643775918586e-01
5.790235120624169785e-01
5.782953290381052103e-01
5.778523305759093454e-01
5.776306764427707741e-01
5.776047619751804030e-01
5.778556544871455980e-01
5.782418896376174677e-01
5.784093421603649920e-01
5.787745642519781519e-01
5.789935917563242551e-01
5.790870737009831126e-01
5.793022325121031102e-01
5.793475936133606341e-01
5.796220514040517635e-01
5.790723694598743920e-01
5.794075810807003402e-01
5.802295265893104848e-01
5.816886249082341420e-01
5.840346326590123427e-01
5.858997387625035635e-01
5.852103398650025934e-01
5.848903221360201021e-01
5.854352242963177799e-01
5.864718505009359761e-01
5.879942378617729615e-01
5.899369936505309830e-01
5.923748807910671488e-01
5.956720472894269092e-01
5.995672299254766191e-01
6.031668192656598482e-01
6.053160028850745888e-01
6.110731868561704028e-01
6.043608779182039203e-01
5.992442142782262726e-01
5.967526694106761731e-01
5.952145577959156997e-01
5.942785484606130098e-01
5.929499781085857402e-01
5.920310730469919847e-01
5.917716919370554773e-01
5.918240985492785322e-01
5.918174317748600144e-01
5.914414074179666914e-01
5.911502587322003954e-01
5.910934490109852613e-01
5.912039533179100914e-01
5.915008974694750954e-01
5.919638999628834553e-01
5.921211427219960077e-01
5.923286514554666482e-01
5.939744609230193095e-01
5.913827065955838957e-01
5.904896384500946116e-01
5.902663263095951907e-01
5.904440734165250504e-01
5.909721414354361935e-01
5.917839600214285234e-01
5.929832333421015678e-01
5.947924795518726437e-01
5.975434576482598903e-01
6.019874577250943215e-01
6.098781917812614584e-01
6.213597550431528838e-01
6.171658193539989457e-01
6.101891415973058619e-01
6.079153989319586726e-01
6.079171048621213602e-01
6.083805877414965035e-01
6.082233533586851593e-01
6.066573519880321674e-01
6.038313128364622973e-01
6.011835699056272686e-01
5.992739580557258083e-01
6.014141914584438808e-01
5.964414186010604801e-01
5.977246026240770060e-01
5.937580112475060456e-01
5.925849419320913247e-01
5.918391462872699682e-01
5.913052388725568154e-01
5.909294689614340568e-01
5.906940826790746391e-01
5.905891225547145185e-01
5.905972957310294813e-01
5.907108828103919684e-01
5.909207163025111953e-01
5.912295814967015728e-01
5.916368731976465734e-01
5.921447062606542966e-01
5.927613555943591628e-01
5.934958954899975936e-01
5.943626100405098311e-01
5.953946697262070265e-01
5.966122959475197440e-01
5.980274289955179734e-01
5.995702789206420746e-01
6.013452423983070005e-01
6.034093708835276404e-01
6.050553168484007482e-01
6.070453702570204335e-01
6.096634613142647430e-01
6.128709170365753689e-01
6.165872986889335827e-01
6.206225668402236550e-01
6.244474829305333152e-01
6.272925304684492387e-01
6.287434984276376593e-01
6.293183750475839222e-01
6.301374929328575902e-01
6.311666117217130667e-01
6.316245868032789312e-01
6.310757793903813972e-01
6.301462021988363249e-01
6.294668322138673444e-01
6.291022670012141882e-01
6.287893841718761312e-01
6.281896335273331466e-01
6.270480112869983857e-01
6.252786374364073252e-01
6.229709882852096925e-01
6.203242732495606315e-01
6.175659536632914781e-01
6.148982613822777665e-01
6.124815564665277989e-01
6.104423877067359783e-01
6.088640717069133679e-01
6.075629884110109735e-01
6.060547388877910446e-01
6.047943750056601342e-01
6.039681715460241129e-01
6.037576715909604985e-01
6.043197596571688868e-01
6.056807408840156892e-01
6.077631305967995390e-01
6.098622363245537192e-01
6.110700710330589924e-01
6.078322068186544636e-01
6.031248186293574065e-01
5.987633910724006192e-01
5.951337231782704018e-01
5.921732855031464071e-01
5.897174172325960750e-01
5.875918014881447160e-01
5.853880851121835427e-01
5.834661776186609305e-01
5.818376164116233484e-01
5.804721654095444938e-01
5.793321305357943540e-01
5.783992684054228839e-01
5.776821758014746289e-01
5.771658010411794271e-01
5.766651118307427604e-01
5.763730429983261461e-01
5.763278167973209243e-01
5.765526695441486327e-01
5.771236750064082655e-01
5.782353372539016378e-01
5.804078421796533549e-01
5.853490187991572391e-01
5.856765887491882649e-01
5.825959584997779661e-01
5.815318381843359585e-01
5.820191298098390531e-01
5.836285578713334976e-01
5.862853195784508697e-01
5.898822042045052116e-01
5.936614922928264981e-01
5.954520564558531959e-01
5.937897066412454183e-01
5.902251974618994979e-01
5.868273445843246172e-01
5.842782043817369431e-01
5.826359045918426682e-01
5.817771704655193554e-01
5.809833965836841418e-01
5.797657363769871397e-01
5.790975433364984326e-01
5.788228026805953830e-01
5.782163312371206842e-01
5.771009496017148743e-01
5.760642273358371757e-01
5.754420552985092252e-01
5.753080583747413046e-01
5.752321294487640069e-01
5.748426238952061285e-01
5.745599981910625154e-01
5.743835438964590701e-01
5.746458347220325669e-01
5.754398360569137338e-01
5.767465787716399284e-01
5.785648804599062833e-01
5.808360530375361597e-01
5.832843717277951257e-01
5.852025922934247504e-01
5.856468207334178944e-01
5.842367551959456451e-01
5.817538927384245939e-01
5.792320799817858301e-01
5.772236662099711202e-01
5.757849590975961940e-01
5.746804565440424284e-01
5.737045704481203989e-01
5.707967662476448600e-01
5.692106923471379476e-01
5.682808253593567560e-01
5.679166768575630853e-01
5.681170479030466236e-01
5.690083836872843470e-01
5.709433924456069898e-01
5.749024042904925524e-01
5.873657721445153523e-01
6.067983433172566832e-01
5.778465655206628249e-01
5.728379025725018892e-01
5.714043363231250394e-01
5.717052411304264226e-01
5.740091966731036832e-01
5.905529699797447130e-01
5.769557696983961259e-01
5.779779998481402448e-01
5.798655896779958407e-01
5.821364745341445213e-01
5.811314374644065417e-01
5.760310522640266218e-01
5.723021983885108188e-01
5.693291255620315239e-01
5.669609226145200243e-01
5.651114675544424149e-01
5.637113061206795450e-01
5.627414954568098482e-01
5.622366304210019150e-01
5.622724250615017683e-01
5.629604334580334823e-01
5.622553497590780935e-01
5.612551586297711559e-01
5.604790818438786237e-01
5.601119925190655158e-01
5.600304552097807864e-01
5.600929554868190330e-01
5.603515229215789706e-01
5.608066993678155754e-01
5.614544297815047269e-01
5.623368006300319966e-01
5.635397044273854350e-01
5.651301035686207008e-01
5.671539265565381793e-01
5.694777812531157668e-01
5.716498446527664701e-01
5.727918735606298828e-01
5.721342326711631454e-01
5.698096948016084795e-01
5.667202247968112783e-01
5.636554615185610517e-01
5.609964214467526578e-01
5.588065631040557424e-01
5.569809754276365821e-01
5.554539501557507197e-01
5.542450554195623713e-01
5.533223554532985533e-01
5.526417582389475669e-01
5.521210058762555661e-01
5.517309440650780550e-01
5.514995356417804473e-01
5.514730744629660064e-01
5.516882668454231586e-01
5.520446810994926734e-01
5.523213341956457745e-01
5.527612667943966329e-01
5.541340870324031886e-01
5.550528175956302990e-01
5.556080743767158880e-01
5.572214426926793696e-01
5.594362238856795955e-01
5.621114303803365075e-01
5.648311711227302911e-01
5.667177357298025520e-01
5.667864192660345690e-01
5.649373086998419335e-01
5.620844629869390374e-01
5.591546328847224467e-01
5.565992987301953132e-01
5.545306780977603545e-01
5.529133657207645491e-01
5.517252857718445425e-01
5.508744949276479508e-01
5.503532833647377664e-01
5.501283535652324863e-01
5.502129862982986230e-01
5.506382720610859538e-01
5.514200300272342758e-01
5.524038135637203695e-01
5.635996711195754294e-01
5.522689885785352359e-01
5.519220445716234158e-01
5.520960703210774367e-01
5.526321096597427429e-01
5.534882726356993299e-01
5.547407323698628767e-01
5.564738368104106270e-01
5.587624015056983362e-01
5.615881111103239176e-01
5.647933659475847801e-01
5.674873476087661794e-01
5.676692334047018784e-01
5.661026578233632200e-01
5.632501069461347543e-01
5.601010466206739480e-01
5.572635836344632665e-01
5.549336410927296903e-01
5.531208060347119204e-01
5.517762538497187341e-01
5.507899013259828225e-01
5.499786119570397869e-01
5.492936757788124957e-01
5.488919792154497435e-01
5.488255258266918624e-01
5.491547144290376270e-01
5.498715992185037038e-01
5.501437024009179222e-01
5.497351304728111954e-01
5.496768696148689459e-01
5.500575393781765854e-01
5.508093621145678798e-01
5.519270937058706750e-01
5.534489657150258868e-01
5.553542978300137767e-01
5.577318848055139444e-01
5.606136332773842268e-01
5.638248996304796590e-01
5.668023021391782601e-01
5.684934181759944138e-01
5.681146261637672890e-01
5.660636841904062022e-01
5.634880884297317483e-01
5.611907946676890635e-01
5.596893637077133832e-01
5.592391430574458200e-01
5.566121160934209833e-01
5.555489189765281388e-01
5.549061750329329357e-01
5.545599911018430639e-01
5.544549343324663981e-01
5.545564814642128804e-01
5.548394633352426997e-01
5.552983265658275602e-01
5.559348213781054593e-01
5.567555436021266457e-01
5.577748115559112430e-01
5.590111619766161555e-01
5.605076025835330489e-01
5.623510433854279622e-01
5.646287967260391616e-01
5.674237785208218199e-01
5.707935507696917377e-01
5.747559335430332261e-01
5.791935582177134556e-01
5.838724975756621749e-01
5.878953511074418437e-01
5.893803136801130105e-01
5.872987679050011289e-01
5.841683448220724717e-01
5.809788939392764862e-01
5.786694405009791264e-01
5.771111737820456833e-01
5.762505128084980388e-01
5.758181521590494123e-01
5.751803593950941540e-01
5.741438654529968932e-01
5.732323706077159242e-01
5.727341406835341209e-01
5.726383860095624057e-01
5.729019786356515098e-01
5.735026592077719920e-01
5.744476993321859792e-01
5.757811081491769345e-01
5.775944570917074250e-01
5.800543934236881416e-01
5.830147926976807504e-01
5.853487411741641333e-01
5.875387279994213063e-01
5.899873667292128143e-01
5.919097219185576186e-01
5.926118882377042762e-01
5.916876501310081027e-01
5.897506348134144982e-01
5.877603870104018968e-01
5.862021278500806343e-01
5.851766247360877804e-01
5.846600190301850519e-01
5.845478073319040346e-01
5.847305705663896624e-01
5.850825535954626844e-01
5.854895275982076042e-01
5.859584451495588597e-01
5.868040749373740761e-01
5.896217287814211616e-01
5.889816106949258279e-01
5.875524734485005895e-01
5.877462377117160797e-01
5.885787902512427117e-01
5.897933139025738347e-01
5.912882599485791424e-01
5.933418378071885213e-01
5.955509050965194229e-01
5.965629950932723746e-01
5.983598116346425799e-01
6.000100693051700906e-01
6.009143174192000947e-01
6.007457897774786115e-01
5.996736927359993530e-01
5.981719285572921763e-01
5.966621404375329618e-01
5.953756075856467822e-01
5.943887059923935734e-01
5.937671375687305630e-01
5.930262415423712685e-01
5.925949694758352315e-01
5.923307873431306048e-01
5.921508309731354780e-01
5.919925033870007125e-01
5.918520249299346059e-01
5.917851593120144749e-01
5.918475428645523229e-01
5.920686061276405621e-01
5.924604400448451047e-01
5.930287883730253062e-01
5.938110456640003365e-01
5.948465367210695742e-01
5.961327655834369743e-01
5.975492972174983874e-01
5.987843182399558151e-01
5.994225636902548171e-01
5.990999095254508910e-01
5.978488736445718432e-01
5.960996742404629511e-01
5.943487783659582302e-01
5.929440792140970862e-01
5.920772882146743132e-01
5.919860064167152824e-01
5.945295220378294943e-01
5.934663215622807408e-01
5.892999757089582014e-01
5.879306137421522749e-01
5.873901088828122896e-01
5.874560220466815696e-01
5.881465346936085581e-01
5.893929155655056595e-01
5.901295251557845400e-01
5.905661466057120501e-01
5.917514322340111654e-01
5.938648443204153082e-01
5.973956133839946059e-01
6.042988591834773660e-01
6.213406131154591838e-01
6.096064192012595750e-01
6.049097267088913155e-01
6.033368666167537864e-01
6.019452473136100989e-01
6.002679152870654677e-01
5.985224207488355486e-01
5.969821337303852227e-01
5.957829882228348195e-01
5.949654205657565198e-01
5.945104199879471807e-01
5.943719048917345260e-01
5.945039584624729478e-01
5.948632055609691660e-01
5.954049988901461976e-01
5.960710093514199892e-01
5.967777509644205391e-01
5.974508905946859239e-01
5.980551935500146854e-01
5.986272938997733162e-01
5.992161130775556233e-01
5.998526775931609656e-01
6.005852050248102758e-01
6.014805254236802456e-01
6.026079130542728590e-01
6.039951153237604897e-01
6.055330008790388296e-01
6.068243152243261163e-01
6.073203295029100390e-01
6.065029520036017141e-01
6.044345357068674485e-01
6.016763868077985578e-01
5.988257441356177324e-01
5.962049631433394836e-01
5.939656447948932216e-01
5.922380291314708334e-01
5.910088676404684493e-01
5.902566250487006894e-01
5.899697715443421586e-01
5.901522890380491715e-01
5.908180598981610521e-01
5.919931084241601971e-01
5.937058235272523188e-01
5.959642984334564408e-01
5.987423216587771657e-01
6.020013906570903517e-01
6.053554989569427391e-01
6.086350889253927532e-01
6.121639155291268564e-01
6.159652183219403998e-01
6.202163834340552739e-01
6.249971486632197593e-01
6.298090651557445296e-01
6.337756017806562836e-01
6.366260423774311450e-01
6.390884422940010801e-01
6.423872398139516271e-01
6.484665783559824259e-01
6.546445687748766451e-01
6.449668364712100033e-01
6.324879783425160218e-01
6.236379671606593345e-01
6.169321895764140473e-01
6.115858920356874728e-01
6.077291432090302647e-01
6.033014899634995265e-01
6.003881227865860426e-01
5.985000928275137078e-01
5.977946589782332509e-01
5.989056172549840351e-01
6.006659147636003171e-01
6.048667875191645615e-01
6.210920369163854815e-01
6.277411213239946219e-01
6.005591005670090077e-01
5.866024555457152179e-01
5.788739180729308709e-01
5.725348645137123826e-01
5.683261459853273800e-01
5.646639347132594855e-01
5.615592595897919148e-01
5.590728190708721401e-01
5.570712787349938466e-01
5.554604526741904191e-01
5.542506536106072135e-01
5.534126498436607866e-01
5.530033436209801367e-01
5.531183769773920789e-01
5.539461842835478045e-01
5.558552752288700161e-01
5.596189257446915200e-01
5.670955839704301393e-01
5.831972148801812805e-01
6.013675145373598152e-01
5.784742944753870075e-01
5.617283678415762038e-01
5.530018458678267468e-01
5.478787494527562751e-01
5.447431656912702369e-01
5.422644240776093305e-01
5.395167452358715643e-01
5.373874801218506692e-01
5.358596260445337434e-01
5.348901127730889549e-01
5.346865987858077096e-01
5.344064222679921761e-01
5.336198527135256331e-01
5.337779475927875161e-01
5.347152625967881434e-01
5.366563285223475699e-01
5.401972568533049968e-01
5.467154260363419338e-01
5.596862403218738624e-01
5.828752427341763465e-01
5.750408597637631791e-01
5.532817152858600096e-01
5.416901635132644888e-01
5.346880409655294653e-01
5.301551978287469824e-01
5.270720857844743978e-01
5.249108571940074297e-01
5.238733630606206004e-01
5.219684128329165063e-01
5.210148180210205648e-01
5.204282380197775559e-01
5.201727226980790153e-01
5.202747338235241825e-01
5.208053539197545767e-01
5.219321800776594023e-01
5.242819511829389656e-01
5.267157598718240630e-01
5.317879004484712402e-01
5.411944065593461417e-01
5.600667814589005422e-01
5.782327839211435228e-01
5.552780467594642388e-01
5.382636144055977789e-01
5.291391707414726531e-01
5.235115380538148955e-01
5.198305650796559707e-01
5.173845848545960413e-01
5.157453469629864617e-01
5.147638822575828499e-01
5.147783370450977891e-01
5.149793417297738873e-01
5.133364255506743801e-01
5.131351004952794392e-01
5.134461883359618950e-01
5.142641386255167868e-01
5.156968490500529745e-01
5.180865653825430517e-01
5.219400750328422323e-01
5.286440964712844082e-01
5.414051405033292186e-01
5.649659232032691047e-01
5.635733683731873889e-01
5.397710147784097190e-01
5.268417496533779332e-01
5.197138590999076380e-01
5.148016076481363168e-01
5.115369374352488618e-01
5.091664112989691127e-01
5.074123919623158008e-01
5.061417015685222287e-01
5.052808552122700636e-01
5.047871395582745890e-01
5.046607216917856631e-01
5.049257960855929595e-01
5.056454799098095698e-01
5.069726398645956200e-01
5.091478763012859954e-01
5.125019590624797505e-01
5.176663166378820957e-01
5.269940111948397954e-01
5.457030865893305327e-01
5.689581317559588847e-01
5.458788539807190032e-01
5.261065286814257114e-01
5.159998641190343127e-01
5.101192351566369299e-01
5.063639501927685860e-01
5.038526380759699164e-01
5.021621743941372396e-01
5.010903532606119093e-01
5.006436778893081918e-01
5.008691233717961211e-01
5.001237170363830309e-01
4.997464159444036658e-01
4.999889501071845821e-01
5.007443411374670195e-01
5.020901180981507395e-01
5.042591593557730345e-01
5.077268679020924269e-01
5.132086233315494850e-01
5.219504637898297883e-01
5.352171033294026437e-01
5.595313406256465782e-01
5.538324940071108760e-01
5.282359868899870747e-01
5.146361358676951880e-01
5.070505135437651800e-01
5.023657952445786945e-01
4.992511398080218821e-01
4.971080153107184652e-01
4.956203080819664430e-01
4.946001760001831893e-01
4.939320557320888705e-01
4.935616412154786303e-01
4.934917088727992507e-01
4.937672906498161707e-01
4.944542018482339651e-01
4.956660275061398613e-01
4.975883144600106722e-01
5.006100725374389437e-01
5.054282545741296540e-01
5.136949303058692129e-01
5.294370019704044417e-01
5.565319790006304501e-01
5.466155057639568993e-01
5.227124606660659145e-01
5.103973526917054970e-01
5.036223884000941009e-01
4.994416063862861521e-01
4.967352010319021072e-01
4.949671440707202885e-01
4.938484860699698387e-01
4.932198387183397426e-01
4.929932989016871381e-01
4.931244158493996443e-01
4.936009209352178462e-01
4.944400284157771108e-01
4.956989925606773983e-01
4.975126230966613883e-01
5.001284508773515824e-01
5.039950644313138106e-01
5.100108619776179131e-01
5.203979460619591046e-01
5.409340602487843208e-01
5.644018897939466761e-01
5.386477366600377348e-01
5.196080540451247787e-01
5.101788457292986134e-01
5.049124635682034068e-01
5.016997935567225619e-01
4.996713779245317566e-01
4.984255187166547474e-01
4.977545956456061460e-01
4.975444049099704835e-01
4.977384672740124416e-01
4.982984191795762907e-01
4.991757060628596032e-01
5.003521232920341566e-01
5.019694808963324206e-01
5.042677159921599150e-01
5.075859854407699379e-01
5.125457146047207591e-01
5.206846284848097861e-01
5.358230659777168947e-01
5.631103662080131356e-01
5.567184477073841009e-01
5.327453769115860771e-01
5.209309272290520987e-01
5.148569251518770873e-01
5.115760697362753406e-01
5.102157604457285833e-01
5.101302309088185938e-01
5.085131826283760814e-01
5.079305491493539826e-01
5.083008269834939918e-01
5.094809293484567903e-01
5.106515267404643232e-01
5.110640362657862257e-01
5.123384007083937597e-01
5.143462312024121852e-01
5.171551379215288957e-01
5.210057031960670937e-01
5.265534108955972625e-01
5.355582337177970942e-01
5.525351641662713531e-01
5.748194980770664486e-01
5.570186316003170601e-01
5.384380149692530315e-01
5.291957505812144857e-01
5.244061998574548467e-01
5.216862548934986243e-01
5.197315474629181642e-01
5.185783829335652850e-01
5.180972223423430112e-01
5.181015895157974338e-01
5.184904098711802245e-01
5.192181366296697576e-01
5.202444508522032773e-01
5.216172493962302203e-01
5.233477635400709538e-01
5.256042219333166843e-01
5.286421105857813663e-01
5.329935554173190759e-01
5.397579042958376982e-01
5.515129158428142553e-01
5.734383891351967355e-01
5.822823859061520002e-01
5.600108185161738472e-01
5.476896482913157227e-01
5.420982159073451934e-01
5.396158311840193456e-01
5.388414476044566248e-01
5.391603059574999746e-01
5.403023912446903720e-01
5.421058787745393071e-01
5.445523584647505855e-01
5.476212428831308543e-01
5.513165165541972224e-01
5.556019061290365935e-01
5.606775521577240795e-01
5.669909583532528607e-01
5.751169671097829950e-01
5.857328337027539744e-01
5.978305101366749863e-01
6.087297723329814225e-01
6.225614260535565769e-01
6.220962274155730221e-01
6.033347221936555815e-01
5.890104080455966784e-01
5.793134664004544465e-01
5.722513621296033692e-01
5.663336544337258527e-01
5.603425192317885717e-01
5.542566616342281538e-01
5.485113499580203111e-01
5.436184399794581346e-01
5.395429765176510406e-01
5.364058673594356286e-01
5.340515786210601190e-01
5.325275226635676207e-01
5.318271637512845817e-01
5.321630937845013287e-01
5.340001119090336257e-01
5.382334548087210901e-01
5.471532453397828233e-01
5.649619846003928192e-01
5.747262643857139475e-01
5.534470597565488426e-01
5.383274855643475076e-01
5.297891374152927657e-01
5.245612719878229857e-01
5.211192299970576203e-01
5.187476750307770113e-01
5.173954035301069343e-01
5.173658012391924022e-01
5.169098357893431306e-01
5.173222052887527234e-01
5.158822177375781415e-01
5.163026382293761651e-01
5.174260866341533482e-01
5.192293472498424878e-01
5.218910807560498410e-01
5.258595329302748755e-01
5.323541389341075458e-01
5.447621492625783768e-01
5.768113963312523351e-01
5.853388154889157535e-01
5.469580539693903454e-01
5.320323488215852326e-01
5.242808010387615125e-01
5.193842926787456404e-01
5.160114502447901152e-01
5.135652458225394845e-01
5.118494733366911742e-01
5.107380887658621305e-01
5.103240944926471512e-01
5.107550172004202693e-01
5.123105237499298026e-01
5.155390492353858489e-01
5.214611360184325806e-01
5.342655646480229947e-01
5.713278868297947399e-01
5.711733642951299927e-01
5.323820114809022508e-01
5.179955243618409311e-01
5.108543273393373330e-01
5.066452180460607746e-01
5.039607861286966584e-01
5.022803995440739966e-01
5.012898733901586246e-01
5.008947316524473559e-01
5.010744904941403233e-01
5.018888860485533066e-01
5.035208407795026542e-01
5.062741653677085285e-01
5.109932578261698888e-01
5.197209206208268650e-01
5.396579428020819025e-01
5.946502711609131797e-01
5.499231445990668821e-01
5.243910768826338664e-01
5.144083174713367512e-01
5.094112664032102167e-01
5.066282234164762865e-01
5.050875731846354855e-01
5.043986016140210582e-01
5.043905171155719236e-01
5.049969614613045721e-01
5.062272064790367399e-01
5.081743999250635246e-01
5.110646646271466143e-01
5.153986593164238128e-01
5.223822502155880398e-01
5.356411821792229633e-01
5.711406557375090509e-01
5.857072867486147194e-01
5.422502352216241883e-01
5.284754544446025326e-01
5.225736321586913480e-01
5.197095734810243117e-01
5.185469591111938614e-01
5.182135290090756907e-01
5.187656987547299980e-01
5.200073634435768977e-01
5.218596316450027084e-01
5.244112921491901336e-01
5.278599969538331216e-01
5.324974844757678349e-01
5.398481678871455136e-01
5.508472517837181837e-01
5.780051964833202716e-01
6.408213399921687259e-01
5.752950357932967718e-01
5.548893194574618937e-01
5.477712684512102692e-01
5.444661709876099653e-01
5.427780960241986863e-01
5.423631362472667305e-01
5.431410689748971121e-01
5.543976830770346309e-01
5.451067181413506990e-01
5.460830826196234611e-01
5.475576315031922547e-01
5.492854550408183822e-01
5.512925569825056771e-01
5.537144771530776444e-01
5.570996813365619582e-01
5.626846859934828693e-01
5.743702765740751337e-01
6.074634511514123147e-01
6.003219476466721272e-01
5.693848856163502559e-01
5.570209060387396605e-01
5.502635898976303563e-01
5.459436575535087099e-01
5.431603559528274117e-01
5.417010652348875910e-01
5.395991490081006869e-01
5.388573907467303359e-01
5.389655106603324919e-01
5.398970350555473141e-01
5.420653616393847907e-01
5.471142341147668953e-01
5.604119612642490811e-01
6.031838305847946335e-01
5.769435479435098824e-01
5.476842506631970364e-01
5.358668826857422296e-01
5.293648186430395253e-01
5.252073039077240768e-01
5.223505273294102302e-01
5.203178315785702557e-01
5.189695261868465526e-01
5.182119600730038522e-01
5.179871127258540708e-01
5.183237663032788101e-01
5.194807282653405300e-01
5.219262866393202804e-01
5.267064494184775514e-01
5.367876640488391526e-01
5.648912112979571631e-01
5.989456689482576257e-01
5.460871892746643752e-01
5.289807775485064756e-01
5.212498058147720936e-01
5.169302084308764478e-01
5.143635042528649226e-01
5.133014865564524687e-01
5.118889907424127861e-01
5.109404980444001154e-01
5.107997443634137991e-01
5.112866322905790240e-01
5.125130930412197250e-01
5.147560814496887627e-01
5.186994684523964505e-01
5.260832799208660093e-01
5.427348379772465314e-01
5.959639770586592222e-01
5.623346412033146668e-01
5.325146487605735279e-01
5.214765214964177664e-01
5.159027672502356499e-01
5.127105489838438279e-01
5.107961473376538830e-01
5.097010218883267774e-01
5.092137924611168653e-01
5.092542590845456907e-01
5.098275203282699453e-01
5.110238880654758287e-01
5.130623037023643862e-01
5.164188759414399810e-01
5.222483069254256760e-01
5.334512189735181042e-01
5.626848651827784931e-01
5.970427765279696652e-01
5.438029221546677450e-01
5.273685472287871212e-01
5.203825376358034438e-01
5.168661391187336918e-01
5.153908357383357730e-01
5.146934100283605540e-01
5.139475186490285452e-01
5.142888431166791063e-01
5.153218673556221319e-01
5.170402264347103705e-01
5.195795610157435407e-01
5.232603040299751429e-01
5.287715269430405263e-01
5.378093013817222268e-01
5.561040107536125987e-01
6.090105907683188713e-01
5.765530735925101791e-01
5.499496912745965860e-01
5.390442047897314737e-01
5.327968921021412063e-01
5.289228540039462301e-01
5.265775245243505820e-01
5.253048106165626452e-01
5.248404735505141083e-01
5.250362125054034435e-01
5.258261286912919719e-01
5.272489246865915691e-01
5.294672532012235644e-01
5.329100624528995134e-01
5.384246131069817531e-01
5.488668033127526158e-01
5.756609764698878973e-01
6.111879846261791815e-01
5.613031298352710863e-01
5.459927994793312145e-01
5.397756406556621922e-01
5.369531521719781431e-01
5.360876335431039585e-01
5.346319867102405921e-01
5.344368787495709094e-01
5.348480138954352370e-01
5.357428492721252322e-01
5.371642139591213949e-01
5.391140051900583652e-01
5.419276406622156594e-01
5.461264217755388284e-01
5.531102856425753611e-01
5.674861188930349076e-01
6.100961035844960634e-01
5.915498445665432481e-01
5.634548790261223461e-01
5.536802348486751235e-01
5.491875957200675895e-01
5.469083985259614034e-01
5.457304645791443143e-01
5.452643015812589367e-01
5.452910437399738353e-01
5.457312110704208852e-01
5.465805371035827864e-01
5.479036042114153737e-01
5.498278758002990152e-01
5.526853738920700643e-01
5.573581783096298592e-01
5.662670113226007107e-01
5.886501015520061442e-01
6.234724305904677522e-01
5.788959999423510805e-01
5.634546567702507502e-01
5.569042809712330122e-01
5.524430000429350063e-01
5.499046120855018982e-01
5.483819826268856445e-01
5.475274112733254928e-01
5.471901416439219901e-01
5.473378786674936158e-01
5.480558541800002459e-01
5.504263382559037021e-01
5.512441363267491790e-01
5.542387763284591928e-01
5.603800792306676826e-01
5.743419843187327345e-01
6.139596702162878339e-01
5.914073012329217338e-01
5.658239250816069488e-01
5.563147549143533377e-01
5.521501861713340453e-01
5.492873476533273180e-01
5.455867739084587775e-01
5.426606826921066551e-01
5.408129441798302794e-01
5.397658764774000417e-01
5.394112840090719008e-01
5.397813297904435759e-01
5.410753878532412742e-01
5.437765435479320342e-01
5.490803541033747459e-01
5.607301987028839863e-01
5.949381836890684783e-01
5.961010738953744781e-01
5.605779009541733693e-01
5.482815465702735036e-01
5.425495281459785657e-01
5.396402685414779521e-01
5.386613334878503911e-01
5.388982610769574855e-01
5.387476642198936183e-01
5.398446441177845445e-01
5.374256287268855958e-01
5.376294859314784125e-01
5.393885359684360559e-01
5.425160123656238564e-01
5.481354727123266546e-01
5.595218742503976772e-01
5.913015758832579349e-01
6.052136517710376973e-01
5.648766099681258313e-01
5.523510895809369270e-01
5.469069818423154539e-01
5.441582053490233717e-01
5.427729402174161777e-01
5.422183005296904446e-01
5.422374998383343581e-01
5.427307674610816202e-01
5.436241471797496061e-01
5.445552493999287202e-01
5.459905639371356312e-01
5.483393814270289823e-01
5.524301065570730307e-01
5.608330792425687550e-01
5.867210050125788445e-01
6.289137539865449211e-01
5.668930606764229774e-01
5.518985934593240161e-01
5.447396321280848497e-01
5.403199214622078639e-01
5.377703740191899229e-01
5.348551446063577464e-01
5.325484443420225311e-01
5.310296479486888988e-01
5.301139913791329539e-01
5.298289544517632566e-01
5.303686855880268558e-01
5.322821683129456138e-01
5.367841210181431011e-01
5.474331379441944589e-01
5.829735955387717050e-01
5.933272653265841967e-01
5.477449636064023464e-01
5.335133019914793939e-01
5.262813324902637646e-01
5.217889969874891509e-01
5.187510648253678136e-01
5.166163492011843772e-01
5.151363168945207738e-01
5.142222518395371811e-01
5.139037834668768179e-01
5.143153167862821729e-01
5.157640855835979865e-01
5.189402123884172546e-01
5.256381264086316119e-01
5.422650190620642574e-01
6.050908077291435871e-01
5.575338872000134005e-01
5.283996501102798948e-01
5.174198288523386147e-01
5.114750349029385523e-01
5.077418908320806556e-01
5.052799591109764510e-01
5.036756460126442514e-01
5.027506697926017454e-01
5.024463254650523014e-01
5.028064428003897746e-01
5.040052763992940443e-01
5.064352947320337472e-01
5.110009299151236917e-01
5.202124482231739178e-01
5.443612587090275179e-01
6.123675925652737329e-01
5.388701247344050982e-01
5.176152699983550542e-01
5.088717894596671565e-01
5.045764651939785850e-01
5.021476009886773895e-01
4.998492312869260989e-01
4.988378213507370651e-01
4.985925643986577893e-01
4.990172085664860147e-01
5.001854447508286006e-01
5.023616035078061204e-01
5.065737164435744067e-01
5.125076045675417413e-01
5.234305536230094980e-01
5.572310675576132022e-01
5.887208753477487511e-01
5.309644484214081084e-01
5.150508920872785001e-01
5.080829522163207157e-01
5.044237071722192933e-01
5.024064587103500568e-01
5.014068696717086659e-01
5.011201620519852851e-01
5.014438531109102204e-01
5.023825124525249652e-01
5.040394827827880952e-01
5.066954084294784666e-01
5.108368250926901277e-01
5.179605317013755705e-01
5.325553823359846506e-01
5.797024071356546848e-01
5.714404667668661064e-01
5.325062831094904414e-01
5.208757797767422648e-01
5.159297822808183165e-01
5.133882814152724849e-01
5.123528948320394960e-01
5.121101854585322632e-01
5.123971891137192314e-01
5.131705101186950779e-01
5.145375315720155385e-01
5.167422221894704126e-01
5.202462314808384836e-01
5.260151936433804520e-01
5.366668903234920185e-01
5.631939596497701483e-01
6.077757690105267674e-01
5.534414902923410207e-01
5.373615141204238776e-01
5.321489422579178674e-01
5.307984850393488996e-01
5.295667334684035499e-01
5.275591267159465136e-01
5.264786247874149172e-01
5.263680343234473646e-01
5.273968107365005764e-01
5.283330568079913636e-01
5.291674738286691326e-01
5.315916125431756623e-01
5.363311436070727911e-01
5.459246342582876332e-01
5.715073496036715550e-01
6.099994619212882885e-01
5.575803337380521585e-01
5.405902570016360986e-01
5.331124258012582828e-01
5.289028021268548097e-01
5.262477610452970245e-01
5.243241139309169352e-01
5.228408689924939345e-01
5.215632691745883953e-01
5.204049753558349645e-01
5.193271052560763934e-01
5.183434727331560632e-01
5.175224392301827070e-01
5.169544511148950194e-01
5.167488097329041574e-01
5.170948080381256862e-01
5.183389801960661680e-01
5.211503814908771126e-01
5.270119703415621082e-01
5.399537783274704905e-01
5.709595625755696791e-01
5.665985398716159027e-01
5.354965642552559357e-01
5.213394430640095889e-01
5.139070018728099098e-01
5.092726810244921909e-01
5.056000437269287939e-01
5.029011877886656601e-01
5.010596200516660437e-01
4.998961717135506078e-01
4.993406520146286276e-01
4.993984395810958654e-01
5.001617340537339862e-01
5.018704677035793482e-01
5.055156061229773012e-01
5.123144100817196289e-01
5.158086002578664564e-01
5.309721856658440320e-01
5.637045320991620478e-01
5.472874551038291457e-01
5.194615685303717312e-01
5.062611009854786071e-01
4.990231988340793623e-01
4.945443525286040698e-01
4.916170580135045820e-01
4.896489426907647546e-01
4.882436078527435663e-01
4.871986760342437162e-01
4.865764252675218726e-01
4.865308175418468495e-01
4.872627738193085478e-01
4.890484982805139991e-01
4.924779814082868579e-01
4.988841745233559832e-01
5.116428194798307016e-01
5.408092377005357942e-01
5.542232978254068021e-01
5.178673400270520366e-01
5.004298810191175617e-01
4.917882434962236871e-01
4.868642564585946020e-01
4.839378909031824549e-01
4.823772540669443720e-01
4.822126057398648524e-01
4.859764683830877785e-01
4.849120673531831516e-01
4.817140137344020356e-01
4.817725954405236988e-01
4.831892863028835472e-01
4.860344768563833462e-01
4.910000571972206185e-01
5.001377077473884158e-01
5.192430130828076251e-01
5.589396274143907384e-01
5.349477323697355846e-01
5.073200633955395888e-01
4.954269197915256440e-01
4.895585284600176834e-01
4.865266992932178458e-01
4.851881673334739742e-01
4.850881051916343667e-01
4.860587027599939103e-01
4.880553053235590633e-01
4.913663911326973666e-01
4.932539154397749259e-01
4.940632639608983911e-01
4.943154430986760883e-01
4.953711212312733037e-01
4.991282218438340967e-01
5.086917208491286146e-01
5.334361904902750195e-01
5.639348904716047217e-01
5.219132516240906350e-01
5.005281846526117295e-01
4.902292962325082160e-01
4.843549190575026087e-01
4.806528562310392605e-01
4.782485975978938431e-01
4.767567039442150989e-01
4.761524476694190544e-01
4.760159436076997208e-01
4.757179932735001171e-01
4.764182537265916895e-01
4.779381001071959512e-01
4.805561493080000579e-01
4.849294670904438220e-01
4.927121443820907665e-01
5.082269475891413313e-01
5.451385727637834133e-01
5.445720347377608350e-01
5.078254984121932658e-01
4.923557167723153771e-01
4.846657485313354830e-01
4.802621947761434029e-01
4.775655582911987329e-01
4.759170597041567086e-01
4.749106925327391537e-01
4.745036606057569384e-01
4.746048534894689030e-01
4.752241907492453787e-01
4.764655745724568625e-01
4.784938598865405845e-01
4.817632213888708992e-01
4.871516432101215544e-01
4.969792691352527547e-01
5.177967828777134685e-01
5.598625942015035273e-01
5.285019098239865931e-01
5.015699122149910316e-01
4.898173084594504845e-01
4.836417050673896822e-01
4.800542846292100707e-01
4.778505158862835778e-01
4.765691527039652708e-01
4.759874521299538030e-01
4.759700300134435125e-01
4.764760068933410198e-01
4.775371698439542789e-01
4.792721633752523025e-01
4.819368324206239063e-01
4.860598530292313812e-01
4.928236504727812606e-01
5.054374363258433700e-01
5.339356778561885619e-01
5.612567960412015999e-01
5.198935696763218317e-01
5.007768189673929005e-01
4.921020713804507007e-01
4.876989259121029541e-01
4.865849107082441671e-01
4.841251922186669554e-01
4.829162267724221302e-01
4.820927573372634778e-01
4.817681761251629835e-01
4.821421598656178142e-01
4.833020432047924198e-01
4.851052968432219559e-01
4.876280923070125395e-01
4.918988240475600238e-01
4.994251815637368863e-01
5.150382652668747951e-01
5.540509057813377547e-01
5.497102032803843352e-01
5.137053540069220769e-01
4.994166367091239511e-01
4.922865519410923874e-01
4.884201724542284184e-01
4.860896594378991131e-01
4.846520517826326535e-01
4.839551686497096106e-01
4.838738247012442928e-01
4.843436089200558459e-01
4.853379223453981872e-01
4.869556700125381443e-01
4.893251994419740014e-01
4.929368474996885241e-01
4.985581879075822731e-01
5.085486895944226760e-01
5.300213392039621052e-01
5.728012317855663005e-01
5.372388118721745931e-01
5.129196976398608943e-01
5.026408384538726404e-01
4.974956586716136053e-01
4.947170997936028436e-01
4.932699105870435585e-01
4.926845724282811756e-01
4.927364730797141323e-01
4.933239394952581014e-01
4.944239457880339472e-01
4.960973200592044274e-01
4.984231359918119275e-01
5.017527503296678182e-01
5.065392603600610277e-01
5.141978935974140796e-01
5.283957665172952511e-01
5.607839004471576461e-01
5.688152857644167559e-01
5.343120468226151276e-01
5.204605083988490533e-01
5.143593512039119631e-01
5.114875493628494585e-01
5.103289386954654727e-01
5.099977335351577601e-01
5.104836099287447526e-01
5.116042824227113872e-01
5.132604727544243239e-01
5.154532711435478864e-01
5.181550168219696273e-01
5.215754629429398825e-01
5.259194085230407545e-01
5.321506423794843954e-01
5.427571005870286402e-01
5.661040021111244380e-01
5.940287853452069777e-01
5.576161629196092484e-01
5.402161895796430136e-01
5.324544005174349781e-01
5.283582514201419222e-01
5.260811610747799794e-01
5.248636795210172012e-01
5.243578589238596654e-01
5.243460939525442788e-01
5.247285403992267838e-01
5.254920450636375584e-01
5.266611372635373600e-01
5.283982869721426390e-01
5.309625063499092690e-01
5.348565159794433921e-01
5.411396768019558490e-01
5.525309209529760679e-01
5.777678753902977249e-01
6.037945515716888201e-01
5.726194775166547624e-01
5.667544648884885738e-01
5.719634698199997924e-01
5.678648877341945234e-01
5.516509799889443011e-01
5.417142245483603791e-01
5.361044754012582736e-01
5.328005063891496640e-01
5.309163670173770999e-01
5.300502381079130743e-01
5.300421844050871023e-01
5.308936193873210474e-01
5.327754739230385894e-01
5.361704698664629953e-01
5.424135990310290367e-01
5.540323917835295875e-01
5.794642383256007889e-01
5.893435036345564537e-01
5.591375250493898497e-01
5.456559837467722662e-01
5.393335286503330162e-01
5.361300275054926567e-01
5.345107324028444129e-01
5.338892144066789136e-01
5.339875647444312090e-01
5.346822763626142283e-01
5.359106872575806202e-01
5.377459370419631624e-01
5.405713112278044408e-01
5.438398653293758933e-01
5.477783906393641766e-01
5.543384936438818800e-01
5.655334729102747815e-01
5.890115289415301936e-01
6.291680188409757291e-01
5.948535015323751507e-01
5.715432353559491974e-01
5.624430731538359041e-01
5.585304147919467610e-01
5.571479354427243402e-01
5.573006915967445574e-01
5.586474953354696460e-01
5.614706679971327441e-01
5.644650912659573416e-01
5.686471953141931657e-01
5.732557725405684756e-01
5.785729154188682388e-01
5.856988213382602337e-01
5.948761041101134905e-01
6.073880963531258503e-01
6.271051580185186269e-01
6.576913009363536400e-01
6.458069461702000691e-01
6.351011222575434489e-01
6.298874188059742085e-01
6.239320920968328688e-01
6.166027048300281033e-01
6.082331471207468310e-01
6.000661077189891612e-01
5.933120682765502529e-01
5.887406333632222433e-01
5.844213933084890789e-01
5.801334956638071194e-01
5.782327120804418019e-01
5.782293152080674181e-01
5.806217231771068077e-01
5.869201817715572478e-01
6.015459511234136913e-01
6.237387994465884988e-01
6.020951807706493852e-01
5.844913350420892773e-01
5.753266644216387116e-01
5.684776358629840542e-01
5.635318664106538922e-01
5.600729031283327997e-01
5.578172469636464292e-01
5.569658190330842862e-01
5.562858965900265851e-01
5.556929639171397373e-01
5.564177893460465762e-01
5.582891302381971510e-01
5.617857129656325110e-01
5.683589741116710226e-01
5.823600810628803970e-01
6.099488151759491217e-01
5.919980941837161836e-01
5.713628891354375350e-01
5.617402520211792760e-01
5.557051345963417432e-01
5.519950606263384074e-01
5.495285446152027298e-01
5.478778154029055880e-01
5.468565032780439150e-01
5.463988308091300983e-01
5.465241072818805002e-01
5.472538588793166570e-01
5.485238884059068232e-01
5.508492944235949818e-01
5.552072451185298130e-01
5.639009244546766553e-01
5.850889180728321426e-01
6.144403015873911578e-01
5.777866666119945149e-01
5.613515603235451623e-01
5.538484714784335239e-01
5.499433518667146137e-01
5.476776120051519703e-01
5.463394388374080979e-01
5.456298583730824214e-01
5.453952367827000769e-01
5.455673782375062286e-01
5.461568212248429921e-01
5.472757355345356789e-01
5.491926275210716746e-01
5.522480199623174268e-01
5.568530625638387077e-01
5.666406596566665455e-01
5.914876075532893296e-01
6.050611175972357980e-01
5.706507626600775263e-01
5.565010125005560582e-01
5.486626995504528814e-01
5.437708952995945477e-01
5.407084809046391882e-01
5.386812427773739476e-01
5.373595575917198275e-01
5.366696721244731405e-01
5.365786778427030779e-01
5.371383882716269653e-01
5.385113977917431738e-01
5.410765423209419334e-01
5.456555307374504338e-01
5.544164282103475339e-01
5.741795169797058174e-01
6.019252826682435220e-01
5.710034652384955445e-01
5.529401300419097831e-01
5.448482766311738557e-01
5.406518717823961540e-01
5.383168097850492551e-01
5.369145283539777935e-01
5.360501420615884083e-01
5.356306783982605069e-01
5.356750411786932453e-01
5.362842288775305777e-01
5.376590132267758948e-01
5.401214633790482056e-01
5.443354517620558886e-01
5.519866837356577349e-01
5.669219472702909934e-01
5.972616806461011896e-01
5.823286467126141952e-01
5.595948631155804875e-01
5.498614315242196238e-01
5.451683882427708072e-01
5.428530553564706596e-01
5.418203343016293472e-01
5.416675459351213417e-01
5.421830143779051703e-01
5.433306432240235795e-01
5.450224797361710172e-01
5.471634078584071137e-01
5.503364191109412218e-01
5.550681288853760442e-01
5.625644865502693603e-01
5.747400635363162369e-01
5.983292950072873762e-01
5.962007987638490158e-01
5.752123871128501653e-01
5.654461729156099459e-01
5.610118533835343202e-01
5.579599042704243006e-01
5.564861151190152455e-01
5.561108970286287034e-01
5.566061493473416499e-01
5.579373605834146987e-01
5.596318109393880746e-01
5.617276159212271081e-01
5.650371258311928102e-01
5.701912970161844285e-01
5.768470735662226678e-01
5.892389823759140999e-01
6.139233154253090907e-01
6.013038194094307842e-01
5.808728000474027153e-01
5.716226374049344638e-01
5.674808709685321695e-01
5.664684525138014015e-01
5.676559439371806626e-01
5.682129902944725863e-01
5.652217288772647397e-01
5.624075240695698419e-01
5.634556948008184740e-01
5.584069457165435901e-01
5.584896932385812196e-01
5.608569985862067453e-01
5.651072567780492939e-01
5.779161961135377279e-01
6.036164903771223944e-01
5.869727424199565613e-01
5.655651200413734925e-01
5.552693071603339581e-01
5.495209719391918046e-01
5.460599378274740845e-01
5.438463568957567773e-01
5.425472232981475296e-01
5.419575857643734729e-01
5.420102869268135226e-01
5.427453045772121509e-01
5.443959774090736392e-01
5.474729810949440223e-01
5.505841249705657470e-01
5.574779886851687349e-01
5.717414676997875089e-01
6.013429232561373627e-01
5.865708870628676408e-01
5.644007169238582922e-01
5.542663353481273036e-01
5.490728309630615867e-01
5.461684484339649481e-01
5.445940253247963936e-01
5.438463866606616515e-01
5.437494933875991476e-01
5.442382444695519350e-01
5.453947937126670809e-01
5.477879281481118356e-01
5.490733991596186137e-01
5.522458375042856860e-01
5.579127066408561264e-01
5.688044963428954270e-01
5.908441410298727048e-01
5.948959717099246980e-01
5.711631139727669781e-01
5.588887273749360007e-01
5.525575702688703128e-01
5.489045362756409530e-01
5.466425292399138547e-01
5.452369055648192964e-01
5.445176157117688209e-01
5.445942787374719041e-01
5.452895399107398067e-01
5.455457350029602193e-01
5.471879641553744067e-01
5.502879502322175487e-01
5.558768012415825632e-01
5.664468857154461023e-01
5.864017523209310578e-01
5.898100131970722693e-01
5.687176438956780267e-01
5.566481564364593737e-01
5.503876968838812278e-01
5.469220572824816662e-01
5.450481095260384379e-01
5.441512941950190640e-01
5.440281891157709993e-01
5.439815972943777833e-01
5.440578112931854227e-01
5.452620344237645300e-01
5.475227877913578789e-01
5.513014476877237113e-01
5.576692058062218127e-01
5.693086240204626725e-01
5.894807698106382388e-01
5.894201774437998198e-01
5.701033805084475548e-01
5.593918981531333934e-01
5.538744334445261375e-01
5.508782197647051904e-01
5.493576673271013400e-01
5.490050638562660179e-01
5.493867722657569397e-01
