-1.675886329932652075e-06
-5.028184919653178042e-06
-8.380942705721317054e-06
-1.173417124611386697e-05
-1.508787719184390141e-05
-1.844206881451704305e-05
-2.179675177516049445e-05
-2.515193598962017774e-05
-2.850762899897496538e-05
-3.186383928110991803e-05
-3.522057133165112930e-05
-3.857784039340561577e-05
-4.193565260335319067e-05
-4.529401683595057904e-05
-4.865294276568121745e-05
-5.201243996022508753e-05
-5.537251898846129450e-05
-5.873318995708309842e-05
-6.209446707106103247e-05
-6.545636035293345145e-05
-6.881887944398812351e-05
-7.218204095860158986e-05
-7.554585854829820590e-05
-7.891035044038652302e-05
-8.227553007600363344e-05
-8.564142117861717196e-05
-8.900804044564836204e-05
-9.237541647055813598e-05
-9.574356822050766880e-05
-9.911253301231326418e-05
-1.024823475073155521e-04
-1.058530599776785763e-04
-1.092247120406675265e-04
-1.125973816870073918e-04
-1.159711362594961770e-04
-1.193461061251843702e-04
-1.227223894014750627e-04
-1.261001828575247785e-04
-1.294797406804493178e-04
-1.328613593307714780e-04
-1.362454923907741033e-04
-1.396326430311845002e-04
-1.430232585986068727e-04
-1.464171685716664228e-04
-1.498131061695717747e-04
-1.532092146333541294e-04
-1.566043956578999641e-04
-1.599983924286396686e-04
-1.633913712306700461e-04
-1.667835848392362763e-04
-1.701752795859601264e-04
-1.735666764348664515e-04
-1.769579405453969301e-04
-1.803491942312662744e-04
-1.837405421971638475e-04
-1.871320843950252666e-04
-1.905238808508347148e-04
-1.939159973618487243e-04
-1.973084894614229867e-04
-2.007013987708194946e-04
-2.040947638648482609e-04
-2.074886201778314287e-04
-2.108829911021681269e-04
-2.142779078641021684e-04
-2.176733950729481393e-04
-2.210694767664778126e-04
-2.244661732357933204e-04
-2.278635051994326588e-04
-2.312614907281629328e-04
-2.346602036668032909e-04
-2.380595570553589724e-04
-2.414596155340120731e-04
-2.448603966180851188e-04
-2.482619226845672600e-04
-2.516642034827709651e-04
-2.550672568223388836e-04
-2.584711010406026688e-04
-2.618757462394816216e-04
-2.652812388788117204e-04
-2.686875471045180319e-04
-2.720946986467520645e-04
-2.755027117192776487e-04
-2.789116122492441008e-04
-2.823214048019995204e-04
-2.857321086442432545e-04
-2.891437348551129105e-04
-2.925563206944703509e-04
-2.959698794077203488e-04
-2.993843834918630264e-04
-3.027998721364388857e-04
-3.062163712107546232e-04
-3.096338842052404061e-04
-3.130524431440573352e-04
-3.164720509154506090e-04
-3.198927761007830384e-04
-3.233145726045938417e-04
-3.267374926538835211e-04
-3.301614988371337489e-04
-3.335866380055341196e-04
-3.370129476938377167e-04
-3.404404253403159331e-04
-3.438690958003087772e-04
-3.472989693144024059e-04
-3.507301288891984115e-04
-3.541624844544122297e-04
-3.575961042310282778e-04
-3.610309970147884684e-04
-3.644671957773182314e-04
-3.679046953747322490e-04
-3.713435267576059573e-04
-3.747836937886273034e-04
-3.782252411486108912e-04
-3.816681168884450415e-04
-3.851123706529735458e-04
-3.885580021968371156e-04
-3.920049961692040341e-04
-3.954533825887285303e-04
-3.989031364870498919e-04
-4.023542697495496867e-04
-4.058067762418016144e-04
-4.092607046863872000e-04
-4.127160513461847202e-04
-4.161727338533038889e-04
-4.196308005877114056e-04
-4.230902805072433992e-04
-4.265511445400438362e-04
-4.300133994470378695e-04
-4.334770314003977276e-04
-4.369420690080172420e-04
-4.404084464038060531e-04
-4.438761870872998117e-04
-4.473452763424923262e-04
-4.508156924724060488e-04
-4.542874281744380127e-04
-4.577604342674845839e-04
-4.612347014119055899e-04
-4.647101883086257601e-04
-4.681868685573187250e-04
-4.716647076471458533e-04
-4.751436671064368511e-04
-4.786237061338294296e-04
-4.821047802365807655e-04
-4.855868396699269951e-04
-4.890698346733390878e-04
-4.925537073987573677e-04
-4.960384052880018046e-04
-4.995238740471696914e-04
-5.030100553697902654e-04
-5.064968920496237814e-04
-5.099843287992289476e-04
-5.134723130174601025e-04
-5.169608028157135493e-04
-5.204497573367827812e-04
-5.239391501042911514e-04
-5.274289475684090789e-04
-5.309191218579867311e-04
-5.344096474197979063e-04
-5.379004993897318343e-04
-5.413916521120887282e-04
-5.448830754113398456e-04
-5.483747351161527561e-04
-5.518665958340607247e-04
-5.553585876654221209e-04
-5.588506824865113742e-04
-5.623427979128958754e-04
-5.658348639121513202e-04
-5.693267714435013005e-04
-5.728184559309346113e-04
-5.763098190473270321e-04
-5.798007663183613047e-04
-5.832912461096739776e-04
-5.867811396480515640e-04
-5.902704439182393514e-04
-5.937591523573759744e-04
-5.972472092713454472e-04
-6.007345716555478887e-04
-6.042212880489339355e-04
-6.077073380743591713e-04
-6.111927276577500123e-04
-6.146774780171337937e-04
-6.181616097371556151e-04
-6.216451494414076961e-04
-6.251281426653543249e-04
-6.286105963206889413e-04
-6.320925864561344198e-04
-6.355741243094792381e-04
-6.390552616061251356e-04
-6.425359935460228655e-04
-6.460163896695458874e-04
-6.494965456841361728e-04
-6.529764623256495426e-04
-6.564561991337924951e-04
-6.599357948277040364e-04
-6.634153398981101901e-04
-6.668948974731803148e-04
-6.703745807138394852e-04
-6.738545495608150304e-04
-6.773354858558011671e-04
-6.808239157599649261e-04
-6.843063040391506036e-04
-6.877871055867013084e-04
-6.912674552485009727e-04
-6.947476595070556371e-04
-6.982278782131645656e-04
-7.017081947313652535e-04
-7.051887213327390214e-04
-7.086695078730720354e-04
-7.121506261228427448e-04
-7.156321492867157019e-04
-7.191141436415637855e-04
-7.225966909465419974e-04
-7.260798778834232081e-04
-7.295638003693705187e-04
-7.330485687130350314e-04
-7.365343311195315934e-04
-7.400212475610068452e-04
-7.435095006081970936e-04
-7.469992991649965219e-04
-7.504908020113942868e-04
-7.539840727335267445e-04
-7.574789624577027425e-04
-7.609751394362929133e-04
-7.644722636690470807e-04
-7.679701586444931394e-04
-7.714688458377860769e-04
-7.749685240434622813e-04
-7.784694678221182329e-04
-7.819719501422905950e-04
-7.854760922105796794e-04
-7.889816839986574237e-04
-7.924881653779136670e-04
-7.959949364667595617e-04
-7.995016422593925753e-04
-8.030081862789861802e-04
-8.065146174996984385e-04
-8.100210505423977025e-04
-8.135276109710876113e-04
-8.170344279824215405e-04
-8.205416189467351629e-04
-8.240492983763170187e-04
-8.275575330537465746e-04
-8.310664399114875422e-04
-8.345761198097489952e-04
-8.380866675208320515e-04
-8.415981942379024972e-04
-8.451108251557037931e-04
-8.486246862786650524e-04
-8.521399710271770900e-04
-8.556569126833002414e-04
-8.591756799104510733e-04
-8.626966410720804390e-04
-8.662202297750054569e-04
-8.697468727701940239e-04
-8.732768802428569899e-04
-8.768100109358689664e-04
-8.803452962038438301e-04
-8.838812664219153348e-04
-8.874170471334652532e-04
-8.909523027587074040e-04
-8.944870698162077360e-04
-8.980214935011554545e-04
-9.015557615434932615e-04
-9.050900483100754457e-04
-9.086245022149608275e-04
-9.121592756561325288e-04
-9.156944080436213440e-04
-9.192300136160458379e-04
-9.227661654288565884e-04
-9.263029232320363349e-04
-9.298403398335652881e-04
-9.333784621111673729e-04
-9.369173309601297461e-04
-9.404570033030301701e-04
-9.439975135617784119e-04
-9.475388475278512246e-04
-9.510810713806439054e-04
-9.546242285323192078e-04
-9.581683421571174364e-04
-9.617134606564325949e-04
-9.652596228083565322e-04
-9.688069501724294597e-04
-9.723553849793065140e-04
-9.759050382842637816e-04
-9.794559556095538966e-04
-9.830082311621524127e-04
-9.865619674082060087e-04
-9.901172645174760589e-04
-9.936742383807040113e-04
-9.972329971126292492e-04
-1.000793688562096051e-03
-1.004356630882385915e-03
-1.007924307276142351e-03
-1.011492519474854745e-03
-1.015059521798589159e-03
-1.018626871650774035e-03
-1.022194843337764780e-03
-1.025763551165903564e-03
-1.029333088966244425e-03
-1.032903500342574610e-03
-1.036474856344171691e-03
-1.040047207050642797e-03
-1.043620585958082714e-03
-1.047195021662727932e-03
-1.050770504372078307e-03
-1.054347027877100551e-03
-1.057924550914024486e-03
-1.061503030588828445e-03
-1.065082418251761531e-03
-1.068662670990594421e-03
-1.072243761042201982e-03
-1.075825680236786042e-03
-1.079408420673555469e-03
-1.082992004370564310e-03
-1.086576454638388256e-03
-1.090161842478898357e-03
-1.093748151017148729e-03
-1.097335443074665129e-03
-1.100923775502193891e-03
-1.104513225865355608e-03
-1.108103861451881222e-03
-1.111695748616581270e-03
-1.115288987061813231e-03
-1.118883670592651924e-03
-1.122480068263431718e-03
-1.126078042456790662e-03
-1.129677861791744675e-03
-1.133279631308825586e-03
-1.136883450377101923e-03
-1.140489212512862949e-03
-1.144096643503456079e-03
-1.147705263503939754e-03
-1.151314536764425078e-03
-1.154924019346026398e-03
-1.158533539942330215e-03
-1.162143083309086222e-03
-1.165752741880909937e-03
-1.169362625850434156e-03
-1.172972850364772945e-03
-1.176583523614715965e-03
-1.180194736850825876e-03
-1.183806580590140989e-03
-1.187419157060887187e-03
-1.191032404404768208e-03
-1.194646442048696855e-03
-1.198261326552430006e-03
-1.201877097786629989e-03
-1.205493804154023074e-03
-1.209111484249958401e-03
-1.212730295635067179e-03
-1.216350074356498112e-03
-1.219970940816383909e-03
-1.223592941185458471e-03
-1.227216132364650214e-03
-1.230840533511301516e-03
-1.234466189350080789e-03
-1.238093129085626742e-03
-1.241721430932929415e-03
-1.245351143774220404e-03
-1.248982219073768718e-03
-1.252614711805599690e-03
-1.256248682680483064e-03
-1.259884191479709870e-03
-1.263521249286636561e-03
-1.267159919162708093e-03
-1.270800234127733574e-03
-1.274442300040035114e-03
-1.278086159450020354e-03
-1.281731715762846058e-03
-1.285379112677897950e-03
-1.289028434183436822e-03
-1.292679696915155496e-03
-1.296332993851567750e-03
-1.299988377822747232e-03
-1.303646093321009225e-03
-1.307305895941635043e-03
-1.310968056453809538e-03
-1.314632639337953712e-03
-1.318299780157294876e-03
-1.321969632304353937e-03
-1.325642269136673157e-03
-1.329317911827887499e-03
-1.332996758219517908e-03
-1.336679189009926105e-03
-1.340365747636296234e-03
-1.344060532473934089e-03
-1.347756417111933835e-03
-1.351454485523206905e-03
-1.355156509790456099e-03
-1.358863246139763170e-03
-1.362575318565650839e-03
-1.366293676873131524e-03
-1.370019008227973956e-03
-1.373752559449159527e-03
-1.377496040838255276e-03
-1.381251442658437689e-03
-1.385022177841643831e-03
-1.388813360494123295e-03
-1.392634258284508597e-03
-1.396503465647791487e-03
-1.400473513573974316e-03
-1.404892963153048235e-03
-1.409080764903203331e-03
-1.412993357228220503e-03
-1.416828835813177534e-03
-1.420627007207242443e-03
-1.424403133227669649e-03
-1.428164770538309369e-03
-1.431916347061190642e-03
-1.435660781238357053e-03
-1.439400042865135454e-03
-1.443135738372736121e-03
-1.446869054542831989e-03
-1.450601083482938591e-03
-1.454332857261153578e-03
-1.458065393336038795e-03
-1.461799724301604542e-03
-1.465536717887960805e-03
-1.469276505082217632e-03
-1.473017597105830134e-03
-1.476757170355225135e-03
-1.480493047413378171e-03
-1.484224801710731789e-03
-1.487952914879020483e-03
-1.491678127457984893e-03
-1.495401031529786096e-03
-1.499122291724441780e-03
-1.502842302854134893e-03
-1.506561408492035348e-03
-1.510279860352348180e-03
-1.513997907555353351e-03
-1.517715719170809052e-03
-1.521433458527510219e-03
-1.525151263694124459e-03
-1.528869231715024313e-03
-1.532587506732019378e-03
-1.536306155740074786e-03
-1.540025268628841815e-03
-1.543744910228350697e-03
-1.547465163367456320e-03
-1.551186080605004847e-03
-1.554907724110377032e-03
-1.558630134162020120e-03
-1.562353383029790876e-03
-1.566077506579999223e-03
-1.569802551714016836e-03
-1.573528559660974935e-03
-1.577255573673386202e-03
-1.580983631184973426e-03
-1.584712770411611515e-03
-1.588443036946940445e-03
-1.592174464704165793e-03
-1.595907080439773473e-03
-1.599640917168243526e-03
-1.603376001715450805e-03
-1.607112386955766858e-03
-1.610850083355708229e-03
-1.614589129070309603e-03
-1.618329545563068628e-03
-1.622071403905911424e-03
-1.625814676718850826e-03
-1.629559418197534804e-03
-1.633305647500860047e-03
-1.637053423554357678e-03
-1.640802746171732274e-03
-1.644553645292701205e-03
-1.648306156643908338e-03
-1.652060390466614237e-03
-1.655816237150609105e-03
-1.659573820638748920e-03
-1.663333166643798933e-03
-1.667094345003672373e-03
-1.670857446174567329e-03
-1.674622635800093740e-03
-1.678390348564429146e-03
-1.682163577448991809e-03
-1.685936769978524374e-03
-1.689709649718262874e-03
-1.693483755564439974e-03
-1.697259412563267844e-03
-1.701036774992781275e-03
-1.704815877904719557e-03
-1.708596813540297354e-03
-1.712379587543555459e-03
-1.716164302598022218e-03
-1.719950932350999828e-03
-1.723739450172234733e-03
-1.727529910529601587e-03
-1.731322379313504634e-03
-1.735116846704909399e-03
-1.738913308984235684e-03
-1.742711807182772965e-03
-1.746512347608142335e-03
-1.750314959224952283e-03
-1.754119658467390153e-03
-1.757926461169678767e-03
-1.761735391286989305e-03
-1.765546483513347198e-03
-1.769359702115558264e-03
-1.773175112323555069e-03
-1.776992688272471810e-03
-1.780812546844812161e-03
-1.784634597990608640e-03
-1.788458880371823767e-03
-1.792285442244079263e-03
-1.796114393624037575e-03
-1.799945746427833448e-03
-1.803779613094302903e-03
-1.807616135821255021e-03
-1.811455423550878407e-03
-1.815297778350544178e-03
-1.819143361258102054e-03
-1.822992490094543783e-03
-1.826845641290653077e-03
-1.830703426634383568e-03
-1.834566373535406747e-03
-1.838435069022925639e-03
-1.842309353572102459e-03
-1.846187806520016572e-03
-1.850068132123627862e-03
-1.853948892057477593e-03
-1.857829816881539919e-03
-1.861711419288702984e-03
-1.865594276026283360e-03
-1.869479138587260003e-03
-1.873366674102205920e-03
-1.877257463335779697e-03
-1.881152259617491218e-03
-1.885051591234754298e-03
-1.888956204291081242e-03
-1.892866813644089596e-03
-1.896784403716322842e-03
-1.900709765162100773e-03
-1.904644106018760219e-03
-1.908588480627249062e-03
-1.912544209413891139e-03
-1.916512007530624118e-03
-1.920492696062980897e-03
-1.924485428621891536e-03
-1.928488374358328095e-03
-1.932497490275686403e-03
-1.936507698055422999e-03
-1.940513916138586481e-03
-1.944512278694854324e-03
-1.948500617685033909e-03
-1.952478468416285473e-03
-1.956446177718729196e-03
-1.960404759901890337e-03
-1.964355152335173216e-03
-1.968298501630272312e-03
-1.972235609454697780e-03
-1.976167529365358000e-03
-1.980094828990641709e-03
-1.984018393514586087e-03
-1.987938606133776709e-03
-1.991856057772412036e-03
-1.995771064231544045e-03
-1.999684115527866624e-03
-2.003595527774293394e-03
-2.007505640952644832e-03
-2.011414808446798652e-03
-2.015323333182217347e-03
-2.019231992744563442e-03
-2.023148519356032793e-03
-2.027056095253554346e-03
-2.030962043550466056e-03
-2.034867368784665231e-03
-2.038772415885570233e-03
-2.042677414362481514e-03
-2.046582512816863542e-03
-2.050487894546981771e-03
-2.054393750389182927e-03
-2.058300251456035568e-03
-2.062207629781376284e-03
-2.066116231960846150e-03
-2.070026609992670075e-03
-2.073939835700366885e-03
-2.077857816215722409e-03
-2.081777879044066637e-03
-2.085693261191123860e-03
-2.089606009220701388e-03
-2.093517744397255242e-03
-2.097429192675970278e-03
-2.101340759235625910e-03
-2.105252677341185041e-03
-2.109165102682331039e-03
-2.113078156338765723e-03
-2.116991917239574583e-03
-2.120906466322347583e-03
-2.124821863503711938e-03
-2.128738170195987323e-03
-2.132655429416763226e-03
-2.136573690641796475e-03
-2.140492992179110487e-03
-2.144413408916578945e-03
-2.148334926613704177e-03
-2.152257611598762388e-03
-2.156181497167675154e-03
-2.160106642537185095e-03
-2.164033071027415822e-03
-2.167960833686755073e-03
-2.171889984669328477e-03
-2.175820557348218109e-03
-2.179752715419702724e-03
-2.183686337138501798e-03
-2.187621555380436789e-03
-2.191558445444163894e-03
-2.195497128447243540e-03
-2.199437668695458648e-03
-2.203380233412932654e-03
-2.207324900237339627e-03
-2.211271935802394673e-03
-2.215221559013547115e-03
-2.219174116126487739e-03
-2.223130125875827368e-03
-2.227090472760040463e-03
-2.231056678401621696e-03
-2.235031996413505695e-03
-2.239024894628016682e-03
-2.243056606472837444e-03
-2.247076496053601602e-03
-2.251072594338654476e-03
-2.255059180636731497e-03
-2.259041534275252339e-03
-2.263021985182911422e-03
-2.267001780181909787e-03
-2.270981671676164382e-03
-2.274962156574078520e-03
-2.278943647148756746e-03
-2.282926216150671372e-03
-2.286910088422078324e-03
-2.290895317906493922e-03
-2.294881939435389206e-03
-2.298869932955915907e-03
-2.302859305200022355e-03
-2.306850054688780460e-03
-2.310842257416401146e-03
-2.314835865057873754e-03
-2.318830994967879811e-03
-2.322827708636343580e-03
-2.326826051418762198e-03
-2.330826120807150126e-03
-2.334827943327622002e-03
-2.338831586420675457e-03
-2.342837085349547266e-03
-2.346844555488614148e-03
-2.350853988013157370e-03
-2.354865333926370319e-03
-2.358878687213739056e-03
-2.362894108099311552e-03
-2.366911592602605197e-03
-2.370931231770012637e-03
-2.374953140988123046e-03
-2.378977811731131098e-03
-2.383007155264627031e-03
-2.387037499186894784e-03
-2.391066937232566580e-03
-2.395097460378137200e-03
-2.399129386302600864e-03
-2.403162805384106981e-03
-2.407197759730195230e-03
-2.411234229785952365e-03
-2.415272301133031263e-03
-2.419311801653889482e-03
-2.423352812705781290e-03
-2.427395314860580910e-03
-2.431439314197092472e-03
-2.435484809002685935e-03
-2.439531806363137711e-03
-2.443580316739857317e-03
-2.447630384952770299e-03
-2.451681959036666747e-03
-2.455735095295397130e-03
-2.459789806979695292e-03
-2.463846150109527677e-03
-2.467904139747290060e-03
-2.471963786363717830e-03
-2.476025135449755332e-03
-2.480088211690545386e-03
-2.484153113696319082e-03
-2.488219891503384851e-03
-2.492288441539480814e-03
-2.496358887408400840e-03
-2.500431318884666076e-03
-2.504505744195584249e-03
-2.508582231057099321e-03
-2.512660817697631721e-03
-2.516741678207923272e-03
-2.520824721828685000e-03
-2.524910029501725717e-03
-2.528997681561673261e-03
-2.533087785391296975e-03
-2.537180366318891878e-03
-2.541275541525722659e-03
-2.545373384327698218e-03
-2.549473976866334368e-03
-2.553577419037611484e-03
-2.557683812371980281e-03
-2.561793280220880931e-03
-2.565905935563494999e-03
-2.570021945387801487e-03
-2.574141366271431863e-03
-2.578264416141506921e-03
-2.582391239891457246e-03
-2.586522179244821196e-03
-2.590657300465926127e-03
-2.594796871413063144e-03
-2.598941179230984666e-03
-2.603090675086350281e-03
-2.607245665364965603e-03
-2.611406777061286988e-03
-2.615574609979631759e-03
-2.619750159084888175e-03
-2.623934443209074985e-03
-2.628129090060160600e-03
-2.632336753557229514e-03
-2.636562356029159560e-03
-2.640817959388752634e-03
-2.645122759290741143e-03
-2.649414703278951677e-03
-2.653692052496769982e-03
-2.657962763345511625e-03
-2.662225795568629039e-03
-2.666478005600714241e-03
-2.670718045947317876e-03
-2.674946771463737605e-03
-2.679165933125782217e-03
-2.683377459133051701e-03
-2.687583172722551872e-03
-2.691784431075538997e-03
-2.695982302108879125e-03
-2.700177596610009445e-03
-2.704371009028205819e-03
-2.708563094783400516e-03
-2.712754171738329667e-03
-2.716944595453130162e-03
-2.721134571983419015e-03
-2.725324276441676297e-03
-2.729513799378135985e-03
-2.733703303446022304e-03
-2.737892765625971059e-03
-2.742082284886482313e-03
-2.746271906374775362e-03
-2.750461687092919938e-03
-2.754651744095171217e-03
-2.758842396001659480e-03
-2.763035018882975535e-03
-2.767233839741867207e-03
-2.771425419192508066e-03
-2.775615589455160404e-03
-2.779805068039764571e-03
-2.783994142673718031e-03
-2.788182985408171888e-03
-2.792371690484296565e-03
-2.796560408318549129e-03
-2.800749228236032451e-03
-2.804938345610019645e-03
-2.809128000027860672e-03
-2.813318375836870722e-03
-2.817509810987384178e-03
-2.821703027677924247e-03
-2.825899489427796674e-03
-2.830102803554890301e-03
-2.834323561082041643e-03
-2.838596731232656545e-03
-2.842846533384624230e-03
-2.847064833362500380e-03
-2.851269110616505564e-03
-2.855465331284223751e-03
-2.859656037943469897e-03
-2.863842713195063894e-03
-2.868026217112351617e-03
-2.872207049620656427e-03
-2.876385739264186725e-03
-2.880562517244888987e-03
-2.884737656959401875e-03
-2.888911300781393798e-03
-2.893083687341757582e-03
-2.897254908015844954e-03
-2.901425108171262757e-03
-2.905594338077466254e-03
-2.909762791280301464e-03
-2.913930501562855824e-03
-2.918097570425159937e-03
-2.922264042998889977e-03
-2.926430041430116979e-03
-2.930595604911712115e-03
-2.934760803189995215e-03
-2.938925707999029413e-03
-2.943090332719555668e-03
-2.947254842594060342e-03
-2.951419244734743152e-03
-2.955583612726075948e-03
-2.959747984336069671e-03
-2.963912456468653644e-03
-2.968077090037213317e-03
-2.972241961983423941e-03
-2.976407118831070342e-03
-2.980572655694624373e-03
-2.984738695863908831e-03
-2.988905343754955091e-03
-2.993072701835797211e-03
-2.997240917430032958e-03
-3.001410172493557127e-03
-3.005580688533959766e-03
-3.009752766931161894e-03
-3.013926884526618721e-03
-3.018103682908335195e-03
-3.022284295534971577e-03
-3.026470873269571094e-03
-3.030668519262369465e-03
-3.034893487132261924e-03
-3.039171879769542173e-03
-3.043405006045163397e-03
-3.047615668168468517e-03
-3.051816520258987531e-03
-3.056012218718762163e-03
-3.060204940172672750e-03
-3.064395860246094117e-03
-3.068585748464358609e-03
-3.072775144342676512e-03
-3.076964466311893354e-03
-3.081154042256284420e-03
-3.085344113562649149e-03
-3.089534937511184687e-03
-3.093726746080216472e-03
-3.097919749545763324e-03
-3.102114185753679365e-03
-3.106310260567735071e-03
-3.110508228944652842e-03
-3.114708337483063083e-03
-3.118910922197737356e-03
-3.123116288855420919e-03
-3.127324883164805946e-03
-3.131537135674156147e-03
-3.135753755878489812e-03
-3.139975330188060632e-03
-3.144202995022604696e-03
-3.148437923099711711e-03
-3.152682060416744925e-03
-3.156937973323836744e-03
-3.161209901630601671e-03
-3.165504747173586431e-03
-3.169835640207230298e-03
-3.174229909146175643e-03
-3.178730391079520601e-03
-3.183232459462725927e-03
-3.187616358610756429e-03
-3.191933390274126481e-03
-3.196215059236395817e-03
-3.200475992419904436e-03
-3.204723926156227698e-03
-3.208963563511524342e-03
-3.213198364529490370e-03
-3.217431628187772397e-03
-3.221668200381500036e-03
-3.225919427652046423e-03
-3.230230232577846472e-03
-3.234515130523640813e-03
-3.238764495886226058e-03
-3.242998966951349260e-03
-3.247224905795542682e-03
-3.251445178835465910e-03
-3.255661439114709843e-03
-3.259874677387530895e-03
-3.264085490459311956e-03
-3.268294504654822852e-03
-3.272502102933838586e-03
-3.276708631746227951e-03
-3.280914385449307247e-03
-3.285119858003060500e-03
-3.289325829066935825e-03
-3.293536032626165344e-03
-3.297743702648903152e-03
-3.301948824276590422e-03
-3.306153060148808720e-03
-3.310356938545977457e-03
-3.314560704794744517e-03
-3.318764571486276793e-03
-3.322968643064583283e-03
-3.327173023417340225e-03
-3.331377717879280276e-03
-3.335582791906488431e-03
-3.339788121837550250e-03
-3.343993676023671036e-03
-3.348199352208092172e-03
-3.352405051746387699e-03
-3.356610754564393062e-03
-3.360816437816827040e-03
-3.365022130347616880e-03
-3.369227838817545617e-03
-3.373433628583666355e-03
-3.377639593620029856e-03
-3.381845780564773918e-03
-3.386052239664150143e-03
-3.390259059342759507e-03
-3.394466310226218475e-03
-3.398674074290619629e-03
-3.402882409751173398e-03
-3.407091460235878166e-03
-3.411301332613692061e-03
-3.415512163081002583e-03
-3.419724123931988657e-03
-3.423937459110959480e-03
-3.428152486788516029e-03
-3.432369712491278868e-03
-3.436589920077781635e-03
-3.440814540064840443e-03
-3.445046591107558953e-03
-3.449294597378194105e-03
-3.453593696581824801e-03
-3.457898401731940297e-03
-3.462160559551508143e-03
-3.466407591621978312e-03
-3.470647212621136291e-03
-3.474882474237106500e-03
-3.479114954379025626e-03
-3.483345537158011318e-03
-3.487574824033390364e-03
-3.491803200846410604e-03
-3.496030938669902888e-03
-3.500258277188805778e-03
-3.504485351193964426e-03
-3.508712319442164329e-03
-3.512939257792835335e-03
-3.517166280882388918e-03
-3.521393453686294528e-03
-3.525620843707666374e-03
-3.529848486125808371e-03
-3.534076446153777695e-03
-3.538304765001498708e-03
-3.542533476915354917e-03
-3.546762569612060823e-03
-3.550992161840293981e-03
-3.555222237000554841e-03
-3.559452825707687396e-03
-3.563683947006457409e-03
-3.567915634085205845e-03
-3.572147907794698263e-03
-3.576380789948374606e-03
-3.580614304395379754e-03
-3.584848472023782762e-03
-3.589083322991570846e-03
-3.593318878080342671e-03
-3.597555165869792404e-03
-3.601792213468124615e-03
-3.606030054089659487e-03
-3.610268722019083221e-03
-3.614508256819304322e-03
-3.618748702656993110e-03
-3.622990115007884704e-03
-3.627232567142035791e-03
-3.631476127933686016e-03
-3.635720909854645022e-03
-3.639967026068946510e-03
-3.644214653175326113e-03
-3.648464034817666679e-03
-3.652715479929180553e-03
-3.656969509566732057e-03
-3.661226951967688770e-03
-3.665489350518580380e-03
-3.669759968165653419e-03
-3.674048223253678636e-03
-3.678393488429021474e-03
-3.682732395083099242e-03
-3.687032141250545791e-03
-3.691317712457342637e-03
-3.695596306822368504e-03
-3.699870846314401440e-03
-3.704142861127635022e-03
-3.708413192287873805e-03
-3.712682474277584355e-03
-3.716951053585715314e-03
-3.721219239576911697e-03
-3.725487216025835657e-03
-3.729755155125413779e-03
-3.734023174731149197e-03
-3.738291387859304926e-03
-3.742559884257978808e-03
-3.746828718254713309e-03
-3.751097965687733016e-03
-3.755367674232235053e-03
-3.759637891267431087e-03
-3.763908641155944146e-03
-3.768179980356833880e-03
-3.772451932508080752e-03
-3.776724527835950695e-03
-3.780997789801565645e-03
-3.785271747592910963e-03
-3.789546422283240901e-03
-3.793821838097954924e-03
-3.798098016351891815e-03
-3.802374981183298530e-03
-3.806652754852701825e-03
-3.810931361395430983e-03
-3.815210823982617683e-03
-3.819491169748112647e-03
-3.823772424043858642e-03
-3.828054619023468774e-03
-3.832337786439543592e-03
-3.836622004276146747e-03
-3.840907232938950422e-03
-3.845193563350335353e-03
-3.849481054446934891e-03
-3.853769775273407916e-03
-3.858059811861935806e-03
-3.862351271837649591e-03
-3.866644284944542598e-03
-3.870939046387356086e-03
-3.875235782075159285e-03
-3.879534889343894122e-03
-3.883836868466494785e-03
-3.888142686255036118e-03
-3.892453971731213436e-03
-3.896774332065366941e-03
-3.901114276583572682e-03
-3.905517742375019807e-03
-3.909918221511987646e-03
-3.914270359246518893e-03
-3.918607367719095791e-03
-3.922937074281152015e-03
-3.927262637234862908e-03
-3.931585667647952143e-03
-3.935907088499557283e-03
-3.940227532539197774e-03
-3.944547451166124930e-03
-3.948867043076065286e-03
-3.953186580803569328e-03
-3.957506252056486318e-03
-3.961826182580896472e-03
-3.966146508967094420e-03
-3.970467312732095522e-03
-3.974788680971452770e-03
-3.979110689739995266e-03
-3.983433420239435030e-03
-3.987756895296179493e-03
-3.992081170458683381e-03
-3.996406299400900863e-03
-4.000732327135381183e-03
-4.005059290947410311e-03
-4.009387230469840802e-03
-4.013716178455584149e-03
-4.018046179110279503e-03
-4.022377249769948371e-03
-4.026709433795461202e-03
-4.031042760526903912e-03
-4.035377274586027241e-03
-4.039712994661881496e-03
-4.044049959343487544e-03
-4.048388208129582999e-03
-4.052727765655128600e-03
-4.057068699190979899e-03
-4.061411007254323025e-03
-4.065754751860994887e-03
-4.070099971612339829e-03
-4.074446743007498206e-03
-4.078795100217580405e-03
-4.083145120276188145e-03
-4.087496870491147405e-03
-4.091850480114844757e-03
-4.096206009452707519e-03
-4.100563641617260835e-03
-4.104923553042372220e-03
-4.109286026097946909e-03
-4.113651395749706730e-03
-4.118020252048104624e-03
-4.122393490386899728e-03
-4.126772842397485874e-03
-4.131162111844166596e-03
-4.135572364860840011e-03
-4.140049857811467504e-03
-4.144505356352690129e-03
-4.148925876353182218e-03
-4.153333734953412737e-03
-4.157735638463444516e-03
-4.162134464062550165e-03
-4.166531747240131978e-03
-4.170928416934227556e-03
-4.175324940032476562e-03
-4.179721827257676381e-03
-4.184119398228491882e-03
-4.188517892438126111e-03
-4.192917502916726491e-03
-4.197318391244264646e-03
-4.201720786036200472e-03
-4.206124735020466687e-03
-4.210530438509607620e-03
-4.214937897758064267e-03
-4.219347220270175391e-03
-4.223758596847981828e-03
-4.228172093536985976e-03
-4.232587833647660780e-03
-4.237005907773983004e-03
-4.241426587746843779e-03
-4.245849765880493898e-03
-4.250275596431096758e-03
-4.254704258080499457e-03
-4.259135940921532359e-03
-4.263570729212351473e-03
-4.268008843755999315e-03
-4.272450446395792412e-03
-4.276895838662309046e-03
-4.281345107965961461e-03
-4.285798664136253322e-03
-4.290256728054608892e-03
-4.294719764023402497e-03
-4.299188181307811440e-03
-4.303662571581212681e-03
-4.308143854680257512e-03
-4.312634378673019242e-03
-4.317136539131571915e-03
-4.321643675553987762e-03
-4.326160853018956587e-03
-4.330691069728165310e-03
-4.335238319387313410e-03
-4.339808616469542635e-03
-4.344413717322082036e-03
-4.349079352324314307e-03
-4.353872961779803319e-03
-4.358768106858201818e-03
-4.363489095528860773e-03
-4.368135849836085605e-03
-4.372762952916442458e-03
-4.377413167474530908e-03
-4.382064812342933990e-03
-4.386681638284484208e-03
-4.391282657176254212e-03
-4.395877259575131646e-03
-4.400470670815503915e-03
-4.405066678764613108e-03
-4.409668521119458617e-03
-4.414279614658123130e-03
-4.418903952572605931e-03
-4.423547227187185626e-03
-4.428216923201833133e-03
-4.432926811225312846e-03
-4.437705275144643302e-03
-4.442632523671607991e-03
-4.448369289881015654e-03
-4.453467065565375194e-03
-4.458256721490472252e-03
-4.462953222128529518e-03
-4.467603876285974884e-03
-4.472227721475152684e-03
-4.476833200588559158e-03
-4.481422764666675995e-03
-4.485998009009617427e-03
-4.490561436410911433e-03
-4.495115137926219973e-03
-4.499661051527548139e-03
-4.504200435221372700e-03
-4.508734593655527867e-03
-4.513264322773213877e-03
-4.517790406795341163e-03
-4.522313355686868874e-03
-4.526833708681898827e-03
-4.531351809826555943e-03
-4.535868107087392964e-03
-4.540382847375012965e-03
-4.544896329516379119e-03
-4.549408689961897956e-03
-4.553920293533630925e-03
-4.558431263332218819e-03
-4.562941763990746580e-03
-4.567451981010162143e-03
-4.571962020911590763e-03
-4.576472053346658520e-03
-4.580982193402971525e-03
-4.585492561203330375e-03
-4.590003236330408853e-03
-4.594514367775581754e-03
-4.599026027050756582e-03
-4.603538314722044333e-03
-4.608051318124584128e-03
-4.612565143046087890e-03
-4.617079889452813113e-03
-4.621595683672485855e-03
-4.626112712662777682e-03
-4.630631351118297268e-03
-4.635152891360405647e-03
-4.639678469059438370e-03
-4.644202223082927183e-03
-4.648725993370295129e-03
-4.653250383830243031e-03
-4.657775621320747739e-03
-4.662301801503621057e-03
-4.666828974996928281e-03
-4.671357125207720173e-03
-4.675886240957716211e-03
-4.680416269124298978e-03
-4.684947140065287563e-03
-4.689478758787002377e-03
-4.694011015735854997e-03
-4.698543788126285925e-03
-4.703076930177685355e-03
-4.707610324502398136e-03
-4.712143820370662262e-03
-4.716677297984972483e-03
-4.721210635193706651e-03
-4.725743741501253758e-03
-4.730276542816991281e-03
-4.734808985201732767e-03
-4.739341061459900750e-03
-4.743872727140052703e-03
-4.748404108340875673e-03
-4.752935105873268284e-03
-4.757465836656815661e-03
-4.761996329438078490e-03
-4.766526676991178491e-03
-4.771056909825821535e-03
-4.775587123270419454e-03
-4.780117408789030797e-03
-4.784647741013725586e-03
-4.789178270936722548e-03
-4.793709051114869446e-03
-4.798240126379083037e-03
-4.802771578141906694e-03
-4.807303461037859549e-03
-4.811835828550936611e-03
-4.816368744019361436e-03
-4.820902262526294280e-03
-4.825436425460849499e-03
-4.829971285094880606e-03
-4.834506891012058105e-03
-4.839043285962962848e-03
-4.843580517416290476e-03
-4.848118628151265597e-03
-4.852657658224068804e-03
-4.857197650923406052e-03
-4.861738645209889853e-03
-4.866280675832945768e-03
-4.870823780481092768e-03
-4.875368004944258260e-03
-4.879913377882849623e-03
-4.884459940217578122e-03
-4.889007724783955844e-03
-4.893556840341983794e-03
-4.898107218134883922e-03
-4.902658952021798910e-03
-4.907212055384246874e-03
-4.911766593812760817e-03
-4.916322645677428937e-03
-4.920880261457760696e-03
-4.925439537436071546e-03
-4.930000621137464734e-03
-4.934563779955825069e-03
-4.939129343842330044e-03
-4.943697452625128719e-03
-4.948267201876466181e-03
-4.952838199516529372e-03
-4.957410581175603070e-03
-4.961984570327482302e-03
-4.966560333661718118e-03
-4.971138083581183587e-03
-4.975718028689790629e-03
-4.980300155867700695e-03
-4.984884784222987086e-03
-4.989472196213040611e-03
-4.994062811744970354e-03
-4.998657212234469682e-03
-5.003256289612845187e-03
-5.007861502249633112e-03
-5.012475696848261997e-03
-5.017104933207727768e-03
-5.021761773938093754e-03
-5.026439619263523007e-03
-5.031101387508396527e-03
-5.035749037799686079e-03
-5.040389048623139523e-03
-5.045024921500718129e-03
-5.049658730748030067e-03
-5.054291569561941699e-03
-5.058924293268263206e-03
-5.063557512711702735e-03
-5.068191689723278159e-03
-5.072827176808791805e-03
-5.077464288333777276e-03
-5.082103288146400111e-03
-5.086744376477492224e-03
-5.091387925478363385e-03
-5.096033924997911413e-03
-5.100682610615914214e-03
-5.105334095615643442e-03
-5.109988497827733234e-03
-5.114645755052826814e-03
-5.119305836893239814e-03
-5.123968610553641945e-03
-5.128634058125691730e-03
-5.133301980899340755e-03
-5.137972380925281968e-03
-5.142645295307390896e-03
-5.147320855121706451e-03
-5.151999137242180282e-03
-5.156680405834612735e-03
-5.161364858472516914e-03
-5.166052782561547652e-03
-5.170744552647987824e-03
-5.175440599128888763e-03
-5.180141475220612080e-03
-5.184847837815476090e-03
-5.189560570795670458e-03
-5.194280757562896866e-03
-5.199010184458119355e-03
-5.203750964498432552e-03
-5.208507023279684844e-03
-5.213284381817118174e-03
-5.218095570873715339e-03
-5.222969130286525541e-03
-5.227979111421254821e-03
-5.233028228684766248e-03
-5.237918324793144897e-03
-5.242737113295037332e-03
-5.247521832780321915e-03
-5.252287285526402449e-03
-5.257040597957396422e-03
-5.261785867064161515e-03
-5.266525625163942514e-03
-5.271261604552823776e-03
-5.275995134382038820e-03
-5.280726915897093754e-03
-5.285457167282681112e-03
-5.290186102919314237e-03
-5.294914082422330637e-03
-5.299641447493508295e-03
-5.304368502556444653e-03
-5.309095448080447532e-03
-5.313822515024879678e-03
-5.318549852572185266e-03
-5.323277596738784645e-03
-5.328005941241720222e-03
-5.332734810353789712e-03
-5.337464372901279397e-03
-5.342194655952869908e-03
-5.346925752429454448e-03
-5.351657704829482221e-03
-5.356390554708267970e-03
-5.361124335760747428e-03
-5.365859075165624326e-03
-5.370594829920749547e-03
-5.375331558143847666e-03
-5.380069299598888577e-03
-5.384808067267154996e-03
-5.389547873574151993e-03
-5.394288718653883485e-03
-5.399030606077048766e-03
-5.403773533697031617e-03
-5.408517503646015356e-03
-5.413262550557740305e-03
-5.418008580432176480e-03
-5.422755629473363648e-03
-5.427503687332801974e-03
-5.432252745534937866e-03
-5.437002788838740663e-03
-5.441753806768145907e-03
-5.446505785294042390e-03
-5.451258712943163331e-03
-5.456012572901958180e-03
-5.460767353457574025e-03
-5.465523040847464209e-03
-5.470279622385665341e-03
-5.475037085935663406e-03
-5.479795419523925126e-03
-5.484554613793157785e-03
-5.489314647702192573e-03
-5.494075534643760861e-03
-5.498837260705435881e-03
-5.503599819890570011e-03
-5.508363208505118180e-03
-5.513127427595576613e-03
-5.517892481514685699e-03
-5.522658375304412282e-03
-5.527425118252549119e-03
-5.532192726474427502e-03
-5.536961213484348221e-03
-5.541730606224537503e-03
-5.546500936501663759e-03
-5.551272248241589935e-03
-5.556044593079234595e-03
-5.560818044137549876e-03
-5.565592692040710610e-03
-5.570368661733327009e-03
-5.575146128296015746e-03
-5.579925371516081256e-03
-5.584706755835111558e-03
-5.589490905952620992e-03
-5.594278897867011047e-03
-5.599072952983119578e-03
-5.603878589433120005e-03
-5.608717938317187013e-03
-5.613649129275088967e-03
-5.618496703465369890e-03
-5.623321042778628431e-03
-5.628135405604473007e-03
-5.632944254756688807e-03
-5.637749631278499152e-03
-5.642552695208857827e-03
-5.647354171006924162e-03
-5.652154515202845175e-03
-5.656954096603383775e-03
-5.661753139785230537e-03
-5.666551853820922524e-03
-5.671350361925564521e-03
-5.676148826454063823e-03
-5.680947324380070107e-03
-5.685745951920173624e-03
-5.690544759301197075e-03
-5.695343845735889587e-03
-5.700143251158640290e-03
-5.704943023049469097e-03
-5.709743208681450355e-03
-5.714543842893493597e-03
-5.719344980326446226e-03
-5.724146641580940553e-03
-5.728948870701411344e-03
-5.733751680322973776e-03
-5.738555212856377707e-03
-5.743359312395113214e-03
-5.748164096283314706e-03
-5.752969584593703445e-03
-5.757775812202492460e-03
-5.762582805415195075e-03
-5.767390594585641850e-03
-5.772199235466679568e-03
-5.777008704306862974e-03
-5.781819082430139645e-03
-5.786630411467541535e-03
-5.791442750020747710e-03
-5.796256162514334953e-03
-5.801070707699973461e-03
-5.805886368929980001e-03
-5.810703032791519895e-03
-5.815520555540465431e-03
-5.820338899244159592e-03
-5.825158061046553648e-03
-5.829978072376840181e-03
-5.834798969408083735e-03
-5.839620787963739623e-03
-5.844443557065148731e-03
-5.849267303963290310e-03
-5.854092059642712620e-03
-5.858917907266114611e-03
-5.863744733790365871e-03
-5.868572632192869953e-03
-5.873401612425221963e-03
-5.878231692313384826e-03
-5.883062893284773942e-03
-5.887895231446060862e-03
-5.892728711312744672e-03
-5.897563363764568578e-03
-5.902399205919506286e-03
-5.907236230588974735e-03
-5.912074452338655917e-03
-5.916913886912733567e-03
-5.921754545534674286e-03
-5.926596443188492103e-03
-5.931439587053111140e-03
-5.936284017914017497e-03
-5.941129705814174322e-03
-5.945976668455421610e-03
-5.950824919854214023e-03
-5.955674479198980187e-03
-5.960525351348944234e-03
-5.965377549437711480e-03
-5.970231084856614245e-03
-5.975085965984616720e-03
-5.979942208599209330e-03
-5.984799828210207728e-03
-5.989658839613554164e-03
-5.994519250451579850e-03
-5.999381086393640317e-03
-6.004244346512477293e-03
-6.009109064556317215e-03
-6.013975242875613247e-03
-6.018842931228451931e-03
-6.023712118286894679e-03
-6.028582818371264196e-03
-6.033455059297199163e-03
-6.038328886851296318e-03
-6.043204304772897828e-03
-6.048081348714817729e-03
-6.052960056872613848e-03
-6.057840444600892660e-03
-6.062722590502778175e-03
-6.067606497341504479e-03
-6.072492182524369397e-03
-6.077379705293761702e-03
-6.082269147388519315e-03
-6.087160529863688829e-03
-6.092053911182837567e-03
-6.096949361761083708e-03
-6.101847071781629772e-03
-6.106746897761805570e-03
-6.111649049409306755e-03
-6.116553612855901711e-03
-6.121460737275818964e-03
-6.126370504491052138e-03
-6.131283105867302297e-03
-6.136198704018269723e-03
-6.141117601650813995e-03
-6.146040021680954091e-03
-6.150966209628849768e-03
-6.155896722457199211e-03
-6.160832032750307441e-03
-6.165773059057300109e-03
-6.170720820861452793e-03
-6.175677195704221134e-03
-6.180645588655608869e-03
-6.185633969729709136e-03
-6.190667502299018743e-03
-6.195747355973724169e-03
-6.200790387713484009e-03
-6.205824513544677679e-03
-6.210864771510227200e-03
-6.215923608535955935e-03
-6.221019060555610380e-03
-6.226189115358549131e-03
-6.231503108393710022e-03
-6.236774465147809643e-03
-6.241915621656990432e-03
-6.246994200505007200e-03
-6.252039298337508377e-03
-6.257063969088871858e-03
-6.262074907404935331e-03
-6.267076285462191976e-03
-6.272070514294236787e-03
-6.277059450395694462e-03
-6.282044252622021041e-03
-6.287025870301277131e-03
-6.292004956126362458e-03
-6.296982108758508723e-03
-6.301957714287209633e-03
-6.306932210920934700e-03
-6.311905859028410504e-03
-6.316878971962425204e-03
-6.321851732700944915e-03
-6.326824348115267505e-03
-6.331796941538181400e-03
-6.336769674328390778e-03
-6.341742659871196786e-03
-6.346715958382209699e-03
-6.351689649411129679e-03
-6.356663772531745416e-03
-6.361638461562235669e-03
-6.366613752069594234e-03
-6.371589729134652380e-03
-6.376566454755150382e-03
-6.381544000932493077e-03
-6.386522427138552338e-03
-6.391501790245279757e-03
-6.396482163228855988e-03
-6.401463562862197421e-03
-6.406446152393163729e-03
-6.411429774365151602e-03
-6.416414571697170999e-03
-6.421400584585845728e-03
-6.426387855995474574e-03
-6.431376423803314424e-03
-6.436366323070208395e-03
-6.441357712817064041e-03
-6.446350383378485205e-03
-6.451344491275601278e-03
-6.456340071327115737e-03
-6.461337156418389682e-03
-6.466335778796739042e-03
-6.471335973819325460e-03
-6.476337771055162840e-03
-6.481341226616255113e-03
-6.486346316794455724e-03
-6.491353111496511730e-03
-6.496361619310775382e-03
-6.501371896776686476e-03
-6.506383946158544873e-03
-6.511397806569840796e-03
-6.516413517566377323e-03
-6.521431088264861842e-03
-6.526450601996858225e-03
-6.531472036556573713e-03
-6.536495411969323044e-03
-6.541520770177444710e-03
-6.546548181138533984e-03
-6.551577643811978824e-03
-6.556609209124264481e-03
-6.561642903695763529e-03
-6.566678943251691436e-03
-6.571717055573911281e-03
-6.576757469256122590e-03
-6.581800234955692552e-03
-6.586845437902444367e-03
-6.591893167222639960e-03
-6.596943558225265569e-03
-6.601996734912574105e-03
-6.607052925798106990e-03
-6.612112379864587552e-03
-6.617175480438497459e-03
-6.622242827090785156e-03
-6.627315342986994651e-03
-6.632394792266071981e-03
-6.637484708093555064e-03
-6.642594607856877609e-03
-6.647752429080333592e-03
-6.652915906810386026e-03
-6.658045647220722785e-03
-6.663160991188021853e-03
-6.668269581508678989e-03
-6.673374737432347104e-03
-6.678478178397062592e-03
-6.683580929102372892e-03
-6.688683668640171831e-03
-6.693787010555229955e-03
-6.698890924973222027e-03
-6.703995828991171635e-03
-6.709101915881143796e-03
-6.714209325140996221e-03
-6.719318187727418845e-03
-6.724428584784725160e-03
-6.729540603623407335e-03
-6.734654302540721282e-03
-6.739769845192200570e-03
-6.744887126118093157e-03
-6.750006207338232755e-03
-6.755127161935714497e-03
-6.760250055521277446e-03
-6.765374881615104918e-03
-6.770501678573070947e-03
-6.775630458876413797e-03
-6.780761303996185596e-03
-6.785894371064027375e-03
-6.791029275612370242e-03
-6.796166241677781272e-03
-6.801305323374973177e-03
-6.806446523547116101e-03
-6.811589830188813366e-03
-6.816735269613127812e-03
-6.821882840680748572e-03
-6.827032623034412495e-03
-6.832184600634172433e-03
-6.837338688872152126e-03
-6.842494952284616794e-03
-6.847653428521116581e-03
-6.852814092374703847e-03
-6.857976981164859431e-03
-6.863142089988283345e-03
-6.868309441395048509e-03
-6.873479031570539632e-03
-6.878650882449433013e-03
-6.883824990064124627e-03
-6.889001389808635523e-03
-6.894180051583043145e-03
-6.899361027198347429e-03
-6.904544319403460584e-03
-6.909729908206596605e-03
-6.914918029877870076e-03
-6.920108267380431499e-03
-6.925300858435012863e-03
-6.930495800264280248e-03
-6.935693122032349223e-03
-6.940892822400845930e-03
-6.946094932727575610e-03
-6.951299453369141901e-03
-6.956506466936240862e-03
-6.961715878183949435e-03
-6.966927789593957421e-03
-6.972142179515472549e-03
-6.977359121915216456e-03
-6.982578587516052870e-03
-6.987800617929251779e-03
-6.993025217864046184e-03
-6.998252524264780838e-03
-7.003482447721531834e-03
-7.008715127495346309e-03
-7.013950332794283149e-03
-7.019188200734882699e-03
-7.024428795310289075e-03
-7.029672056601099506e-03
-7.034917993315903395e-03
-7.040166566950056826e-03
-7.045417958219779564e-03
-7.050671788144224905e-03
-7.055928160704216801e-03
-7.061187046528694111e-03
-7.066448488778354076e-03
-7.071712460205326067e-03
-7.076979062690669231e-03
-7.082248447447758721e-03
-7.087520992711149326e-03
-7.092797205760281720e-03
-7.098078045421951643e-03
-7.103365374613979100e-03
-7.108663037139639762e-03
-7.113981100931643375e-03
-7.119345535460008811e-03
-7.124707870079571848e-03
-7.130036525598404396e-03
-7.135349830795445492e-03
-7.140655343007673572e-03
-7.145956443350809373e-03
-7.151254922594496577e-03
-7.156551794531340605e-03
-7.161847822191091950e-03
-7.167143465012237868e-03
-7.172439091019944257e-03
-7.177735103671367689e-03
-7.183031465305633745e-03
-7.188328479810213167e-03
-7.193626311541301277e-03
-7.198925092297803197e-03
-7.204224933864522562e-03
-7.209525933547289434e-03
-7.214828182698584946e-03
-7.220131770213300548e-03
-7.225436825754161241e-03
-7.230743407713902116e-03
-7.236051687234290597e-03
-7.241361795280454317e-03
-7.246673935184966275e-03
-7.251988287179989001e-03
-7.257305118088641649e-03
-7.262624768667680364e-03
-7.267947750517866901e-03
-7.273274696067533185e-03
-7.278606669529952278e-03
-7.283944940099540410e-03
-7.289289556000944081e-03
-7.294637029362505132e-03
-7.299984644059787087e-03
-7.305332683862908461e-03
-7.310682202129381579e-03
-7.316034192997089569e-03
-7.321389576846915048e-03
-7.326749274770172349e-03
-7.332114262643463221e-03
-7.337485894896134120e-03
-7.342865641479456862e-03
-7.348256007493780828e-03
-7.353660248664573018e-03
-7.359084225758261155e-03
-7.364539034849792998e-03
-7.370049848417270510e-03
-7.375697210815101990e-03
-7.381722528178036313e-03
-7.387405689912363016e-03
-7.392944443342930327e-03
-7.398424737744435653e-03
-7.403873895525547866e-03
-7.409303561730418153e-03
-7.414719823471749294e-03
-7.420126126601811478e-03
-7.425525141679045760e-03
-7.430918389230489751e-03
-7.436307095155525460e-03
-7.441692084907192140e-03
-7.447074116462504279e-03
-7.452453704393735556e-03
-7.457831352132404668e-03
-7.463207413239025811e-03
-7.468582250653610366e-03
-7.473956085159882967e-03
-7.479329258028188931e-03
-7.484701985855712891e-03
-7.490074502940369250e-03
-7.495446981920728113e-03
-7.500819628817212426e-03
-7.506192730577732064e-03
-7.511566526410051736e-03
-7.516941277439626035e-03
-7.522317318756632787e-03
-7.527695110300047787e-03
-7.533075324636429038e-03
-7.538458981281359605e-03
-7.543847905499334594e-03
-7.549246461093672700e-03
-7.554667972496709183e-03
-7.560205913446860215e-03
-7.565663861904492471e-03
-7.571083738211026315e-03
-7.576490434664462370e-03
-7.581890432648563660e-03
-7.587286461215536626e-03
-7.592679985245598395e-03
-7.598071795446803556e-03
-7.603462519941039943e-03
-7.608852554167544469e-03
-7.614242172362284400e-03
-7.619631594652176432e-03
-7.625020991642861290e-03
-7.630410507228124750e-03
-7.635800256228009175e-03
-7.641190340084813570e-03
-7.646580835457106318e-03
-7.651971832197901335e-03
-7.657363377343462396e-03
-7.662755543485277876e-03
-7.668148375931882477e-03
-7.673541923048254887e-03
-7.678936203398767368e-03
-7.684331286176515619e-03
-7.689727195077988853e-03
-7.695123960833494259e-03
-7.700521607369559263e-03
-7.705920165280488732e-03
-7.711319662244253692e-03
-7.716720119370856779e-03
-7.722121560180039701e-03
-7.727524016792219896e-03
-7.732927487636542807e-03
-7.738332003799919256e-03
-7.743737583731258312e-03
-7.749144247852446377e-03
-7.754552011820181612e-03
-7.759960893553574657e-03
-7.765370909239011077e-03
-7.770782083831084819e-03
-7.776194466789676518e-03
-7.781607991294903215e-03
-7.787022716655656041e-03
-7.792438666139656078e-03
-7.797855850551593804e-03
-7.803274289834627453e-03
-7.808694001650295924e-03
-7.814115002790278375e-03
-7.819537325054137789e-03
-7.824960964488258952e-03
-7.830385954593066522e-03
-7.835812312712242544e-03
-7.841240068444110811e-03
-7.846669232651648507e-03
-7.852099842574733479e-03
-7.857531912008663966e-03
-7.862965498384388852e-03
-7.868400585524404356e-03
-7.873837219564250312e-03
-7.879275436925126108e-03
-7.884715287580834620e-03
-7.890156793070479679e-03
-7.895600012475245677e-03
-7.901044997946082837e-03
-7.906491802781578926e-03
-7.911940547921103573e-03
-7.917391197410084125e-03
-7.922843898739873048e-03
-7.928298733843930357e-03
-7.933755826868393868e-03
-7.939215324714421484e-03
-7.944677416660272939e-03
-7.950142362580181477e-03
-7.955610580639982388e-03
-7.961082726219204098e-03
-7.966559942298334640e-03
-7.972044454061966157e-03
-7.977541560602374737e-03
-7.983070075128106957e-03
-7.988719077894446130e-03
-7.994262660823037159e-03
-7.999777797278229130e-03
-8.005282246369205268e-03
-8.010781585819581885e-03
-8.016278227084727703e-03
-8.021773445961333238e-03
-8.027268001985832235e-03
-8.032762454570629984e-03
-8.038257136955939686e-03
-8.043752335304077405e-03
-8.049248265107444844e-03
-8.054745053054368498e-03
-8.060242835559394692e-03
-8.065741724939679003e-03
-8.071241814131879799e-03
-8.076743180654544219e-03
-8.082245891669281868e-03
-8.087749988579973071e-03
-8.093255557390155452e-03
-8.098762639841772248e-03
-8.104271232999282759e-03
-8.109781390292836178e-03
-8.115293151017999307e-03
-8.120806568078009491e-03
-8.126321651779955246e-03
-8.131838430776250348e-03
-8.137356935956296944e-03
-8.142877201540943410e-03
-8.148399240768489094e-03
-8.153923084526004672e-03
-8.159448763813692551e-03
-8.164976314714245120e-03
-8.170505730562771518e-03
-8.176037054472895527e-03
-8.181570301192930827e-03
-8.187105656035198464e-03
-8.192642873929734115e-03
-8.198182076229021398e-03
-8.203723304635368585e-03
-8.209266627113853687e-03
-8.214812058835896380e-03
-8.220359625429440875e-03
-8.225909397841957293e-03
-8.231461433157893914e-03
-8.237015829037463988e-03
-8.242572706915196612e-03
-8.248132253903861510e-03
-8.253694739801642477e-03
-8.259260616302666058e-03
-8.264830461272354434e-03
-8.270404600503877823e-03
-8.275981524262565614e-03
-8.281559369792801384e-03
-8.287137808318578713e-03
-8.292717272058824918e-03
-8.298298098087131258e-03
-8.303880565589616403e-03
-8.309464804430843898e-03
-8.315050986938077315e-03
-8.320639218806991089e-03
-8.326229568720311391e-03
-8.331822194634685985e-03
-8.337417150217740769e-03
-8.343014397706127738e-03
-8.348614114822239252e-03
-8.354216438945405443e-03
-8.359821434449687949e-03
-8.365429280136615908e-03
-8.371040181575861716e-03
-8.376654482873835406e-03
-8.382272316283634339e-03
-8.387894289392350267e-03
-8.393521128729153347e-03
-8.399154156695121110e-03
-8.404795842380852200e-03
-8.410452282518687817e-03
-8.416145460576118786e-03
-8.421921555853861818e-03
-8.427619973676026000e-03
-8.433294992615358865e-03
-8.438961357689178655e-03
-8.444624036703096692e-03
-8.450285347096020416e-03
-8.455946612063280909e-03
-8.461608695703226601e-03
-8.467272229414346540e-03
-8.472937787971090984e-03
-8.478605649184012272e-03
-8.484276291962022931e-03
-8.489950085204478469e-03
-8.495627475117562000e-03
-8.501308811457719550e-03
-8.506994629809083719e-03
-8.512685445910328497e-03
-8.518382036517113676e-03
-8.524085004365078433e-03
-8.529795586730171131e-03
-8.535515033701868148e-03
-8.541245139555453392e-03
-8.546988681806921839e-03
-8.552749614867516392e-03
-8.558535030234959429e-03
-8.564358423839624201e-03
-8.570254573462499081e-03
-8.576377263090462222e-03
-8.582924355716947673e-03
-8.588920873792704747e-03
-8.594815972496450129e-03
-8.600670760636641710e-03
-8.606506552663595322e-03
-8.612334382017361456e-03
-8.618161763785159302e-03
-8.623995389138938705e-03
-8.629842964402500982e-03
-8.635715399203047760e-03
-8.641631583905406977e-03
-8.647632388269377302e-03
-8.653829005758395532e-03
-8.660308818820849908e-03
-8.666526653672290692e-03
-8.672568940029656837e-03
-8.678525622327626365e-03
-8.684432577564571432e-03
-8.690306776104828046e-03
-8.696157509378465988e-03
-8.701990660007208334e-03
-8.707810046589270492e-03
-8.713618553791602217e-03
-8.719417792827921510e-03
-8.725209727714511310e-03
-8.730995344692016324e-03
-8.736775711623789853e-03
-8.742551409662069339e-03
-8.748323198543017654e-03
-8.754091760415305679e-03
-8.759857556106753762e-03
-8.765621079929064585e-03
-8.771382622769663406e-03
-8.777142762943168641e-03
-8.782901923177210968e-03
-8.788660572242812385e-03
-8.794419218238425096e-03
-8.800178659847945895e-03
-8.805940028075220916e-03
-8.811705212967924084e-03
-8.817478343687623621e-03
-8.823272853566765939e-03
-8.829189015777227922e-03
-8.835013231009769541e-03
-8.837906852103949440e-03
