4.731371066099039902e-01
4.732031555090534525e-01
4.732697964338597463e-01
4.733354649732886554e-01
4.734031603046770509e-01
4.734698399453940443e-01
4.735385920084410061e-01
4.736063479991921010e-01
4.736762441035649029e-01
4.737451389692410864e-01
4.738161991654101235e-01
4.738862374141529221e-01
4.739585411862728415e-01
4.740299975813819233e-01
4.741041281421782272e-01
4.741778754009959851e-01
4.742549414336706959e-01
4.743321376173532666e-01
4.744132838197041568e-01
4.744959061598585937e-01
4.745811119025994951e-01
4.746690948059080761e-01
4.747600618131169736e-01
4.748542647607167932e-01
4.749520103884918298e-01
4.750548375046359517e-01
4.751596003823793657e-01
4.752703304108767401e-01
4.753857348816107331e-01
4.755085494380039135e-01
4.756376468209390640e-01
4.757749094191675576e-01
4.759218727332896748e-01
4.760824159272840084e-01
4.762534882260274771e-01
4.764466033906796238e-01
4.766577457568541010e-01
4.769033518612667000e-01
4.771879211703808910e-01
4.775147439741428412e-01
4.779056981837418450e-01
4.783595031291960065e-01
4.788407931936688455e-01
4.792307814185312043e-01
4.793581206394604277e-01
4.791934255998234748e-01
4.788926579478901546e-01
4.785982451548225769e-01
4.783627062680416708e-01
4.781892933776501486e-01
4.780669794810960549e-01
4.779837879934394351e-01
4.779302639175946332e-01
4.778995796983286914e-01
4.778866957386997405e-01
4.778880426312869245e-01
4.779006663383468245e-01
4.779223056464462216e-01
4.779503612178480632e-01
4.779846219255264317e-01
4.780223964812446713e-01
4.780643817913134419e-01
4.781077737078412992e-01
4.781535632205513586e-01
4.781986604974003408e-01
4.782440643240160050e-01
4.782869691665280198e-01
4.783291005193318068e-01
4.783689863807445430e-01
4.784093168447430267e-01
4.784492246810869154e-01
4.784913193255083685e-01
4.785342219397104024e-01
4.785801598786846300e-01
4.786271518174732287e-01
4.786772924199396706e-01
4.787293850402530859e-01
4.787820126596822323e-01
4.788373903414732125e-01
4.788928484727389412e-01
4.789507459329306327e-01
4.790083078139748540e-01
4.790680092341629281e-01
4.791270386952586335e-01
4.791880184671832854e-01
4.792481690464124866e-01
4.793102297446946713e-01
4.793713407976945007e-01
4.794340668479959433e-01
4.794950740340689355e-01
4.795556918536614255e-01
4.796145306425662058e-01
4.796721961850580196e-01
4.797275772448593711e-01
4.797844512850426568e-01
4.798426608000186944e-01
4.799015740856808487e-01
4.799643194476207464e-01
4.800283078951380067e-01
4.800966296718655046e-01
4.801663273456560632e-01
4.802407180091863292e-01
4.803165521018941120e-01
4.803973881144756319e-01
4.804795633469177152e-01
4.805666605872293551e-01
4.806542538278331111e-01
4.807443843657517313e-01
4.808346310066838325e-01
4.809233460100238444e-01
4.810092368807574181e-01
4.810919253543911034e-01
4.811720329793373607e-01
4.812516561346283916e-01
4.813311432352984642e-01
4.814096148027427469e-01
4.814912050384801412e-01
4.815724182881196413e-01
4.816569659078403509e-01
4.817409242824189919e-01
4.818280624898218512e-01
4.819144248879513870e-01
4.820040332316146148e-01
4.820929367239772945e-01
4.821853641483326292e-01
4.822773115052586546e-01
4.823732212221216731e-01
4.824689732994918989e-01
4.825680524899482182e-01
4.826696604691859682e-01
4.827743958073403840e-01
4.828846208061531864e-01
4.829994734933867884e-01
4.831224538268455992e-01
4.832573840383577179e-01
4.834121020859962758e-01
4.836044613360530042e-01
4.839000008786346618e-01
4.847661414793665302e-01
4.847225342339912535e-01
4.842201727460563876e-01
4.841731228345069749e-01
4.842214054715077154e-01
4.843136010280248982e-01
4.844443833642136932e-01
4.845811364796984710e-01
4.847050741125134565e-01
4.848497783152350138e-01
4.849765397598846950e-01
4.850418191370312049e-01
4.850515381878334753e-01
4.850513289466748534e-01
4.850650139026052021e-01
4.850956947297081490e-01
4.851423947784923585e-01
4.852079655130274172e-01
4.852826356274411723e-01
4.853157516488456058e-01
4.853665748618939402e-01
4.854236964084051031e-01
4.854806602464904475e-01
4.855347377617723059e-01
4.855841490059669696e-01
4.856254294259317317e-01
4.856589061492532222e-01
4.856820790599075122e-01
4.856956005976180712e-01
4.856992536712018693e-01
4.856943532452406842e-01
4.856827281642995264e-01
4.856675380906096962e-01
4.856514966213210105e-01
4.856396021773573546e-01
4.856370721792995782e-01
4.856527933174059619e-01
4.857023469593584331e-01
4.858178555078924710e-01
4.860713414420848588e-01
4.863850737908962940e-01
4.860741152222606276e-01
4.857144070760074928e-01
4.855079548897870412e-01
4.853788907200724534e-01
4.852895299325982181e-01
4.852238831586050405e-01
4.851750747143530607e-01
4.851401329858598399e-01
4.851175906530323378e-01
4.851077475091670754e-01
4.851111068474806554e-01
4.851295543560451562e-01
4.851644252572404059e-01
4.852084784792036753e-01
4.852335355699750052e-01
4.852146357459526937e-01
4.851801994141093921e-01
4.851715343051641316e-01
4.852330868627494631e-01
4.859434868111537908e-01
4.852992209363893861e-01
4.851566481067745573e-01
4.851193578953003072e-01
4.851088833414324286e-01
4.851089442569589960e-01
4.851153639324735090e-01
4.851283395939645637e-01
4.851494079660685910e-01
4.851795942103920289e-01
4.852187343994213142e-01
4.852693697615644286e-01
4.853300673213611915e-01
4.854047084384643940e-01
4.854913243843876347e-01
4.855944843073285444e-01
4.857154898341717320e-01
4.858564829965243970e-01
4.860173208530380595e-01
4.861902572522057708e-01
4.863612758937967406e-01
4.865202554086821007e-01
4.866536010043520100e-01
4.867507898550634260e-01
4.868209719148267056e-01
4.868882505038907849e-01
4.869759238399989365e-01
4.871013106755278654e-01
4.872710243562459742e-01
4.874919399706942325e-01
4.877704443144297852e-01
4.881574576478865390e-01
4.889076257012260895e-01
4.896579047825811437e-01
4.885067607406179957e-01
4.879959855542197467e-01
4.877697997836233368e-01
4.876638261050891821e-01
4.876226587352107122e-01
4.876234311163827329e-01
4.876549484254353306e-01
4.877091651419327989e-01
4.877847450951527941e-01
4.878762661242993515e-01
4.879870618150680683e-01
4.881121900460951846e-01
4.882583656597174193e-01
4.884247701288551569e-01
4.886097535823192839e-01
4.888259220455224430e-01
4.890686135829316328e-01
4.893553562164000836e-01
4.896789164694391183e-01
4.900513508185139200e-01
4.904567014085219889e-01
4.908498796981926038e-01
4.911382247450872263e-01
4.912241456548364082e-01
4.911088971760970145e-01
4.908945344571015168e-01
4.906771587721565631e-01
4.905004266937957880e-01
4.903729581616393385e-01
4.902896266227769195e-01
4.902416408272177173e-01
4.902224053183651953e-01
4.902251264156610722e-01
4.902445490042492415e-01
4.902763340221241162e-01
4.903183124621914857e-01
4.903703791978111792e-01
4.904327692495360491e-01
4.905049000360707234e-01
4.905853421964731509e-01
4.906733393391292108e-01
4.907641489731826012e-01
4.908591249154008462e-01
4.909551845629847033e-01
4.910509221023566795e-01
4.911474746461851337e-01
4.912484372404341548e-01
4.913579153665574295e-01
4.914809313059392837e-01
4.916198073926010270e-01
4.917750341125356472e-01
4.919600484422833042e-01
4.921762328960795907e-01
4.924479920902208874e-01
4.928095457161877913e-01
4.933532854565665371e-01
4.944658876968500150e-01
4.986971993205445708e-01
4.953180005734804103e-01
4.945430130974066696e-01
4.940837795156892143e-01
4.937428575783418538e-01
4.936305393426477228e-01
4.935748424950117674e-01
4.935307974964273647e-01
4.934754240317739682e-01
4.933985983471746994e-01
4.933024753298532183e-01
4.931949070564982107e-01
4.930862898335546807e-01
4.929785220040069360e-01
4.928710839251698173e-01
4.927620915408036373e-01
4.926506377598211528e-01
4.925350045760148454e-01
4.924093224316627992e-01
4.922589909812611353e-01
4.921003701069558423e-01
4.919445539884648166e-01
4.917916892303342835e-01
4.916428994857053869e-01
4.914995125093367112e-01
4.913612648686765394e-01
4.912339056866377729e-01
4.911124854618888480e-01
4.910034308955662508e-01
4.909024684451941956e-01
4.908131331527574304e-01
4.907380084055420477e-01
4.906747028018123014e-01
4.906274683779749402e-01
4.905956401222658081e-01
4.905821667068641090e-01
4.905871936575338932e-01
4.906093029151986640e-01
4.906436399188472963e-01
4.906754560860286940e-01
4.906842276612626286e-01
4.906471866951317429e-01
4.905564384317382398e-01
4.904247669084829120e-01
4.902742353275464926e-01
4.901223077368458969e-01
4.899782406441912097e-01
4.898456311915466155e-01
4.897234796167376225e-01
4.896121540626858781e-01
4.895123040549550497e-01
4.894179182183921450e-01
4.893324854007446989e-01
4.892516142017255265e-01
4.891790174588612206e-01
4.891115029153290661e-01
4.890524636228669730e-01
4.889993674145248215e-01
4.889547765202328367e-01
4.889165040545430108e-01
4.888860984723804037e-01
4.888618677556892389e-01
4.888449087132947235e-01
4.888345988158623312e-01
4.888317488029813584e-01
4.888364696002290288e-01
4.888487758713041531e-01
4.888692924349705149e-01
4.888976993946055338e-01
4.889323617396539867e-01
4.889722079153305812e-01
4.890124045273966935e-01
4.890465213922227661e-01
4.890697542694404931e-01
4.890830936584883992e-01
4.890922370932313523e-01
4.891030476414739425e-01
4.891184285507400586e-01
4.891400332641792637e-01
4.891679071777165766e-01
4.892018995536208670e-01
4.892419611010637159e-01
4.892886351716654314e-01
4.893449635688374433e-01
4.894266123745186770e-01
4.894610057152542493e-01
4.895149296540409756e-01
4.895813236050308714e-01
4.896570245185014048e-01
4.897415768068278386e-01
4.898373597484427244e-01
4.899478092116659744e-01
4.900773977979714369e-01
4.902272453692379517e-01
4.904068860833318277e-01
4.909359742649300751e-01
4.906998648446229128e-01
4.905939141638046563e-01
4.906365197338565798e-01
4.907234249030901774e-01
4.908376208688585707e-01
4.909767258614625152e-01
4.911360322404043077e-01
4.913262039974777284e-01
4.915502819388806177e-01
4.918126123176523312e-01
4.921399264933297713e-01
4.925635641535274778e-01
4.931537600476351146e-01
4.940764406780094875e-01
4.959303625719293507e-01
5.037930369005699793e-01
5.006370897318191959e-01
4.957556908892115644e-01
4.944035339108414639e-01
4.937955202018100009e-01
4.934823810600774130e-01
4.933263943259719730e-01
4.932706427912251224e-01
4.932884727492879984e-01
4.933672392040369670e-01
4.935023380292959394e-01
4.936951909284584827e-01
4.939554351688602574e-01
4.942878097383063829e-01
4.947083877335310409e-01
4.952270670267042707e-01
4.958269185583347727e-01
4.964093832981153476e-01
4.967547518882097779e-01
4.966826056470682316e-01
4.962941943446868565e-01
4.958255683825926186e-01
4.954141548089538438e-01
4.950953605576057237e-01
4.948611998611577856e-01
4.947030964260903385e-01
4.945990297851914907e-01
4.945371024220440170e-01
4.945040841610705007e-01
4.944879467631402847e-01
4.944784406171365276e-01
4.944681820188288612e-01
4.944563004721561073e-01
4.944484343474332411e-01
4.944526440807038847e-01
4.944755502087331278e-01
4.945201850769931351e-01
4.945914557255228772e-01
4.946943535635468514e-01
4.948370438065294308e-01
4.950265847373243600e-01
4.952389453240183537e-01
4.953593860381381164e-01
4.953199847017077939e-01
4.952413360771601436e-01
4.951998226557456362e-01
4.951993628992469865e-01
4.952296932580051436e-01
4.952823502520928844e-01
4.953526405184313086e-01
4.954363743100744788e-01
4.955288536658996601e-01
4.956327110749486065e-01
4.957422542626191420e-01
4.958619922412765280e-01
4.959863575772013311e-01
4.961211581545438842e-01
4.962604875594394671e-01
4.964110591539323547e-01
4.965664125551992325e-01
4.967341748900936937e-01
4.969072431792223576e-01
4.970940891726192690e-01
4.972864561644289583e-01
4.974903889367313647e-01
4.977019169015397537e-01
4.979171063289062338e-01
4.981294492618111858e-01
4.983313533005733209e-01
4.985090756623749564e-01
4.986514793644049037e-01
4.987674908744204050e-01
4.988858064180237695e-01
4.990448946713743616e-01
4.994917556226032285e-01
4.994147055559444714e-01
4.993278761058435045e-01
4.993927802197536403e-01
4.994951405581770087e-01
4.996167862744959054e-01
4.997514076397881477e-01
4.998976614843791966e-01
5.000486594713398070e-01
5.002102107061153768e-01
5.003742551679825068e-01
5.005479178019479614e-01
5.007232125525751254e-01
5.009085707106881724e-01
5.010989139696523376e-01
5.012990543906137297e-01
5.015140353091436243e-01
5.017563793769886926e-01
5.019886006194388406e-01
5.021113805987913459e-01
5.022229891040006500e-01
5.023586672441170409e-01
5.025054238540165308e-01
5.026565900612448567e-01
5.028102620227258290e-01
5.029594321735216811e-01
5.031101847853478581e-01
5.032555898099407843e-01
5.034028109607227019e-01
5.035461244424986882e-01
5.036936270683143313e-01
5.038406096635631437e-01
5.039964858464247577e-01
5.041612766987658700e-01
5.043350268111712609e-01
5.045310341030444512e-01
5.047468953480627185e-01
5.049979288435445524e-01
5.052918551222262966e-01
5.056391922947485185e-01
5.060424303772285137e-01
5.064902740334576992e-01
5.068986813439799732e-01
5.071358825012747262e-01
5.071365896502230131e-01
5.069941020637428464e-01
5.068397533322964721e-01
5.067410583530894685e-01
5.067143010283362559e-01
5.067573802853200249e-01
5.068642431408446614e-01
5.070251641572199874e-01
5.072448271851137669e-01
5.075130923425847929e-01
5.078445204719512773e-01
5.082280516456793018e-01
5.086814994894600650e-01
5.092073167731473449e-01
5.098121318731492213e-01
5.105006744857915058e-01
5.112718701517853237e-01
5.121118936044386505e-01
5.129934408088182574e-01
5.138139102596488428e-01
5.144977177216983888e-01
5.148876820753727213e-01
5.149117316625729801e-01
5.145718369087024513e-01
5.139543788229931076e-01
5.131793227333030227e-01
5.123732699124403656e-01
5.115962576314088128e-01
5.108827406385029191e-01
5.102456993830458698e-01
5.096860219480298104e-01
5.091932521153162972e-01
5.087753946671392802e-01
5.084047579452001253e-01
5.080907672622034799e-01
5.078119591051402093e-01
5.075753806147286218e-01
5.073651138461249266e-01
5.071869681647456218e-01
5.070297412566766582e-01
5.068991198285737187e-01
5.067908425385433402e-01
5.067130979513063682e-01
5.066983643272886528e-01
5.073896894716422024e-01
5.065919517087320578e-01
5.063967569601203200e-01
5.062949289532389097e-01
5.062253917722718821e-01
5.061754284721833308e-01
5.061409908754840314e-01
5.061220117925034900e-01
5.061180672421916604e-01
5.061312925572903909e-01
5.061659383796802691e-01
5.062304402236302847e-01
5.063433443925563493e-01
5.065490198376878528e-01
5.069307726457621399e-01
5.071374958890657592e-01
5.067586303049327334e-01
5.065171731052648951e-01
5.064024980002467258e-01
5.063454404221733318e-01
5.063169406958663021e-01
5.063019815413962732e-01
5.062933037566297312e-01
5.062872547426487957e-01
5.062823553301060153e-01
5.062783779885006163e-01
5.062759449350714425e-01
5.062756048788968899e-01
5.062780637475856604e-01
5.062839196679833620e-01
5.062932995388620405e-01
5.063068252309094186e-01
5.063240557624277827e-01
5.063458380485964527e-01
5.063712902292081264e-01
5.064016276015794737e-01
5.064356161126294387e-01
5.064749803847251597e-01
5.065193195168552487e-01
5.065679185725250333e-01
5.066235713093911741e-01
5.066844646623708259e-01
5.067542364856757464e-01
5.068307869068756633e-01
5.069190060927811770e-01
5.070166893703170752e-01
5.071335724262829858e-01
5.072595512064744794e-01
5.074138015351319364e-01
5.075937358061392013e-01
5.078192674013618513e-01
5.080990541960946905e-01
5.084766098252252453e-01
5.090208962803064452e-01
5.099048453233501199e-01
5.116372203748277281e-01
5.151862412232488531e-01
5.134995432355377032e-01
5.109968714116945865e-01
5.099576771920194540e-01
5.094543167696226060e-01
5.091547466684811507e-01
5.089349147839472565e-01
5.087815734504174126e-01
5.086833420714347298e-01
5.086229590567635794e-01
5.085887142994558463e-01
5.085720975946544931e-01
5.085672045786956419e-01
5.085692236663331700e-01
5.085756691467945290e-01
5.085854662677747884e-01
5.085985549631513170e-01
5.086154781898782895e-01
5.086369569057345164e-01
5.086636984789328908e-01
5.086952898886674124e-01
5.087301770867971307e-01
5.087689084195494704e-01
5.088086284163171324e-01
5.088499938392565536e-01
5.088902174142780899e-01
5.089304212559574436e-01
5.089684509673526591e-01
5.090055699668536437e-01
5.090415836563061402e-01
5.090770442674161789e-01
5.091130138049854148e-01
5.091518169297100105e-01
5.091993007828693463e-01
5.092749871641195636e-01
5.095269244924863772e-01
5.095303581447547803e-01
5.093011575711663408e-01
5.092442433854429407e-01
5.092143521852509069e-01
5.091927403757954274e-01
5.091734064538953053e-01
5.091549455488665332e-01
5.091359190184483463e-01
5.091164685031736026e-01
5.090970472151113979e-01
5.090791055012453548e-01
5.090674063324364118e-01
5.091162347753133144e-01
5.090284947336777277e-01
5.089929348089041738e-01
5.089683069082857614e-01
5.089476522413189929e-01
5.089298026798116936e-01
5.089145634156203579e-01
5.089018850463414845e-01
5.088921487612421135e-01
5.088856691842474911e-01
5.088822393900486185e-01
5.088821523041662243e-01
5.088854280612239434e-01
5.088920160882024479e-01
5.089022424006539591e-01
5.089157662444575569e-01
5.089332841335849622e-01
5.089541794467190572e-01
5.089795453059910990e-01
5.090084466740301128e-01
5.090423721449198746e-01
5.090800180289805077e-01
5.091233288310401672e-01
5.091706803601063758e-01
5.092240145973346843e-01
5.092833625458215163e-01
5.093493977323606536e-01
5.094233298188809433e-01
5.095048266586493790e-01
5.095935615554040288e-01
5.096899217319488251e-01
5.097969912523986347e-01
5.099149285850623770e-01
5.100452874545993165e-01
5.101892461898424047e-01
5.103482884108974105e-01
5.105242624775314653e-01
5.107218220760183502e-01
5.109367715910193564e-01
5.111827311133577689e-01
5.114530800926812004e-01
5.117625681631732260e-01
5.121160214176500025e-01
5.125239321842128826e-01
5.130008955244097502e-01
5.135681089026414847e-01
5.142672251169817521e-01
5.151335354653223675e-01
5.162965688572312972e-01
5.180426106639486328e-01
5.211453925523085173e-01
5.242218875645365816e-01
5.226745745622546346e-01
5.216677112174628039e-01
5.215121773191632171e-01
5.211034889594065023e-01
5.200976651489396252e-01
5.189705291278492449e-01
5.178461647653184174e-01
5.168271327548739080e-01
5.159470088959399181e-01
5.152000161179798310e-01
5.145669910005509218e-01
5.140266528868763229e-01
5.135542703748126048e-01
5.131394085455781573e-01
5.127768844277346139e-01
5.124406389672349071e-01
5.121402637827721094e-01
5.118581700015573110e-01
5.116051408105570797e-01
5.113679155035649737e-01
5.111561527241301750e-01
5.109587366776844330e-01
5.107833960558918474e-01
5.106225570801735669e-01
5.104787080527161125e-01
5.103566136296253664e-01
5.102734458617316227e-01
5.103139774518303806e-01
5.107167068475917393e-01
5.100097116534964004e-01
5.098094394669041574e-01
5.096839770678787129e-01
5.095913655429296085e-01
5.095188453303856058e-01
5.094623859873491645e-01
5.094234618154199756e-01
5.094020502219552826e-01
5.094022929216346363e-01
5.094286996605059681e-01
5.094872006017461263e-01
5.095939090906066449e-01
5.097827285486012938e-01
5.101038933931828501e-01
5.107429915216227245e-01
5.122678164059895067e-01
5.162469801988395224e-01
5.134930700182581687e-01
5.109401573842760058e-01
5.098827948694243384e-01
5.093097328082504260e-01
5.089441044777527345e-01
5.086952111842627522e-01
5.085130068967246286e-01
5.083729493140544120e-01
5.082584193599141154e-01
5.081541308846283522e-01
5.080461633648135633e-01
5.079275144019185229e-01
5.078003375212061243e-01
5.076702012606781889e-01
5.075406610490706960e-01
5.074122617681205982e-01
5.072834505796067761e-01
5.071516179018634718e-01
5.070138839449447321e-01
5.068675943859365374e-01
5.067113343219176169e-01
5.065464522403534398e-01
5.063752076480796394e-01
5.062074289428779572e-01
5.060465458666685290e-01
5.058956371151150933e-01
5.057559217195392032e-01
5.056282281416620838e-01
5.055118393158395396e-01
5.054106613201077014e-01
5.053199405541030087e-01
5.052439266688947272e-01
5.051793126291895808e-01
5.051285805629647241e-01
5.050932932800795694e-01
5.050733992126563709e-01
5.050709401895308037e-01
5.050889518510005560e-01
5.051327178669516860e-01
5.052070915670529017e-01
5.053253280120785229e-01
5.055091570305587645e-01
5.057906418493179901e-01
5.062469264065486696e-01
5.069139732805332255e-01
5.077149285316037153e-01
5.097540341685700138e-01
5.132852750626066829e-01
5.090531698565819996e-01
5.071950650437027086e-01
5.064373259461618648e-01
5.061845720207103216e-01
5.058557410038669877e-01
5.055134457524932401e-01
5.053367781538070647e-01
5.052352999556968260e-01
5.051792003284343302e-01
5.051554866446184011e-01
5.051573765595894772e-01
5.051814604468072289e-01
5.052257992658460983e-01
5.052880495596802080e-01
5.053715237864807586e-01
5.054739014096322203e-01
5.056022545773060095e-01
5.057538658216335081e-01
5.059397895280238755e-01
5.061566199330516103e-01
5.064210735241897465e-01
5.067297357298834459e-01
5.071088724902488298e-01
5.075574050082221067e-01
5.081199546046824000e-01
5.088052856836340343e-01
5.097001318362517353e-01
5.108510470740452725e-01
5.124472908643237234e-01
5.147721989142011179e-01
5.184491754789576357e-01
5.249480378845927664e-01
5.358888786446206476e-01
5.373331782980457216e-01
5.261688200704988105e-01
5.192671192016964365e-01
5.154069095846636195e-01
5.130586284411551290e-01
5.115128913897487584e-01
5.104682473035418999e-01
5.097940020690556739e-01
5.094649620487158304e-01
5.095942405366178374e-01
5.107216127298510600e-01
5.151457251804791859e-01
5.118329984157420354e-01
5.091835089195498876e-01
5.075093562308368167e-01
5.065840477610288328e-01
5.059736379209479606e-01
5.055253784690174612e-01
5.051695792891125469e-01
5.048732569363248990e-01
5.046288847517519383e-01
5.044171663728553856e-01
5.042358408754240573e-01
5.040841844676108296e-01
5.039696205734200962e-01
5.039238245354974444e-01
5.041714483253185719e-01
5.038204200365893337e-01
5.035363891884270249e-01
5.033891471920283189e-01
5.032842471965550679e-01
5.032023540103429671e-01
5.031362041290330378e-01
5.030808917006266423e-01
5.030344057508638889e-01
5.029904229048972608e-01
5.029455650898350116e-01
5.028967219978339731e-01
5.028384175902694819e-01
5.027720773224532147e-01
5.026951793699181437e-01
5.026131686722545844e-01
5.025247792947639125e-01
5.024366796681567493e-01
5.023472221503459956e-01
5.022626249712373037e-01
5.021807283073347339e-01
5.021067425341316781e-01
5.020383838185894509e-01
5.019797381245804102e-01
5.019288351307188423e-01
5.018887694081438644e-01
5.018585144407436971e-01
5.018406378501510945e-01
5.018359379213161997e-01
5.018474509855018750e-01
5.018778777253262158e-01
5.019340927712095946e-01
5.020221806645306373e-01
5.021593919477758128e-01
5.023723377280246982e-01
5.027176593828811546e-01
5.033293305913946192e-01
5.046698056711352853e-01
5.087225794401141199e-01
5.079385427958901245e-01
5.043539662268688994e-01
5.031105391776425906e-01
5.024982621710238906e-01
5.021462175087739732e-01
5.019212083239652511e-01
5.016776240343367999e-01
5.014822762220766394e-01
5.013323999671274178e-01
5.012106301029723987e-01
5.011075000441000959e-01
5.010174211770385133e-01
5.009404579868468321e-01
5.008710827312674585e-01
5.008112017990966613e-01
5.007570219239957376e-01
5.007103659075976543e-01
5.006685134858451791e-01
5.006330810084281824e-01
5.006025090340650019e-01
5.005771726142791422e-01
5.005570838789327182e-01
5.005423088690681421e-01
5.005328872667260676e-01
5.005285588419358112e-01
5.005278156957431168e-01
5.005276894789093545e-01
5.005260952526378038e-01
5.005202104799885143e-01
5.005078209334414829e-01
5.004895156069337769e-01
5.004682961343214220e-01
5.004472128155810218e-01
5.004292484182217837e-01
5.004148314961475164e-01
5.004045744109634208e-01
5.003984186596166506e-01
5.003961184816272389e-01
5.003974659408130243e-01
5.004024003836784473e-01
5.004117002227128630e-01
5.004264399527832419e-01
5.004498451803721659e-01
5.004844955201228629e-01
5.005369455402827183e-01
5.006135498647720228e-01
5.007217017658215363e-01
5.008807938979054075e-01
5.011193956215769241e-01
5.014987570071672840e-01
5.021656819173730968e-01
5.036251664585884580e-01
5.080387565647327408e-01
5.063121660487729381e-01
5.030451420930214246e-01
5.018796710063107014e-01
5.012935411979909661e-01
5.009406274394962999e-01
5.007056705919658013e-01
5.005378094182499904e-01
5.004172150147359055e-01
5.003241177863648748e-01
5.002543777099095479e-01
5.001990606099967485e-01
5.001562223171107657e-01
5.001240438462903892e-01
5.000993681121808088e-01
5.000822526294183001e-01
5.000709724068252982e-01
5.000654059931757267e-01
5.000647550001773300e-01
5.000688597408333713e-01
5.000779091573430701e-01
5.000918269240288705e-01
5.001116689336017052e-01
5.001369260147470186e-01
5.001680514081117135e-01
5.002027743334455101e-01
5.002362921316052535e-01
5.002627361894111946e-01
5.002807265297629646e-01
5.002951626410286901e-01
5.003124155706772935e-01
5.003363590611903389e-01
5.003682585246433945e-01
5.004104637143659273e-01
5.004644373945754676e-01
5.005332529322215063e-01
5.006230754224442192e-01
5.007466975596068792e-01
5.009375483566738119e-01
5.012375685748328147e-01
5.013296938828224469e-01
5.011510418279419010e-01
5.010799277072524038e-01
5.010855052462970249e-01
5.011353421975850431e-01
5.012184869516632668e-01
5.013343206493221516e-01
5.014914206650679107e-01
5.016987386293726425e-01
5.019967661562522165e-01
5.024424946727684693e-01
5.031981768569526725e-01
5.048171389862922132e-01
5.096204770511338911e-01
5.081958799679758831e-01
5.042283606409538876e-01
5.030478096167249058e-01
5.024748401507022066e-01
5.021443767133793035e-01
5.019323057085811612e-01
5.017873427315189261e-01
5.016834817613793351e-01
5.016059206006177051e-01
5.015455125388643687e-01
5.014964048971873867e-01
5.014550803693453851e-01
5.014196881938091099e-01
5.013893226662897717e-01
5.013632936045265831e-01
5.013418827669742228e-01
5.013255273222126940e-01
5.013135927586507279e-01
5.013068229580663893e-01
5.013049336139050460e-01
5.013079763680517997e-01
5.013157444101422611e-01
5.013273629429575440e-01
5.013424506520026691e-01
5.013593233494980650e-01
5.013775160035274236e-01
5.013963210175792495e-01
5.014159292146438407e-01
5.014371701941626736e-01
5.014614599659353855e-01
5.014890472090658413e-01
5.015220867362691903e-01
5.015607057194664264e-01
5.016043501589330100e-01
5.016553986251977015e-01
5.017119263492438863e-01
5.017769557834717009e-01
5.018482331357217996e-01
5.019300846770118341e-01
5.020200473772009619e-01
5.021228113370356239e-01
5.022316749209980724e-01
5.023427304381345992e-01
5.024415033080595894e-01
5.025180240848723390e-01
5.025785698588560724e-01
5.026438441163132431e-01
5.027373450760056484e-01
5.028828944795280531e-01
5.031138127241372437e-01
5.034956345004230061e-01
5.041998754670911076e-01
5.057872291573932699e-01
5.105835948124732848e-01
5.075994865363613329e-01
5.047545061180110926e-01
5.036878772764188383e-01
5.031308967089077600e-01
5.027897810752416374e-01
5.025561527673935158e-01
5.023926410784808061e-01
5.022692472645805539e-01
5.021795913737483463e-01
5.021120222318109505e-01
5.020641673206471811e-01
5.020328620835635691e-01
5.020164882091425751e-01
5.020119729225352989e-01
5.020194475000715473e-01
5.020382519531798593e-01
5.020672166556393590e-01
5.021064378962061259e-01
5.021571124157065968e-01
5.022170203074532990e-01
5.022890013458914948e-01
5.023699758234705381e-01
5.024639239598479579e-01
5.025670649790155986e-01
5.026833531987530135e-01
5.028116678810397033e-01
5.029495069787455197e-01
5.030912959285908093e-01
5.032352326873074100e-01
5.033884769091161449e-01
5.035596951063580073e-01
5.037542585194680900e-01
5.039785991024876566e-01
5.042286805960348728e-01
5.045182629029706378e-01
5.048571719151719872e-01
5.052492933160038779e-01
5.057324094721257213e-01
5.064382428524752955e-01
5.072036344744874636e-01
5.075621019732451389e-01
5.083811169925978035e-01
5.095029220903738443e-01
5.110260715150741762e-01
5.132115780151291773e-01
5.166286307164356106e-01
5.227609068939218506e-01
5.358721074322113642e-01
5.470180845962928640e-01
5.298928797900667176e-01
5.213960986561556599e-01
5.182186890155439096e-01
5.185433433202326636e-01
5.163918495810062570e-01
5.126441464613852306e-01
5.107017828715781915e-01
5.095093001664007248e-01
5.086707954253332220e-01
5.080620144515244352e-01
5.076276868986948632e-01
5.073393996080263202e-01
5.071825602146380341e-01
5.071583688584566652e-01
5.072868295481189893e-01
5.076324220116475994e-01
5.083731258799669694e-01
5.101751296222568621e-01
5.204283956827572277e-01
5.133379014252257289e-01
5.092289521218426041e-01
5.080430618713069890e-01
5.075789573030796697e-01
5.073847882064930204e-01
5.071440550802676084e-01
5.066648652429024402e-01
5.060855742414259728e-01
5.055657491374434542e-01
5.051465863299854364e-01
5.048160424694789761e-01
5.045518230569026041e-01
5.043460732416527037e-01
5.041791526087092690e-01
5.040446449839687260e-01
5.039334979961881400e-01
5.038365270163293053e-01
5.037496400357700521e-01
5.036748747101940094e-01
5.036146869505850887e-01
5.035702215795568870e-01
5.035420127022909309e-01
5.035316058390142402e-01
5.035394294090086431e-01
5.035669554135955295e-01
5.036137343173741066e-01
5.036821675564409073e-01
5.037680179309571571e-01
5.038708763912861377e-01
5.039765475508637405e-01
5.040718759331768162e-01
5.041340911385669976e-01
5.041463201959807128e-01
5.041078191324998015e-01
5.040348292502522254e-01
5.039495600804703157e-01
5.038702391602255526e-01
5.038091322606994549e-01
5.037764965073058265e-01
5.037916086151729145e-01
5.039321843169904946e-01
5.040882996613923472e-01
5.037889692549799570e-01
5.036974763106333297e-01
5.036690372756860157e-01
5.036679355466907593e-01
5.036826778928076287e-01
5.037084454972304837e-01
5.037411311229141875e-01
5.037792949349571003e-01
5.038203732197916729e-01
5.038628526432544774e-01
5.039070984403744013e-01
5.039558867178495216e-01
5.040160227243750679e-01
5.041047455562543966e-01
5.042648358073631432e-01
5.044818667931624256e-01
5.042903497303495852e-01
5.040161663522328972e-01
5.038289020003426932e-01
5.036788645243044371e-01
5.035453635516015103e-01
5.034185791492162831e-01
5.032933746597093583e-01
5.031727935427865450e-01
5.030510864764057288e-01
5.029342151191228405e-01
5.028186055087279227e-01
5.027062405764095576e-01
5.025964196223680069e-01
5.024932812317080000e-01
5.023923146810347351e-01
5.022983813282744237e-01
5.022072229276774991e-01
5.021231140378239477e-01
5.020421357359640124e-01
5.019680083750759358e-01
5.018971977232964399e-01
5.018314157310527213e-01
5.017718379301339127e-01
5.017159961493209419e-01
5.016643306907675459e-01
5.016167369996140657e-01
5.015733621319470315e-01
5.015339968951009197e-01
5.015000655837407173e-01
5.014699540512841391e-01
5.014450102012674160e-01
5.014239277616266977e-01
5.014075938070453597e-01
5.013950782025449193e-01
5.013868751837274873e-01
5.013824607372907582e-01
5.013820297715817498e-01
5.013855318027540253e-01
5.013929320452319427e-01
5.014046775799938516e-01
5.014208763847430861e-01
5.014413023818151682e-01
5.014672435058279421e-01
5.014980992205784194e-01
5.015360933717970537e-01
5.015808269662747065e-01
5.016358954844308826e-01
5.017048141088218394e-01
5.017938957121044208e-01
5.019101600192505952e-01
5.020104871854138562e-01
5.020239679071726302e-01
5.020243387744470764e-01
5.020529160870237373e-01
5.021054200627742548e-01
5.021762829534680561e-01
5.022641385446915407e-01
5.023654618268073024e-01
5.024863660414702338e-01
5.026264818954360170e-01
5.027901109644888900e-01
5.029769839783591046e-01
5.032153039717848220e-01
5.035229470837979671e-01
5.039459080916481870e-01
5.045733760358761533e-01
5.056196593172110898e-01
5.073713907376272703e-01
5.080911993788337355e-01
5.064144721101990765e-01
5.052542695271231565e-01
5.046427841755916077e-01
5.043055183645140938e-01
5.041152397024660781e-01
5.040130676725865788e-01
5.039687104262310369e-01
5.039662444882379022e-01
5.039957166782597087e-01
5.040518097982247259e-01
5.041309648911507235e-01
5.042306320611509296e-01
5.043428557765391451e-01
5.044758291035800202e-01
5.046181023005618105e-01
5.047721358093255617e-01
5.049258219333431219e-01
5.050800453542974022e-01
5.052218800147456612e-01
5.053533948685644539e-01
5.054674371741099126e-01
5.055718996615962135e-01
5.056677673725301636e-01
5.057658779219222911e-01
5.058728135437082774e-01
5.059957781515014297e-01
5.061415471654400200e-01
5.063193309871865111e-01
5.065304934662316905e-01
5.067737302559102153e-01
5.070279029791930903e-01
5.073199519510316335e-01
5.076810889234174562e-01
5.081220846451937057e-01
5.086645423548415978e-01
5.093398213847303291e-01
5.102092859779628897e-01
5.113228437419308214e-01
5.128627976581032755e-01
5.151094109934950538e-01
5.187149212568302747e-01
5.254146989145876967e-01
5.397839373580204381e-01
5.444588976989703788e-01
5.281100122207504910e-01
5.201076226799603575e-01
5.160384065445015045e-01
5.136232736035148960e-01
5.120225454165699963e-01
5.108890277674694724e-01
5.100515399678585693e-01
5.094162005048233910e-01
5.089230533965330983e-01
5.085038326041796397e-01
5.081182891023506842e-01
5.077749380186863393e-01
5.074868911311710695e-01
5.072455596890426133e-01
5.070420678431406536e-01
5.068673904940929065e-01
5.067216610611324779e-01
5.065939334516353920e-01
5.064869825432323225e-01
5.063933001648356358e-01
5.063135705969222800e-01
5.062461594797109665e-01
5.061897321703026087e-01
5.061451454354282120e-01
5.061071693980253583e-01
5.060774003479071581e-01
5.060555982280472431e-01
5.060403943516639247e-01
5.060310652748023497e-01
5.060275013757833396e-01
5.060288422726222368e-01
5.060343540110104898e-01
5.060434012277180704e-01
5.060547098650911568e-01
5.060678069703478110e-01
5.060813161579291730e-01
5.060952244474351547e-01
5.061087417992022885e-01
5.061226956667427279e-01
5.061373011228085250e-01
5.061536361709269016e-01
5.061727163273693764e-01
5.061954724113910675e-01
5.062228614528320181e-01
5.062562504774736905e-01
5.062974239991683278e-01
5.063482938008779799e-01
5.064116981915213200e-01
5.064877215467034066e-01
5.065830479582162926e-01
5.066975550755195012e-01
5.068425009519814672e-01
5.070196527722177215e-01
5.072498632555367815e-01
5.075412813501992693e-01
5.079313641814106051e-01
5.084580952934616427e-01
5.091707333370782962e-01
5.099910242897847112e-01
5.105258933824723400e-01
5.102440809309413128e-01
5.094679924564760043e-01
5.087419336212071208e-01
5.081959476546967780e-01
5.078022688972393395e-01
5.075174514620416355e-01
5.073076659964442792e-01
5.071585400416709355e-01
5.070503041224616592e-01
5.069807752943911172e-01
5.069433146431528980e-01
5.069398361874228875e-01
5.069736377099507418e-01
5.070545795189058680e-01
5.072020797909175815e-01
5.074561887577893060e-01
5.079132985881062989e-01
5.088421886863213617e-01
5.114939686214218240e-01
5.168521000039278945e-01
5.103565580059603590e-01
5.087790360682595825e-01
5.077350518727862250e-01
5.071135959039778651e-01
5.067191339134334838e-01
5.064370187865014916e-01
5.062072255451741665e-01
5.059988245368792770e-01
5.057979991000418618e-01
5.056024463762345267e-01
5.054140458229835486e-01
5.052345628137420164e-01
5.050662369635067206e-01
5.049125248576212810e-01
5.047740735136889700e-01
5.046321158363415993e-01
5.044868651723174446e-01
5.043540457631002782e-01
5.042322675220769490e-01
5.041203774490661260e-01
5.040161534553657674e-01
5.039187156645642540e-01
5.038264495383503183e-01
5.037419906758195953e-01
5.036610057967992882e-01
5.035869323037416301e-01
5.035160368013715804e-01
5.034513995903321382e-01
5.033898289212173083e-01
5.033340866968250005e-01
5.032815196146988024e-01
5.032346278256862870e-01
5.031913618687002820e-01
5.031540366589110080e-01
5.031213515233987632e-01
5.030951826536043114e-01
5.030757216066273907e-01
5.030627536442460190e-01
5.030529917630942593e-01
5.030373342988461172e-01
5.030060208764762786e-01
5.029615837995932148e-01
5.029148040252107155e-01
5.028723694995386184e-01
5.028358899944983529e-01
5.028046360014382099e-01
5.027788637900267865e-01
5.027566885540026842e-01
5.027387309190992637e-01
5.027238239075566550e-01
5.027125142379555989e-01
5.027039404713458115e-01
5.026987722809423964e-01
5.026967812684146608e-01
5.026976526794810773e-01
5.027015765936047043e-01
5.027085446999489671e-01
5.027180848880805630e-01
5.027310349645658372e-01
5.027470992590405974e-01
5.027663488226756794e-01
5.027878372999632361e-01
5.028136681543123876e-01
5.028424666396263953e-01
5.028758247080751254e-01
5.029126719064003215e-01
5.029552593740415078e-01
5.030025023275079832e-01
5.030577706086313272e-01
5.031203657640058724e-01
5.031949973580470692e-01
5.032860908023978341e-01
5.033958512293350562e-01
5.035203123965406036e-01
5.036231688614623003e-01
5.036532976499660252e-01
5.036434161136762455e-01
5.036436367171713835e-01
5.036649160680444215e-01
5.037042575388168686e-01
5.037577998319768824e-01
5.038236986662256722e-01
5.038979511233123709e-01
5.039830073205843197e-01
5.040745173269552959e-01
5.041764029832179750e-01
5.042839495965457663e-01
5.044020772608165393e-01
5.045254740046037911e-01
5.046598641363827520e-01
5.048025091994697844e-01
5.049498752779314481e-01
5.051086394915672573e-01
5.052713530697638955e-01
5.054450382315290868e-01
5.056210977582086263e-01
5.058066085683321500e-01
5.059918726168767256e-01
5.061817050459801459e-01
5.063722945175839207e-01
5.065619115176307474e-01
5.067487632565738087e-01
5.069299135618616781e-01
5.070975586399149027e-01
5.072494940827597665e-01
5.073960837747670816e-01
5.075438744261251411e-01
5.076975155661115346e-01
5.078641068577756101e-01
5.080459120755502767e-01
5.082520582189634650e-01
5.084951448829393428e-01
5.087796178599856001e-01
5.091389412244009538e-01
5.095882533997958541e-01
5.101978400089915988e-01
5.110749478483019859e-01
5.125397882335149813e-01
5.156476506585393471e-01
5.178777452049558860e-01
5.152439143911475838e-01
5.150186192718296807e-01
5.161491614891462465e-01
5.182243819878934454e-01
5.218087337197024889e-01
5.292359618963793366e-01
5.431092935138503996e-01
5.389981897186556514e-01
5.260816361145707054e-01
5.195123993882192481e-01
5.158397265317016256e-01
5.135247962490939733e-01
5.118999824391700093e-01
5.107254877439942886e-01
5.097958998402205566e-01
5.090700734141553330e-01
5.084672741134519391e-01
5.079618796345234388e-01
5.075306527752497798e-01
5.071587563579255109e-01
5.068318114545932174e-01
5.065517272443551544e-01
5.063014966631755875e-01
5.060795375125481943e-01
5.058813829484924973e-01
5.057015477725144148e-01
5.055335308646301540e-01
5.053795891826882158e-01
5.052355064672303664e-01
5.050993353231458816e-01
5.049706629950899694e-01
5.048487694886870658e-01
5.047384026785063371e-01
5.046346843817253180e-01
5.045422555107632601e-01
5.044563905768059131e-01
5.043805521246210732e-01
5.043106277955079486e-01
5.042493138955134180e-01
5.041931854155110582e-01
5.041432672668435533e-01
5.040991152781997275e-01
5.040620659711981810e-01
5.040282596477730914e-01
5.040001121594956945e-01
5.039762296102563432e-01
5.039575730433143441e-01
5.039439105220966386e-01
5.039353843728821003e-01
5.039323159410304953e-01
5.039356198269022702e-01
5.039493660833125332e-01
5.039640004465514300e-01
5.039649883627661531e-01
5.039786381099153889e-01
5.039988774634119872e-01
5.040241091107623417e-01
5.040537675094117764e-01
5.040879698674662901e-01
5.041253284409780155e-01
5.041673897758327527e-01
5.042121707970753652e-01
5.042616156821119189e-01
5.043146909383218190e-01
5.043700873424400433e-01
5.044304039446404486e-01
5.044930905157386514e-01
5.045612693573962027e-01
5.046322584710426495e-01
5.047098838474076699e-01
5.047914949798729678e-01
5.048822197944508039e-01
5.049803188859269820e-01
5.050935781846391803e-01
5.052308254751671779e-01
5.054166368199332071e-01
5.057215200609741501e-01
5.062004539553844884e-01
5.060133107296059807e-01
5.057763489531649226e-01
5.057102767866329396e-01
5.057209611025385021e-01
5.057792102083071839e-01
5.058795609443990093e-01
5.060323471543360929e-01
5.062634166722260742e-01
5.066297012732798866e-01
5.072643209997389491e-01
5.085767096057142167e-01
5.116091635267990823e-01
5.108692182184170205e-01
5.081217860531762609e-01
5.069272350740919864e-01
5.062878351426174373e-01
5.058804606322482300e-01
5.055896173854493858e-01
5.053648367378774653e-01
5.051805526129391488e-01
5.050223798430574229e-01
5.048816535105266068e-01
5.047529120984459716e-01
5.046298395036309392e-01
5.045167952141090817e-01
5.044052823563236476e-01
5.042992132934857041e-01
5.041927309858365014e-01
5.040901220747744382e-01
5.039861514830565881e-01
5.038853320474541153e-01
5.037839234059916516e-01
5.036829998040736056e-01
5.035813794199244242e-01
5.034826252465941510e-01
5.033822039006771165e-01
5.032848198765269565e-01
5.031859850231539255e-01
5.030903171707190591e-01
5.029933947778840730e-01
5.028997283653259265e-01
5.028049619487514610e-01
5.027113507291320893e-01
5.026210579550864921e-01
5.025299309816709803e-01
5.024423133276761932e-01
5.023543317217217252e-01
5.022703653806832591e-01
5.021869085993395654e-01
5.021083386958317130e-01
5.020324859907357995e-01
5.019610223130613891e-01
5.018944080709142330e-01
5.018315668719129929e-01
5.017673712453719626e-01
5.016940898072138610e-01
5.016118588089542030e-01
5.015286431273983103e-01
5.014498166838740056e-01
5.013767806151528950e-01
5.013087397770737974e-01
5.012463901071247951e-01
5.011910077226162663e-01
5.011407667025647994e-01
5.010966178191240683e-01
5.010582826000675727e-01
5.010235374059176516e-01
5.009870196365683315e-01
5.009443089629376233e-01
5.008981937443509613e-01
5.008543661135649305e-01
5.008156445665147283e-01
5.007823880310049436e-01
5.007538405197016207e-01
5.007304714835829618e-01
5.007109219636501907e-01
5.006961417725430685e-01
5.006855479507443807e-01
5.006798180136740051e-01
5.006786972123200563e-01
5.006823140035776554e-01
5.006902416449462434e-01
5.007025023631536120e-01
5.007182577932348666e-01
5.007378485898239528e-01
5.007600837862249410e-01
5.007855542823023143e-01
5.008127042380282612e-01
5.008422496187963091e-01
5.008724535012060164e-01
5.009044402021312070e-01
5.009370370771712988e-01
5.009727696767344307e-01
5.010122838776253085e-01
5.010614640712965917e-01
5.011246532665273312e-01
5.012156098786433311e-01
5.013476978072056722e-01
5.015590095655279024e-01
5.019068691191610476e-01
5.025352199315086255e-01
5.038660618127184243e-01
5.067795798799297202e-01
5.057987495153640767e-01
5.031842976183160676e-01
5.019821413698182244e-01
5.013224474523615415e-01
5.009043159877524243e-01
5.006107029785590301e-01
5.003900537767006496e-01
5.002240599751673900e-01
5.000919161192938223e-01
4.999862990954627717e-01
4.999015111124173738e-01
4.998382738182123863e-01
4.997923096223867989e-01
4.997624925396939033e-01
4.997467706397139553e-01
4.997390917670374022e-01
4.997320618651448498e-01
4.997242081513274536e-01
4.997214225489133299e-01
4.997294310698991437e-01
4.997514228539082226e-01
4.997899802381345902e-01
4.998454881422717544e-01
4.999228891710196798e-01
5.000216929154620571e-01
5.001486616236533456e-01
5.003091270223848364e-01
5.005151095757989221e-01
5.007849667110652048e-01
5.011435154074691534e-01
5.015986926737842078e-01
5.020172060643862677e-01
5.021125961341373900e-01
5.020073995820063528e-01
5.019554935907943882e-01
5.020043213767116930e-01
5.021510179972075161e-01
5.023928570400365556e-01
5.027275789987681875e-01
5.031658022687056642e-01
5.037359443043752938e-01
5.044533161132735977e-01
5.054158679199535209e-01
5.066907576668961966e-01
5.085311522063340472e-01
5.113947824140957499e-01
5.165375788430545123e-01
5.286094568224701806e-01
5.581028063881189327e-01
5.295918451696155493e-01
5.169439372742907768e-01
5.116223133746332641e-01
5.087387731629630094e-01
5.069014464381235152e-01
5.056256173944998489e-01
5.046815008433601646e-01
5.039822364603717686e-01
5.034330905545152390e-01
5.029966510587245976e-01
5.026301858477361106e-01
5.022973203103140438e-01
5.019839942878914218e-01
5.016911873625217178e-01
5.014228758235155237e-01
5.011828706658043586e-01
5.009705857536764784e-01
5.007920372138322529e-01
5.006367595399615622e-01
5.005095578898723918e-01
5.004025028802701058e-01
5.003175782276261252e-01
5.002556169398832964e-01
5.002143694952256858e-01
5.001978034787751826e-01
5.002094383992201632e-01
5.002567022596470236e-01
5.003555917609258108e-01
5.005356662589555139e-01
5.008628927952216703e-01
5.015144199687400217e-01
5.031741642990609220e-01
5.112374693440872031e-01
5.043845775870707815e-01
5.016166623878051123e-01
5.006068651800074099e-01
5.000562783724822324e-01
4.997005671556588591e-01
4.994528398399145086e-01
4.992797642699421390e-01
4.991840154797078100e-01
4.991984375794271678e-01
4.993881934273420864e-01
4.991877212024125599e-01
4.988001025293491986e-01
4.985754115698075029e-01
4.984272587354772188e-01
4.983201884163804274e-01
4.982377334510965650e-01
4.981756639555027788e-01
4.981274865268411900e-01
4.980933381673152138e-01
4.980699562077894327e-01
4.980569152385412313e-01
4.980516886594349435e-01
4.980522232746608102e-01
4.980555004056330670e-01
4.980581995036919007e-01
4.980574199266868951e-01
4.980513281227053057e-01
4.980396529527609251e-01
4.980234335590118522e-01
4.980042769708870054e-01
4.979834410707787429e-01
4.979611625015510912e-01
4.979362924501750665e-01
4.979083211693962618e-01
4.978743580153112136e-01
4.978348513918761098e-01
4.977875350915905717e-01
4.977352716948139633e-01
4.976772686399889567e-01
4.976183952486769035e-01
4.975581730465237773e-01
4.975012917322120254e-01
4.974465257668060358e-01
4.973973515366647002e-01
4.973520119556271157e-01
4.973124561480158357e-01
4.972782189043904455e-01
4.972492567673741926e-01
4.972254434570382298e-01
4.972066474618060949e-01
4.971927769966114630e-01
4.971837405462872228e-01
4.971794180723360101e-01
4.971796923419608549e-01
4.971843904104225054e-01
4.971936283904994092e-01
4.972070788457786938e-01
4.972252611971045844e-01
4.972482850632984341e-01
4.972764462954563092e-01
4.973102789968118498e-01
4.973507521309609714e-01
4.973998562659148748e-01
4.974583415525030139e-01
4.975293448928608253e-01
4.976173787227504697e-01
4.977320276151880329e-01
4.979004914080805699e-01
4.982960931427047324e-01
4.986814497319413952e-01
4.982575206860858086e-01
4.982872040820827131e-01
4.984107470566150333e-01
4.986071565427251384e-01
4.989038158644450993e-01
4.993788974705009043e-01
5.002593149976325426e-01
5.025245138262089961e-01
5.103942353206835092e-01
5.023519014313619913e-01
5.002969516153096263e-01
4.994992624526028435e-01
4.990903383650929781e-01
4.988466915299046289e-01
4.986915783125046575e-01
4.985889626029536559e-01
4.985231657545382555e-01
4.984801533713054678e-01
4.984553203890474404e-01
4.984430139337187593e-01
4.984409034552401696e-01
4.984467305310021357e-01
4.984588156180349561e-01
4.984766133603054650e-01
4.984991897630739466e-01
4.985260640243327490e-01
4.985555116081926141e-01
4.985901217736692370e-01
4.986286042117639705e-01
4.986700250126745448e-01
4.987163674746946662e-01
4.987656967789817486e-01
4.988204176571344184e-01
4.988782501895513977e-01
4.989412796764827185e-01
4.990090428518502708e-01
4.990816313677644556e-01
4.991583246734367374e-01
4.992391244532502492e-01
4.993237476312475387e-01
4.994119085926314594e-01
4.995043622615144563e-01
4.996009731336393811e-01
4.997016279078179690e-01
4.998076887787130662e-01
4.999160222095286876e-01
5.000326386360536279e-01
5.001537838713395745e-01
5.002872033220054915e-01
5.004314091832757772e-01
5.005916912367752714e-01
5.007721935074851416e-01
5.009818405969725941e-01
5.012268734506660772e-01
5.015193692244727108e-01
5.018900983385241599e-01
5.023769635733498218e-01
5.030422016648713468e-01
5.039339746509255979e-01
5.048307849028165206e-01
5.049259812067070641e-01
5.042285674410075247e-01
5.035395026522470063e-01
5.030692298747441171e-01
5.027641908469483445e-01
5.025607634767675913e-01
5.024176856698568949e-01
5.023101829932817841e-01
5.022275493634005272e-01
5.021655229794612652e-01
5.021193804450152509e-01
5.020910861113284662e-01
5.020798002957749251e-01
5.020867903130254994e-01
5.021129071495917806e-01
5.021568777571226994e-01
5.022133141061756456e-01
5.022803932576024311e-01
5.023689342912840416e-01
5.024916103084196006e-01
5.026603816713761663e-01
5.028946692608217139e-01
5.032331783238631617e-01
5.037654645739501058e-01
5.047516352479275437e-01
5.073124355544217368e-01
5.122881480839591717e-01
5.063353188810120198e-01
5.045849870574061757e-01
5.038851672050882469e-01
5.035354250481692828e-01
5.033304966455478535e-01
5.031864448465196427e-01
5.030995919130702987e-01
5.030636587610087807e-01
5.030689304941712292e-01
5.031089123612068059e-01
5.031808016088606950e-01
5.032841157235385943e-01
5.034201550592298791e-01
5.035917428756599978e-01
5.038028823073682494e-01
5.040577456464686579e-01
5.043605288127355202e-01
5.047225469953914301e-01
5.051727319395119542e-01
5.057321851889264863e-01
5.064489159224905279e-01
5.073927884253313092e-01
5.086876579623568206e-01
5.105783561467513998e-01
5.136097834118541483e-01
5.195233101093204020e-01
5.373761390630723556e-01
5.650490888769915676e-01
5.244395595445933145e-01
5.157586833872581655e-01
5.119298087004267028e-01
5.097632526179900481e-01
5.083986856717847003e-01
5.075004585420802572e-01
5.069524592482768099e-01
5.066819919515422876e-01
5.067249464096720279e-01
5.072253274500396758e-01
5.085841657199854371e-01
5.113318183785410254e-01
5.146455616301286451e-01
5.102059721252359958e-01
5.081074437988928327e-01
5.072273717224551337e-01
5.049302631188260504e-01
5.037465200662519793e-01
5.029831925180724417e-01
5.024245514707155191e-01
5.019829691357712287e-01
5.016191518367657531e-01
5.013080257035905651e-01
5.010461537770284357e-01
5.008126105397626704e-01
5.006124001991734129e-01
5.004322238005363133e-01
5.002744183370385622e-01
5.001403129942330050e-01
5.000229369988865580e-01
4.999277427902762971e-01
4.998511312484756330e-01
4.997984119146601789e-01
4.997703160903489428e-01
4.997733950587113783e-01
4.998168751647350527e-01
4.999144901152839937e-01
5.000990501700833812e-01
5.004366094177118418e-01
5.011075181391432265e-01
5.028222940128781460e-01
5.117004324792240322e-01
5.038774232181854051e-01
5.012319836907553894e-01
