-4.654162061634714576e-06
-1.396481294080320623e-05
-2.327738611196394913e-05
-3.259187865012336260e-05
-4.190829989036970460e-05
-5.122665898082967573e-05
-6.054696015334037895e-05
-6.986920171625499165e-05
-7.919342460982470300e-05
-8.851957046296377030e-05
-9.784766847276138435e-05
-1.071777414434205156e-04
-1.165097747196641720e-04
-1.258437655445865389e-04
-1.351797581331526388e-04
-1.445177467168656804e-04
-1.538576670140345826e-04
-1.631995817016340666e-04
-1.725434878664389160e-04
-1.818893897901352474e-04
-1.912372839513176714e-04
-2.005871985799601021e-04
-2.099391052051702289e-04
-2.192930162874251465e-04
-2.286489446489126109e-04
-2.380068851487449066e-04
-2.473668467102285717e-04
-2.567289008161832697e-04
-2.660929169598924560e-04
-2.754589713317434629e-04
-2.848270827685572826e-04
-2.941972268635240084e-04
-3.035694178431525003e-04
-3.129436955858766467e-04
-3.223199976996049543e-04
-3.316983597601019795e-04
-3.410788019408972360e-04
-3.504613017124569296e-04
-3.598458853969477289e-04
-3.692325356240422352e-04
-3.786212732812543891e-04
-3.880121033503769468e-04
-3.974050213447766211e-04
-4.068000348916855913e-04
-4.161971635272543324e-04
-4.255963909093329889e-04
-4.349977306554730916e-04
-4.444011845095019453e-04
-4.538067665833533937e-04
-4.632144918280678425e-04
-4.726243289431275585e-04
-4.820362991750926085e-04
-4.914504647287598615e-04
-5.008667257114796101e-04
-5.102851377037920244e-04
-5.197057023126339104e-04
-5.291284350278369075e-04
-5.385533376658369065e-04
-5.479804041064184617e-04
-5.574096432044983729e-04
-5.668410787544875262e-04
-5.762746970316978690e-04
-5.857105343369806150e-04
-5.951485341333384582e-04
-6.045887402672533995e-04
-6.140312730686936504e-04
-6.234758922758487643e-04
-6.329227341028698106e-04
-6.423718292898339399e-04
-6.518231331625878866e-04
-6.612766679647830159e-04
-6.707324993272534286e-04
-6.801905216636816576e-04
-6.896508092459896488e-04
-6.991133329563581356e-04
-7.085781248691302991e-04
-7.180451999304615640e-04
-7.275145462672938379e-04
-7.369862253943093577e-04
-7.464601409160609435e-04
-7.559363455902357032e-04
-7.654148835420926389e-04
-7.748956843501852987e-04
-7.843788023563780243e-04
-7.938643888152352446e-04
-8.033521606903848422e-04
-8.128422588933315041e-04
-8.223347208444753420e-04
-8.318295019433818993e-04
-8.413266503619620806e-04
-8.508261300579356146e-04
-8.603279800269980626e-04
-8.698322405739089547e-04
-8.793388634142917937e-04
-8.888478774933261661e-04
-8.983592679654428537e-04
-9.078730529324952059e-04
-9.173893086105167072e-04
-9.269079156248860585e-04
-9.364289390890734310e-04
-9.459524347029679703e-04
-9.554783129195332236e-04
-9.650066424490288952e-04
-9.745376157146434792e-04
-9.840708719744961641e-04
-9.936065905304936052e-04
-1.003144818876866573e-03
-1.012685500193177823e-03
-1.022228695408355925e-03
-1.031774358945636294e-03
-1.041322540088818194e-03
-1.050873261583817886e-03
-1.060426504719380603e-03
-1.069982306085126567e-03
-1.079540632816344825e-03
-1.089101508064405088e-03
-1.098665059261150212e-03
-1.108231058608355468e-03
-1.117799649494877201e-03
-1.127370887866629978e-03
-1.136944691888519543e-03
-1.146521101478059634e-03
-1.156100356797473694e-03
-1.165682025022651835e-03
-1.175266362906213224e-03
-1.184853314778910871e-03
-1.194442941500950539e-03
-1.204035271445524913e-03
-1.213630281979627412e-03
-1.223228220475158778e-03
-1.232828643118244472e-03
-1.242431780804631458e-03
-1.252037681054862794e-03
-1.261646339895228230e-03
-1.271257731218611298e-03
-1.280872058539661573e-03
-1.290489154432972185e-03
-1.300108894763285505e-03
-1.309731537702085724e-03
-1.319356977577568202e-03
-1.328985186711983957e-03
-1.338616436759254569e-03
-1.348250516330251614e-03
-1.357887407623659115e-03
-1.367527165485826757e-03
-1.377169847947334880e-03
-1.386815472809055372e-03
-1.396464009543740836e-03
-1.406115618598824391e-03
-1.415770119767456592e-03
-1.425427580972526975e-03
-1.435088163811548689e-03
-1.444751741783378840e-03
-1.454418282433755927e-03
-1.464088102435590066e-03
-1.473760983257021984e-03
-1.483436768669021966e-03
-1.493115798361754898e-03
-1.502797934321731255e-03
-1.512483251873919521e-03
-1.522171715712450357e-03
-1.531863512799547244e-03
-1.541558446811142069e-03
-1.551256591539984520e-03
-1.560958027825742889e-03
-1.570662782193088525e-03
-1.580370816600673578e-03
-1.590082339800624744e-03
-1.599797134132163734e-03
-1.609515283307438871e-03
-1.619237011469154552e-03
-1.628962149831991724e-03
-1.638690657092656267e-03
-1.648422972558849509e-03
-1.658158784714092171e-03
-1.667897913868787718e-03
-1.677640817210002133e-03
-1.687387309373900024e-03
-1.697137501970091833e-03
-1.706891349531058921e-03
-1.716649118407298502e-03
-1.726410542225331746e-03
-1.736175728845990029e-03
-1.745944797822862604e-03
-1.755717796574240985e-03
-1.765494676512324723e-03
-1.775275922502039805e-03
-1.785061143241728487e-03
-1.794850106399792367e-03
-1.804643414114237565e-03
-1.814440831686581213e-03
-1.824242308974155513e-03
-1.834048499228413398e-03
-1.843858959283517507e-03
-1.853673429055291422e-03
-1.863492601408278659e-03
-1.873316212081088672e-03
-1.883144441814699199e-03
-1.892977235704362826e-03
-1.902814787518525286e-03
-1.912657033015796593e-03
-1.922504116364520677e-03
-1.932356238674270976e-03
-1.942213293344097202e-03
-1.952075428870547746e-03
-1.961943018550238449e-03
-1.971815577473501335e-03
-1.981693565692554948e-03
-1.991577314318426772e-03
-2.001466480201830045e-03
-2.011361318323912073e-03
-2.021262206124307959e-03
-2.031168839174091190e-03
-2.041081695445146060e-03
-2.051000548793036060e-03
-2.060925819235115419e-03
-2.070857760817057525e-03
-2.080796343392754544e-03
-2.090741937912032888e-03
-2.100694414594928006e-03
-2.110654069182982262e-03
-2.120621565645630646e-03
-2.130596177073229569e-03
-2.140578729619035947e-03
-2.150569864491025385e-03
-2.160568782810567967e-03
-2.170576435263416037e-03
-2.180593572573941152e-03
-2.190619636207924437e-03
-2.200655245088389833e-03
-2.210700959542788446e-03
-2.220756993212003039e-03
-2.230824159109245919e-03
-2.240902146198431311e-03
-2.250992062434731267e-03
-2.261094698480237142e-03
-2.271210240707199901e-03
-2.281339322442121897e-03
-2.291482942104017262e-03
-2.301641667044940220e-03
-2.311816985565484650e-03
-2.322008639846995237e-03
-2.332218725039303386e-03
-2.342448921164863584e-03
-2.352699956177706220e-03
-2.362973387866840191e-03
-2.373271160902246102e-03
-2.383595942281657720e-03
-2.393950378938192181e-03
-2.404336177301180655e-03
-2.414758293588725735e-03
-2.425221211754036155e-03
-2.435730425603965799e-03
-2.446290441029175255e-03
-2.456911946335460506e-03
-2.467604578954563088e-03
-2.478383973985587296e-03
-2.489269194234977611e-03
-2.500289200644822962e-03
-2.511490725873311014e-03
-2.522948834362548354e-03
-2.534809148068362106e-03
-2.547412166913454179e-03
-2.562003659257516830e-03
-2.589703443617974443e-03
-2.603691958864340350e-03
-2.615971534216887662e-03
-2.627592981459203614e-03
-2.638854537007406797e-03
-2.649887197784472903e-03
-2.660759433854353873e-03
-2.671510450267478021e-03
-2.682170332355626741e-03
-2.692755614127628760e-03
-2.703281147288127961e-03
-2.713754564469983421e-03
-2.724186222212154895e-03
-2.734580775950457010e-03
-2.744943186950732361e-03
-2.755277464267180676e-03
-2.765588062376478362e-03
-2.775876558255285786e-03
-2.786145298343201127e-03
-2.796396336258943904e-03
-2.806632167137834699e-03
-2.816853499600813215e-03
-2.827060693419980453e-03
-2.837256568614554553e-03
-2.847442084105256122e-03
-2.857617044475402324e-03
-2.867783312011429331e-03
-2.877941570843867147e-03
-2.888091595252051391e-03
-2.898234835003621335e-03
-2.908371079036853324e-03
-2.918501557872876795e-03
-2.928626659088995332e-03
-2.938746184517282423e-03
-2.948861139064118397e-03
-2.958971844406854679e-03
-2.969078111516254559e-03
-2.979180742997300513e-03
-2.989279509043596406e-03
-2.999375176222507378e-03
-3.009467741544757935e-03
-3.019557459418509282e-03
-3.029644735349168450e-03
-3.039729580497918526e-03
-3.049812152757347405e-03
-3.059892823885079771e-03
-3.069971235358903705e-03
-3.080048066874785384e-03
-3.090123616794282491e-03
-3.100197405680571450e-03
-3.110270023245820248e-03
-3.120341699309303607e-03
-3.130412010570515768e-03
-3.140481483352441927e-03
-3.150550098368509744e-03
-3.160618072600263062e-03
-3.170685390373795265e-03
-3.180752126224817289e-03
-3.190818487084357002e-03
-3.200884442019380494e-03
-3.210950082838781583e-03
-3.221015580019304103e-03
-3.231080931936136658e-03
-3.241146161864771891e-03
-3.251211450974733630e-03
-3.261276599077711502e-03
-3.271341932762350524e-03
-3.281407591061324958e-03
-3.291473318595583564e-03
-3.301539409674481007e-03
-3.311605948588702830e-03
-3.321672715696721845e-03
-3.331739979859027478e-03
-3.341807721722434010e-03
-3.351876049001778490e-03
-3.361944805500671762e-03
-3.372014303151371628e-03
-3.382084508876004314e-03
-3.392155400258722864e-03
-3.402227019965065047e-03
-3.412299458512291217e-03
-3.422372503807724620e-03
-3.432446415991385891e-03
-3.442521408268506278e-03
-3.452597203373874990e-03
-3.462673982033703801e-03
-3.472751819832531339e-03
-3.482830466792652402e-03
-3.492910212615663035e-03
-3.502991162280810755e-03
-3.513073107842323850e-03
-3.523156201579724645e-03
-3.533240429748785161e-03
-3.543325854538537101e-03
-3.553412383649590112e-03
-3.563500198203062297e-03
-3.573589277968469702e-03
-3.583679609418632950e-03
-3.593771216720442752e-03
-3.603864152637026308e-03
-3.613958304970577018e-03
-3.624053801285609389e-03
-3.634150779639244710e-03
-3.644249077554229110e-03
-3.654348801106932498e-03
-3.664449994889351636e-03
-3.674552515891771343e-03
-3.684656543834541331e-03
-3.694762065064582934e-03
-3.704869096390339678e-03
-3.714977629439064621e-03
-3.725087681750172131e-03
-3.735199290653024029e-03
-3.745312407133938315e-03
-3.755427131023392207e-03
-3.765543455099162884e-03
-3.775661334507129929e-03
-3.785780842711528038e-03
-3.795902011152318956e-03
-3.806024769111515660e-03
-3.816149172791161170e-03
-3.826275307184268115e-03
-3.836403085152984005e-03
-3.846532568279936726e-03
-3.856663783290303904e-03
-3.866796653951842799e-03
-3.876931293152474645e-03
-3.887067670423682841e-03
-3.897205809992976278e-03
-3.907345709726395278e-03
-3.917487381420392545e-03
-3.927630847469276709e-03
-3.937776085061073239e-03
-3.947923148414522743e-03
-3.958072036586601783e-03
-3.968222729527237647e-03
-3.978375268196110426e-03
-3.988529669474494277e-03
-3.998685832973580823e-03
-4.008843928489658204e-03
-4.019003929573106149e-03
-4.029165798948297628e-03
-4.039329568172544960e-03
-4.049495238525935292e-03
-4.059662825778298512e-03
-4.069832279400276143e-03
-4.080003713647917252e-03
-4.090177089703050939e-03
-4.100352410914331891e-03
-4.110529689414277321e-03
-4.120708931263261654e-03
-4.130890129884545736e-03
-4.141073321661692397e-03
-4.151258498289234211e-03
-4.161445663549923069e-03
-4.171634836088178311e-03
-4.181826016501410948e-03
-4.192019177437278366e-03
-4.202214396265002705e-03
-4.212411646076996696e-03
-4.222610932684056628e-03
-4.232812265291929776e-03
-4.243015649227244168e-03
-4.253221092717973661e-03
-4.263428601698482368e-03
-4.273638183056815976e-03
-4.283849843678577685e-03
-4.294063591030350402e-03
-4.304279429675261781e-03
-4.314497366966096870e-03
-4.324717412895529023e-03
-4.334939566024487156e-03
-4.345163837339405255e-03
-4.355390236936651505e-03
-4.365618763633061228e-03
-4.375849425869327014e-03
-4.386082238475141892e-03
-4.396317191559528936e-03
-4.406554301374487892e-03
-4.416793567074805971e-03
-4.427034999633261414e-03
-4.437278606813088722e-03
-4.447524390715940079e-03
-4.457772375693447309e-03
-4.468022536320503946e-03
-4.478274887969591056e-03
-4.488529441439848000e-03
-4.498786201412308117e-03
-4.509045168266778703e-03
-4.519306374064946397e-03
-4.529569813597311700e-03
-4.539835444073103687e-03
-4.550103321294796110e-03
-4.560373431545694523e-03
-4.570645772985160171e-03
-4.580920410933497777e-03
-4.591197277488023865e-03
-4.601476391246750453e-03
-4.611757762860269061e-03
-4.622041404719778868e-03
-4.632327314333606338e-03
-4.642615500399793760e-03
-4.652906020611302651e-03
-4.663198778169563852e-03
-4.673493826764074655e-03
-4.683791188702657315e-03
-4.694090833493147485e-03
-4.704392788168809680e-03
-4.714697095494657653e-03
-4.725003684579065499e-03
-4.735312592986429259e-03
-4.745623840330392973e-03
-4.755937401767384998e-03
-4.766253299169020963e-03
-4.776571534493179172e-03
-4.786892120296704078e-03
-4.797215058546799860e-03
-4.807540340378557708e-03
-4.817867983846535473e-03
-4.828197986588289581e-03
-4.838530358699633105e-03
-4.848865101856891791e-03
-4.859202232197157301e-03
-4.869541733754534363e-03
-4.879883622732616999e-03
-4.890227900567367669e-03
-4.900574577825000944e-03
-4.910923649664944435e-03
-4.921275129962099371e-03
-4.931629015055505327e-03
-4.941985338955512397e-03
-4.952344056526336580e-03
-4.962705195350469722e-03
-4.973068756225051956e-03
-4.983434753817572727e-03
-4.993803196113422160e-03
-5.004174073634293229e-03
-5.014547390254309178e-03
-5.024923157673666374e-03
-5.035301373022882387e-03
-5.045682162808651228e-03
-5.056065286256128388e-03
-5.066450877663886132e-03
-5.076838965797025871e-03
-5.087229506102297627e-03
-5.097622519389721774e-03
-5.108018086584231732e-03
-5.118416204736409014e-03
-5.128816702641425529e-03
-5.139219682374740472e-03
-5.149625165992821607e-03
-5.160033154695375934e-03
-5.170443620607589885e-03
-5.180856592959970364e-03
-5.191272092903043145e-03
-5.201690107685896791e-03
-5.212110660223756575e-03
-5.222533725533384796e-03
-5.232959318190011366e-03
-5.243387600484483713e-03
-5.253818259849496464e-03
-5.264251467849145882e-03
-5.274687257767474158e-03
-5.285125575847704482e-03
-5.295566445850607984e-03
-5.306009943217060432e-03
-5.316455939381348195e-03
-5.326904519066699706e-03
-5.337355648337704928e-03
-5.347809360084609942e-03
-5.358265658376937246e-03
-5.368724533087343431e-03
-5.379185993014456990e-03
-5.389650067183393567e-03
-5.400116725055914557e-03
-5.410585985850424606e-03
-5.421057848555288494e-03
-5.431532332800692586e-03
-5.442009607288134099e-03
-5.452489337452681717e-03
-5.462971686270079452e-03
-5.473456689608524606e-03
-5.483944299483844986e-03
-5.494434540628700958e-03
-5.504927497208211840e-03
-5.515423024934129614e-03
-5.525921218754392683e-03
-5.536422038902699683e-03
-5.546925522828316524e-03
-5.557431686085911871e-03
-5.567940510765145845e-03
-5.578452073250694809e-03
-5.588966244626569768e-03
-5.599483090304113730e-03
-5.610002684158565955e-03
-5.620524949429217543e-03
-5.631049867007353882e-03
-5.641577685052356905e-03
-5.652108089368557131e-03
-5.662641106697341442e-03
-5.673176889374076382e-03
-5.683715369233954817e-03
-5.694256575634049078e-03
-5.704800487852712543e-03
-5.715347291636696525e-03
-5.725896678794639705e-03
-5.736448784925074484e-03
-5.747003639644532313e-03
-5.757561222409668389e-03
-5.768121550367877326e-03
-5.778684653977239627e-03
-5.789250485734198648e-03
-5.799819089474356204e-03
-5.810390509731977460e-03
-5.820964644925652465e-03
-5.831541566286069234e-03
-5.842121488707996413e-03
-5.852703996925612273e-03
-5.863289292045492651e-03
-5.873877420324080667e-03
-5.884468317589042208e-03
-5.895062044173560167e-03
-5.905658548828296439e-03
-5.916257878637587453e-03
-5.926860052886895325e-03
-5.937465048131640444e-03
-5.948072898044665102e-03
-5.958683564434297253e-03
-5.969297066710566035e-03
-5.979913527627944703e-03
-5.990532716578123029e-03
-6.001154771416716827e-03
-6.011779742511547120e-03
-6.022407545029251352e-03
-6.033038214037222957e-03
-6.043671991452836956e-03
-6.054308424737531169e-03
-6.064947771483253369e-03
-6.075589974731676612e-03
-6.086235086748215117e-03
-6.096883128913543892e-03
-6.107534075260767636e-03
-6.118188165396887257e-03
-6.128844952386858225e-03
-6.139504660174099904e-03
-6.150167326835487280e-03
-6.160832942295746406e-03
-6.171501478993368650e-03
-6.182173109592570270e-03
-6.192847813290325298e-03
-6.203525214817040556e-03
-6.214205662773863992e-03
-6.224889061064442508e-03
-6.235575380935998169e-03
-6.246264980481419649e-03
-6.256957404152552193e-03
-6.267652768257914175e-03
-6.278351112647961862e-03
-6.289052478283596592e-03
-6.299756873718864725e-03
-6.310464268159066137e-03
-6.321174920150496312e-03
-6.331888405182284352e-03
-6.342604908519344775e-03
-6.353324548083794099e-03
-6.364047219664437094e-03
-6.374772892620783615e-03
-6.385501800162729502e-03
-6.396233911761139979e-03
-6.406968817113556369e-03
-6.417706904857767292e-03
-6.428448066096770219e-03
-6.439192348431044266e-03
-6.449939718657704546e-03
-6.460690302888316694e-03
-6.471443951928446126e-03
-6.482200711345753597e-03
-6.492960629083111002e-03
-6.503723715089892998e-03
-6.514489934895673073e-03
-6.525259583361808780e-03
-6.536032179602635495e-03
-6.546807934111886773e-03
-6.557586984250685092e-03
-6.568369210231073119e-03
-6.579154577255219571e-03
-6.589943351548499528e-03
-6.600735500839616243e-03
-6.611530562124490196e-03
-6.622328978138081190e-03
-6.633130624549399279e-03
-6.643935559158764548e-03
-6.654743743581548188e-03
-6.665555318838278787e-03
-6.676370127843389568e-03
-6.687188217573636351e-03
-6.698009644744651325e-03
-6.708834425596887918e-03
-6.719662520184521703e-03
-6.730494366211092760e-03
-6.741329363880055325e-03
-6.752167570068468017e-03
-6.763009289353583142e-03
-6.773854383768207477e-03
-6.784702816523990876e-03
-6.795554899293398954e-03
-6.806410595371570338e-03
-6.817269487913835135e-03
-6.828131824425542895e-03
-6.838997668608182146e-03
-6.849867049387614593e-03
-6.860739919492764294e-03
-6.871616446383232990e-03
-6.882496457859654804e-03
-6.893380006082305833e-03
-6.904267158591714804e-03
-6.915157884644806963e-03
-6.926052227179124721e-03
-6.936950636478367294e-03
-6.947852251488417785e-03
-6.958757555054151389e-03
-6.969666643081517954e-03
-6.980579361270056182e-03
-6.991495766564659320e-03
-7.002416075862272216e-03
-7.013339921915884290e-03
-7.024267540301165624e-03
-7.035198811641940608e-03
-7.046133833078616071e-03
-7.057072637126071690e-03
-7.068015166049934628e-03
-7.078961603177891249e-03
-7.089911616051325360e-03
-7.100865363052433210e-03
-7.111822975660375690e-03
-7.122784205037313576e-03
-7.133749220515683831e-03
-7.144718333413901945e-03
-7.155690953167370694e-03
-7.166667359525313863e-03
-7.177647738908388142e-03
-7.188631901435704741e-03
-7.199619793446410121e-03
-7.210611853676884841e-03
-7.221607822976428004e-03
-7.232607503559362883e-03
-7.243611057761722982e-03
-7.254618579441096671e-03
-7.265630091567554238e-03
-7.276645540920112509e-03
-7.287665179146252115e-03
-7.298688725192792326e-03
-7.309716277717481780e-03
-7.320748100185126006e-03
-7.331783980001005396e-03
-7.342823860217895238e-03
-7.353868333064950136e-03
-7.364916876057892026e-03
-7.375969324758258061e-03
-7.387026136618346506e-03
-7.398087121784246989e-03
-7.409152486805070659e-03
-7.420222083125094237e-03
-7.431296077368698683e-03
-7.442374549222030566e-03
-7.453457439539068474e-03
-7.464544878123091642e-03
-7.475636754019632235e-03
-7.486733151798041774e-03
-7.497834508286893573e-03
-7.508940057769697418e-03
-7.520050291877744542e-03
-7.531165409279894085e-03
-7.542285027618111926e-03
-7.553409454329362838e-03
-7.564539124216285160e-03
-7.575673301856822306e-03
-7.586812366003448105e-03
-7.597956538974215412e-03
-7.609105578703978523e-03
-7.620259771618731470e-03
-7.631418925417521315e-03
-7.642583277530201613e-03
-7.653752948345693419e-03
-7.664927868846649339e-03
-7.676108227430145092e-03
-7.687293888672397379e-03
-7.698484981023878682e-03
-7.709682133697937090e-03
-7.720884281181672470e-03
-7.732092132883283675e-03
-7.743305987911286437e-03
-7.754525475403784007e-03
-7.765750819201833188e-03
-7.776982614186023213e-03
-7.788220289978498023e-03
-7.799464127881350350e-03
-7.810714087874592870e-03
-7.821970435259339993e-03
-7.833233280159279666e-03
-7.844502539166353650e-03
-7.855778614714981067e-03
-7.867061409642328584e-03
-7.878350951542545388e-03
-7.889647978934544170e-03
-7.900952011750006498e-03
-7.912262963628680090e-03
-7.923581897844034216e-03
-7.934908328804723965e-03
-7.946241992098923568e-03
-7.957584123837846413e-03
-7.968934176016850834e-03
-7.980292066786742744e-03
-7.991659156160846322e-03
-8.003034675826636857e-03
-8.014419164488528757e-03
-8.025812290877065713e-03
-8.037214745612253353e-03
-8.048627107438255379e-03
-8.060049352735521033e-03
-8.071481682158543336e-03
-8.082924774576838445e-03
-8.094378718057404498e-03
-8.105844285085650469e-03
-8.117321043069614106e-03
-8.128810048318779735e-03
-8.140312061242771513e-03
-8.151827038522019286e-03
-8.163355558553964109e-03
-8.174898505980188190e-03
-8.186455959658167636e-03
-8.198029050752619895e-03
-8.209618398621443269e-03
-8.221225343614135816e-03
-8.232850693669524489e-03
-8.244495016108910335e-03
-8.256159617299418940e-03
-8.267846410844881255e-03
-8.279555859857623545e-03
-8.291290151609342907e-03
-8.303052223112228347e-03
-8.314842476590311726e-03
-8.326664520107107670e-03
-8.338521023298128831e-03
-8.350416612998179389e-03
-8.362354207119393479e-03
-8.374339165892585868e-03
-8.386377063938410537e-03
-8.398477363903200654e-03
-8.410647762702616603e-03
-8.422901652654801730e-03
-8.435254436568562220e-03
-8.447731519991008575e-03
-8.460363064815901168e-03
-8.473201162112364848e-03
-8.486328585544544723e-03
-8.499903586851931259e-03
-8.514280148041453167e-03
-8.530689639195565555e-03
-8.561919719408561669e-03
-8.578056694154234663e-03
-8.592030434465214306e-03
-8.605217983511104229e-03
-8.617989120652702617e-03
-8.630499329408625186e-03
-8.642828408198521828e-03
-8.655021787232319852e-03
-8.667113853213392893e-03
-8.679123480473616148e-03
-8.691067460120494026e-03
-8.702956774632730763e-03
-8.714798323157468829e-03
-8.726599717936434075e-03
-8.738366457583190972e-03
-8.750104408542735968e-03
-8.761815728945521187e-03
-8.773503547947814063e-03
-8.785170668485053902e-03
-8.796819881140671704e-03
-8.808452322924931188e-03
-8.820069301017974261e-03
-8.831673038655396546e-03
-8.843264731888900165e-03
-8.854844706168152335e-03
-8.866415153180318143e-03
-8.877975666437332158e-03
-8.889528197826068734e-03
-8.901073434010475793e-03
-8.912611140240223051e-03
-8.924142742625873481e-03
-8.935668803286112016e-03
-8.947188991920151935e-03
-8.958704497727842941e-03
-8.970215136074100037e-03
-8.981721866650249630e-03
-8.993224995126003485e-03
-9.004724503479000219e-03
-9.016220952757003637e-03
-9.027714633282002410e-03
-9.039205199356081799e-03
-9.050693567714263033e-03
-9.062180152648924292e-03
-9.073664418448257329e-03
-9.085147196242426837e-03
-9.096628268916107096e-03
-9.108108106722689890e-03
-9.119586704054327697e-03
-9.131064234772390265e-03
-9.142540984746649890e-03
-9.154016987713120557e-03
-9.165492303227718018e-03
-9.176967221797727170e-03
-9.188441494095478390e-03
-9.199915601897035167e-03
-9.211389757922350263e-03
-9.222863757578303456e-03
-9.234337796333647042e-03
-9.245812107630979604e-03
-9.257286432682976240e-03
-9.268761143947590320e-03
-9.280236234242345006e-03
-9.291711861355911317e-03
-9.303188148981456074e-03
-9.314664901792557572e-03
-9.326142396202330431e-03
-9.337620620141318106e-03
-9.349099642386171638e-03
-9.360579586957795684e-03
-9.372060362188405769e-03
-9.383542266210742611e-03
-9.395025177306948194e-03
-9.406509050255418281e-03
-9.417994106875049454e-03
-9.429480444514082293e-03
-9.440967900855912198e-03
-9.452456577324519493e-03
-9.463946753479834939e-03
-9.475438189223139851e-03
-9.486931060868952770e-03
-9.498425365145446442e-03
-9.509921177793589919e-03
-9.521418516194146697e-03
-9.532917374047600312e-03
-9.544417841579555528e-03
-9.555919915226973593e-03
-9.567423629932680917e-03
-9.578929046527240310e-03
-9.590436046880368437e-03
-9.601944859367050888e-03
-9.613455493455935752e-03
-9.624967862061906132e-03
-9.636482071005314509e-03
-9.647998168404003927e-03
-9.659516143271207333e-03
-9.671035931488436432e-03
-9.682557678066139317e-03
-9.694081382819796922e-03
-9.705607048032804940e-03
-9.717134697816987021e-03
-9.728664369581974114e-03
-9.740196135695433632e-03
-9.751729880795756422e-03
-9.763265707011914429e-03
-9.774803593557424009e-03
-9.786343599677560512e-03
-9.797885754352364529e-03
-9.809430009787845073e-03
-9.820976541183523700e-03
-9.832525186300844489e-03
-9.844076009262181515e-03
-9.855629052940573231e-03
-9.867184339698242823e-03
-9.878741949794989097e-03
-9.890301723611605311e-03
-9.901863783757680615e-03
-9.913428138932700584e-03
-9.924994798629183101e-03
-9.936563778242146761e-03
-9.948135094036580917e-03
-9.959708860017846277e-03
-9.971284883628306339e-03
-9.982863282186560383e-03
-9.994444066734886611e-03
-1.000602725175359087e-02
-1.001761284826274689e-02
-1.002920087533754057e-02
-1.004079144206015961e-02
-1.005238434537236714e-02
-1.006397971346129072e-02
-1.007557755055321635e-02
-1.008717787128143861e-02
-1.009878068208969193e-02
-1.011038601745339882e-02
-1.012199397885304997e-02
-1.013360434865251403e-02
-1.014521724820049986e-02
-1.015683270151368500e-02
-1.016845069229088683e-02
-1.018007130805642646e-02
-1.019169445930556694e-02
-1.020332016325342650e-02
-1.021494847831594388e-02
-1.022657938951165857e-02
-1.023821289637638632e-02
-1.024984906537351748e-02
-1.026148790386038900e-02
-1.027312929333668023e-02
-1.028477335140687288e-02
-1.029642005611375311e-02
-1.030806942703654805e-02
-1.031972146038884208e-02
-1.033137620191804107e-02
-1.034303360720645326e-02
-1.035469369807917595e-02
-1.036635649407713355e-02
-1.037802200424664534e-02
-1.038969022230262773e-02
-1.040136128841406826e-02
-1.041303501348034288e-02
-1.042471142591028244e-02
-1.043639061837520199e-02
-1.044807255468993556e-02
-1.045975722638936567e-02
-1.047144473228445172e-02
-1.048313507632925301e-02
-1.049482810225199625e-02
-1.050652390545758763e-02
-1.051822250921885527e-02
-1.052992391967677577e-02
-1.054162812675263350e-02
-1.055333519055678959e-02
-1.056504504457056459e-02
-1.057675771398924880e-02
-1.058847322309552919e-02
-1.060019157804992229e-02
-1.061191276669404271e-02
-1.062363696028734150e-02
-1.063536384341834395e-02
-1.064709359710103165e-02
-1.065882625723091337e-02
-1.067056177049363619e-02
-1.068230016269178240e-02
-1.069404151178088291e-02
-1.070578568924929197e-02
-1.071753278385678687e-02
-1.072928275944917687e-02
-1.074103565321060660e-02
-1.075279148180219302e-02
-1.076455022933731076e-02
-1.077631196772732558e-02
-1.078807658100000566e-02
-1.079984412979695385e-02
-1.081161466500446533e-02
-1.082338810124239270e-02
-1.083516450078181315e-02
-1.084694405952624230e-02
-1.085872640231988484e-02
-1.087051171323571985e-02
-1.088230003336632112e-02
-1.089409130807317272e-02
-1.090588559102556587e-02
-1.091768283860505839e-02
-1.092948309275032504e-02
-1.094128637137004034e-02
-1.095309262953880758e-02
-1.096490191007437609e-02
-1.097671425649471288e-02
-1.098852961040330811e-02
-1.100034805671668003e-02
-1.101216949245154009e-02
-1.102399395061359755e-02
-1.103582151681314905e-02
-1.104765211566527405e-02
-1.105948572383674833e-02
-1.107132264163213087e-02
-1.108316247782392683e-02
-1.109500528146445397e-02
-1.110685122618559895e-02
-1.111870023298600074e-02
-1.113055233358095641e-02
-1.114240750594153173e-02
-1.115426597764102024e-02
-1.116612733660704571e-02
-1.117799179611167482e-02
-1.118985939151884157e-02
-1.120173008178937391e-02
-1.121360388746839298e-02
-1.122548093495123744e-02
-1.123736098643324244e-02
-1.124924418324457775e-02
-1.126113057683353347e-02
-1.127302007974217979e-02
-1.128491272815312918e-02
-1.129680876391736533e-02
-1.130870773347558700e-02
-1.132060986352600995e-02
-1.133251520684885882e-02
-1.134442368838739501e-02
-1.135633537734515031e-02
-1.136825021483289788e-02
-1.138016825395393727e-02
-1.139208951627679323e-02
-1.140401397441326292e-02
-1.141594166715331760e-02
-1.142787254894517268e-02
-1.143980664192745245e-02
-1.145174408734661586e-02
-1.146368461828417562e-02
-1.147562839289006931e-02
-1.148757546827283704e-02
-1.149952574644252934e-02
-1.151147926721562964e-02
-1.152343630171970279e-02
-1.153539646506429595e-02
-1.154735983356192097e-02
-1.155932644889279270e-02
-1.157129635247233779e-02
-1.158326954863653224e-02
-1.159524600772476877e-02
-1.160722595858054706e-02
-1.161920903234903157e-02
-1.163119538549461929e-02
-1.164318513361806140e-02
-1.165517817269356993e-02
-1.166717447136422781e-02
-1.167917425976428003e-02
-1.169117728058621797e-02
-1.170318357762223371e-02
-1.171519326998571309e-02
-1.172720626927736820e-02
-1.173922261910365084e-02
-1.175124258160475943e-02
-1.176326567113084032e-02
-1.177529216964945391e-02
-1.178732200464149837e-02
-1.179935524211950248e-02
-1.181139190893110147e-02
-1.182343197208723939e-02
-1.183547566935372330e-02
-1.184752256565402284e-02
-1.185957287920080816e-02
-1.187162669879793242e-02
-1.188368386800442433e-02
-1.189574449734431827e-02
-1.190780873114538618e-02
-1.191987630467639114e-02
-1.193194734067049012e-02
-1.194402191102494903e-02
-1.195609991930690619e-02
-1.196818145969902325e-02
-1.198026645252714406e-02
-1.199235497362061142e-02
-1.200444705517333954e-02
-1.201654266203822097e-02
-1.202864184280405535e-02
-1.204074455258252740e-02
-1.205285081818618931e-02
-1.206496089893649426e-02
-1.207707433169724620e-02
-1.208919135340180695e-02
-1.210131206511066981e-02
-1.211343629870564875e-02
-1.212556418103727385e-02
-1.213769587438617847e-02
-1.214983109144440743e-02
-1.216196996577012523e-02
-1.217411257992595530e-02
-1.218625883673063459e-02
-1.219840883625611383e-02
-1.221056248736340777e-02
-1.222271987501344359e-02
-1.223488102794056953e-02
-1.224704590710312679e-02
-1.225921455002376703e-02
-1.227138690104268015e-02
-1.228356298119315237e-02
-1.229574296818858326e-02
-1.230792648842748971e-02
-1.232011374846087026e-02
-1.233230481147518098e-02
-1.234449953281513412e-02
-1.235669794631955032e-02
-1.236890021576131371e-02
-1.238110603267028598e-02
-1.239331558017764401e-02
-1.240552875623757156e-02
-1.241774563463049486e-02
-1.242996623884429219e-02
-1.244219052114048374e-02
-1.245441862580454195e-02
-1.246665029000437741e-02
-1.247888563972143761e-02
-1.249112472405200513e-02
-1.250336753076841667e-02
-1.251561400793921308e-02
-1.252786456281074212e-02
-1.254011865314941243e-02
-1.255237627883643015e-02
-1.256463775446214903e-02
-1.257690292887714278e-02
-1.258917175639906461e-02
-1.260144452972722373e-02
-1.261372117743642107e-02
-1.262600137096459019e-02
-1.263828529288579805e-02
-1.265057300121141814e-02
-1.266286450695663923e-02
-1.267515975793098715e-02
-1.268745889445554997e-02
-1.269976176293818870e-02
-1.271206839209748640e-02
-1.272437895670630592e-02
-1.273669329161575270e-02
-1.274901134307748762e-02
-1.276133359275899437e-02
-1.277365945827224625e-02
-1.278598897026816950e-02
-1.279832238575051573e-02
-1.281065956573701481e-02
-1.282300062728691792e-02
-1.283534545863618259e-02
-1.284769414824971090e-02
-1.286004672713947361e-02
-1.287240308225479080e-02
-1.288476330162213745e-02
-1.289712741552495601e-02
-1.290949536757080018e-02
-1.292186730221334123e-02
-1.293424296185308187e-02
-1.294662246168021280e-02
-1.295900591703369464e-02
-1.297139309769235194e-02
-1.298378414738010633e-02
-1.299617942526198888e-02
-1.300857821155898542e-02
-1.302098083635938597e-02
-1.303338738461357060e-02
-1.304579771231162422e-02
-1.305821193276623937e-02
-1.307062993033814013e-02
-1.308305178958391046e-02
-1.309547753767714706e-02
-1.310790711631182326e-02
-1.312034058063560327e-02
-1.313277784531352577e-02
-1.314521890887687672e-02
-1.315766381305127908e-02
-1.317011254305966439e-02
-1.318256514092941423e-02
-1.319502164650099285e-02
-1.320748190968812352e-02
-1.321994599946463289e-02
-1.323241433121435939e-02
-1.324488612135377164e-02
-1.325736173015745756e-02
-1.326984129486641351e-02
-1.328232465290268838e-02
-1.329481191517700722e-02
-1.330730297686089081e-02
-1.331979793346904639e-02
-1.333229679589886807e-02
-1.334479954127865131e-02
-1.335730620249442335e-02
-1.336981687684313247e-02
-1.338233150330425669e-02
-1.339485017096531116e-02
-1.340737291748150817e-02
-1.341989983335056813e-02
-1.343243093090373819e-02
-1.344496621148139059e-02
-1.345750552596713945e-02
-1.347004914221161531e-02
-1.348259607224289169e-02
-1.349514675097429617e-02
-1.350770120355149206e-02
-1.352025953047963913e-02
-1.353282177061643221e-02
-1.354538795500082049e-02
-1.355795816210714211e-02
-1.357053254566353839e-02
-1.358311109393761651e-02
-1.359569395963766691e-02
-1.360828125935475974e-02
-1.362087322979077531e-02
-1.363347025923056233e-02
-1.364607226914893445e-02
-1.365868001354642036e-02
-1.367129417251000678e-02
-1.368391574378891029e-02
-1.369654551641064089e-02
-1.370918319270963970e-02
-1.372182468153282375e-02
-1.373446795222976746e-02
-1.374711246046611546e-02
-1.375975860187383937e-02
-1.377240682276892336e-02
-1.378505755313219616e-02
-1.379771110826388814e-02
-1.381036777763400281e-02
-1.382302765895848662e-02
-1.383569092702152670e-02
-1.384835769435655006e-02
-1.386102809508293898e-02
-1.387370240329610649e-02
-1.388638027133914932e-02
-1.389906195092971419e-02
-1.391174758363245001e-02
-1.392443705911916574e-02
-1.393713055637801901e-02
-1.394982798448141104e-02
-1.396252948159426577e-02
-1.397523512366560805e-02
-1.398794487431853639e-02
-1.400065884132728478e-02
-1.401337702507010619e-02
-1.402609938793220046e-02
-1.403882637990838678e-02
-1.405155756704157266e-02
-1.406429280449550401e-02
-1.407703258260528667e-02
-1.408977669803712640e-02
-1.410252509745135718e-02
-1.411527829600056627e-02
-1.412803598209966260e-02
-1.414079783028932003e-02
-1.415356442922233171e-02
-1.416633555282131862e-02
-1.417911132029359145e-02
-1.419189167658585493e-02
-1.420467674527770008e-02
-1.421746646837018790e-02
-1.423026092758372663e-02
-1.424306025101551576e-02
-1.425586433298120514e-02
-1.426867325783509610e-02
-1.428148751738445021e-02
-1.429430623618133112e-02
-1.430712996096061840e-02
-1.431995883251158119e-02
-1.433279261043429731e-02
-1.434563146161482727e-02
-1.435847588770877703e-02
-1.437132509474281505e-02
-1.438417953190429532e-02
-1.439703921427126776e-02
-1.440990427621979819e-02
-1.442277479524900485e-02
-1.443565070369889902e-02
-1.444853240695553875e-02
-1.446141929825006667e-02
-1.447431172779789499e-02
-1.448720987230078805e-02
-1.450011359937397604e-02
-1.451302302668189270e-02
-1.452593879577201985e-02
-1.453885979151481322e-02
-1.455178673296586567e-02
-1.456471990158414442e-02
-1.457765892906470739e-02
-1.459060402225909048e-02
-1.460355592604933861e-02
-1.461651402380392817e-02
-1.462947813867221392e-02
-1.464244852722051959e-02
-1.465542542323983177e-02
-1.466840892772047766e-02
-1.468139893928566142e-02
-1.469439604158762069e-02
-1.470739968188672364e-02
-1.472041008756874714e-02
-1.473342791711940158e-02
-1.474645270205510172e-02
-1.475948435798069003e-02
-1.477252387160943314e-02
-1.478557055387208496e-02
-1.479862441521684335e-02
-1.481168640968466566e-02
-1.482475602194188724e-02
-1.483783362706903031e-02
-1.485091910377278612e-02
-1.486401291874250852e-02
-1.487711504244937366e-02
-1.489022546159335381e-02
-1.490334456630471038e-02
-1.491647257424133510e-02
-1.492960935674902956e-02
-1.494275536617073463e-02
-1.495591080218239277e-02
-1.496907555416382429e-02
-1.498225072814762804e-02
-1.499543563189542628e-02
-1.500863016494236035e-02
-1.502183557401604030e-02
-1.503505114153447231e-02
-1.504827748124781817e-02
-1.506151539194366951e-02
-1.507476427719345313e-02
-1.508802512310603028e-02
-1.510129744275245933e-02
-1.511458213261385186e-02
-1.512787972641527201e-02
-1.514119016042236865e-02
-1.515451420280677919e-02
-1.516785160359201967e-02
-1.518120299298886255e-02
-1.519456938162622173e-02
-1.520795007253450404e-02
-1.522134645557360333e-02
-1.523475945399488385e-02
-1.524818903890035049e-02
-1.526163589971862855e-02
-1.527510197621362309e-02
-1.528858650962472421e-02
-1.530209032870577524e-02
-1.531561614495446921e-02
-1.532916338715772930e-02
-1.534273499031146848e-02
-1.535633054553386945e-02
-1.536995161617160655e-02
-1.538360062534749328e-02
-1.539727910651955689e-02
-1.541098915701999417e-02
-1.542473379782327569e-02
-1.543851526634765214e-02
-1.545233770496201586e-02
-1.546620280192190222e-02
-1.548011698301199335e-02
-1.549408574347277412e-02
-1.550811552889197475e-02
-1.552221142577014934e-02
-1.553638611307883721e-02
-1.555064990093257826e-02
-1.556502007267568377e-02
-1.557951647512112459e-02
-1.559417203689827947e-02
-1.560902633132665862e-02
-1.562414827440716802e-02
-1.563965004224565636e-02
-1.565575283379960769e-02
-1.567298098526748173e-02
-1.569340174137445754e-02
-1.572309460787213453e-02
-1.574087969932291831e-02
-1.575676761154176653e-02
-1.577188649889071925e-02
-1.578658871360927307e-02
-1.580102381396653044e-02
-1.581527124033965670e-02
-1.582938605948258637e-02
-1.584339853670213571e-02
-1.585733343741602130e-02
-1.587120617384141230e-02
-1.588503126709395197e-02
-1.589881779905566450e-02
-1.591257547405511286e-02
-1.592631263572608091e-02
-1.594003643588515207e-02
-1.595375265460829972e-02
-1.596746837048712564e-02
-1.598119031529199319e-02
-1.599492415996783823e-02
-1.600867493169921829e-02
-1.602244438447519848e-02
-1.603623026416667319e-02
-1.605002078822737044e-02
-1.606379783474942702e-02
-1.607754459535115643e-02
-1.609124884099899511e-02
-1.610490694952704249e-02
-1.611852015412118533e-02
-1.613209344668398160e-02
-1.614563108456712470e-02
-1.615913814657377046e-02
-1.617261774672029695e-02
-1.618607463752930187e-02
-1.619951111758621831e-02
-1.621293005732249437e-02
-1.622633329312550554e-02
-1.623972264836148760e-02
-1.625309978603639571e-02
-1.626646554666866251e-02
-1.627982097938129868e-02
-1.629316768328825660e-02
-1.630650661368571175e-02
-1.631983798920710882e-02
-1.633316300131171239e-02
-1.634648190449172755e-02
-1.635979578705148985e-02
-1.637310471264930012e-02
-1.638640899158694264e-02
-1.639970937244539240e-02
-1.641300607577089732e-02
-1.642629960116503973e-02
-1.643959027013552898e-02
-1.645287815321705427e-02
-1.646616373902121122e-02
-1.647944728522188207e-02
-1.649272864018591633e-02
-1.650600852737837965e-02
-1.651928723431617119e-02
-1.653256448292916847e-02
-1.654584091358690667e-02
-1.655911624664563320e-02
-1.657239100501883833e-02
-1.658566525932803071e-02
-1.659893903121167913e-02
-1.661221265089107835e-02
-1.662548623387805069e-02
-1.663875968255135174e-02
-1.665203333942766317e-02
-1.666530720117020969e-02
-1.667858138677025259e-02
-1.669185609157142203e-02
-1.670513126766981493e-02
-1.671840692935577799e-02
-1.673168356013599034e-02
-1.674496082113874351e-02
-1.675823904091600092e-02
-1.677151836769796844e-02
-1.678479851717173954e-02
-1.679807995217408312e-02
-1.681136253137638370e-02
-1.682464642005487843e-02
-1.683793161977586994e-02
-1.685121820012747129e-02
-1.686450627197944030e-02
-1.687779579648374106e-02
-1.689108692139362766e-02
-1.690437970199609730e-02
-1.691767406114930150e-02
-1.693097018078026927e-02
-1.694426814622684851e-02
-1.695756793340352786e-02
-1.697086952119486458e-02
-1.698417310539235281e-02
-1.699747858278677359e-02
-1.701078608880590703e-02
-1.702409563886175814e-02
-1.703740729662750475e-02
-1.705072117857187042e-02
-1.706403712216464363e-02
-1.707735528589116036e-02
-1.709067568582234298e-02
-1.710399836200293677e-02
-1.711732336288340761e-02
-1.713065071449648702e-02
-1.714398043915488223e-02
-1.715731258626818079e-02
-1.717064716079552689e-02
-1.718398422200062559e-02
-1.719732380525251791e-02
-1.721066602651977195e-02
-1.722401071442825060e-02
-1.723735800708015020e-02
-1.725070792628657923e-02
-1.726406050398920922e-02
-1.727741576974217708e-02
-1.729077374696530445e-02
-1.730413458163038154e-02
-1.731749806923010837e-02
-1.733086434560426881e-02
-1.734423344210112017e-02
-1.735760538717212587e-02
-1.737098019528104942e-02
-1.738435793279202723e-02
-1.739773871448491160e-02
-1.741112227854890726e-02
-1.742450884319168836e-02
-1.743789839105591710e-02
-1.745129092849539987e-02
-1.746468669885414826e-02
-1.747808538949569002e-02
-1.749148715227266671e-02
-1.750489201143501372e-02
-1.751830000867227177e-02
-1.753171117136620438e-02
-1.754512549732467619e-02
-1.755854320504512955e-02
-1.757196397388016695e-02
-1.758538797255415620e-02
-1.759881524272510767e-02
-1.761224582364506741e-02
-1.762567970132977724e-02
-1.763911702764831002e-02
-1.765255780503893757e-02
-1.766600177054777898e-02
-1.767944921686614990e-02
-1.769290007590595959e-02
-1.770635434309586476e-02
-1.771981232990205157e-02
-1.773327368638566437e-02
-1.774673855609398831e-02
-1.776020695979696473e-02
-1.777367895386894325e-02
-1.778715454307544519e-02
-1.780063376561769051e-02
-1.781411686579648102e-02
-1.782760345622524945e-02
-1.784109376542775127e-02
-1.785458789877758523e-02
-1.786808572349174451e-02
-1.788158737311817958e-02
-1.789509299679614696e-02
-1.790860237888247664e-02
-1.792211563151391296e-02
-1.793563285335697532e-02
-1.794915395860241514e-02
-1.796267899306502880e-02
-1.797620824249157589e-02
-1.798974122238805595e-02
-1.800327822435621172e-02
-1.801681914908637161e-02
-1.803036408447633576e-02
-1.804391306087171909e-02
-1.805746603375846249e-02
-1.807102323796871968e-02
-1.808458424259229425e-02
-1.809814926772690402e-02
-1.811171843560910322e-02
-1.812529153376563062e-02
-1.813886872363323910e-02
-1.815245020087363770e-02
-1.816603563462215742e-02
-1.817962518914495451e-02
-1.819321898581749419e-02
-1.820681689577874351e-02
-1.822041907181037868e-02
-1.823402547837937870e-02
-1.824763630649950397e-02
-1.826125136575984520e-02
-1.827487070755451359e-02
-1.828849443292390742e-02
-1.830212258601104924e-02
-1.831575511820204838e-02
-1.832939251282261761e-02
-1.834303424986394315e-02
-1.835668028731263224e-02
-1.837033106984442554e-02
-1.838398641241856257e-02
-1.839764629552631536e-02
-1.841131116625194242e-02
-1.842498083775401252e-02
-1.843865493396212862e-02
-1.845233404258406207e-02
-1.846601795858249240e-02
-1.847970686429634135e-02
-1.849340066851146158e-02
-1.850709960331264892e-02
-1.852080355457452754e-02
-1.853451254724858277e-02
-1.854822669357036879e-02
-1.856194613885697731e-02
-1.857567077416488743e-02
-1.858940121920593658e-02
-1.860313682730607709e-02
-1.861687756532637295e-02
-1.863062388623815124e-02
-1.864437562697018880e-02
-1.865813290376994171e-02
-1.867189604418850735e-02
-1.868566457716280826e-02
-1.869943888490310790e-02
-1.871321872810738363e-02
-1.872700432056439990e-02
-1.874079573503362184e-02
-1.875459283420977119e-02
-1.876839584449785381e-02
-1.878220431575816640e-02
-1.879601831848998206e-02
-1.880983783104239748e-02
-1.882366297218551754e-02
-1.883749344063656572e-02
-1.885132923406451777e-02
-1.886517022151246170e-02
-1.887901634725186462e-02
-1.889286742932572150e-02
-1.890672340451060585e-02
-1.892058413483654888e-02
-1.893444988945158780e-02
-1.894831983942479869e-02
-1.896219427084577802e-02
-1.897607308795745684e-02
-1.898995628372257549e-02
-1.900384378161334986e-02
-1.901773549600749291e-02
-1.903163142629837878e-02
-1.904553165098210599e-02
-1.905943605906279537e-02
-1.907334475439537158e-02
-1.908725769483576862e-02
-1.910117497054586444e-02
-1.911509710886694080e-02
-1.912902319967635378e-02
-1.914295374129260097e-02
-1.915688896183287415e-02
-1.917082864017294330e-02
-1.918477305406851574e-02
-1.919872210036188687e-02
-1.921267598758302775e-02
-1.922663484282860491e-02
-1.924059865211258380e-02
-1.925456763126409676e-02
-1.926854163845292955e-02
-1.928252084524328946e-02
-1.929650558071982491e-02
-1.931049549529806342e-02
-1.932449086842280561e-02
-1.933849206354909533e-02
-1.935249861744914313e-02
-1.936651096728003729e-02
-1.938052975601967098e-02
-1.939455399420109138e-02
-1.940858425184077696e-02
-1.942262087742518961e-02
-1.943666356337758749e-02
-1.945071274270859796e-02
-1.946476820167153399e-02
-1.947883029921071429e-02
-1.949289915152718766e-02
-1.950697475134222092e-02
-1.952105726007324904e-02
-1.953514704209147190e-02
-1.954924389723311506e-02
-1.956334810642701427e-02
-1.957745975601243860e-02
-1.959157915272879968e-02
-1.960570660719962444e-02
-1.961984169444597192e-02
-1.963398483869971400e-02
-1.964813697560752193e-02
-1.966229707324451681e-02
-1.967646603534045635e-02
-1.969064354371130587e-02
-1.970483021107882760e-02
-1.971902641177658566e-02
-1.973323180871233706e-02
-1.974744710103759626e-02
-1.976167272991491419e-02
-1.977590867641898509e-02
-1.979015537271333613e-02
-1.980441306324487449e-02
-1.981868206573167424e-02
-1.983296342111295907e-02
-1.984725618925575752e-02
-1.986156169840413988e-02
-1.987588128480899385e-02
-1.989021417876923881e-02
-1.990456074216928606e-02
-1.991892323351951433e-02
-1.993330054172293142e-02
-1.994769462591328146e-02
-1.996210461934300184e-02
-1.997653228710027928e-02
-1.999097898451085431e-02
-2.000544557469030593e-02
-2.001993302279558851e-02
-2.003444233346185488e-02
-2.004897521937265559e-02
-2.006353339208766240e-02
-2.007811700575812264e-02
-2.009272883903368001e-02
-2.010737083275471182e-02
-2.012204397930805744e-02
-2.013674875642723627e-02
-2.015148748980832849e-02
-2.016626044588509803e-02
-2.018106615684656102e-02
-2.019590440086893590e-02
-2.021077118113401294e-02
-2.022566293746330679e-02
-2.024057342452578734e-02
-2.025549612746868622e-02
-2.027042382493537964e-02
-2.028534960917871555e-02
-2.030026807658735777e-02
-2.031517471380339668e-02
-2.033006633051126499e-02
-2.034494112395479615e-02
-2.035979919069041966e-02
-2.037463974044328996e-02
-2.038946347779346802e-02
-2.040427064623473452e-02
-2.041906322711339872e-02
-2.043384143587723134e-02
-2.044860611358589875e-02
-2.046335836206503167e-02
-2.047809968247005230e-02
-2.049283033148252553e-02
-2.050755113922730910e-02
-2.052226284634983688e-02
-2.053696671126448159e-02
-2.055166228252480742e-02
-2.056635090126934795e-02
-2.058103302019198555e-02
-2.059570915053376972e-02
-2.061037978461210951e-02
-2.062504494664474386e-02
-2.063970564983241829e-02
-2.065436216854432683e-02
-2.066901454951863837e-02
-2.068366378296027097e-02
-2.069830934335259442e-02
-2.071295159851171963e-02
-2.072759125630363464e-02
-2.074222803156433592e-02
-2.075686270546706069e-02
-2.077149572139236344e-02
-2.078612644402633158e-02
-2.080075570790085315e-02
-2.081538368893687263e-02
-2.083001024819375324e-02
-2.084463590192797700e-02
-2.085926094289614063e-02
-2.087388511573029515e-02
-2.088850871661485087e-02
-2.090313176166347375e-02
-2.091775453992716916e-02
-2.093237744386333699e-02
-2.094700037764984923e-02
-2.096162346961416567e-02
-2.097624675778586578e-02
-2.099087057185344829e-02
-2.100549486541136712e-02
-2.102011970045136735e-02
-2.103474527730742061e-02
-2.104937175306542674e-02
-2.106399905326361566e-02
-2.107862737482479876e-02
-2.109325665595684907e-02
-2.110788726928936043e-02
-2.112251911695861573e-02
-2.113715253294623508e-02
-2.115178714110210745e-02
-2.116642320972228486e-02
-2.118106075564685220e-02
-2.119569999148951389e-02
-2.121034091279672129e-02
-2.122498363363189977e-02
-2.123962807568569033e-02
-2.125427438143279169e-02
-2.126892260077128949e-02
-2.128357276974224277e-02
-2.129822496602995496e-02
-2.131287922330682427e-02
-2.132753559755440342e-02
-2.134219411280147138e-02
-2.135685485441018994e-02
-2.137151784156121614e-02
-2.138618312366324936e-02
-2.140085073277986361e-02
-2.141552072209929047e-02
-2.143019311902272239e-02
-2.144486796944244933e-02
-2.145954528710702913e-02
-2.147422514486030387e-02
-2.148890756052213025e-02
-2.150359256855749468e-02
-2.151828019830470673e-02
-2.153297048380076184e-02
-2.154766345745973144e-02
-2.156235914969462097e-02
-2.157705758938399665e-02
-2.159175880530672664e-02
-2.160646283796829881e-02
-2.162116969175342795e-02
-2.163587940375577556e-02
-2.165059200422270180e-02
-2.166530750823725260e-02
-2.168002595488960349e-02
-2.169474767338952503e-02
-2.170947206803475193e-02
-2.172419947143444663e-02
-2.173892993740711432e-02
-2.175366343505502620e-02
-2.176840001826318982e-02
-2.178313970605461058e-02
-2.179788253143222221e-02
-2.181262850072041015e-02
-2.182737764811126802e-02
-2.184212999646151232e-02
-2.185688558724752095e-02
-2.187164440211952776e-02
-2.188640649319628650e-02
-2.190117186685369699e-02
-2.191594056526158241e-02
-2.193071263280377270e-02
-2.194548801356666079e-02
-2.196026676462148330e-02
-2.197504917519432777e-02
-2.198983477205540549e-02
-2.200462383910473108e-02
-2.201941633196924375e-02
-2.203421232357449799e-02
-2.204901185540819597e-02
-2.206381487754738302e-02
-2.207862146798889036e-02
-2.209343167041089018e-02
-2.210824546968259696e-02
-2.212306292815635622e-02
-2.213788401253191651e-02
-2.215270876595987204e-02
-2.216753729839338050e-02
-2.218236946241058938e-02
-2.219720539260594538e-02
-2.221204516005437224e-02
-2.222688866628030890e-02
-2.224173599380196986e-02
-2.225658737617264293e-02
-2.227144246668322225e-02
-2.228630146166910020e-02
-2.230116439637552794e-02
-2.231603132687531854e-02
-2.233090224388312173e-02
-2.234577719744090807e-02
-2.236065620942140342e-02
-2.237553932274771729e-02
-2.239042657042100704e-02
-2.240531798582490186e-02
-2.242021360319679246e-02
-2.243511346592674816e-02
-2.245001760584286465e-02
-2.246492608232797394e-02
-2.247983888893112514e-02
-2.249475621798591174e-02
-2.250967785748581029e-02
-2.252460392705391001e-02
-2.253953471196701308e-02
-2.255446990856768696e-02
-2.256940976939292298e-02
-2.258435417321036365e-02
-2.259930329594828091e-02
-2.261425723410281918e-02
-2.262921595239819617e-02
-2.264417966005694005e-02
-2.265914814810754407e-02
-2.267412158634241059e-02
-2.268910021767955865e-02
-2.270408374148324970e-02
-2.271907246377269374e-02
-2.273406680323697415e-02
-2.274906615382188413e-02
-2.276407088192533568e-02
-2.277908135683059943e-02
-2.279409733762982615e-02
-2.280911894362969150e-02
-2.282414621358075379e-02
-2.283917945882685263e-02
-2.285421887437921740e-02
-2.286926451883930511e-02
-2.288431662107814901e-02
-2.289937528176788639e-02
-2.291444079892202002e-02
-2.292951388409614211e-02
-2.294459394596604085e-02
-2.295968196353725954e-02
-2.297477856695906429e-02
-2.298988419854153253e-02
-2.300499988375581673e-02
-2.302012744135140121e-02
-2.303526792223598019e-02
-2.305042475328766827e-02
-2.306560292182524563e-02
-2.308080868049022794e-02
-2.309604839395307252e-02
-2.311131376061892340e-02
-2.312658060661865189e-02
-2.314183672619574139e-02
-2.315708329249177577e-02
-2.317232408867553328e-02
-2.318756245238484670e-02
-2.320280037801147888e-02
-2.321803965743574061e-02
-2.323328155031367803e-02
-2.324852704532331948e-02
-2.326377711596572251e-02
-2.327903178899271008e-02
-2.329429190003051708e-02
-2.330955809323931316e-02
-2.332483022140852125e-02
-2.334010907758110598e-02
-2.335539457079127690e-02
-2.337068730040647857e-02
-2.338598768548338924e-02
-2.340129576119209798e-02
-2.341661208016843077e-02
-2.343193650465713596e-02
-2.344726941948849230e-02
-2.346261193857723804e-02
-2.347796338210594858e-02
-2.349332369790779751e-02
-2.350869430153879058e-02
-2.352407474687678857e-02
-2.353946488189306852e-02
-2.355486638618864426e-02
-2.357027854596427385e-02
-2.358570129527148840e-02
-2.360113652128470463e-02
-2.361658337037819688e-02
-2.363204276524344394e-02
-2.364751461194192217e-02
-2.366299977688357536e-02
-2.367849874868754867e-02
-2.369401150710126469e-02
-2.370953906314843262e-02
-2.372508200248490962e-02
-2.374064033589773359e-02
-2.375621589289633739e-02
-2.377180813423562800e-02
-2.378741774036940981e-02
-2.380304682098555169e-02
-2.381869496666633168e-02
-2.383436296697472034e-02
-2.385005346328239462e-02
-2.386576590591826807e-02
-2.388150333594862840e-02
-2.389726522362423111e-02
-2.391305296950863024e-02
-2.392887039941493654e-02
-2.394471709439704998e-02
-2.396059497288638429e-02
-2.397650765275471940e-02
-2.399245709863395692e-02
-2.400844612367436515e-02
-2.402447823309405983e-02
-2.404055827640882992e-02
-2.405669103353058613e-02
-2.407287960019577344e-02
-2.408913295773607022e-02
-2.410545928694840523e-02
-2.412186853595776892e-02
-2.413836900574628519e-02
-2.415498033760055119e-02
-2.417171915418092620e-02
-2.418861723446852352e-02
-2.420570950844680436e-02
-2.422305814528724621e-02
-2.423190283214526897e-02
