4.355451501878902509e-01
4.355483915119158778e-01
4.355516996920322237e-01
4.355552658440367542e-01
4.355588723560019360e-01
4.355626219624684214e-01
4.355666705032303354e-01
4.355707203086752743e-01
4.355749143676851953e-01
4.355794492161621512e-01
4.355839466920309877e-01
4.355888142592450607e-01
4.355936187598979936e-01
4.355985718140250040e-01
4.356039403960242917e-01
4.356092087124514567e-01
4.356146304591106411e-01
4.356205165940449375e-01
4.356262660418903643e-01
4.356325153447420107e-01
4.356386035969682102e-01
4.356448585110127003e-01
4.356516699016260152e-01
4.356582842831384084e-01
4.356650764878117754e-01
4.356722690053261848e-01
4.356796656307793669e-01
4.356872720260261955e-01
4.356948482456061700e-01
4.357028831383018552e-01
4.357111474948478502e-01
4.357196492846278635e-01
4.357281105117269959e-01
4.357371032996653071e-01
4.357463624691422233e-01
4.357555781604423029e-01
4.357653940270873050e-01
4.357755142326515396e-01
4.357859521833675753e-01
4.357963427807218793e-01
4.358074283986068664e-01
4.358186364889703457e-01
4.358303293680572676e-01
4.358420218674779467e-01
4.358539932856387855e-01
4.358656253078403431e-01
4.358771057980732611e-01
4.358878717415169968e-01
4.358982778287802673e-01
4.359080987834957344e-01
4.359178806824330898e-01
4.359274919861448883e-01
4.359374018009212759e-01
4.359473594624899140e-01
4.359577466471067919e-01
4.359682258814919775e-01
4.359791645621604594e-01
4.359901846012154136e-01
4.360016712815755202e-01
4.360132217319062642e-01
4.360252453082081314e-01
4.360375363845689911e-01
4.360500914358800828e-01
4.360624421213590285e-01
4.360754958227950895e-01
4.360887896475268422e-01
4.361018161507113078e-01
4.361155348030341661e-01
4.361294431936527660e-01
4.361435229600175711e-01
4.361572370913724406e-01
4.361716167514124165e-01
4.361861468661543118e-01
4.362008375509285885e-01
4.362151555555595639e-01
4.362302156014319365e-01
4.362454989084119661e-01
4.362610285793597220e-01
4.362762325952712628e-01
4.362923019687434678e-01
4.363086712427678426e-01
4.363253536748606942e-01
4.363417144563428995e-01
4.363590428520982001e-01
4.363767176411676441e-01
4.363947499808216168e-01
4.364124441354606532e-01
4.364312127836706967e-01
4.364503792430907692e-01
4.364699604337939909e-01
4.364891957434381964e-01
4.365096449260185696e-01
4.365313916040727271e-01
4.365519976537521885e-01
4.365730862160493997e-01
4.365955698785208283e-01
4.366186323910244416e-01
4.366413558334197309e-01
4.366656143263923928e-01
4.366905027970284792e-01
4.367160169888207877e-01
4.367410844411528936e-01
4.367677215615486941e-01
4.367948117846682798e-01
4.368222066834407946e-01
4.368485991137753266e-01
4.368758997771345909e-01
4.369026466126862407e-01
4.369283999825842035e-01
4.369517564624786909e-01
4.369741597629744345e-01
4.369941900997855178e-01
4.370115468507135281e-01
4.370256358052720391e-01
4.370376056636589568e-01
4.370471270644077921e-01
4.370546086294146426e-01
4.370604029749702302e-01
4.370653040547540225e-01
4.370695812811316583e-01
4.370736245921296170e-01
4.370776607812532633e-01
4.370820712496606419e-01
4.370869468805207991e-01
4.370923968560953554e-01
4.370983085548612590e-01
4.371050405581310416e-01
4.371124543930428041e-01
4.371205448238110192e-01
4.371290036708072591e-01
4.371383680886178902e-01
4.371483493409515919e-01
4.371585516628054835e-01
4.371700619498999352e-01
4.371813270441677890e-01
4.371939493193871540e-01
4.372061940861391993e-01
4.372188825574928606e-01
4.372330032447156456e-01
4.372465781676684315e-01
4.372605608726867210e-01
4.372760584400595119e-01
4.372908689302004159e-01
4.373072548714536101e-01
4.373228694496819613e-01
4.373388634383313378e-01
4.373565296212127973e-01
4.373733113211322743e-01
4.373904689469265694e-01
4.374094031037047414e-01
4.374273485323983968e-01
4.374471453688271172e-01
4.374658859507531972e-01
4.374850107387358578e-01
4.375061035922480634e-01
4.375260426972714112e-01
4.375463772109312033e-01
4.375688038971100036e-01
4.375899804144538496e-01
4.376133377371964062e-01
4.376353796761657255e-01
4.376578450948696575e-01
4.376826304191024364e-01
4.377060035254952131e-01
4.377298227469056946e-01
4.377561127600762547e-01
4.377808930468488069e-01
4.378061481418379364e-01
4.378340395477041680e-01
4.378603229026074573e-01
4.378893649204934624e-01
4.379167316122973830e-01
4.379446382204640331e-01
4.379755019316595166e-01
4.380045886472060390e-01
4.380342659952584650e-01
4.380671225180799988e-01
4.380980956333663801e-01
4.381324128350066460e-01
4.381647705292765482e-01
4.381978243976321630e-01
4.382344894134989066e-01
4.382690741017706837e-01
4.383044288967485325e-01
4.383436911459285823e-01
4.383807393295903188e-01
4.384219121755199566e-01
4.384607709469142134e-01
4.385005376567844837e-01
4.385447720011168560e-01
4.385865250867113652e-01
4.386292684157504507e-01
4.386768398209295317e-01
4.387217291264176589e-01
4.387676743966515969e-01
4.388188010661905336e-01
4.388669917865949399e-01
4.389205760489151009e-01
4.389710086259827060e-01
4.390224864618633704e-01
4.390772760546142184e-01
4.391331144378274876e-01
4.391875420390137785e-01
4.392452013062693172e-01
4.393036387864553416e-01
4.393627328290580780e-01
4.394198564258846584e-01
4.394798621240788017e-01
4.395401559342854703e-01
4.396006444073595198e-01
4.396587358780162380e-01
4.397194820009060479e-01
4.397803937996947465e-01
4.398415686598850516e-01
4.399005745662125100e-01
4.399627522781913713e-01
4.400257815790542537e-01
4.400899356742981605e-01
4.401527276785782150e-01
4.402199375565548078e-01
4.402891548943528299e-01
4.403606747273060007e-01
4.404316058047577642e-01
4.405084382728701176e-01
4.405883738786278703e-01
4.406680692507495278e-01
4.407547770976695811e-01
4.408452880962241971e-01
4.409398252731596135e-01
4.410343294521601454e-01
4.411373845513216763e-01
4.412451238206965276e-01
4.413577788886751674e-01
4.414704652171016486e-01
4.415934555210330736e-01
4.417221375405473993e-01
4.418568338797078665e-01
4.419917557804026731e-01
4.421393813664529215e-01
4.422943848648602794e-01
4.424574595220186479e-01
4.426219074793320551e-01
4.428035144341595508e-01
4.429964994045313964e-01
4.432025941986798001e-01
4.434140919311640450e-01
4.436525668576019044e-01
4.439121601987653376e-01
4.441969578574908040e-01
4.444977545045802891e-01
4.448478230996112393e-01
4.452424176723628890e-01
4.456920932834201321e-01
4.461867684517819010e-01
4.467895260598313545e-01
4.474892428205113348e-01
4.483549236948804473e-01
4.494052270531664894e-01
4.507458572317165069e-01
4.525525842403317900e-01
4.551129526167565498e-01
4.590898600890460646e-01
4.663289373745298505e-01
4.849604820554288542e-01
5.835510808618469270e-01
4.820508106445372531e-01
4.654078666753164728e-01
4.586468024526287324e-01
4.548604682069222194e-01
4.523985695768042992e-01
4.506513736725425434e-01
4.493251635787747222e-01
4.483092120142371795e-01
4.474705544071291841e-01
4.467925505927382579e-01
4.461970827737015699e-01
4.457206374188118492e-01
4.452885169847439206e-01
4.449109530498509546e-01
4.445780229451389842e-01
4.442944223354500788e-01
4.440284142593572403e-01
4.437890336981738515e-01
4.435724861370701766e-01
4.433839766591317622e-01
4.432036926015452960e-01
4.430316356379777609e-01
4.428869323393836988e-01
4.427531295752775153e-01
4.426180560361153149e-01
4.425035882066444270e-01
4.423970038629794765e-01
4.422886381032913317e-01
4.421962591127898690e-01
4.421019348712298402e-01
4.420212371191598599e-01
4.419453841223016655e-01
4.418674466494204589e-01
4.418004033804167618e-01
4.417370113745374693e-01
4.416714188654448647e-01
4.416146374949443953e-01
4.415555704610583110e-01
4.415041925430645553e-01
4.414550315228837341e-01
4.414034670333170651e-01
4.413582959027281261e-01
4.413147701755647523e-01
4.412687803421359578e-01
4.412282643505689994e-01
4.411852973560586588e-01
4.411473548161535252e-01
4.411105345375388453e-01
4.410713680252028035e-01
4.410367421473904148e-01
4.410031153210856592e-01
4.409673263540147548e-01
4.409357238660377432e-01
4.409021101525354425e-01
4.408724782547882581e-01
4.408437755775480027e-01
4.408132954697691064e-01
4.407865094380190585e-01
4.407606254651274535e-01
4.407331851569740166e-01
4.407091480812804773e-01
4.406859715417465462e-01
4.406614306858618879e-01
4.406399957983763160e-01
4.406173077637434710e-01
4.405975251866144360e-01
4.405784985089872818e-01
4.405583583626076494e-01
4.405408367666430736e-01
4.405239987825279036e-01
4.405061637885307468e-01
4.404906802890561357e-01
4.404742693220076721e-01
4.404600434849411661e-01
4.404463868222676104e-01
4.404318964684070248e-01
4.404193679156390706e-01
4.404073511533762586e-01
4.403945877525223818e-01
4.403835888111262142e-01
4.403718998487964331e-01
4.403618551244097290e-01
4.403522469142535645e-01
4.403420304843107536e-01
4.403332974219466012e-01
4.403249666991514433e-01
4.403161074661508523e-01
4.403085873954306062e-01
4.403014417920301793e-01
4.402938455634249904e-01
4.402874575211769836e-01
4.402806703579033587e-01
4.402750088915687865e-01
4.402696848172742983e-01
4.402640357495530288e-01
4.402593977969666561e-01
4.402550791353925241e-01
4.402505068632988072e-01
4.402468383907957028e-01
4.402429629046088477e-01
4.402399220873566277e-01
4.402371739370551929e-01
4.402342851383531652e-01
4.402321333574815143e-01
4.402302596667999612e-01
4.402283084575383532e-01
4.402270015600173725e-01
4.402256581979334671e-01
4.402248990834004561e-01
4.402243954470232423e-01
4.402239135743008513e-01
4.402239310670539307e-01
4.402241917701378848e-01
4.402245301199186334e-01
4.402252875228276907e-01
4.402261592259035794e-01
4.402273981808974002e-01
4.402288625099491925e-01
4.402304941575603259e-01
4.402324200207649585e-01
4.402345623862819468e-01
4.402369240090478475e-01
4.402395107299204580e-01
4.402423063442790774e-01
4.402453723025189780e-01
4.402485976157856085e-01
4.402521274265920881e-01
4.402557736782739539e-01
4.402596183398919671e-01
4.402638171027281611e-01
4.402680706838151825e-01
4.402725169960433060e-01
4.402773654988186847e-01
4.402822086027943227e-01
4.402874850185788946e-01
4.402927156475838766e-01
4.402981279019022587e-01
4.403040162210344888e-01
4.403097988607370117e-01
4.403157534690528840e-01
4.403222209384615171e-01
4.403285215375338790e-01
4.403353547321903760e-01
4.403419783988136160e-01
4.403487464290579689e-01
4.403560652269593034e-01
4.403631087653925857e-01
4.403702691669976188e-01
4.403777577135553623e-01
4.403853473763476578e-01
4.403930223998164251e-01
4.404005331410014157e-01
4.404083244458870672e-01
4.404161469322728784e-01
4.404237451619690269e-01
4.404315694398077685e-01
4.404393633458924540e-01
4.404471053545243042e-01
4.404545474396518445e-01
4.404621241635131579e-01
4.404695826033576678e-01
4.404768985294002515e-01
4.404838449001621803e-01
4.404908065278995699e-01
4.404975458759255447e-01
4.405040342272265042e-01
4.405100853853722853e-01
4.405160041031479512e-01
4.405215982257736917e-01
4.405268530721738185e-01
4.405316617500489307e-01
4.405362438286929971e-01
4.405404973298638338e-01
4.405444463534145538e-01
4.405480753050237119e-01
4.405515327438585538e-01
4.405548051856841285e-01
4.405579426008596200e-01
4.405609700811842777e-01
4.405639900660905939e-01
4.405670217322720239e-01
4.405701092024439380e-01
4.405732572735093777e-01
4.405766062920543624e-01
4.405800327825830642e-01
4.405836301266347621e-01
4.405875509434580839e-01
4.405915654680367388e-01
4.405959773855431805e-01
4.406004697525218172e-01
4.406052063631842319e-01
4.406104398917836118e-01
4.406157115511161737e-01
4.406212484591320866e-01
4.406273753717770414e-01
4.406334823121436095e-01
4.406402410359810395e-01
4.406469357995504987e-01
4.406539175440137845e-01
4.406614166520758102e-01
4.406692380955662403e-01
4.406771318372688095e-01
4.406855987481615999e-01
4.406944044102215075e-01
4.407035561109385324e-01
4.407127479117326496e-01
4.407226034520080327e-01
4.407328367432288285e-01
4.407434641731555747e-01
4.407541242096696954e-01
4.407655905822012166e-01
4.407773245777207860e-01
4.407897897653787478e-01
4.408026201962149671e-01
4.408163813451022039e-01
4.408307310545357960e-01
4.408461288042260229e-01
4.408630725703486797e-01
4.408818869739210555e-01
4.409029347178571312e-01
4.409252444175157382e-01
4.409438674987379847e-01
4.409535174483821263e-01
4.409581416436852419e-01
4.409634224785751178e-01
4.409708508469352140e-01
4.409801402607792520e-01
4.409908843652986521e-01
4.410024026640046446e-01
4.410148198266732322e-01
4.410275130033307067e-01
4.410407951407034899e-01
4.410540902405241659e-01
4.410677934184304982e-01
4.410815925199704779e-01
4.410954238450714993e-01
4.411087385675071526e-01
4.411224743404426052e-01
4.411360898269666153e-01
4.411495421995514921e-01
4.411623278096263312e-01
4.411753516556060628e-01
4.411881086511261207e-01
4.412005722252241302e-01
4.412123062736571510e-01
4.412245375273590731e-01
4.412356270355764498e-01
4.412471375248399608e-01
4.412575611227549932e-01
4.412676716261718091e-01
4.412781320290904419e-01
4.412873117617587826e-01
4.412968506790513334e-01
4.413061221046863380e-01
4.413151566442674034e-01
4.413237155090452002e-01
4.413323884797657470e-01
4.413409337711621805e-01
4.413493920970743001e-01
4.413575459603575335e-01
4.413659502824932024e-01
4.413743816792736196e-01
4.413828695257454027e-01
4.413911661561371047e-01
4.413998047529852919e-01
4.414085035450262540e-01
4.414172139924785188e-01
4.414255857645473791e-01
4.414340362611823831e-01
4.414420226864355645e-01
4.414496270453810989e-01
4.414564891201538943e-01
4.414627221628598108e-01
4.414681661670444845e-01
4.414730437833356835e-01
4.414774002053301616e-01
4.414815000922440724e-01
4.414854745689057447e-01
4.414894722684060135e-01
4.414935296306638501e-01
4.414978661397285786e-01
4.415024647556778925e-01
4.415072451021315181e-01
4.415124334154340580e-01
4.415179406833068532e-01
4.415237712692542948e-01
4.415297603827735839e-01
4.415362277693220538e-01
4.415430214268530329e-01
4.415501418151249746e-01
4.415573668923477579e-01
4.415651285205990373e-01
4.415732190987738948e-01
4.415819051300986509e-01
4.415903905107781413e-01
4.415991789907289244e-01
4.416088868808607515e-01
4.416183105625056116e-01
4.416280384259853031e-01
4.416387717972085070e-01
4.416491362630967643e-01
4.416605642597217218e-01
4.416715657897902214e-01
4.416828723518700928e-01
4.416953284773499910e-01
4.417072733919185645e-01
4.417195243244578240e-01
4.417325467248933157e-01
4.417459049770213753e-01
4.417596000073094054e-01
4.417731239496386908e-01
4.417874806348239258e-01
4.418021766920429694e-01
4.418166599876991452e-01
4.418320200977051138e-01
4.418477178191334009e-01
4.418637493318158249e-01
4.418794990231097453e-01
4.418961624191514725e-01
4.419131299402180302e-01
4.419303824585696372e-01
4.419472379968161779e-01
4.419649753555977556e-01
4.419829192891776559e-01
4.420010452893068931e-01
4.420186473173562391e-01
4.420370941420057043e-01
4.420557114644381169e-01
4.420745193947817619e-01
4.420928217926985981e-01
4.421120839432000071e-01
4.421316210464869001e-01
4.421514575549485015e-01
4.421708386873067220e-01
4.421913129776817164e-01
4.422121305095571553e-01
4.422332984846265025e-01
4.422539872061020394e-01
4.422758524303616046e-01
4.422980771843609826e-01
4.423206625373835577e-01
4.423427132235143167e-01
4.423660061361446849e-01
4.423896616004606708e-01
4.424127376817431068e-01
4.424380634775853527e-01
4.424618375681065308e-01
4.424879275596133033e-01
4.425124053744881603e-01
4.425372221428457986e-01
4.425644555917140344e-01
4.425899880954290433e-01
4.426158666007579678e-01
4.426442670286147574e-01
4.426708781286438632e-01
4.427000847559425800e-01
4.427274422124514164e-01
4.427551621110159541e-01
4.427855908206875801e-01
4.428140807655246425e-01
4.428429452889922069e-01
4.428746364695280713e-01
4.429042969510511019e-01
4.429368662255588340e-01
4.429673404433779327e-01
4.429982096570437844e-01
4.430321103650598502e-01
4.430638160932825476e-01
4.430959255936078867e-01
4.431311871418235904e-01
4.431641451980294355e-01
4.432003322495808306e-01
4.432341358941690457e-01
4.432683391147081431e-01
4.433058707141203092e-01
4.433408880989208600e-01
4.433762797962961244e-01
4.434150697502420302e-01
4.434511963518418254e-01
4.434876447595135773e-01
4.435275144526275026e-01
4.435645518338188764e-01
4.436049908766569461e-01
4.436424737763587922e-01
4.436801079220120125e-01
4.437210521993057433e-01
4.437588524778598442e-01
4.437966536618558888e-01
4.438375990706602825e-01
4.438752288084500397e-01
4.439158584318186884e-01
4.439530840132150380e-01
4.439900409055130837e-01
4.440297707388174420e-01
4.440660378844095146e-01
4.441019304742104823e-01
4.441404089768930530e-01
4.441754785234791614e-01
4.442130610518551515e-01
4.442473358419526397e-01
4.442812693606539298e-01
4.443177128933239461e-01
4.443510677017507571e-01
4.443842257057806222e-01
4.444200111403722175e-01
4.444529501708903707e-01
4.444886416742846458e-01
4.445216245832481761e-01
4.445547125553448442e-01
4.445907479809911300e-01
4.446241853299248703e-01
4.446578256009014463e-01
4.446945239200267852e-01
4.447285681957949266e-01
4.447627510766050674e-01
4.447984443950249167e-01
4.448341026523639496e-01
4.448695818311167449e-01
4.449032988300988811e-01
4.449378883763627224e-01
4.449716973171893852e-01
4.450044846748216765e-01
4.450347799913090263e-01
4.450648878259677033e-01
4.450933257973406221e-01
4.451199509828674961e-01
4.451437593936934944e-01
4.451666731577486602e-01
4.451877483348853359e-01
4.452071180935842087e-01
4.452243391132656436e-01
4.452409722019313176e-01
4.452565856387018517e-01
4.452714577110752359e-01
4.452853556484370756e-01
4.452995620170265845e-01
4.453137940106428050e-01
4.453282640673770221e-01
4.453426089283174516e-01
4.453586214383338238e-01
4.453741805009133192e-01
4.453904678578635701e-01
4.454089129552750714e-01
4.454269270314134554e-01
4.454473623051450892e-01
4.454672710223264165e-01
4.454881170387343658e-01
4.455117036510024553e-01
4.455345340388703335e-01
4.455583149347076555e-01
4.455851018296612120e-01
4.456108537216322274e-01
4.456397724696107288e-01
4.456674580608654956e-01
4.456960512940344454e-01
4.457280292116946874e-01
4.457584783502632764e-01
4.457897920230172173e-01
4.458233172626619445e-01
4.458577462554051962e-01
4.458930525424058544e-01
4.459277277857187083e-01
4.459646504539011569e-01
4.460023312818745533e-01
4.460407085904292690e-01
4.460781113714612500e-01
4.461176129955485847e-01
4.461575317643016736e-01
4.461977367596445254e-01
4.462364391236228744e-01
4.462767708665473787e-01
4.463169378258048381e-01
4.463551855096363763e-01
4.463946414256184103e-01
4.464335985992469169e-01
4.464720245855965386e-01
4.465084138981113004e-01
4.465459029215675946e-01
4.465830539619094486e-01
4.466200061500293916e-01
4.466554225274960710e-01
4.466924383586201586e-01
4.467297143083173716e-01
4.467673869224215166e-01
4.468040152927088005e-01
4.468427852515314824e-01
4.468822416323590674e-01
4.469224465848833372e-01
4.469617616817856409e-01
4.470035586080384205e-01
4.470462164680529260e-01
4.470897586873738838e-01
4.471323684910477603e-01
4.471795765651447874e-01
4.472239707006728238e-01
4.472731649740463999e-01
4.473194197730651078e-01
4.473665964065652312e-01
4.474189017291993475e-01
4.474680874580134748e-01
4.475182804232276657e-01
4.475739857965094770e-01
4.476264021487399436e-01
4.476846321359633785e-01
4.477394640423069117e-01
4.477955314879320525e-01
4.478579341586819140e-01
4.479167835737536962e-01
4.479770704344131493e-01
4.480443284824943695e-01
4.481078834114483600e-01
4.481731426000105101e-01
4.482461583759438373e-01
4.483153278603732583e-01
4.483928948137365089e-01
4.484632505569732253e-01
4.485425220445884986e-01
4.486245658801417124e-01
4.487096009034652333e-01
4.487940812178932704e-01
4.488857113161929258e-01
4.489811607325953080e-01
4.490807918044484315e-01
4.491805061608665772e-01
4.492895935246733474e-01
4.494043186447903571e-01
4.495253625539468167e-01
4.496479305608031551e-01
4.497838835706792215e-01
4.499259586643149511e-01
4.500818624108597343e-01
4.502467809030473722e-01
4.504302959920418181e-01
4.506273087246899789e-01
4.508494186478005372e-01
4.510887069600524879e-01
4.513462652368088190e-01
4.516097783765047335e-01
4.518478918873247152e-01
4.520425933190822532e-01
4.522115476609405160e-01
4.523886589524360180e-01
4.525969214823983289e-01
4.528497845575176206e-01
4.531437265522305635e-01
4.534969426166268747e-01
4.539013598502056879e-01
4.543857102065951836e-01
4.549444908208974958e-01
4.556256173154825673e-01
4.564330802435305756e-01
4.574555843336542971e-01
4.587316671937758938e-01
4.604432075158668147e-01
4.628518407900303333e-01
4.665539211347863313e-01
4.731186592498705101e-01
4.892893500943211182e-01
5.857756165151168926e-01
4.919390315399134184e-01
4.740052943621455572e-01
4.670074728579129975e-01
4.631948302664171679e-01
4.607443016012299775e-01
4.590190811891785572e-01
4.577176857653067477e-01
4.567258848499332058e-01
4.559108511549856413e-01
4.552546683092834612e-01
4.547032074004340174e-01
4.542230052960319342e-01
4.538094465124258847e-01
4.534493986153615430e-01
4.531461160937346189e-01
4.528645166471359507e-01
4.526135052087639221e-01
4.523884229558708392e-01
4.521940540282930465e-01
4.520095511821350942e-01
4.518418201696692282e-01
4.516887803278638036e-01
4.515546476627267380e-01
4.514200805274532491e-01
4.513067665310349086e-01
4.511924864781677313e-01
4.510958562971514874e-01
4.510060647349725671e-01
4.509149504108804773e-01
4.508375592149030942e-01
4.507653333052091260e-01
4.506917008554358062e-01
4.506289713360163707e-01
4.505648602841561545e-01
4.505101719631596779e-01
4.504589029294568947e-01
4.504063531545384746e-01
4.503614856471409023e-01
4.503193669268509280e-01
4.502761073498281474e-01
4.502391803205151866e-01
4.502045019543454707e-01
4.501688395674959819e-01
4.501384416406536970e-01
4.501071692107825872e-01
4.500805601640361919e-01
4.500556129065588218e-01
4.500299532001412750e-01
4.500082078277461428e-01
4.499878767212307507e-01
4.499669927557540250e-01
4.499494051894948332e-01
4.499313706142652469e-01
4.499162734275967690e-01
4.499022891349344633e-01
4.498880113397991654e-01
4.498762100318352553e-01
4.498653907864152979e-01
4.498544275829373107e-01
4.498455472794827825e-01
4.498366222213214249e-01
4.498295444836179491e-01
4.498232862492400064e-01
4.498171264890030718e-01
4.498125023831402447e-01
4.498086251934210189e-01
4.498049856209526132e-01
4.498026050766915640e-01
4.498005532407651219e-01
4.497995891055692197e-01
4.497992761936529527e-01
4.497994209540193689e-01
4.498004181570551818e-01
4.498020181145785390e-01
4.498041952771760221e-01
4.498070060986166241e-01
4.498103724553157989e-01
4.498144221073811511e-01
4.498188985601654366e-01
4.498241201000761635e-01
4.498296336017797437e-01
4.498356155523313138e-01
4.498424157116334143e-01
4.498493156126004422e-01
4.498566237487330310e-01
4.498647998226169009e-01
4.498728946262485207e-01
4.498818790088267017e-01
4.498906696328792143e-01
4.498997622691294218e-01
4.499097663632849464e-01
4.499194327162365226e-01
4.499293498800239210e-01
4.499402026039946989e-01
4.499506084096940306e-01
4.499619761079236002e-01
4.499728442338906675e-01
4.499839321005604242e-01
4.499960440447572374e-01
4.500076037196037992e-01
4.500193997067790108e-01
4.500323102058827462e-01
4.500446311711789327e-01
4.500581398145285239e-01
4.500710333708115019e-01
4.500842178816269468e-01
4.500987067910498518e-01
4.501125324318654974e-01
4.501266784343680993e-01
4.501422462072497965e-01
4.501570845897661099e-01
4.501722622373653948e-01
4.501889723084985806e-01
4.502048689994430086e-01
4.502223668654333211e-01
4.502389861673993798e-01
4.502559490622506932e-01
4.502746039596538519e-01
4.502922745769240565e-01
4.503102763027564959e-01
4.503300460497829949e-01
4.503487183797701965e-01
4.503692008192443086e-01
4.503885068735468122e-01
4.504081002292363300e-01
4.504295500457822787e-01
4.504497053909022330e-01
4.504701087175776442e-01
4.504923935074324204e-01
4.505132662990363190e-01
4.505360238789288818e-01
4.505572917476360906e-01
4.505804358060084835e-01
4.506037439012694490e-01
4.506237108223112298e-01
4.506472469202500442e-01
4.506708655813245201e-01
4.506910269543302205e-01
4.507147162286221365e-01
4.507366452485170316e-01
4.507585432069539655e-01
4.507821274808221368e-01
4.508038786876208959e-01
4.508255209856174006e-01
4.508487386209585890e-01
4.508700753727081234e-01
4.508912307175488299e-01
4.509138383695944219e-01
4.509345484978628527e-01
4.509566268026783398e-01
4.509768164160397053e-01
4.509967364529279821e-01
4.510179087791353347e-01
4.510372363377780358e-01
4.510562727669353289e-01
4.510764669175620356e-01
4.510948946947550553e-01
4.511144335055213839e-01
4.511322750499092149e-01
4.511498516646141876e-01
4.511685002371230713e-01
4.511855696365384971e-01
4.512024235404096251e-01
4.512203477302226817e-01
4.512368182711141151e-01
4.512543779340193462e-01
4.512705663631603192e-01
4.512866583337413195e-01
4.513038931699354106e-01
4.513198663252963039e-01
4.513358224642933791e-01
4.513529992849070749e-01
4.513690009708477557e-01
4.513850617755330585e-01
4.514024363948392904e-01
4.514186924103678611e-01
4.514357004488364633e-01
4.514522292031007966e-01
4.514695572527204215e-01
4.514870705312321042e-01
4.515047786631872784e-01
4.515220192282446976e-01
4.515401198614272804e-01
4.515584176982511688e-01
4.515769046787003749e-01
4.515948692825311750e-01
4.516136909378404285e-01
4.516326636635107916e-01
4.516517764679817137e-01
4.516702990626399461e-01
4.516896755307914235e-01
4.517091965491537575e-01
4.517288797903660225e-01
4.517479970580264848e-01
4.517680741519950471e-01
4.517883993938021647e-01
4.518090053601374056e-01
4.518291222233682958e-01
4.518503648755966551e-01
4.518719708350718012e-01
4.518939605063257980e-01
4.519154836587637725e-01
4.519382680532106344e-01
4.519614742832892551e-01
4.519841877445819334e-01
4.520082358167850090e-01
4.520336765228249454e-01
4.520576327712274578e-01
4.520819827946762626e-01
4.521087486527322064e-01
4.521339050747715804e-01
4.521615321108608532e-01
4.521874557564357633e-01
4.522137256539716099e-01
4.522425164875927828e-01
4.522694501423307756e-01
4.522966649557623731e-01
4.523263990324716821e-01
4.523541047268780924e-01
4.523842912303152608e-01
4.524123272550650277e-01
4.524404555240371661e-01
4.524697898179301236e-01
4.524991207148482686e-01
4.525272396346073367e-01
4.525564112267994599e-01
4.525854296050530468e-01
4.526142538048817943e-01
4.526417282257165220e-01
4.526700852772990724e-01
4.526981781804955141e-01
4.527260035416453277e-01
4.527524912263306556e-01
4.527798232966422365e-01
4.528069371134073595e-01
4.528328153355363206e-01
4.528596072440655429e-01
4.528862995269629099e-01
4.529129405436432276e-01
4.529385362121376435e-01
4.529652155690945259e-01
4.529919786884690769e-01
4.530188606985725008e-01
4.530448261165945234e-01
4.530720094818451726e-01
4.530993631183671821e-01
4.531268849466985604e-01
4.531534728087147634e-01
4.531812808395290770e-01
4.532091963671890378e-01
4.532371829960020193e-01
4.532640964379694992e-01
4.532931944117047918e-01
4.533200248835135837e-01
4.533489237278936490e-01
4.533754706311596272e-01
4.534018119788011392e-01
4.534300213678449376e-01
4.534558039956912423e-01
4.534812694740316674e-01
4.535084182142800624e-01
4.535331574133198429e-01
4.535594935310207632e-01
4.535834907850920805e-01
4.536071534782126768e-01
4.536323729384016401e-01
4.536554303143068845e-01
4.536782601243418700e-01
4.537018157542053731e-01
4.537252379371967126e-01
4.537476941084579440e-01
4.537710473286412638e-01
4.537944658677912080e-01
4.538180171556803200e-01
4.538408451165313329e-01
4.538648396030058874e-01
4.538891454585965990e-01
4.539138118786487097e-01
4.539378985797236643e-01
4.539633825019714908e-01
4.539893237003482795e-01
4.540157362238478322e-01
4.540415631372775596e-01
4.540689068714430232e-01
4.540967225085882908e-01
4.541250088362479009e-01
4.541526290802128107e-01
4.541818674998935323e-01
4.542116329027712784e-01
4.542419683391737406e-01
4.542716815018144061e-01
4.543032789637638236e-01
4.543355955441834571e-01
4.543686739524761542e-01
4.544011757904209414e-01
4.544358344950264472e-01
4.544713274379261758e-01
4.545061792732225658e-01
4.545433067136231409e-01
4.545812484471663528e-01
4.546199732146136152e-01
4.546578215618988228e-01
4.546979276254964342e-01
4.547386260231610078e-01
4.547798101482767863e-01
4.548196540318761860e-01
4.548613805138432831e-01
4.549031199639847478e-01
4.549446559322136152e-01
4.549840900180418535e-01
4.550245092423351734e-01
4.550639605442549085e-01
4.551021733248574730e-01
4.551374491312982773e-01
4.551725356086892549e-01
4.552057454807398873e-01
4.552369690822186676e-01
4.552650586113626829e-01
4.552923559942438358e-01
4.553177689844406517e-01
4.553414646060440218e-01
4.553628383666969981e-01
4.553838232175448364e-01
4.554037988675472270e-01
4.554230246571792096e-01
4.554410587262615606e-01
4.554595123430940640e-01
4.554778805294530941e-01
4.554963352839986324e-01
4.555143189548755966e-01
4.555333312749129671e-01
4.555527754236705085e-01
4.555719602428229265e-01
4.555932162483308234e-01
4.556134858286586264e-01
4.556359827133713569e-01
4.556574199397047664e-01
4.556794220444276289e-01
4.557038168996037086e-01
4.557269831016528827e-01
4.557506900565504449e-01
4.557769055034734951e-01
4.558016972370037556e-01
4.558290579111369256e-01
4.558548629943791619e-01
4.558811263468436903e-01
4.559100320451852650e-01
4.559371982108185173e-01
4.559647703911866579e-01
4.559950453009775639e-01
4.560234146928912602e-01
4.560545229130657519e-01
4.560836243055801931e-01
4.561130543645416924e-01
4.561452717800135725e-01
4.561753484613830789e-01
4.562057163919843727e-01
4.562376407586460347e-01
4.562698611139129334e-01
4.563023677277472379e-01
4.563338397042824290e-01
4.563668827753007973e-01
4.564001907051649654e-01
4.564324131105119697e-01
4.564662281720421877e-01
4.565003001482990652e-01
4.565346298605221786e-01
4.565678297869472102e-01
4.566026738392954809e-01
4.566377899937317797e-01
4.566731875145871866e-01
4.567074389132916856e-01
4.567434225611473608e-01
4.567797292481242111e-01
4.568163777865628661e-01
4.568518922861467546e-01
4.568892756127565513e-01
4.569270723042090920e-01
4.569653097263253749e-01
4.570024407420092971e-01
4.570416133297310335e-01
4.570812884382903230e-01
4.571214628676721348e-01
4.571604491128931080e-01
4.572014737227273473e-01
4.572419381970704300e-01
4.572833484209328780e-01
4.573238258834099734e-01
4.573648580020965304e-01
4.574046743870416876e-01
4.574449510192529766e-01
4.574842315126732561e-01
4.575244345621465869e-01
4.575642681847252313e-01
4.576048737576800529e-01
4.576474352425901060e-01
4.576914208134568729e-01
4.577371224121842275e-01
4.577828486836381106e-01
4.578328523433445318e-01
4.578845452587949616e-01
4.579406551936161529e-01
4.579995618510284139e-01
4.580647016760340251e-01
4.581345280870187664e-01
4.582134297265827438e-01
4.582992896827710050e-01
4.583944317683301128e-01
4.584928321002589846e-01
4.585802485720455457e-01
4.586382184534607553e-01
4.586638361513302176e-01
4.586740761934738342e-01
4.586861888750726757e-01
4.587081518078177655e-01
4.587423317554790159e-01
4.587874337208216469e-01
4.588450647436406737e-01
4.589130054849052676e-01
4.589949945239966134e-01
4.590892029621571613e-01
4.592023967694817688e-01
4.593337601344104071e-01
4.594951185879906919e-01
4.596883919646233552e-01
4.599295443835955677e-01
4.602408901678333164e-01
4.606442957078999978e-01
4.611540416869545078e-01
4.617058568752441805e-01
4.620322142730089454e-01
4.618603899216962017e-01
4.613827649113713680e-01
4.609083218808299742e-01
4.605368502542885323e-01
4.602623567140149419e-01
4.600584429274127141e-01
4.599102909047676491e-01
4.597964651372765110e-01
4.597122766966024732e-01
4.596469611848894021e-01
4.595987978100699034e-01
4.595620804685839333e-01
4.595355469812690274e-01
4.595173027594189885e-01
4.595064072346887740e-01
4.595005533990655366e-01
4.594996403680941532e-01
4.595029875572620992e-01
4.595097951156960070e-01
4.595200054097397513e-01
4.595331550340682747e-01
4.595489508876846596e-01
4.595664345179727439e-01
4.595875580816473627e-01
4.596091089821340847e-01
4.596343518199199618e-01
4.596594353929383536e-01
4.596860689309945625e-01
4.597165547855979195e-01
4.597462136574920755e-01
4.597772380955242322e-01
4.598123383796828278e-01
4.598460931748135083e-01
4.598811061716358561e-01
4.599204542156147824e-01
4.599580217258132930e-01
4.600001056258681831e-01
4.600401356684054588e-01
4.600813086352452674e-01
4.601254173210503895e-01
4.601707040602779353e-01
4.602151974251462718e-01
4.602626202485087803e-01
4.603110097631971653e-01
4.603602454386913623e-01
4.604081094318712708e-01
4.604585060893675585e-01
4.605081139237567900e-01
4.605587252744672289e-01
4.606079532914653663e-01
4.606575491564499636e-01
4.607052320849147620e-01
4.607528520601931188e-01
4.607984470198645544e-01
4.608440188606076626e-01
4.608887885786042693e-01
4.609329866630093586e-01
4.609750843566114420e-01
4.610189025946640484e-01
4.610629054443124430e-01
4.611055121808372292e-01
4.611505509843576434e-01
4.611964188420946131e-01
4.612432845218374933e-01
4.612893009712158432e-01
4.613385121565220515e-01
4.613890835880437580e-01
4.614411027596924675e-01
4.614924083070396366e-01
4.615497807685516873e-01
4.616041880848831824e-01
4.616650691777680060e-01
4.617228031217938677e-01
4.617822046458208152e-01
4.618487087253878021e-01
4.619117593231837904e-01
4.619766360725769405e-01
4.620492988019305192e-01
4.621181720155286832e-01
4.621953324818542375e-01
4.622684596232610743e-01
4.623437167976379714e-01
4.624280611489132164e-01
4.625079796373251506e-01
4.625902273124429254e-01
4.626824244230528516e-01
4.627697472302551018e-01
4.628676238480416982e-01
4.629602750398606470e-01
4.630555486771674722e-01
4.631622540605093152e-01
4.632631061493813762e-01
4.633666385143987432e-01
4.634823525513334652e-01
4.635913859623807531e-01
4.637029350021940055e-01
4.638270798752280877e-01
4.639434170147004322e-01
4.640722900429401498e-01
4.641923785490508769e-01
4.643137316721054342e-01
4.644413537885458410e-01
4.645693224849165581e-01
4.646915998289041227e-01
4.648183914557847962e-01
4.649435704874861908e-01
4.650664638874271728e-01
4.651814329370799750e-01
4.652981679692235750e-01
4.654111349182132873e-01
4.655201418125448631e-01
4.656208436041077148e-01
4.657223498562221842e-01
4.658205682503356870e-01
4.659161277238681453e-01
4.660058963369417828e-01
4.660986394891423745e-01
4.661913558229627275e-01
4.662850660952032045e-01
4.663767113369832185e-01
4.664795796703400943e-01
4.665779573447471629e-01
4.666808773780680153e-01
4.667990411018431152e-01
4.669141413288735998e-01
4.670475815066156278e-01
4.671785682317594612e-01
4.673185837977966162e-01
4.674756236689259770e-01
4.676450507378500099e-01
4.678203081461660973e-01
4.680188877954496451e-01
4.682355767193366325e-01
4.684732080745658278e-01
4.687234885244866978e-01
4.690131782931231119e-01
4.693372672712558535e-01
4.697031290919892466e-01
4.701012763145820395e-01
4.705802378404786990e-01
4.711280771272403634e-01
4.717940454643452242e-01
4.725850657568416158e-01
4.735927111316409199e-01
4.748626195971099029e-01
4.765900403003299757e-01
4.790704831047809531e-01
4.830003381049512989e-01
4.903418760450478087e-01
5.106100841473981689e-01
5.677392298503125545e-01
5.005943596335628021e-01
4.871389985544812840e-01
4.813278771715785442e-01
4.780531711773088888e-01
4.758714786152962173e-01
4.743001735358413629e-01
4.731426453479256611e-01
4.722174177310269338e-01
4.714912816334336787e-01
4.708847441244051191e-01
4.703946126331867705e-01
4.699785536422466659e-01
4.696345593236130322e-01
4.693588733115706124e-01
4.691376876090246340e-01
4.689645317627958443e-01
4.688454916473890899e-01
4.687742515743106853e-01
4.687520183725858436e-01
4.687706708857026783e-01
4.688117583504802788e-01
4.688402705079660060e-01
4.688033711316867413e-01
4.686553478370135695e-01
4.683904757648560957e-01
4.680455820558049873e-01
4.676680943181343308e-01
4.672917023947646964e-01
4.669354065073575422e-01
4.666085262021515412e-01
4.663133676164216146e-01
4.660452355276722969e-01
4.658089874168526157e-01
4.655902387104456364e-01
4.653953463088127962e-01
4.652165425132629983e-01
4.650479909353166796e-01
4.648952601929211004e-01
4.647498464643728400e-01
4.646139976813684624e-01
4.644866049374766215e-01
4.643719282192323994e-01
4.642585340498630031e-01
4.641512525065680794e-01
4.640495128060054819e-01
4.639570490592120899e-01
4.638647909684782134e-01
4.637767996711452678e-01
4.636927463331470545e-01
4.636158839558258138e-01
4.635387239119475034e-01
4.634647309732369824e-01
4.633936964738970543e-01
4.633254322725392504e-01
4.632626906445350690e-01
4.631965467492528687e-01
4.631383500414836263e-01
4.630821445288220151e-01
4.630227253075362981e-01
4.629703493387696267e-01
4.629148826694784447e-01
4.628659376738556985e-01
4.628185086654654778e-01
4.627681602037603259e-01
4.627236680535574687e-01
4.626804785553806365e-01
4.626345276257055050e-01
4.625938714233742699e-01
4.625543436810375941e-01
4.625122024384921149e-01
4.624748803512320205e-01
4.624350413929630976e-01
4.623997414804335016e-01
4.623653523756643402e-01
4.623285877679139122e-01
4.622960006633461960e-01
4.622642321639727214e-01
4.622302305870145123e-01
4.622000961331871882e-01
4.621678261460619441e-01
4.621392361287191552e-01
4.621113575829420284e-01
4.620814884283807045e-01
4.620550483733518177e-01
4.620292750168585871e-01
4.620016551761938484e-01
4.619772364051512592e-01
4.619510670582770984e-01
4.619279542221769175e-01
4.619054502090209069e-01
4.618813342456178361e-01
4.618600723206925385e-01
4.618393904696961871e-01
4.618172307115928077e-01
4.617977339957587413e-01
4.617768475844516995e-01
4.617585007252168472e-01
4.617406920760354638e-01
4.617216206534436318e-01
4.617049140722766509e-01
4.616887240647811752e-01
4.616713948333892592e-01
4.616562643371840413e-01
4.616416311818106744e-01
4.616259792064890677e-01
4.616123674526620424e-01
4.615978165640248765e-01
4.615852023408582583e-01
4.615730570435043201e-01
4.615600874254172648e-01
4.615489057136770712e-01
4.615381767125246726e-01
4.615267334195188309e-01
4.615169334621014308e-01
4.615064903340643787e-01
4.614975945864239204e-01
4.614891221156611212e-01
4.614801058235068476e-01
4.614724980317186920e-01
4.614652940200364428e-01
4.614576393031530333e-01
4.614512594801632450e-01
4.614444899004797040e-01
4.614389098107046783e-01
4.614337051586564487e-01
4.614282031512667581e-01
4.614237754242729306e-01
4.614197185208556706e-01
4.614154693977840505e-01
4.614121972304788266e-01
4.614088175921244872e-01
4.614063605982511862e-01
4.614043112557766335e-01
4.614023095386620699e-01
4.614011651097470468e-01
4.614004844835273844e-01
4.614000494655511320e-01
4.614004173183466895e-01
4.614013293728215226e-01
4.614027317512455761e-01
4.614048820707827292e-01
4.614077140805583621e-01
4.614112501152033419e-01
4.614155036114811481e-01
4.614207555564862062e-01
4.614266260982513579e-01
4.614333247775920799e-01
4.614413672498686170e-01
4.614499028839814665e-01
4.614600173245282932e-01
4.614705036751104439e-01
4.614819458801014962e-01
4.614948061812007563e-01
4.615086956015815312e-01
4.615230278090043936e-01
4.615387913547642773e-01
4.615553783869689730e-01
4.615726431531707030e-01
4.615897297474073069e-01
4.616076983271516498e-01
4.616255934164715247e-01
4.616430422120665900e-01
4.616590426664413660e-01
4.616743562516277266e-01
4.616878886444953922e-01
4.616988743253272465e-01
4.617076942878037271e-01
4.617136423972561521e-01
4.617165744028079444e-01
4.617166826926543677e-01
4.617138795776439819e-01
4.617085083508215004e-01
4.617009575730123272e-01
4.616922287491033172e-01
4.616817302363397935e-01
4.616704052332195052e-01
4.616586717657082950e-01
4.616475224696848789e-01
4.616359887294325670e-01
4.616249506230228894e-01
4.616145989550441975e-01
4.616055905895154465e-01
4.615969542184673036e-01
4.615893113365594491e-01
4.615827036534077554e-01
4.615771524652267366e-01
4.615729569430974677e-01
4.615692343927877417e-01
4.615670532352007527e-01
4.615658159247142955e-01
4.615652730222976063e-01
4.615659552413194366e-01
4.615674650055589523e-01
4.615699912907030855e-01
4.615733741930928558e-01
4.615777739923446199e-01
4.615829021813672717e-01
4.615888458095827596e-01
4.615959970193815876e-01
4.616036136228637288e-01
4.616120175133671677e-01
4.616218253886728573e-01
4.616318568542612244e-01
4.616434296318567831e-01
4.616550720496572779e-01
4.616674821732402179e-01
4.616816444081920379e-01
4.616956592953271321e-01
4.617104436420100266e-01
4.617272012593525155e-01
4.617436032563581594e-01
4.617621345115852649e-01
4.617801722297306122e-01
4.617990004551937866e-01
4.618194113572388626e-01
4.618407023592712157e-01
4.618620213110208317e-01
4.618850672169698135e-01
4.619090324521888946e-01
4.619339390401159262e-01
4.619587915346974882e-01
4.619856378781752038e-01
4.620135556677485988e-01
4.620426318169070790e-01
4.620717650682983901e-01
4.621035287005471615e-01
4.621363312052343408e-01
4.621711454543872000e-01
4.622092812639291282e-01
4.622499131837017328e-01
4.622956523576471910e-01
4.623455223179762652e-01
4.624010508577481859e-01
4.624585299759919610e-01
4.625077251051496474e-01
4.625336412128884245e-01
4.625323116693621506e-01
4.625164174555886354e-01
4.624993544853980842e-01
4.624869252493205574e-01
4.624799999130018158e-01
4.624781285440001666e-01
4.624801564247041363e-01
4.624853331202180007e-01
4.624931571821761511e-01
4.625029824931788935e-01
4.625150226438545786e-01
4.625280193743769308e-01
4.625429188411842585e-01
4.625591695223188471e-01
4.625766807011138515e-01
4.625946688263957718e-01
4.626144659767458256e-01
4.626353666383795638e-01
4.626573401273108566e-01
4.626794614029756114e-01
4.627034705931389880e-01
4.627284982277431458e-01
4.627545349153902587e-01
4.627804998579041484e-01
4.628084971094764688e-01
4.628374953362993649e-01
4.628662935659811350e-01
4.628972606050226757e-01
4.629292434079400054e-01
4.629622507882437676e-01
4.629949119968365112e-01
4.630299518874574360e-01
4.630660449870359630e-01
4.631031977403691768e-01
4.631398513532856143e-01
4.631790799321233165e-01
4.632193533099037697e-01
4.632606421318674617e-01
4.633011608570681839e-01
4.633442621349622703e-01
4.633872381622157754e-01
4.634317234955582787e-01
4.634757236126411106e-01
4.635208569242809107e-01
4.635650761208523485e-01
4.636100389782055742e-01
4.636537901539152240e-01
4.636980908167830928e-01
4.637411423019846546e-01
4.637847895768677509e-01
4.638273530591179306e-01
4.638707331336028861e-01
4.639142119128072950e-01
4.639579850678533512e-01
4.640004519305818698e-01
4.640454359340299151e-01
4.640913787801111412e-01
4.641365540029454007e-01
4.641850229209619205e-01
4.642350972747179005e-01
4.642869755445223623e-01
4.643385848334200539e-01
4.643945357970112875e-01
4.644528370248661164e-01
4.645136705655645848e-01
4.645745237033951369e-01
4.646408573661187646e-01
4.647132709384871885e-01
4.647830786220353283e-01
4.648561554917487459e-01
4.649396156864754048e-01
4.650202991223575388e-01
4.651126918540041122e-01
4.651981670009752712e-01
4.652964459579177481e-01
4.654002938556692781e-01
4.655101621365579367e-01
4.656214548561680711e-01
4.657445027707557972e-01
4.658750134179967528e-01
4.660134358470062188e-01
4.661536940988320610e-01
4.663084332747230998e-01
4.664714455370178037e-01
4.666420756557529970e-01
4.668112448989587548e-01
4.669916772982835029e-01
4.671720773765180579e-01
4.673396285389268545e-01
4.675022931365973577e-01
4.676411305127917695e-01
4.677534343112513815e-01
4.678271544190643616e-01
4.678608664840452902e-01
4.678528285049284308e-01
4.678063775310040140e-01
4.677304966244769102e-01
4.676302342834983694e-01
4.675156456155663554e-01
4.673941241172647754e-01
4.672767925092794483e-01
4.671565845212197754e-01
4.670415761176340275e-01
4.669332560370188512e-01
4.668366877262272174e-01
4.667430020269275892e-01
4.666567533274640911e-01
4.665776145728036117e-01
4.665083060401410964e-01
4.664418078476777474e-01
4.663810785949127347e-01
4.663256670125997538e-01
4.662773797220384764e-01
4.662291440282884669e-01
4.661891588164475686e-01
4.661492817159240687e-01
4.661163801950192198e-01
4.660865061351059380e-01
4.660568653783113691e-01
4.660326922937138572e-01
4.660109840913488344e-01
4.659896743831197785e-01
4.659726595801297888e-01
4.659576957200473046e-01
4.659433159027280835e-01
4.659322957950493005e-01
4.659219894885848201e-01
4.659145107513762984e-01
4.659086028456780326e-01
4.659036004208670922e-01
4.659007521969747434e-01
4.658992707786830945e-01
4.658988828470148058e-01
4.659000818747044970e-01
4.659024989832937780e-01
4.659061674875921155e-01
4.659109515961321057e-01
4.659171345968228795e-01
4.659241323856108674e-01
4.659321384389701337e-01
4.659414233907898106e-01
4.659517494205466237e-01
4.659630903987465600e-01
4.659749930978768773e-01
4.659882575531241744e-01
4.660024799383043481e-01
4.660176480150798328e-01
4.660331594319095938e-01
4.660501567495350939e-01
4.660680865172331933e-01
4.660869532902780499e-01
4.661060118774560945e-01
4.661267484861064125e-01
4.661484744788824131e-01
4.661703403354162112e-01
4.661941197681786497e-01
4.662185502551229321e-01
4.662446840117860924e-01
4.662716403320943948e-01
4.663006831392397800e-01
4.663309574863031548e-01
4.663637895404864619e-01
4.663996058967703195e-01
4.664395903816198619e-01
4.664854902089448085e-01
4.665379582092046284e-01
4.665868915087642566e-01
4.666123927974992203e-01
4.666270749668664508e-01
4.666471729362564047e-01
4.666742805006995343e-01
4.667068068852754936e-01
4.667435722131524356e-01
4.667843771063701075e-01
4.668276523284845547e-01
4.668751354780865670e-01
4.669249771907183488e-01
4.669794723262830072e-01
4.670366780325964084e-01
4.670994215638100133e-01
4.671656114759473177e-01
4.672403160794754151e-01
4.673164997697874523e-01
4.674033089893697701e-01
4.674988892133324914e-01
4.676002147558990241e-01
4.677183585256474152e-01
4.678519785196391112e-01
4.680014636163981057e-01
4.681744703978843458e-01
4.683828555962760709e-01
4.686279504113859962e-01
4.689362347757534133e-01
4.693177958463274346e-01
4.698208180426104996e-01
4.704991191115204252e-01
4.714301949586425788e-01
4.726384284563996951e-01
4.737328040188111822e-01
4.737010501896166126e-01
4.726059642547653650e-01
4.714648795097416412e-01
4.706070706480902643e-01
4.699956484077966734e-01
4.695497071219503216e-01
4.692261804056557239e-01
4.689744492808817222e-01
4.687831756469533206e-01
4.686286222889324282e-01
4.685077416261038685e-01
4.684079565151016422e-01
4.683271836625716444e-01
4.682616773565891344e-01
4.682108516869582515e-01
4.681677734743800445e-01
4.681334893790658480e-01
4.681078563924312430e-01
4.680872895070474771e-01
4.680724100434738855e-01
4.680625441111687657e-01
4.680574137878781293e-01
4.680558488925462002e-01
4.680579256489966200e-01
4.680633266170143303e-01
4.680714864896956540e-01
4.680826797011427010e-01
4.680963009844233969e-01
4.681127191938755372e-01
4.681313014998984001e-01
4.681527800645026716e-01
4.681764897054243035e-01
4.682033960362935177e-01
4.682338956460168067e-01
4.682691823161321820e-01
4.683117781780722355e-01
4.683675585259955421e-01
4.684567851697140073e-01
4.686541898471598966e-01
4.686408597470205772e-01
4.685401555175200405e-01
4.685269283433634580e-01
4.685408870654547697e-01
4.685666857554318665e-01
4.685996937382013727e-01
4.686367691466181151e-01
4.686784366965306425e-01
4.687225215399620226e-01
4.687695854876298140e-01
4.688205964653455182e-01
4.688745774530599930e-01
4.689315607465048830e-01
4.689890728014416976e-01
4.690521882820075095e-01
4.691186392894121093e-01
4.691886056835358754e-01
4.692591428362227757e-01
4.693366402994706976e-01
4.694183964167050194e-01
4.695047475199931597e-01
4.695921286527172667e-01
4.696886535270627938e-01
4.697911152942953472e-01
4.699001220638343579e-01
4.700112966816824001e-01
4.701407497899065535e-01
4.702683255353233838e-01
4.704115874924845730e-01
4.705596183523000353e-01
4.707272593756517409e-01
4.709102622257724247e-01
4.711112051628964514e-01
4.713232933423232573e-01
4.715694652643920848e-01
4.718459058006754248e-01
4.721594264864303891e-01
4.725024779582245316e-01
4.729177945556792828e-01
4.733963917034266777e-01
4.739830746256979976e-01
4.746860863934079799e-01
4.755666706409367728e-01
4.767156241273017847e-01
4.782467357438016098e-01
4.803371477929675448e-01
4.831434499100247248e-01
4.862642098996509676e-01
4.875894679587978731e-01
4.856051067816951616e-01
4.825203061299538909e-01
4.799733118050851233e-01
4.781200803540912592e-01
4.767772734300389503e-01
4.757808099061656137e-01
4.750136260035455749e-01
4.744273326728631335e-01
4.739493025260417269e-01
4.735702968871572383e-01
4.732456305461000823e-01
4.729935848504326357e-01
4.727725862950928892e-01
4.725870456877042103e-01
4.724307277527749482e-01
4.723042609620219379e-01
4.721922733646977122e-01
4.720981885332571903e-01
4.720196426884640806e-01
4.719574223446562633e-01
4.719041018560647949e-01
4.718616528453175030e-01
4.718276845553060483e-01
4.718053462642300411e-01
4.717905356329359923e-01
4.717820747479289367e-01
4.717813989882768677e-01
4.717868786728192099e-01
4.717992471891324646e-01
4.718166713175578897e-01
4.718394651650542060e-01
4.718699877931231690e-01
4.719035123881739624e-01
4.719454689528794766e-01
4.719892941704541545e-01
4.720379702680024825e-01
4.720963137273733179e-01
4.721551182419704284e-01
4.722188124795856368e-01
4.722936713200413528e-01
4.723678180710761398e-01
4.724543179085143874e-01
4.725394106861258714e-01
4.726299808707268291e-01
4.727349841967444233e-01
4.728376756839113848e-01
4.729465549228322740e-01
4.730724719110376286e-01
4.731953368571593654e-01
4.733374310462175605e-01
4.734761089367799380e-01
4.736231831583654905e-01
4.737937065042583940e-01
4.739606271997280906e-01
4.741384129913377432e-01
4.743369755327164206e-01
4.745501876286571385e-01
4.747697105322089550e-01
4.750174387674566123e-01
4.752867660193026977e-01
4.755812749695637609e-01
4.758908667067411891e-01
4.762490105205309798e-01
4.766500401085754235e-01
4.771040532895163833e-01
4.776006791021668585e-01
4.782031412445835183e-01
4.789009254061731835e-01
4.797647602097782071e-01
4.808176566179672151e-01
4.822094534924765696e-01
4.840579041533383253e-01
