-3.082655619657259649e-08
-9.248914412118836026e-08
-1.541643824820582154e-07
-2.158556847708936743e-07
-2.775667871102172057e-07
-3.393007086405219752e-07
-4.010612887350717415e-07
-4.628521168559274201e-07
-5.246768267630486093e-07
-5.865396066617734050e-07
-6.484445734811217221e-07
-7.103959225318590143e-07
-7.723980707252664502e-07
-8.344558010131564174e-07
-8.965736237875887582e-07
-9.587567022517617943e-07
-1.021009887414159323e-06
-1.083338185270399379e-06
-1.145746963859828327e-06
-1.208241716676994315e-06
-1.270828475563590132e-06
-1.333513398149577256e-06
-1.396303027312306710e-06
-1.459203934239816647e-06
-1.522223153638257997e-06
-1.585367229606227113e-06
-1.648642890095253222e-06
-1.712056541425255318e-06
-1.775614217769394543e-06
-1.839321679297789558e-06
-1.903184456808482139e-06
-1.967208148156984748e-06
-2.031398948387774794e-06
-2.095763588449983672e-06
-2.160307965737295888e-06
-2.225037417757924629e-06
-2.289955270740051674e-06
-2.355062413417208234e-06
-2.420356278953761375e-06
-2.485830312481951410e-06
-2.551473618495059270e-06
-2.617272259142211510e-06
-2.683215376109160388e-06
-2.749304392035689659e-06
-2.815566990110873746e-06
-2.882073178223087950e-06
-2.948950567405184131e-06
-3.016406906142243827e-06
-3.084802086772420182e-06
-3.155030593338103984e-06
-3.230296776290941807e-06
-3.304212528365546575e-06
-3.377089134226629596e-06
-3.450615937650169940e-06
-3.525172412310872971e-06
-3.600520672275564493e-06
-3.677583317096555504e-06
-3.755080915102126937e-06
-3.832487215249535950e-06
-3.910623789127321004e-06
-3.989054865316532528e-06
-4.067357865955578688e-06
-4.145878772621180985e-06
-4.225114671019269963e-06
-4.308190158619495946e-06
-4.389768288093343074e-06
-4.479971264070847781e-06
-4.574903282095199586e-06
-4.668987454770068268e-06
-4.762891720022643938e-06
-4.857357654763916344e-06
-4.952691965875999358e-06
-5.048722057754417847e-06
-5.147653936776741546e-06
-5.244707087626032660e-06
-5.342395579921443982e-06
-5.440291228619997810e-06
-5.538384022285569586e-06
-5.636561342226009685e-06
-5.735303829523807906e-06
-5.833707639069096729e-06
-5.931939654924001104e-06
-6.029933474538395899e-06
-6.127575338021884477e-06
-6.225013717497951404e-06
-6.322666391445075362e-06
-6.420198328416226730e-06
-6.517712517362106439e-06
-6.615278744348529472e-06
-6.712958601662322167e-06
-6.811187384325734229e-06
-6.908773372282794867e-06
-7.006255564268037972e-06
-7.103692638676939453e-06
-7.201119784139287106e-06
-7.298538137079368937e-06
-7.396761115052719049e-06
-7.494429958287973648e-06
-7.591679228147185654e-06
-7.688857624477130059e-06
-7.786083650929143118e-06
-7.883409189002321682e-06
-7.980928532158593214e-06
-8.078748607642793900e-06
-8.176587720676309345e-06
-8.274606789537841678e-06
-8.373210868994895861e-06
-8.471044973257235711e-06
-8.568211972370676222e-06
-8.665060528545431850e-06
-8.761762777087511722e-06
-8.858430080582735400e-06
-8.955149186418154272e-06
-9.051997424514013346e-06
-9.149050422485593970e-06
-9.246395226480963458e-06
-9.344104716424439516e-06
-9.442048990671025877e-06
-9.540083587333825221e-06
-9.638199163997107632e-06
-9.736367692747549540e-06
-9.834799856944798080e-06
-9.934815842105315653e-06
-1.003532083565517041e-05
-1.013566522301001527e-05
-1.023648157083556498e-05
-1.033745895029358763e-05
-1.043823913715602458e-05
-1.053916355564510354e-05
-1.064033143483023025e-05
-1.074181922766648256e-05
-1.084387705996281426e-05
-1.094736442563970513e-05
-1.105171923831971270e-05
-1.115781932270465404e-05
-1.126351263058822383e-05
-1.136919845579065225e-05
-1.147501793941074766e-05
-1.158115546318061462e-05
-1.168749406699198801e-05
-1.179393475669865410e-05
-1.190059253430852948e-05
-1.200859576433455089e-05
-1.211960182501137240e-05
-1.223087523893884310e-05
-1.234398717120388511e-05
-1.245747431777299852e-05
-1.257168778467931958e-05
-1.268595713765918731e-05
-1.279991067504315794e-05
-1.291339615783204664e-05
-1.302611933873265571e-05
-1.313955418358325744e-05
-1.325134116225701320e-05
-1.336391527217983821e-05
-1.347745855817539251e-05
-1.359142496948351209e-05
-1.370597755590008404e-05
-1.382149629647333455e-05
-1.393731051468893867e-05
-1.405584549352134616e-05
-1.417380825818881362e-05
-1.429237406369576746e-05
-1.441080020747609325e-05
-1.452981041094592030e-05
-1.464972842712963796e-05
-1.477033130514726622e-05
-1.489116532060741349e-05
-1.501296983474897928e-05
-1.513312534595634418e-05
-1.525304292393503403e-05
-1.537458249245560182e-05
-1.549438200565411705e-05
-1.561427618101962622e-05
-1.573435221480234958e-05
-1.585468366149811459e-05
-1.597537461650588853e-05
-1.609626097465177708e-05
-1.621666014428591041e-05
-1.633712634596662383e-05
-1.645805144756540273e-05
-1.657934450594034104e-05
-1.670078644977479598e-05
-1.682228532062790549e-05
-1.694389574391497177e-05
-1.706587557004368705e-05
-1.718843241016454471e-05
-1.731164508400606650e-05
-1.743545772192600651e-05
-1.755979386508510487e-05
-1.768470902452357052e-05
-1.780997405720352589e-05
-1.793583804177156793e-05
-1.806318342589818826e-05
-1.819373871037033297e-05
-1.832418708180849620e-05
-1.845504836683886651e-05
-1.858550711275608336e-05
-1.871562672139948091e-05
-1.884546977137802060e-05
-1.897531617711667451e-05
-1.910553249306889967e-05
-1.923650533275367280e-05
-1.937349473224436736e-05
-1.953126276921235416e-05
-1.968639450877773811e-05
-1.984183370651315670e-05
-1.999715833889137429e-05
-2.015175902259080942e-05
-2.030637778727140130e-05
-2.046178454551128567e-05
-2.061965130328857754e-05
-2.078175887276767497e-05
-2.094482943426623223e-05
-2.110984098613322146e-05
-2.127729502621189539e-05
-2.144705906792498951e-05
-2.161829516988955646e-05
-2.179120693412972543e-05
-2.196746166205354456e-05
-2.214824574375828803e-05
-2.233292685582810577e-05
-2.252009954240019596e-05
-2.270981387730852674e-05
-2.290242254454621929e-05
-2.309977255410267105e-05
-2.330073858014536370e-05
-2.350566754472094289e-05
-2.371568575632032605e-05
-2.392277424934086127e-05
-2.412774751425761366e-05
-2.433295864234796824e-05
-2.454275338048539368e-05
-2.475683724501021032e-05
-2.496714428468216340e-05
-2.517518536870877455e-05
-2.538264897178343915e-05
-2.559036021532179461e-05
-2.579883423536877274e-05
-2.600869808877526168e-05
-2.621620701126481379e-05
-2.642441336353495984e-05
-2.663677133751818360e-05
-2.685801810786703214e-05
-2.707959416103911110e-05
-2.729824068337105558e-05
-2.751429545744255023e-05
-2.772780141102604290e-05
-2.793860740890607985e-05
-2.814852088250940909e-05
-2.835853644689301234e-05
-2.856452906363493582e-05
-2.876740785684450685e-05
-2.896774789251654880e-05
-2.916754616688610469e-05
-2.936444256984582779e-05
-2.956001782306039161e-05
-2.975542067740200025e-05
-2.995194466182127258e-05
-3.016031574110122904e-05
-3.035828669095685939e-05
-3.055726104372880059e-05
-3.075944684971521070e-05
-3.096711150418762770e-05
-3.117555219345202744e-05
-3.138098204258366053e-05
-3.159241783601274278e-05
-3.180863330354277707e-05
-3.201200339397747285e-05
-3.221013728449406699e-05
-3.241940964793244007e-05
-3.261501337470384954e-05
-3.280888990431218843e-05
-3.300590706112327410e-05
-3.320429973818761482e-05
-3.339634992505224886e-05
-3.358851020818232058e-05
-3.378377833140877584e-05
-3.398739952342744175e-05
-3.418928068599225156e-05
-3.439158249096685438e-05
-3.459290670748682572e-05
-3.479096846459306391e-05
-3.500441655424069154e-05
-3.520587926142404456e-05
-3.539645734584873082e-05
-3.558535376280147489e-05
-3.577436530521893587e-05
-3.595844829917815844e-05
-3.614145664920798140e-05
-3.632506485329312085e-05
-3.651000048798813680e-05
-3.669604476097543255e-05
-3.688661137613014063e-05
-3.709426931775006153e-05
-3.730765229370547331e-05
-3.750679315361882260e-05
-3.770210211850866244e-05
-3.789906084072924841e-05
-3.809895249640149473e-05
-3.830877804988919166e-05
-3.852205168641820165e-05
-3.875721624946315558e-05
-3.899456577483029207e-05
-3.921413483287672364e-05
-3.947015887151295033e-05
-3.968971243473173871e-05
-3.989366037626673744e-05
-4.009646634273167365e-05
-4.029782029357775741e-05
-4.049862546595672796e-05
-4.070568299052723660e-05
-4.101899120245722230e-05
-4.126211379562594317e-05
-4.148294602679403198e-05
-4.169911304952034214e-05
-4.192072351894005067e-05
-4.216301982407077986e-05
-4.239071285438988923e-05
-4.264650557872506909e-05
-4.287021340521057766e-05
-4.310449512290315255e-05
-4.335129814014848648e-05
-4.357656523445996299e-05
-4.381094119754180838e-05
-4.406156749459100297e-05
-4.431204291199808409e-05
-4.460608979395264129e-05
-4.485373602269859816e-05
-4.512398352873869811e-05
-4.541049719364309567e-05
-4.568541207949916583e-05
-4.608176885556591884e-05
-4.633733618897295514e-05
-4.658918203725992413e-05
-4.684986405123492403e-05
-4.709903017108274526e-05
-4.736156728579743458e-05
-4.760963933969630801e-05
-4.786978728210655731e-05
-4.812127938480514899e-05
-4.837842615479370778e-05
-4.866503415967837753e-05
-4.892488293362085017e-05
-4.920382397866074342e-05
-4.946871710198585959e-05
-4.973636622507271454e-05
-5.007460928752038853e-05
-5.034406712445260723e-05
-5.060491218744633812e-05
-5.087620615085164388e-05
-5.113223389596743829e-05
-5.140525920710459218e-05
-5.166625874131192120e-05
-5.194478129777468922e-05
-5.220156834651046296e-05
-5.246281329374102853e-05
-5.274565611401715870e-05
-5.301334305529703528e-05
-5.327732635962423302e-05
-5.355235531578905750e-05
-5.381401138815355978e-05
-5.410056738508473018e-05
-5.436274518932915356e-05
-5.472058694044878990e-05
-5.497478137406197618e-05
-5.525465561129205838e-05
-5.551544756310367035e-05
-5.581191488124304101e-05
-5.606570596616844426e-05
-5.632241493835898893e-05
-5.658097814764673217e-05
-5.684940937222826562e-05
-5.709931265207579543e-05
-5.735036190024356273e-05
-5.758957620383142739e-05
-5.784313983980826634e-05
-5.808194485401596552e-05
-5.834181435604435251e-05
-5.858421815541081656e-05
-5.887109272717516717e-05
-5.913864926443412884e-05
-5.943523204687828354e-05
-5.968449842363998670e-05
-5.997125683621096215e-05
-6.022036031549937718e-05
-6.050805348678522932e-05
-6.077387448633064793e-05
-6.108087129041983587e-05
-6.136616413010553828e-05
-6.165512608680145945e-05
-6.194648057655793849e-05
-6.222312320769418648e-05
-6.250245952654776005e-05
-6.279155021549076565e-05
-6.305397677530688583e-05
-6.334733676438553118e-05
-6.364766406941058108e-05
-6.392643731423230946e-05
-6.425212159744120299e-05
-6.460149837450579469e-05
-6.490105846423954716e-05
-6.519244175462457491e-05
-6.554199996111620408e-05
-6.582741120120250145e-05
-6.610413701857442703e-05
-6.640287446801895754e-05
-6.671568162741614572e-05
-6.699517977393210089e-05
-6.728080679707648670e-05
-6.760448182663303385e-05
-6.792046684100938592e-05
-6.821241610188710780e-05
-6.850947465608658860e-05
-6.884732991285780201e-05
-6.915387612083101487e-05
-6.944589351864927096e-05
-6.972973503682755592e-05
-7.005568700158004702e-05
-7.036547502892176453e-05
-7.065147175833175197e-05
-7.092977274514300490e-05
-7.125195826773733643e-05
-7.155977841288851948e-05
-7.183709583546971089e-05
-7.212800587907963745e-05
-7.243727482419970443e-05
-7.274375506383101708e-05
-7.303927617030581132e-05
-7.332610755272916947e-05
-7.360789785193500023e-05
-7.394512525238372547e-05
-7.423950742302398709e-05
-7.451581429041009841e-05
-7.481155460198340990e-05
-7.516190544953893493e-05
-7.546759484333698254e-05
-7.577430842320431736e-05
-7.610274120684046295e-05
-7.649758136207829295e-05
-7.683070578579087595e-05
-7.718332916761827533e-05
-7.754204465681979741e-05
-7.791791779487855507e-05
-7.825670530714479156e-05
-7.859497861140152253e-05
-7.893338141995442925e-05
-7.926140014002935885e-05
-7.959797331968943013e-05
-7.999495463850703203e-05
-8.035190566468841666e-05
-8.066889436031399185e-05
-8.097769723425241040e-05
-8.131574695369181427e-05
-8.169387065326549902e-05
-8.199517131290967598e-05
-8.233133798352110233e-05
-8.265546822783242931e-05
-8.296557698006523651e-05
-8.325940496622941112e-05
-8.354938188870342231e-05
-8.385064430171951244e-05
-8.416604884031730904e-05
-8.449028613244369268e-05
-8.481528682902084171e-05
-8.514846688212340808e-05
-8.554420778084104171e-05
-8.591576722938309985e-05
-8.630297388634300404e-05
-8.666704453530460484e-05
-8.699781039667175975e-05
-8.731785462179342261e-05
-8.764239031733289664e-05
-8.797082290623592371e-05
-8.829878163296722704e-05
-8.862077662974421344e-05
-8.894500031886298785e-05
-8.927105437794846665e-05
-8.960060871066044541e-05
-8.993921089828216253e-05
-9.029390739556664158e-05
-9.065775363692463173e-05
-9.102266614191556471e-05
-9.141265684731170182e-05
-9.192501730559410333e-05
-9.236014744495868456e-05
-9.275507967054785752e-05
-9.315377066854146904e-05
-9.360333337682380517e-05
-9.405316857857837221e-05
-9.443688215227119542e-05
-9.484054955632981176e-05
-9.523732817640073733e-05
-9.561543243119530189e-05
-9.601273048509550989e-05
-9.639248131798616726e-05
-9.679248574734344857e-05
-9.724158889901080016e-05
-9.765192750654794196e-05
-9.804569242244376426e-05
-9.841754218342657623e-05
-9.882893546475646218e-05
-9.924873603484041240e-05
-9.968600096843527325e-05
-1.001845990151739585e-04
-1.005714349491260151e-04
-1.009213740926773184e-04
-1.012769017205705779e-04
-1.016375990535722806e-04
-1.020142341219276716e-04
-1.023393144211626193e-04
-1.026925333360573234e-04
-1.030562246655541969e-04
-1.034368255866668918e-04
-1.037972866536618355e-04
-1.041731123690992078e-04
-1.045547970485172229e-04
-1.052066390114791972e-04
-1.056424175366332818e-04
-1.060873304267184736e-04
-1.065536006208400721e-04
-1.069620065876630832e-04
-1.074105496431387863e-04
-1.079357141302583756e-04
-1.083930052764303653e-04
-1.087731722255735889e-04
-1.091355189282161575e-04
-1.095068693022227535e-04
-1.098700688763054600e-04
-1.103115811158517090e-04
-1.107195977110286833e-04
-1.111009173773158665e-04
-1.115158948068462053e-04
-1.119482342506472605e-04
-1.124164701604701833e-04
-1.128594476735855778e-04
-1.134018575652540051e-04
-1.139227289380650987e-04
-1.143922728386037591e-04
-1.148331886844378147e-04
-1.152048794609283888e-04
-1.157004518824722439e-04
-1.160863678547618960e-04
-1.165606364156301922e-04
-1.170836747022008240e-04
-1.175505653076003298e-04
-1.180203595295692409e-04
-1.184538850835803458e-04
-1.188368837503617215e-04
-1.192260433832137423e-04
-1.196447149414137101e-04
-1.200750298907538038e-04
-1.204777955465807793e-04
-1.210126925172971823e-04
-1.214728909585405248e-04
-1.219311502241859912e-04
-1.223324050160234933e-04
-1.227105427065167120e-04
-1.231335319553661378e-04
-1.237294819808054669e-04
-1.241034357003512056e-04
-1.245613198073147743e-04
-1.249923177587541900e-04
-1.253791141133664411e-04
-1.258339402571140297e-04
-1.263124649030222812e-04
-1.268646489833713531e-04
-1.272620200455376605e-04
-1.279907013023162676e-04
-1.284069501861218043e-04
-1.288539350315920373e-04
-1.293695462383226413e-04
-1.299718341779554365e-04
-1.303908842306134019e-04
-1.309266100190109583e-04
-1.313269161875574298e-04
-1.317307522198385428e-04
-1.321978891448694071e-04
-1.326908486639633011e-04
-1.330954485381230512e-04
-1.334831905607236635e-04
-1.338623393604132517e-04
-1.344092392312479234e-04
-1.347770946760196153e-04
-1.352035128691086996e-04
-1.355645379367276249e-04
-1.360150455194109043e-04
-1.364329642772332818e-04
-1.368836493139680144e-04
-1.373958691990306846e-04
-1.378375710401336107e-04
-1.382351615230037467e-04
-1.386831818264155913e-04
-1.391589615007404745e-04
-1.395589757213766546e-04
-1.399495826756025352e-04
-1.403459212389046584e-04
-1.407397317896297295e-04
-1.412487572090004306e-04
-1.416732485546301490e-04
-1.420610428050084195e-04
-1.424533882130596396e-04
-1.429268726963472957e-04
-1.433445383131060069e-04
-1.437496056897469288e-04
-1.441558862623759651e-04
-1.446124454987929298e-04
-1.449880029250616431e-04
-1.453531918617079199e-04
-1.457675674365610519e-04
-1.461875583076421847e-04
-1.467791905740423175e-04
-1.472469783131424848e-04
-1.478917046713323913e-04
-1.483533784251145349e-04
-1.487646394606745304e-04
-1.492836286074439300e-04
-1.497284557084865853e-04
-1.502638381065679596e-04
-1.506924202646642286e-04
-1.511506979269272577e-04
-1.517068222322004445e-04
-1.522125486066450151e-04
-1.527624285457829245e-04
-1.532390749016121489e-04
-1.537451382815913092e-04
-1.543982962294299099e-04
-1.550301728376890509e-04
-1.555174065677178419e-04
-1.559936698865005411e-04
-1.565049925910111384e-04
-1.570571125560915604e-04
-1.575247419746128585e-04
-1.580150609264974193e-04
-1.584776449033986623e-04
-1.589810006847880430e-04
-1.594980246538701962e-04
-1.599662488600550603e-04
-1.604157464462074856e-04
-1.608738815084276297e-04
-1.613744884831902482e-04
-1.619628821957208586e-04
-1.625893584058513142e-04
-1.633205546509586270e-04
-1.637929579212382691e-04
-1.642561540913245466e-04
-1.648049759033209938e-04
-1.652772590974294076e-04
-1.657176380513991631e-04
-1.661884848433992090e-04
-1.667703432831624255e-04
-1.672568717129285787e-04
-1.676969341621870058e-04
-1.681644701775342199e-04
-1.687408514474686427e-04
-1.691762834363785828e-04
-1.695909453913735376e-04
-1.701057171217268404e-04
-1.705226908685908427e-04
-1.709571393576636567e-04
-1.715115295010116725e-04
-1.719358095253475938e-04
-1.723700920117643420e-04
-1.730065660886515033e-04
-1.735036261405475955e-04
-1.739685236873400598e-04
-1.744341499521073757e-04
-1.749419188746825782e-04
-1.753501332918405708e-04
-1.757544179503689463e-04
-1.761849263395287579e-04
-1.767103483250043183e-04
-1.771955790875745507e-04
-1.776491645459898905e-04
-1.780987508374076711e-04
-1.786544744898366233e-04
-1.790756684717509373e-04
-1.794960763918940216e-04
-1.799967868537644122e-04
-1.804044407768268243e-04
-1.808300716362731819e-04
-1.813443057434582784e-04
-1.818089147179735576e-04
-1.823418968371903759e-04
-1.827872903731320164e-04
-1.832126622888230472e-04
-1.836526689461548401e-04
-1.840804737652801393e-04
-1.845412290616410544e-04
-1.849774147324456663e-04
-1.853889721016299674e-04
-1.858272386949799682e-04
-1.862561405888696342e-04
-1.866834033040776220e-04
-1.871276473700556053e-04
-1.875500448325073677e-04
-1.879864136681286269e-04
-1.884635781360666229e-04
-1.889401939153545484e-04
-1.893962508728863625e-04
-1.898464320049253473e-04
-1.903301295332893162e-04
-1.908067853276795844e-04
-1.912449549965611340e-04
-1.917443035566179788e-04
-1.922859582962344049e-04
-1.927618812319620289e-04
-1.933140492156315560e-04
-1.939535599604358396e-04
-1.945076907593490390e-04
-1.951641800593817422e-04
-1.958623559634720124e-04
-1.967366348309962376e-04
-1.972219814652120817e-04
-1.976637014032833761e-04
-1.980971240513884624e-04
-1.986706858512210516e-04
-1.991889325881901485e-04
-1.996289250031368923e-04
-2.000505366505089810e-04
-2.004975995869573424e-04
-2.011070691863015014e-04
-2.015605998624270256e-04
-2.019797272382328757e-04
-2.024080216258550280e-04
-2.029547010052867861e-04
-2.035134746563027619e-04
-2.040957500094586763e-04
-2.047264460082187654e-04
-2.053110933865065491e-04
-2.059129643124935072e-04
-2.065769428928332374e-04
-2.072474416077163539e-04
-2.077676177051346329e-04
-2.082362088161593405e-04
-2.086965292185105625e-04
-2.091974071255497947e-04
-2.098258679780196090e-04
-2.106428652512981614e-04
-2.111429321391966596e-04
-2.116363961580658426e-04
-2.122514607894032679e-04
-2.128031611092762176e-04
-2.133727324304945938e-04
-2.139000005839664098e-04
-2.145174720277198688e-04
-2.150144374641893563e-04
-2.155012874662798339e-04
-2.160716874312074154e-04
-2.167801169287164598e-04
-2.173678006576196253e-04
-2.178790596735202811e-04
-2.183773548479761573e-04
-2.189924264568432477e-04
-2.194622745262941876e-04
-2.199053288582941690e-04
-2.203832588961729400e-04
-2.208854647151037298e-04
-2.213312378761544963e-04
-2.218336575946500133e-04
-2.224868031500681909e-04
-2.231306633400098605e-04
-2.237113687731939748e-04
-2.242066125863750869e-04
-2.246842151485406447e-04
-2.252190264889764038e-04
-2.258169997557679665e-04
-2.263491463541100757e-04
-2.268898861457202543e-04
-2.275853962342422321e-04
-2.283418682268445465e-04
-2.289292250925445416e-04
-2.294643219085124031e-04
-2.300965009516264814e-04
-2.306366690624228610e-04
-2.311242948159764055e-04
-2.316563280325700802e-04
-2.322231027857002417e-04
-2.327322557943434234e-04
-2.332639078740372796e-04
-2.338290953414201567e-04
-2.343433797665772644e-04
-2.349021800683859240e-04
-2.355150640609426915e-04
-2.360728808750156560e-04
-2.367089971319069619e-04
-2.374121823135455500e-04
-2.379411775778050853e-04
-2.384350619375474878e-04
-2.389671511057178677e-04
-2.395551593518119304e-04
-2.403165076090285623e-04
-2.408298974558853445e-04
-2.413678386153916833e-04
-2.419748616262484830e-04
-2.424700924769096488e-04
-2.430086923691510137e-04
-2.439674084887544225e-04
-2.445075188186596193e-04
-2.450631563666316737e-04
-2.455381234162112847e-04
-2.460342862455888735e-04
-2.465091663113039289e-04
-2.469927015802397818e-04
-2.475087814121090801e-04
-2.480800228822355180e-04
-2.485861056438221084e-04
-2.490590385385571537e-04
-2.496050460759624556e-04
-2.501311778473347402e-04
-2.509637715740753450e-04
-2.514811991349841236e-04
-2.520042146344492195e-04
-2.525683595037131468e-04
-2.531182911722495987e-04
-2.538562137013311570e-04
-2.544258103887031552e-04
-2.550568299204414302e-04
-2.557301174207493588e-04
-2.562441251856562019e-04
-2.567575620532336345e-04
-2.573843834566824640e-04
-2.579123922363812937e-04
-2.584486617746017956e-04
-2.592437809962877537e-04
-2.598373985941426767e-04
-2.603623709332980596e-04
-2.609447406123344138e-04
-2.615267545029720253e-04
-2.620520783641611118e-04
-2.626616238236012535e-04
-2.632621537190793504e-04
-2.639319202888401605e-04
-2.645243797463336932e-04
-2.651381246704387351e-04
-2.657042114528884724e-04
-2.663319429999644328e-04
-2.669940138081416947e-04
-2.678305209924403130e-04
-2.687539316000853162e-04
-2.695443358857740890e-04
-2.703926632353637061e-04
-2.711521061324884130e-04
-2.719276040196172417e-04
-2.727180169896925577e-04
-2.734795080787666421e-04
-2.742167721033750283e-04
-2.749551335725630707e-04
-2.758177841934994490e-04
-2.765534764177512983e-04
-2.772724668307358087e-04
-2.779890822849351295e-04
-2.787044848768793770e-04
-2.794154505819657075e-04
-2.801298528271045640e-04
-2.808407772489918131e-04
-2.815536468956381100e-04
-2.822666859458866639e-04
-2.829779062012427460e-04
-2.836912831384319489e-04
-2.844059941113918910e-04
-2.851237939990314274e-04
-2.858495510058567390e-04
-2.865826643301261356e-04
-2.873262466446258045e-04
-2.880924163221054712e-04
-2.888684852141443216e-04
-2.896435908775751855e-04
-2.904248412975984905e-04
-2.911800257143770665e-04
-2.919388259138289143e-04
-2.927087534996264395e-04
-2.934991652785434724e-04
-2.943054426670643764e-04
-2.951262602663984325e-04
-2.960420219907389239e-04
-2.969036339099950794e-04
-2.978145171332879926e-04
-2.987428299494609973e-04
-2.996192748951909124e-04
-3.004368614867303222e-04
-3.012044231849309028e-04
-3.019514508817433551e-04
-3.026906807470641780e-04
-3.034234327529139463e-04
-3.041559505598812052e-04
-3.049036134118443542e-04
-3.057523518527061057e-04
-3.066323492441069831e-04
-3.075272415674623616e-04
-3.083210915884038172e-04
-3.090201803148673321e-04
-3.098322116470431098e-04
-3.106608954750456064e-04
-3.114022158825502373e-04
-3.121630314327772382e-04
-3.129145802240884677e-04
-3.136928314826370467e-04
-3.143966754990401569e-04
-3.151231675527776943e-04
-3.158501937744473409e-04
-3.165898452472948321e-04
-3.173737995343373086e-04
-3.182198523886681230e-04
-3.191437185635637164e-04
-3.199705303922328881e-04
-3.207647599583474118e-04
-3.215493727186657935e-04
-3.223351367859228489e-04
-3.231509781003172321e-04
-3.240097552640319734e-04
-3.248058282779853201e-04
-3.255926533253239441e-04
-3.263679875890046489e-04
-3.271478415691753128e-04
-3.279139476670689390e-04
-3.287219946089825484e-04
-3.296308328011310351e-04
-3.305559605024654957e-04
-3.315459433682610424e-04
-3.325085915454328855e-04
-3.334923645343934595e-04
-3.344980477403280972e-04
-3.355047554884915684e-04
-3.365569297737458498e-04
-3.376008014652764899e-04
-3.385427034940935442e-04
-3.393429541729275911e-04
-3.402130832204086630e-04
-3.412941631105725904e-04
-3.420776589490026609e-04
-3.428362450891286883e-04
-3.438045672907730221e-04
-3.446590517925951502e-04
-3.454022789588506726e-04
-3.462233814303106172e-04
-3.473137719132157741e-04
-3.480780705933383956e-04
-3.488191710769861231e-04
-3.497217920258588464e-04
-3.505607906370000748e-04
-3.512745354234958484e-04
-3.520898963195184805e-04
-3.530379620449997091e-04
-3.537590095763487597e-04
-3.545567024276774504e-04
-3.556930298140859037e-04
-3.564643814529810939e-04
-3.572405851218762862e-04
-3.582969051451057041e-04
-3.591191969866125433e-04
-3.598557099806498627e-04
-3.607218254351174380e-04
-3.616010353801879518e-04
-3.623207757423863029e-04
-3.631043452239079983e-04
-3.641416124268159749e-04
-3.648739235434517170e-04
-3.656261967752705289e-04
-3.667219671527055525e-04
-3.675160216325412676e-04
-3.682924907856266472e-04
-3.693445612991119731e-04
-3.701654119286912348e-04
-3.709186595576285939e-04
-3.720020613183772085e-04
-3.727746650997731948e-04
-3.735074034340035709e-04
-3.746782449463026410e-04
-3.754104680749881240e-04
-3.761800116105495917e-04
-3.772292751296202340e-04
-3.779600555039452914e-04
-3.788411258732748976e-04
-3.796054341992372017e-04
-3.803370309635178970e-04
-3.813906129814803592e-04
-3.821034160642611255e-04
-3.829585615194863735e-04
-3.837278863141335705e-04
-3.844521756364294163e-04
-3.856048225470143365e-04
-3.863301326132440039e-04
-3.871337755827486404e-04
-3.879987248036620429e-04
-3.887629276417836621e-04
-3.897431327753997365e-04
-3.905096102645444489e-04
-3.912507311611967964e-04
-3.922751984750671994e-04
-3.929861815897828237e-04
-3.939331958060510175e-04
-3.946798765261938513e-04
-3.954464633535437201e-04
-3.963382218152844416e-04
-3.970790907084076338e-04
-3.982671916541447033e-04
-3.990254550947369694e-04
-4.000519780230638034e-04
-4.008279121380242671e-04
-4.015574516258446636e-04
-4.024133975548682685e-04
-4.033116485401277984e-04
-4.041685810470818652e-04
-4.053192883042289196e-04
-4.061020243890656189e-04
-4.068783733963687865e-04
-4.080522168906641767e-04
-4.088532468138339482e-04
-4.096145586860444610e-04
-4.106830391261695468e-04
-4.115065938548045921e-04
-4.122667708412741661e-04
-4.132194239702124960e-04
-4.140698504829787296e-04
-4.148269052294262238e-04
-4.157304898897429268e-04
-4.167654546489707457e-04
-4.175927656129285737e-04
-4.183831546494820586e-04
-4.195361084567972298e-04
-4.203509328619681185e-04
-4.211336970706414107e-04
-4.220926657240164914e-04
-4.229803799068454495e-04
-4.237409497874766728e-04
-4.245930721192836543e-04
-4.256645886803189782e-04
-4.264530214207473691e-04
-4.272560167550842891e-04
-4.284267095235883005e-04
-4.293039013928412473e-04
-4.301409662142985368e-04
-4.313244081469713720e-04
-4.320954819354572152e-04
-4.330100301643824423e-04
-4.338664117630175454e-04
-4.346364923645262834e-04
-4.358027733372127344e-04
-4.365719834837911151e-04
-4.374453857138860258e-04
-4.382732256464905163e-04
-4.390365871905776984e-04
-4.402148071231959392e-04
-4.409691925404413126e-04
-4.418649999492485492e-04
-4.426858889771123629e-04
-4.434872942493672809e-04
-4.445953993570395113e-04
-4.455376474232775053e-04
-4.464593016610951537e-04
-4.475299689689071769e-04
-4.483446540518576384e-04
-4.492029412404008326e-04
-4.502866291485885242e-04
-4.510901781542564493e-04
-4.519254290601404378e-04
-4.530677227481128000e-04
-4.538697933718083277e-04
-4.546838809514897051e-04
-4.558513661025997976e-04
-4.566838237376469323e-04
-4.574769332855721515e-04
-4.584885935373650412e-04
-4.593701463723176559e-04
-4.601464925855225374e-04
-4.610261833736251091e-04
-4.620346998380764347e-04
-4.628158655032299507e-04
-4.636246310161240558e-04
-4.647596705572576425e-04
-4.655585317022703506e-04
-4.663403447217051578e-04
-4.673723961116094117e-04
-4.682346412444582384e-04
-4.690040651497140445e-04
-4.698899003952039521e-04
-4.708564650967028697e-04
-4.716362987492450642e-04
-4.724655714350989300e-04
-4.736152509551283529e-04
-4.744211597518255275e-04
-4.752086085658691061e-04
-4.762634040310631534e-04
-4.771111106238734578e-04
-4.778866165507933417e-04
-4.788067175471866221e-04
-4.797608313085177656e-04
-4.805369456080121893e-04
-4.813660809419584297e-04
-4.824968795931194876e-04
-4.833101420965713046e-04
-4.841082479378755465e-04
-4.851797620057940463e-04
-4.860376575197555837e-04
-4.868252182195220712e-04
-4.877745714438885827e-04
-4.886991992771871907e-04
-4.894810961356688139e-04
-4.903466892213215189e-04
-4.913574939039433431e-04
-4.921288259315259594e-04
-4.929348342906925140e-04
-4.940769039969428178e-04
-4.948855676657482050e-04
-4.956792686672262249e-04
-4.968087966610301720e-04
-4.976077225959940620e-04
-4.984044898850292782e-04
-4.995519709084517146e-04
-5.003870982941416301e-04
-5.012027793906970174e-04
-5.022980575569713224e-04
-5.031750976298710043e-04
-5.039554525148037811e-04
-5.048420900738426198e-04
-5.058593758766605220e-04
-5.066365058142840994e-04
-5.074379174937471149e-04
-5.085863799003664809e-04
-5.094014296567195288e-04
-5.101916282062024521e-04
-5.111632166738822036e-04
-5.121070807817540427e-04
-5.129065728144421854e-04
-5.137651111574159657e-04
-5.150441606721622989e-04
-5.159760654689371506e-04
-5.167929094420653513e-04
-5.175990481630643458e-04
-5.185000760624669525e-04
-5.197808198219577847e-04
-5.206457816426812713e-04
-5.214376497798545174e-04
-5.223043050649467389e-04
-5.234978653055888387e-04
-5.243255955151848724e-04
-5.250991720272546459e-04
-5.259576461237314149e-04
-5.271105790388697088e-04
-5.279326912845938580e-04
-5.287164942616717767e-04
-5.296038700033367519e-04
-5.307332725830171682e-04
-5.315513266217486432e-04
-5.323391677447553150e-04
-5.332403983629996347e-04
-5.343433833961963586e-04
-5.351657199431647527e-04
-5.359598998524450764e-04
-5.368805094033701764e-04
-5.379296563188251667e-04
-5.387271995377362899e-04
-5.395112214965358532e-04
-5.404510892131897393e-04
-5.414859340802102849e-04
-5.422860961320496997e-04
-5.430723112450630552e-04
-5.440237297307248809e-04
-5.450213347706345246e-04
-5.458235679748346669e-04
-5.466281230983582873e-04
-5.476213191494272436e-04
-5.485838290814060159e-04
-5.493753004112145177e-04
-5.501803563612295278e-04
-5.512149209156991247e-04
-5.521671832726671170e-04
-5.529554630194777332e-04
-5.537560114932116306e-04
-5.548073936357811320e-04
-5.557476570284825002e-04
-5.565454811318204520e-04
-5.573575013737563921e-04
-5.584265555930167935e-04
-5.593483345930350126e-04
-5.601626029182460442e-04
-5.610097823384174731e-04
-5.621352527509504426e-04
-5.630471347389809367e-04
-5.638562622760634468e-04
-5.647078094428437112e-04
-5.658798166983114442e-04
-5.667869858023699692e-04
-5.675864260660246075e-04
-5.684231096929615035e-04
-5.696054967225805399e-04
-5.705100708256471975e-04
-5.713184374082080907e-04
-5.721638816555962848e-04
-5.733329219888005923e-04
-5.742177247887170211e-04
-5.750409343746598623e-04
-5.759296727472218436e-04
-5.771737418374112139e-04
-5.780551006551171156e-04
-5.788495056786580051e-04
-5.796914916676998430e-04
-5.808887536379314653e-04
-5.817450315221961432e-04
-5.825278684286061548e-04
-5.833699892391353004e-04
-5.845690592160002197e-04
-5.854043554045507136e-04
-5.861820336298118050e-04
-5.870495904078953942e-04
-5.882102831429314449e-04
-5.890259550405119171e-04
-5.898098898705628201e-04
-5.907513635670103014e-04
-5.917408806750401595e-04
-5.925313984976865456e-04
-5.933325055544891313e-04
-5.943808663861904762e-04
-5.952967449319723769e-04
-5.960839891782088173e-04
-5.968950286672214389e-04
-5.979910521104470078e-04
-5.988895307453834249e-04
-5.996707723807670476e-04
-6.004818636813347155e-04
-6.016068471627056269e-04
-6.024697543329793348e-04
-6.032366368888819608e-04
-6.040498603823163393e-04
-6.052190000804813508e-04
-6.060839324613098711e-04
-6.068571380544174332e-04
-6.076757408390864867e-04
-6.088504888430712469e-04
-6.096900298996343892e-04
-6.104569497367151598e-04
-6.112968634992554939e-04
-6.124637583895253812e-04
-6.132714783045889462e-04
-6.140427518601665469e-04
-6.149310989028711205e-04
-6.160213044779094815e-04
-6.168229878829034618e-04
-6.176024454430661947e-04
-6.185172920007975250e-04
-6.195317592915250415e-04
-6.203257498518244262e-04
-6.211174074058911643e-04
-6.221140454965023991e-04
-6.230346412748888341e-04
-6.238089972642191228e-04
-6.246099566902252320e-04
-6.257109828128326612e-04
-6.266074622349737666e-04
-6.273826269650450982e-04
-6.281976139673739468e-04
-6.293708778530859860e-04
-6.302166134263265107e-04
-6.309994806443786075e-04
-6.318705317218675788e-04
-6.330507720986311426e-04
-6.338859627299520128e-04
-6.346854736816176512e-04
-6.355989364497105498e-04
-6.367388502686033291e-04
-6.375844144770326238e-04
-6.384092813557229462e-04
-6.393803504379791391e-04
-6.404926275834776916e-04
-6.413631000029562657e-04
-6.422150217969546659e-04
-6.432185011419067067e-04
-6.442617400079786449e-04
-6.451978010603154345e-04
-6.461006065157093303e-04
-6.472981494247687095e-04
-6.482516810695226894e-04
-6.491040631475542000e-04
-6.500090584903306379e-04
-6.512244275708178876e-04
-6.521055060513258894e-04
-6.529454823235303351e-04
-6.539352904811890355e-04
-6.549324402149725444e-04
-6.557739214303470732e-04
-6.566234415296134941e-04
-6.578198823317116251e-04
-6.587093834330426390e-04
-6.595146170088606041e-04
-6.604050659809734825e-04
-6.615156331170046755e-04
-6.623486684159685112e-04
-6.631812007483750548e-04
-6.642292089281687240e-04
-6.651894906132271856e-04
-6.660052736704447085e-04
-6.668513348430105125e-04
-6.680549824611414778e-04
-6.689310316225771658e-04
-6.697394683340407440e-04
-6.706337846791310398e-04
-6.717913883685922016e-04
-6.726337333328169521e-04
-6.734555267914332788e-04
-6.744454591719462044e-04
-6.754316961217199378e-04
-6.762391396532008159e-04
-6.770677512361045203e-04
-6.782163457846879240e-04
-6.790995392792487095e-04
-6.798874105742314100e-04
-6.807439200693377046e-04
-6.819407865913396094e-04
-6.827845669687970798e-04
-6.835953187714904900e-04
-6.845756804089164760e-04
-6.855527031212060862e-04
-6.863699539404466421e-04
-6.872382522702391583e-04
-6.884900691199735689e-04
-6.893749032959028966e-04
-6.902249946927341284e-04
-6.912349208609835927e-04
-6.923756657183366414e-04
-6.933427048720908203e-04
-6.942206526860950078e-04
-6.951797954654059808e-04
-6.962181047170945547e-04
-6.970442559657286097e-04
-6.979117880799856621e-04
-6.991709139810842188e-04
-7.000633986311566304e-04
-7.008865473385750278e-04
-7.018507558607112173e-04
-7.028501442529755394e-04
-7.036801892094102229e-04
-7.045521906897667108e-04
-7.057943437002167641e-04
-7.066711972530947961e-04
-7.074979153707250390e-04
-7.085374933223365090e-04
-7.094785698144034924e-04
-7.102915343270010951e-04
-7.111874606697821122e-04
-7.123301735321163619e-04
-7.131783740671471250e-04
-7.140299634967872677e-04
-7.152135528202263615e-04
-7.160841645932336519e-04
-7.168895867438740410e-04
-7.178427397956932410e-04
-7.188505617222729072e-04
-7.196875176792572049e-04
-7.205449114972006797e-04
-7.217520505056196356e-04
-7.226005849310102036e-04
-7.234338081966162903e-04
-7.245235311914566267e-04
-7.254465138539778479e-04
-7.262587390144403798e-04
-7.271524377644444925e-04
-7.281900001939733968e-04
-7.289953593031528456e-04
-7.298363804230101337e-04
-7.310676770598822927e-04
-7.319464863989599834e-04
-7.327696397171346021e-04
-7.337515345009482104e-04
-7.347783824972475841e-04
-7.356132285174510343e-04
-7.364959230293788295e-04
-7.375881602753597832e-04
-7.384475731522233133e-04
-7.392559079691940482e-04
-7.404072450102328062e-04
-7.412438165262935641e-04
-7.420811473677346726e-04
-7.432207392811251978e-04
-7.440604713072618281e-04
-7.448558023783746762e-04
-7.458434430382965274e-04
-7.467879239969610339e-04
-7.475908101418626828e-04
-7.484708306904064301e-04
-7.495468431329976866e-04
-7.503580590106917469e-04
-7.511907333915823770e-04
-7.523676744541907269e-04
-7.532359967725721361e-04
-7.540797396254905749e-04
-7.551847476958695182e-04
-7.561627273213744616e-04
-7.572161118626352660e-04
-7.581395489354436634e-04
-7.590720309909038122e-04
-7.600537031339227312e-04
-7.609486721527058961e-04
-7.618169044563138925e-04
-7.626710918343659884e-04
-7.635214043500981873e-04
-7.643775194747792767e-04
-7.652505638343631844e-04
-7.661536767152865579e-04
-7.671058567828570318e-04
-7.681360641198509143e-04
-7.692747926358878274e-04
-7.704998111929262095e-04
-7.716770980145115644e-04
-7.727394155069289283e-04
-7.737100540211594435e-04
-7.746200547044113094e-04
-7.754909386649133651e-04
-7.763372609884688913e-04
-7.771680035728589786e-04
-7.779918590079537566e-04
-7.788175001548491849e-04
-7.796527620912430123e-04
-7.805097188858800550e-04
-7.814070848634058208e-04
-7.824009003238874271e-04
-7.835024616851260504e-04
-7.847377401235533512e-04
-7.858018787705312036e-04
-7.867519618586227281e-04
-7.876426720931917203e-04
-7.884857940546607935e-04
-7.893235634974793413e-04
-7.901846651282573575e-04
-7.911046516565489739e-04
-7.921431807965673144e-04
-7.934243911725813447e-04
-7.946017920171799531e-04
-7.955633986972410199e-04
-7.964336263315274778e-04
-7.972691056873371096e-04
-7.981034169564082958e-04
-7.989672442563211519e-04
-7.999150444111258196e-04
-8.010591961497004476e-04
-8.022522936366183188e-04
-8.032492629556076125e-04
-8.041731650997308023e-04
-8.051061561420436163e-04
-8.059916909974873533e-04
-8.068792207410746542e-04
-8.078109499688457262e-04
-8.088513663502272522e-04
-8.100624233252640138e-04
-8.111882768907507923e-04
-8.121753183021329647e-04
-8.131247409921549263e-04
-8.140039052506597983e-04
-8.149551179340575047e-04
-8.160949144460083460e-04
-8.171017979604622283e-04
-8.179860702162145003e-04
-8.189311214849004372e-04
-8.200926668567865008e-04
-8.211746507305051068e-04
-8.220899572436435321e-04
-8.229625768954029752e-04
-8.238855369916420202e-04
-8.250169724867140175e-04
-8.260476355366197510e-04
-8.269458313486799383e-04
-8.278595048536452339e-04
-8.287690791343171881e-04
-8.297992748252935868e-04
-8.309323000885715516e-04
-8.319098053355400424e-04
-8.327993205189399006e-04
-8.336705501457153389e-04
-8.345752820311247433e-04
-8.355464752124452943e-04
-8.366443823389912993e-04
-8.377990923563727321e-04
-8.388213036173430837e-04
-8.397479726530709954e-04
-8.406298754314311950e-04
-8.415018996520418071e-04
-8.423960322757606534e-04
-8.433528839939530286e-04
-8.444303752452864131e-04
-8.455553038353436079e-04
-8.465445753272904383e-04
-8.474408708520897449e-04
-8.483004989958686792e-04
-8.491692685956842013e-04
-8.500643928441853348e-04
-8.510381555952850618e-04
-8.521439315023471295e-04
-8.531931488973132360e-04
-8.541275672742099090e-04
-8.550074150965869535e-04
-8.558754619359953963e-04
-8.567706012040376962e-04
-8.577478213211975344e-04
-8.588728997057648584e-04
-8.599852182539224899e-04
-8.609769858641813656e-04
-8.619514275512996093e-04
-8.629136127689118752e-04
-8.639059069456278550e-04
-8.649327253164029727e-04
-8.658250572928238853e-04
-8.667066085561447863e-04
-8.677022711763848761e-04
-8.686829144487484555e-04
-8.695584213372908877e-04
-8.704546467572793489e-04
-8.714905471454148511e-04
-8.724492202789591033e-04
-8.733418113860969001e-04
-8.742996635766608904e-04
-8.754216042510254425e-04
-8.764680715348527329e-04
-8.774539939593317683e-04
-8.784751952711777889e-04
-8.795692725707127124e-04
-8.805240956469839730e-04
-8.814414546279847329e-04
-8.824637135078639005e-04
-8.835173418427766379e-04
-8.844674432012533671e-04
-8.854338238336589839e-04
-8.864024736361386658e-04
-8.874866688781679613e-04
-8.885073422683076316e-04
-8.895244595148454891e-04
-8.905019155548421494e-04
-8.914828599000390597e-04
-8.925492641722598819e-04
-8.935722973333337649e-04
-8.945604014424235473e-04
-8.955258614918859550e-04
-8.965152419693200869e-04
-8.975402406085075668e-04
-8.984892375979436352e-04
-8.995284011420467962e-04
-9.004482839024552376e-04
-9.014786292608212293e-04
-9.025210127179272845e-04
-9.034148578868084201e-04
-9.043297918943649094e-04
-9.053706446110476591e-04
-9.063181922216445585e-04
-9.072501332705318333e-04
-9.082257219755751620e-04
-9.091401066041449042e-04
-9.101240256684794971e-04
-9.111293657981800465e-04
-9.120641865048018104e-04
-9.130199969212826616e-04
-9.141760864598280634e-04
-9.152597531192352420e-04
-9.161831729270764058e-04
-9.170549891640566997e-04
-9.180452106525294198e-04
-9.191791001690319263e-04
-9.200975466362448785e-04
-9.210141593696263840e-04
-9.219310818728843060e-04
-9.229995219814934870e-04
-9.238721018534068463e-04
-9.247518920295627609e-04
-9.256712392662347355e-04
-9.268345971529257099e-04
-9.277073086503273558e-04
-9.285988830431968211e-04
-9.297435005705123601e-04
-9.306401336840464111e-04
-9.315107042174863849e-04
-9.327096072413443295e-04
-9.335805221258874909e-04
-9.344446865368061239e-04
-9.353642473423073866e-04
-9.362606048431976191e-04
-9.372362163009295699e-04
-9.383648372456310227e-04
-9.392381066133381751e-04
-9.403276125480308778e-04
-9.413088124621271646e-04
-9.421993540381645715e-04
-9.432669111676394991e-04
-9.441239372584009359e-04
-9.452622130631249675e-04
-9.461245709059262765e-04
-9.470326349338975547e-04
-9.479508437937322896e-04
-9.490011774707651782e-04
-9.500376345205063799e-04
-9.511153678671835365e-04
-9.522626953228918723e-04
-9.533142385179660394e-04
-9.544465032731430654e-04
-9.554886366281989396e-04
-9.566894670184344918e-04
-9.576081237836486793e-04
-9.584232893201649617e-04
-9.593895844152156016e-04
-9.603651749737762700e-04
-9.615087894974116978e-04
-9.624143613807811803e-04
-9.639074979013173561e-04
-9.648175275487336222e-04
-9.662543604070927827e-04
-9.671147030231308506e-04
-9.682636900103513966e-04
-9.691240669869038982e-04
-9.700669449731469385e-04
-9.710286513134880337e-04
-9.719439925283124282e-04
-9.729441770766067421e-04
-9.737997984532453799e-04
-9.751867675125147628e-04
-9.761123827165540945e-04
-9.769427105714711956e-04
-9.777952774062681485e-04
-9.789761377538841458e-04
-9.803930773143454402e-04
-9.818687438661877209e-04
-9.829182527751889609e-04
-9.838140251545723913e-04
-9.849855565637888333e-04
-9.859176349593656852e-04
-9.867876587053014958e-04
-9.876882355699390104e-04
-9.884472113462772214e-04
-9.896666397128939252e-04
-9.906996224581243737e-04
-9.915072346308173579e-04
-9.924191990843267419e-04
-9.933327425848403891e-04
-9.942169855871041406e-04
-9.956059223821256410e-04
-9.967198544819089179e-04
-9.975630568858084857e-04
-9.985023135103965330e-04
-9.994850270563793160e-04
-1.000540635599289629e-03
-1.001644170751436747e-03
-1.002777360042617083e-03
-1.003841196334342989e-03
-1.004829092376535726e-03
-1.005772442804087063e-03
-1.006695586331929348e-03
-1.007623837787741117e-03
-1.008611221821165138e-03
-1.009508799480252073e-03
-1.010518494240941756e-03
-1.011751554692574828e-03
-1.012797740724602491e-03
-1.014020045494334887e-03
-1.015120768576016630e-03
-1.016258838132944042e-03
-1.017377696883037252e-03
-1.018386009876248721e-03
-1.019619515965186629e-03
-1.020595367534182785e-03
-1.021731550309601388e-03
-1.022749724407412408e-03
-1.023752804839905828e-03
-1.024896665041463706e-03
-1.025860843651416054e-03
-1.027087265567994123e-03
-1.028094841290738692e-03
-1.029245794074151732e-03
-1.030241237620854733e-03
-1.031363731366807812e-03
-1.032353482247505561e-03
-1.033431720877664439e-03
-1.034466161387248562e-03
-1.035471650828401202e-03
-1.036609002096344767e-03
-1.037607245261140676e-03
-1.038977801850471394e-03
-1.039965354592831126e-03
-1.040972003469642360e-03
-1.042040443440472863e-03
-1.043131116807316516e-03
-1.044241228773001851e-03
-1.045348030221049385e-03
-1.046471128526293981e-03
-1.047609630682289072e-03
-1.048723993107958385e-03
-1.049817006330000524e-03
-1.050933321185665292e-03
-1.052081065821330874e-03
-1.053232327770103893e-03
-1.054345833623293593e-03
-1.055461314077410506e-03
-1.056593211495204798e-03
-1.057717266352953267e-03
-1.058823601072123033e-03
-1.059936001999051136e-03
-1.061062522143108033e-03
-1.062180798456657804e-03
-1.063286307064315039e-03
-1.064397916588855075e-03
-1.065514806791845182e-03
-1.066618286837628382e-03
-1.067709638662206473e-03
-1.068806582957937401e-03
-1.069906901016937084e-03
-1.070997452190525223e-03
-1.072081388759693610e-03
-1.073168638040744582e-03
-1.074257564041669610e-03
-1.075343275439677448e-03
-1.076426528749396816e-03
-1.077508416370109856e-03
-1.078591318943833421e-03
-1.079675152308445796e-03
-1.080758776595858173e-03
-1.081842447145708874e-03
-1.082930273717863656e-03
-1.084025254506237879e-03
-1.085124546347349117e-03
-1.086222720909191253e-03
-1.087326209667782706e-03
-1.088441222051650392e-03
-1.089558009463975630e-03
-1.090678255482147030e-03
-1.091800623129191017e-03
-1.092925710612369095e-03
-1.094055155412165803e-03
-1.095179081658348430e-03
-1.096298274656404281e-03
-1.097426210344698561e-03
-1.098561363953920456e-03
-1.099683819902108617e-03
-1.100794217767764316e-03
-1.101914820260119221e-03
-1.103044905136463250e-03
-1.104161605301468008e-03
-1.105272162221671017e-03
-1.106393766717284066e-03
-1.107517135354618709e-03
-1.108629320131671037e-03
-1.109729510267776220e-03
-1.110835103064977680e-03
-1.111965001949988263e-03
-1.113117586672429660e-03
-1.114272210091860060e-03
-1.115415689723397996e-03
-1.116561866396637015e-03
-1.117727497406351134e-03
-1.118875036988487004e-03
-1.119997506512482310e-03
-1.121124843667664628e-03
-1.122268085758215683e-03
-1.123424418433383032e-03
-1.124583915661281353e-03
-1.125754173237125677e-03
-1.126940931337694352e-03
-1.128107956756774222e-03
-1.129235932304295531e-03
-1.130356183829173133e-03
-1.131494224011042604e-03
-1.132617753390352533e-03
-1.133726127252598914e-03
-1.134838691500661412e-03
-1.135978030960549390e-03
-1.137137403438792660e-03
-1.138296581319919731e-03
-1.139422284666236074e-03
-1.140535869771808208e-03
-1.141653220285920867e-03
-1.142768903289237414e-03
-1.143877628688394488e-03
-1.144980120895144893e-03
-1.146099733057459602e-03
-1.147241408645749416e-03
-1.148382129983915867e-03
-1.149503684362063183e-03
-1.150615633657925407e-03
-1.151732684888551184e-03
-1.152848564926034491e-03
-1.153947011712563864e-03
-1.155033668777560862e-03
-1.156132599697490271e-03
-1.157257993279592334e-03
-1.158394009956431603e-03
-1.159519022746025030e-03
-1.160634534805082829e-03
-1.161753980538082764e-03
-1.162874200033470196e-03
-1.163979431691442024e-03
-1.165066856023910802e-03
-1.166155600300977646e-03
-1.167265912976223063e-03
-1.168396197147814064e-03
-1.169527951534021781e-03
-1.170654204077137273e-03
-1.171783750657628964e-03
-1.172923044450602248e-03
-1.174057269660355729e-03
-1.175170782899748190e-03
-1.176298923053042955e-03
-1.177428028915739056e-03
-1.178562499411173192e-03
-1.179691050169018318e-03
-1.180816282335017675e-03
-1.181956800108796557e-03
-1.183114143484376157e-03
-1.184262062528640413e-03
-1.185378987998086942e-03
-1.186485049686658577e-03
-1.187608303838350032e-03
-1.188738041643988552e-03
-1.189854259389222513e-03
-1.190969784967355061e-03
-1.192105886806738013e-03
-1.193255803155657269e-03
-1.194393093829737573e-03
-1.195508830035052483e-03
-1.196619038379642674e-03
-1.197732717947097569e-03
-1.198843856566655930e-03
-1.199947561176473165e-03
-1.201056184049975606e-03
-1.202189429004740795e-03
-1.203344482778589963e-03
-1.204494958176982600e-03
-1.205635270613680810e-03
-1.206784222222978542e-03
-1.207961355078501775e-03
-1.209155223870217455e-03
-1.210279642261169464e-03
-1.211382116757753202e-03
-1.212498914913373582e-03
-1.213643910951911487e-03
-1.214797281841595300e-03
-1.215934651095373908e-03
-1.217059636083539509e-03
-1.218189802227320762e-03
-1.219324315157810368e-03
-1.220445297075989366e-03
-1.221549009826516929e-03
-1.222656504147101586e-03
-1.223789072411385348e-03
-1.224942040262466669e-03
-1.226095034956631302e-03
-1.227242139705819746e-03
-1.228394259540466216e-03
-1.229555153024364245e-03
-1.230750321399409764e-03
-1.231883381249354592e-03
-1.233013519595704821e-03
-1.234151454381104962e-03
-1.235296076924852215e-03
-1.236442008197391473e-03
-1.237591268015036938e-03
-1.238746168309545759e-03
-1.239898988548926440e-03
-1.241039928284615179e-03
-1.242175783505827802e-03
-1.243322414061442949e-03
-1.244463843721455021e-03
-1.245596402577597850e-03
-1.246738979743367004e-03
-1.247895950854616132e-03
-1.249055935736764766e-03
-1.250209426497117526e-03
-1.251355659289798972e-03
-1.252500103122056174e-03
-1.253638084764197025e-03
-1.254763461701058347e-03
-1.255881069490372148e-03
-1.257008125618463978e-03
-1.258155983114184195e-03
-1.259312612979068824e-03
-1.260459082197296077e-03
-1.261592801811928233e-03
-1.262725053097768502e-03
-1.263859362442776302e-03
-1.264986968750325680e-03
-1.266108460551751413e-03
-1.267220932997914495e-03
-1.268340819020941090e-03
-1.269474858176411480e-03
-1.270616122209689003e-03
-1.271758727260818844e-03
-1.272908475635992076e-03
-1.274043141986092031e-03
-1.275188177890296259e-03
-1.276345393715572207e-03
-1.277504303457188684e-03
-1.278655600743694443e-03
-1.279795200364808316e-03
-1.280934402234645830e-03
-1.282079512393563547e-03
-1.283230667946444470e-03
-1.284393524925264707e-03
-1.285588937525283804e-03
-1.286799274267669269e-03
-1.288001659457305159e-03
-1.289146881428337998e-03
-1.290286055324996184e-03
-1.291464809633935396e-03
-1.292609577154490985e-03
-1.293758965083213752e-03
-1.294961070349209820e-03
-1.296129833527781550e-03
-1.297292934050009450e-03
-1.298498025231853426e-03
-1.299662320154659767e-03
-1.300814622920198893e-03
-1.302017283719703045e-03
-1.303183172101984866e-03
-1.304328006835109299e-03
-1.305519764156715112e-03
-1.306689348681167040e-03
-1.307846112683197504e-03
-1.309053071754551212e-03
-1.310232963053659105e-03
-1.311385685075050489e-03
-1.312577422546867822e-03
-1.313743531512812091e-03
-1.314884380087089077e-03
-1.316073109875137703e-03
-1.317254224845632038e-03
-1.318415379163773160e-03
-1.319627994844863039e-03
-1.320830264157635270e-03
-1.321996879878217790e-03
-1.323192455534250023e-03
-1.324370430034971236e-03
-1.325515739065363796e-03
-1.326710015845944390e-03
-1.327916380924332174e-03
-1.329091521144576404e-03
-1.330305143280807734e-03
-1.331509137257658182e-03
-1.332657821242699825e-03
-1.333827287536282213e-03
-1.334995192234567085e-03
-1.336124046279252298e-03
-1.337290623976583603e-03
-1.338480856104884431e-03
-1.339636663150733931e-03
-1.340826659747662575e-03
-1.342032428236383801e-03
-1.343188513055704192e-03
-1.344358639079668016e-03
-1.345543850093222638e-03
-1.346684672688058804e-03
-1.347850991028631817e-03
-1.349054352217105013e-03
-1.350222988625304765e-03
-1.351419227579420124e-03
-1.352658870292011706e-03
-1.353860572088416703e-03
-1.355055172176711231e-03
-1.356276487044394408e-03
-1.357449584519221375e-03
-1.358629051549931077e-03
-1.359849134983437402e-03
-1.361029077957209843e-03
-1.362211559662318550e-03
-1.363436841547271960e-03
-1.364618619265733912e-03
-1.365789828133623374e-03
-1.366997388334678654e-03
-1.368165369195817327e-03
-1.369322169446407500e-03
-1.370532533191193281e-03
-1.371758251042631827e-03
-1.372942792182696436e-03
-1.374175820258782821e-03
-1.375423006175879870e-03
-1.376739958308448308e-03
-1.377962032390933622e-03
-1.379182600568351624e-03
-1.380369702224104600e-03
-1.381543645437299794e-03
-1.382740245591373984e-03
-1.383931612657485211e-03
-1.385106987592976679e-03
-1.386303152226320279e-03
-1.387512971720239463e-03
-1.388695847779342074e-03
-1.389883784969514480e-03
-1.391099636257830952e-03
-1.392299274220132332e-03
-1.393491130623703000e-03
-1.394712873789227814e-03
-1.395916509332240096e-03
-1.397086355065302321e-03
-1.398267447964895993e-03
-1.399454468398952933e-03
-1.400618638487061141e-03
-1.401797392481696214e-03
-1.403010668971194086e-03
-1.404213620342154023e-03
-1.405421540117912649e-03
-1.406683979756517822e-03
-1.407888548461855294e-03
-1.409051348364442902e-03
-1.410312360528909181e-03
-1.411529011459022875e-03
-1.412687601134110515e-03
-1.413928531236563479e-03
-1.415155463162065530e-03
-1.415716759824992010e-03
