4.966693358037171935e-01
4.978040933544661262e-01
5.000172764905417289e-01
5.009893893865489112e-01
5.020696878633207350e-01
5.041492413455154198e-01
5.067810292746437462e-01
5.091508135465645513e-01
5.096860076460397737e-01
5.091865676168355614e-01
5.088237569629191492e-01
5.065059370621740609e-01
5.056245742052857262e-01
5.043984244001624706e-01
5.041535307211815198e-01
5.038343007145767993e-01
5.016122125500814821e-01
5.001716334057658697e-01
4.977120561069559579e-01
4.971569357101352504e-01
4.954766561418784132e-01
4.942733063270146054e-01
4.936233747927747939e-01
4.947372668994046152e-01
4.923503699619362628e-01
4.926750309257147409e-01
4.918563762409467466e-01
4.920114210406009714e-01
4.907090696847705713e-01
4.901438014204737570e-01
4.907834391036861033e-01
4.923622672145424040e-01
4.916771824870261876e-01
4.915453183646680269e-01
4.943383639249351869e-01
4.910678880196898133e-01
4.908626141810406573e-01
4.907855741554548734e-01
4.911951018094337096e-01
4.917349188008343086e-01
4.923931193747997925e-01
4.905662802375497789e-01
4.913266919421392931e-01
4.904103199684101688e-01
4.908068447152333369e-01
4.916973312847093824e-01
4.935553551903567593e-01
4.934598476631075203e-01
4.937917356546748793e-01
4.954499795871937229e-01
4.978286596117486029e-01
4.984174646519776708e-01
4.989817600889376314e-01
4.997222148498369210e-01
4.993911487294260265e-01
4.987041699258790706e-01
4.998960149131602693e-01
4.994073884519714124e-01
5.009237877319583365e-01
5.019892267750151182e-01
5.023088682340888234e-01
5.027874916701389196e-01
5.041339304742612493e-01
5.060283799253404435e-01
5.126077094919980759e-01
5.114925788436320842e-01
5.165757509299105932e-01
5.128888057600456962e-01
5.104907273972721926e-01
5.099866258613193759e-01
5.094270465990361485e-01
5.103037746090735016e-01
5.099153897434778315e-01
5.114784867795395540e-01
5.078153883748456332e-01
5.066676576665568588e-01
5.056302859385778392e-01
5.038176431918565124e-01
5.019377679632778255e-01
5.009372219718851715e-01
4.990140113265943977e-01
4.979124725196557022e-01
4.961415559513563944e-01
4.946749094294010107e-01
4.937508188794685338e-01
4.930163900485385886e-01
4.923411306784384878e-01
4.915559410270186613e-01
4.922532471096750517e-01
4.919073947395704582e-01
4.908825979940653061e-01
4.895933912966967116e-01
4.902519411909351255e-01
4.896764406606284314e-01
4.882628117122539968e-01
4.883002527204453047e-01
4.897111139454331519e-01
4.883652560348221705e-01
4.881177030895463287e-01
4.896575017323868129e-01
4.906936759778963708e-01
4.927096188299824875e-01
4.922383584707273330e-01
4.931340786684025312e-01
4.924685238676421717e-01
4.924140138741476824e-01
4.931759219616050904e-01
4.926184824679249452e-01
4.914401464362773142e-01
4.918106600707576326e-01
4.918535676751845109e-01
4.922691795922681801e-01
4.940879008246701343e-01
4.933772090661357468e-01
4.945564031189917942e-01
4.977264619982348925e-01
5.006561526110979710e-01
4.987294602702931345e-01
4.990203291352034443e-01
4.972318857245875412e-01
4.958833415321606264e-01
4.952052982092547961e-01
4.939657617199285644e-01
4.922668316327514781e-01
4.908306116827833576e-01
4.905541809132875075e-01
4.918106196791700024e-01
4.915704881234140289e-01
4.935856469599099183e-01
4.941518433252699016e-01
4.975296796351366679e-01
4.994587977853945926e-01
4.998015676793514661e-01
5.011591059236281120e-01
5.001964345568811199e-01
5.026786545613728396e-01
4.963228774039841196e-01
4.951016038498780025e-01
4.955862979724658945e-01
4.961142814215618868e-01
4.967045023138478843e-01
4.971801414605827030e-01
5.025366638839338096e-01
4.995668084415560428e-01
5.024842234603725810e-01
5.024024831425442095e-01
5.029643418487173001e-01
5.023876957337695126e-01
4.998387408777699714e-01
4.987172849015469867e-01
4.987759619021919777e-01
4.978275062107154758e-01
4.986444667874420089e-01
4.980329966967261268e-01
4.981163917645465289e-01
4.975896102366251794e-01
4.967381213647440452e-01
4.957618786477038797e-01
4.955508325817334914e-01
4.949819977789897685e-01
4.968304876337307219e-01
4.975243069955661013e-01
5.002111003921899668e-01
5.022014726272914231e-01
5.062202748870082702e-01
5.116371307099247812e-01
5.110579554729873797e-01
5.056676227347941532e-01
5.037604345424129271e-01
4.995750694445239559e-01
4.989637413335727967e-01
4.999553376110796310e-01
5.004992347561059152e-01
5.069265728654316350e-01
5.093637925889751283e-01
5.006689070968790567e-01
4.979693761269878283e-01
4.963480597401396799e-01
4.942288344627811525e-01
4.934104426284560141e-01
4.935151215208503084e-01
4.932431216343615143e-01
4.910719530680767164e-01
4.898557486692020624e-01
4.887841022980240480e-01
4.891791850964711807e-01
4.889135290235444575e-01
4.895943560051670418e-01
4.920313548581966567e-01
4.915174484722545922e-01
5.044973564888676210e-01
4.985249327540678399e-01
4.955352223756973040e-01
4.976179508086504555e-01
5.001763844122553149e-01
5.013671126223553376e-01
5.023443823220498095e-01
5.009842426969348672e-01
5.011450353067082863e-01
5.011669341931971333e-01
5.020102076814420000e-01
5.032013596294121482e-01
5.062836959234855438e-01
5.149106089471000569e-01
5.159163311280923203e-01
5.134387170542046297e-01
5.150964181145247789e-01
5.163293758290958824e-01
5.190339736709290719e-01
5.197765361962985997e-01
5.204631387723909208e-01
5.242897553618837136e-01
5.267886299408379713e-01
5.276831438553257758e-01
5.304658938501942700e-01
5.357523409716811180e-01
5.374169239844065471e-01
5.393166289659862001e-01
5.398617089865200835e-01
5.429220057931271048e-01
5.460454913794777765e-01
5.495023732436895569e-01
5.510040249859164962e-01
5.521863763911064593e-01
5.543466532135964409e-01
5.568452827842108599e-01
5.589666401320311229e-01
5.611806628442257416e-01
5.643841299058263150e-01
5.644021471438849247e-01
5.644339548635410875e-01
5.635964852873848185e-01
5.656091311393438570e-01
5.675638989377416177e-01
5.652868628420706365e-01
5.652870864633107173e-01
5.664579433434342448e-01
5.675871831339455165e-01
5.660838598890968187e-01
5.639344021460430678e-01
5.614116220528833079e-01
5.608921834858626720e-01
5.641930197446736184e-01
5.640562103959538831e-01
5.595631731392023411e-01
5.515835756966269710e-01
5.459793885377518530e-01
5.417471113640265346e-01
5.398756917157655488e-01
5.372825260006758308e-01
5.351859403041581142e-01
5.291904751963493192e-01
5.245696132676799239e-01
5.204587948632666272e-01
5.174734588030497351e-01
5.147163268371586220e-01
5.132706741940605832e-01
5.125314735409175482e-01
5.126350810011900405e-01
5.174304302668871758e-01
5.126363154802610067e-01
5.170912165019273532e-01
5.162345253821151170e-01
5.199877169908443397e-01
5.211364423771360777e-01
5.197615637485423212e-01
5.245211836054438637e-01
5.277738996404800487e-01
5.282506149665074924e-01
5.196729335851895115e-01
5.205699765686415681e-01
5.143618890263437216e-01
5.103744802216626519e-01
5.111438422514943403e-01
5.125773123412696863e-01
5.183069637836915655e-01
5.051743091081636328e-01
5.034455061189382352e-01
5.062673423230034109e-01
5.070256572654615601e-01
5.114645335627204803e-01
5.078686316211533658e-01
5.030403261677092175e-01
5.199750499060864506e-01
5.137606119470955468e-01
4.950026580815844457e-01
4.878954343353804068e-01
4.851168960429410593e-01
4.799486785230162589e-01
4.777854985318625292e-01
4.773189891309417288e-01
4.796116789338553121e-01
4.847333393055433537e-01
4.854265196498671608e-01
5.009775534761871096e-01
5.034523442770900692e-01
4.960532644268454971e-01
4.961223210432357811e-01
4.999524799907626438e-01
5.090097410626771568e-01
5.160541857382591191e-01
5.209868531717319895e-01
5.429601850716055944e-01
5.475404209755488916e-01
5.260687387129275860e-01
5.467446821503345600e-01
5.135870602036237687e-01
4.969996861978417391e-01
4.945546076370392896e-01
4.937127976723961198e-01
4.948045647850948248e-01
5.029678338792110681e-01
5.815152788158964858e-01
5.174129794081074873e-01
5.049642753165897169e-01
5.041986451476094810e-01
5.124033837517124601e-01
5.157585668004818213e-01
5.039333914153490968e-01
5.391280485191722871e-01
5.028600865897506766e-01
5.064594368559283133e-01
5.235062390728384418e-01
5.061859600831098982e-01
5.158724605391677986e-01
5.203665779646375888e-01
5.199656258468091652e-01
5.525912765538020244e-01
5.182811840324728081e-01
5.239190158751854121e-01
5.299988762733982561e-01
5.247208876398204991e-01
5.875882012414527233e-01
5.099538512449951488e-01
5.135403029744989301e-01
5.018193946680394868e-01
5.012861161760450157e-01
5.115121598881648968e-01
4.933694678881889173e-01
5.080513172721827786e-01
4.984290934049402377e-01
4.946186415412116566e-01
5.341006870421893815e-01
4.972884574739244168e-01
5.104267098306238815e-01
5.055234789228789660e-01
5.090162567605899246e-01
5.708881723868580726e-01
5.086453603649303545e-01
5.144035512403333232e-01
5.044649511557374177e-01
5.007806576446485192e-01
5.185471481583535658e-01
4.981732728623087803e-01
5.130605210357161994e-01
5.086416396545201390e-01
5.066320811149893633e-01
5.199114974316996207e-01
5.029734562506461559e-01
5.096316886307438176e-01
5.030859272192508280e-01
4.987302109763672164e-01
5.067764047262413030e-01
4.884399774161196084e-01
5.548649921628177051e-01
4.758623027324124233e-01
4.927787190782956239e-01
4.777904052135854562e-01
5.148953777693161538e-01
4.700374658496783153e-01
4.750802291506336927e-01
4.741044129879360414e-01
4.851090911922886217e-01
4.523086921370197966e-01
4.553579703135249845e-01
4.403829133658723749e-01
4.534127614403000717e-01
4.386892798850121067e-01
4.552940688952655801e-01
4.451722598523401020e-01
5.104576268634989367e-01
4.577658570301450514e-01
4.977313908645679130e-01
4.472698544101587625e-01
4.849816769992531529e-01
4.485975829069611120e-01
4.848643234100576405e-01
4.706855968152766079e-01
4.982883418100630957e-01
4.851632541514477315e-01
4.856049114748651752e-01
4.780936585280265994e-01
4.635101414053679481e-01
4.759881294782478678e-01
4.725905317156429142e-01
4.585449612785038598e-01
4.835332900846563420e-01
4.891191696315028703e-01
4.771113022697946460e-01
4.957422054094269281e-01
5.354595247135417457e-01
4.891187945142205229e-01
4.755755933372855515e-01
5.195231885323605692e-01
4.704864842447829543e-01
4.570727556818111603e-01
4.716602603259298920e-01
4.996291734464408107e-01
4.576765589675046986e-01
4.571284909377564265e-01
4.948109068658352871e-01
4.807502917047907776e-01
4.607904091700174010e-01
4.694437880065701063e-01
5.237808435765201054e-01
4.772469615856007596e-01
4.612890452068540426e-01
4.655468184146214772e-01
5.068245071093927523e-01
4.751935993484944221e-01
4.627584341356723030e-01
4.653470796905347373e-01
4.892596457265806498e-01
4.869853192735237868e-01
4.638735119782254057e-01
4.656161413511172298e-01
4.822368884712396886e-01
5.095998085597851501e-01
4.751119967533284361e-01
4.712052760905040549e-01
4.854565521456103427e-01
5.235089228168832154e-01
4.882490259720702608e-01
4.864348131838594491e-01
4.986963703730418751e-01
5.388030849938956202e-01
5.130558220315096785e-01
5.109941629954587450e-01
5.288822587847906709e-01
5.717976993832581956e-01
5.548606079623054077e-01
5.501105178153373743e-01
5.470054366705588977e-01
5.622782638031673663e-01
5.501871408847771594e-01
5.256990807282320155e-01
5.181513606647636383e-01
5.198848350745319813e-01
5.339960274199503365e-01
5.515485616743980302e-01
5.173455256126550106e-01
5.002841613827543332e-01
4.942373746728496720e-01
4.999414460672649274e-01
5.300620629795518290e-01
5.055239845847889768e-01
5.102065458548370458e-01
4.851745344895059264e-01
4.810396171731159964e-01
4.779000784075051467e-01
4.785438449461367205e-01
4.782357123541126076e-01
4.792109016111725239e-01
4.834870531156940099e-01
4.889124335014377598e-01
5.006931039793853788e-01
5.291818033106392427e-01
5.217469099547462630e-01
5.273506973069668202e-01
5.204286311168486723e-01
5.071687293586980561e-01
4.985668694893993225e-01
4.935967078612976122e-01
4.913129535966582750e-01
4.933616850530384013e-01
4.943636536694919204e-01
4.967506962366446399e-01
4.993085286311969018e-01
5.033086777437312254e-01
5.063584709637715120e-01
5.140168521513340805e-01
5.265666840292306805e-01
5.437849949839795860e-01
5.570783204515311615e-01
5.792582895645316254e-01
5.521877958254194363e-01
5.443450159027501956e-01
5.557958478723958873e-01
5.721785568583375170e-01
5.590071877786999544e-01
5.241081451424333126e-01
5.351219790505493679e-01
5.392572909148950489e-01
5.174076389181641034e-01
5.461025444149418817e-01
5.240936083728536810e-01
5.380904753527210316e-01
5.643752376077314503e-01
5.691272923651328197e-01
5.277280055996174113e-01
5.218533219488071806e-01
5.353013982465547604e-01
5.772784988439558784e-01
5.557795342674014538e-01
6.292311698373679318e-01
5.118156227707693073e-01
4.843700182538330790e-01
4.888706289383650261e-01
5.080015663657039271e-01
5.326271902544378323e-01
4.698334103222187585e-01
5.380489724428821896e-01
4.910430457132921589e-01
5.027361200523641216e-01
5.085326983394838907e-01
5.146482436662975779e-01
5.140267734082860640e-01
6.385848022742174335e-01
5.552012810919259023e-01
5.295696517923855762e-01
5.696779297438476775e-01
5.141723661478804219e-01
5.230560298237674210e-01
5.671151806171537135e-01
5.242473870674124736e-01
5.071118199375818092e-01
4.836082137684659665e-01
4.904172877359660454e-01
4.857355845375520564e-01
5.462134620948381203e-01
5.112961514108368410e-01
5.062093116247441404e-01
5.111755879507483558e-01
5.069412323991782099e-01
5.125124731369748998e-01
4.944067504465198271e-01
5.338495981639904686e-01
5.329018950294148738e-01
5.240833241546383192e-01
5.060076864755275183e-01
4.850550784883815858e-01
5.174978599537394253e-01
4.944952073108324631e-01
5.161412991534409800e-01
5.437806029590904755e-01
5.185938419966027446e-01
5.135937876392708823e-01
4.983468969689705541e-01
4.664486097299497258e-01
4.649832927284923700e-01
4.995421797131456287e-01
5.028351663726117193e-01
4.813011568352308922e-01
5.451201425731810879e-01
5.206032589170360714e-01
5.193140312660358138e-01
4.718235808201302062e-01
4.560226596844235702e-01
4.676077041341858975e-01
5.662220509454968242e-01
4.451537788321623390e-01
5.079821247277851448e-01
4.814915005958830263e-01
4.479863222485700458e-01
4.857664995865951241e-01
4.985669593504369890e-01
5.579787410433472150e-01
4.644497352214197461e-01
6.242250939850335634e-01
4.832907780126379227e-01
5.338854625564807277e-01
5.436844842117554144e-01
5.844100234609642674e-01
4.960330518524598276e-01
5.792461905369266084e-01
4.711531181830258541e-01
4.700261778108215105e-01
4.954674503972724686e-01
5.269131914464846300e-01
4.932661888236015146e-01
4.590926287365126868e-01
4.556259237677309226e-01
5.589077906815446140e-01
4.660871486185109713e-01
4.959960725044692542e-01
4.575433795047235130e-01
5.165285451586324461e-01
5.401781258818860731e-01
5.364339290072522859e-01
5.396224390831180218e-01
4.909120728245278675e-01
4.667801521477034088e-01
4.910231230666828317e-01
5.050055811711484655e-01
4.591574713755585679e-01
4.666083103892156303e-01
4.568364206902939539e-01
4.723055606369484516e-01
5.263874981956867538e-01
4.713775179871665388e-01
4.513398469059853868e-01
4.520683782426929143e-01
4.916109010510465449e-01
4.735791617412095644e-01
4.757752513392859428e-01
4.838145136535735302e-01
4.873843341318030986e-01
4.565084177781359998e-01
4.551441334991970789e-01
4.810685425418805838e-01
4.700913027791492893e-01
5.456901032149077402e-01
5.547895424320370417e-01
5.682486475070844811e-01
5.203922207528678401e-01
4.816312916106529340e-01
5.762308478657554023e-01
5.151864865129948123e-01
5.285041110358361660e-01
5.105812552474946475e-01
5.057574951838456068e-01
5.424636310852919419e-01
5.230475405365078156e-01
5.463287179244179503e-01
5.266825593895824165e-01
5.350117757870110902e-01
5.846773618147453888e-01
5.872607310459782015e-01
5.047243550278287527e-01
4.824956411337035789e-01
4.942417136900226771e-01
5.183953602277733275e-01
4.775323295407458701e-01
4.891096293665784245e-01
4.670037462970043074e-01
4.870516486003952927e-01
4.927888442454371742e-01
4.642570318759654535e-01
4.541577264653153256e-01
4.622906129505200967e-01
4.902617867128842288e-01
5.567393473245386692e-01
5.795135999490590439e-01
5.923288872738179389e-01
4.867935542751136158e-01
4.713839583517351883e-01
5.113539016770365375e-01
4.576012331800101696e-01
4.305730219148716786e-01
4.449424775328787995e-01
5.009184282682995759e-01
4.537506262601272433e-01
4.349182729157822225e-01
4.498155948742919019e-01
5.065024014309824629e-01
4.296745785621066127e-01
4.180203542544975170e-01
4.858816451418056515e-01
4.208490289413431285e-01
4.366066768031040546e-01
4.945831644040636355e-01
4.129223455527634701e-01
4.183863359225012957e-01
5.154294755064472433e-01
4.709828017818852297e-01
4.488488458840967921e-01
4.388228651260292490e-01
4.767484382369222007e-01
4.069996072247470398e-01
4.044790763421338697e-01
4.288584818300157919e-01
5.054079111267030244e-01
4.770764654238980884e-01
4.303849001388895257e-01
4.268710400586262499e-01
4.855943168433129453e-01
4.136241822041606397e-01
4.219098688838514022e-01
4.820854138744714024e-01
4.157922499370074743e-01
4.315430335607634005e-01
4.892070613795942990e-01
4.483598335033908144e-01
4.998067168402550720e-01
4.526543422601090882e-01
4.691609406317069908e-01
4.431570555968974978e-01
4.455610470257114208e-01
4.529036262724462358e-01
4.409519137599791083e-01
4.337515709962895816e-01
4.403551236435582772e-01
4.397127598746726762e-01
4.324429784160793711e-01
4.301211565495787204e-01
4.327509100726775193e-01
4.404215235140585549e-01
4.573298223693259001e-01
4.747612586410814850e-01
4.722764034526102384e-01
4.612840352155266332e-01
4.574728540065249316e-01
4.575049785747436482e-01
4.632289385030021189e-01
4.712972439752073917e-01
4.805272680068840563e-01
4.932539210570918153e-01
5.053529032857324577e-01
5.221609454864279964e-01
5.395738317919179794e-01
5.521190490947366358e-01
5.802035831086399531e-01
6.170961451443847112e-01
4.796164230953093299e-01
4.419705917094204906e-01
4.487056652387203526e-01
4.974012749451388049e-01
4.809374433819651462e-01
4.247846285242858344e-01
4.134184177694421591e-01
4.304848103532394887e-01
5.211045078879541492e-01
4.315918323676361523e-01
4.116960847859428285e-01
4.234927087603439499e-01
4.822412795050109446e-01
5.033198291913250078e-01
5.237785615879798629e-01
5.410251908798286991e-01
5.104362540547424665e-01
5.180337006679077705e-01
5.558255724741449910e-01
5.597776371387710448e-01
4.672516549634604388e-01
4.394960995020740779e-01
4.384358470395194329e-01
4.608738203174892467e-01
5.283659535538867136e-01
5.654002228148635734e-01
4.569308077033737425e-01
4.461949694383520737e-01
5.175653728160223288e-01
4.763163487657125494e-01
4.906936076721310491e-01
4.597246845484614930e-01
5.344072289091565953e-01
4.432101873280673288e-01
4.437941222555074061e-01
5.100983604089917023e-01
5.534431410791831318e-01
5.048451948739448580e-01
4.712473933922802782e-01
4.583886734563744070e-01
5.090968337304123681e-01
4.603839750053793645e-01
4.180600581826801609e-01
4.571591155349083446e-01
4.580296506728939732e-01
4.226212724484740835e-01
4.645809061609238455e-01
5.580926584556696879e-01
5.346380944788420297e-01
4.818541448396763682e-01
4.506919272639424157e-01
4.350345614632504798e-01
4.616556203665330149e-01
5.134126897270429035e-01
4.659177432657967133e-01
4.626996966365083397e-01
5.564354978587539025e-01
5.584805314631673401e-01
5.001006032890267239e-01
4.742972736600733485e-01
5.169337290442381772e-01
4.638447003429588267e-01
4.393172784145543130e-01
4.870190368400081904e-01
4.655016287906529326e-01
4.414418567710143293e-01
4.821865543539515797e-01
4.862565348910838359e-01
4.463908070152505791e-01
4.783986585701467398e-01
5.003926390228261578e-01
4.576971245424302781e-01
5.302610417049381519e-01
5.179890234371004043e-01
4.552908653219386870e-01
4.262144178058331345e-01
4.411172186697110420e-01
5.134311720974101823e-01
5.427632349103364007e-01
4.416359698233771613e-01
4.583094716365717636e-01
4.839802275282200639e-01
4.382729319929720146e-01
4.627325808299394549e-01
6.055038945123994987e-01
4.700104977450030308e-01
4.863798643588976844e-01
4.261751632822969871e-01
4.468994969577039789e-01
4.229693464963120708e-01
4.323473631829732877e-01
4.466132100636251989e-01
4.862316126686585527e-01
4.615342854498844516e-01
4.270250329689762037e-01
4.955568082997360846e-01
4.624167528788936665e-01
5.711234319944716864e-01
4.536077932656642497e-01
4.635148047748647859e-01
4.914250265089304959e-01
4.869776609296700975e-01
5.390465428920314661e-01
4.893181670250625892e-01
5.195302680667166495e-01
5.384993162712469195e-01
4.528158220459659877e-01
4.537672146975382237e-01
5.312460705182537879e-01
4.637492828180584947e-01
4.718874500209934708e-01
5.548890404460806725e-01
5.007621636562729073e-01
4.639353355343227014e-01
4.949354708917503287e-01
4.743963927585379547e-01
4.549697695467712633e-01
4.980805471290235542e-01
5.255638566875854290e-01
5.379280629572643635e-01
4.675079967911081602e-01
4.815834377355941442e-01
4.701533023600908412e-01
5.426761871715711782e-01
4.672478416504086685e-01
5.582310439395640200e-01
5.916189545317380727e-01
5.355399714831774460e-01
5.246043894747185465e-01
4.822670269514239827e-01
4.939077821397400148e-01
4.961101950449037234e-01
4.740790815136158853e-01
4.646541885220317192e-01
4.641273440691083829e-01
5.359842999625074045e-01
4.710617452488222168e-01
4.572311508865132823e-01
4.525871913416326664e-01
4.509471160022830993e-01
4.508749042184411193e-01
4.540994119972018295e-01
4.502645242015202443e-01
4.496187698987976211e-01
4.492866812563903189e-01
4.483917952420619080e-01
4.479692973781586041e-01
4.483650826497338482e-01
4.494892834929297143e-01
4.523055367092220780e-01
4.568017213293686374e-01
4.625121538751114092e-01
4.813774975438747661e-01
4.899517300447120416e-01
4.835506806792192469e-01
4.861225604490087560e-01
4.714271271987177658e-01
4.716095274306509877e-01
4.785036552852629521e-01
4.935971792497447219e-01
5.091513232981487169e-01
5.130603579674863912e-01
5.440422357018210864e-01
5.336095989885548674e-01
5.456728536708316257e-01
5.487030261529942665e-01
5.235589208215490897e-01
4.990503930770618934e-01
4.736450088320683371e-01
4.630039577490032698e-01
4.594462797088522676e-01
4.577448951869374505e-01
4.579589221278566047e-01
4.689659196605751590e-01
5.116795513235743442e-01
5.363937409708838810e-01
5.429968877904000069e-01
5.025867411939785034e-01
4.546794041260547869e-01
5.211030232927978956e-01
5.037062777954185444e-01
4.664556680091714314e-01
4.670789522584025688e-01
4.713821874489047548e-01
4.784119511609734587e-01
4.639752325565417168e-01
4.567706909984753927e-01
4.603761231409875254e-01
4.674359530476018265e-01
4.909056304496690615e-01
5.354746078888394933e-01
5.660430336317086031e-01
5.238479000930876817e-01
5.257902888403709341e-01
5.512927224105912405e-01
5.194851426598615651e-01
5.355538884875249428e-01
5.420335635102861982e-01
5.067138876249007717e-01
4.949136133480986355e-01
4.979034500415398523e-01
4.877501865092451205e-01
4.883339960909214850e-01
5.067734592958830220e-01
5.420637224547805166e-01
5.445742676734596222e-01
5.676113394338850870e-01
5.588229924635834678e-01
5.646812141992066936e-01
5.697840410800858457e-01
5.772134681217739871e-01
5.847142037164179129e-01
5.913729367530098369e-01
5.458466419471514897e-01
4.979596386922154339e-01
5.113482556658210942e-01
5.891483461349790174e-01
4.672067841975247049e-01
4.564917144966605389e-01
5.440377095922503958e-01
5.003094855274440311e-01
4.466940578780793647e-01
4.841787789593241520e-01
5.968220566516144743e-01
4.553573268441996058e-01
4.364104041675884171e-01
5.228407021232303054e-01
4.796198858528804010e-01
4.229052952925474451e-01
4.770002078343413277e-01
5.302401444210402826e-01
4.486083733627403425e-01
4.819131552696179766e-01
5.976508256234293048e-01
4.570048297565563744e-01
4.541246639276976804e-01
5.630162930311873870e-01
4.642375677855505312e-01
4.171463871752369434e-01
4.861784247632970346e-01
4.881552113226955703e-01
4.066457693318422661e-01
4.440429122398210637e-01
5.521479502782998816e-01
4.166726316445583667e-01
4.223771912784905491e-01
5.783860055601300898e-01
4.480143522714840065e-01
4.426770979013140983e-01
5.564508316819734013e-01
4.626249749031235980e-01
4.249705589120998384e-01
5.676564470553576713e-01
4.309578681360526908e-01
4.122412292501932973e-01
5.869496877904742949e-01
4.141096794732758712e-01
4.316906205372240124e-01
5.699149436747618092e-01
3.971026089092742350e-01
4.830313756343677656e-01
4.171666757698516692e-01
3.919670411536917420e-01
5.533850880625187374e-01
3.787967227254203650e-01
4.648119981529106881e-01
4.176352659458225647e-01
3.879070827208143113e-01
5.857036097906979100e-01
3.917835577871938146e-01
4.381450982060987598e-01
4.750355542618189264e-01
4.169798775118587209e-01
5.300848333186726213e-01
4.169590850386298841e-01
4.043663699038841930e-01
5.341998784406304379e-01
3.812134264822190644e-01
5.056093809974607778e-01
4.029956404170439987e-01
4.153654128992930183e-01
4.862015165765104507e-01
4.051713060998279881e-01
5.997764040299722321e-01
4.172415389100921357e-01
5.390443922520994358e-01
4.486592550250453337e-01
4.019646312468121430e-01
4.736696411714934052e-01
4.921118097259806756e-01
4.701952511820526870e-01
5.887271726354580403e-01
4.168536708606680463e-01
4.032243028593806566e-01
5.766201915904387576e-01
4.261702661030614681e-01
4.010380253717915622e-01
5.471498543960103822e-01
4.293675576738425481e-01
3.917230726459965950e-01
5.004602358633458703e-01
4.536894708297195544e-01
3.921013975789705563e-01
4.695172629905954853e-01
5.254484765553862902e-01
4.363494093665399864e-01
4.146302089566977767e-01
5.769884967884448823e-01
4.259402596974584121e-01
4.053443339662614053e-01
4.970283715719942541e-01
4.704500536791082488e-01
3.991137752215166978e-01
4.526598150548704624e-01
5.436240217474185288e-01
4.149926259962508079e-01
4.279638498969171034e-01
5.926690759550068410e-01
4.784166578967827821e-01
4.487383066608721660e-01
5.947966948877776439e-01
4.213675533601889955e-01
4.864819435746948750e-01
4.581561416875830628e-01
4.261821801643061458e-01
5.916165029454093505e-01
4.111151773330013470e-01
4.709813921838318929e-01
4.550566235830859618e-01
4.105602168793646700e-01
5.798109245852418603e-01
4.070748658250480934e-01
4.932194461862620671e-01
4.452716705042140677e-01
4.348131680695314083e-01
5.803379332856829498e-01
5.068928355206554492e-01
4.890980155250952977e-01
5.458156139549518171e-01
4.375891789704080548e-01
4.623688570171385348e-01
5.562021631407514377e-01
4.254464931223876922e-01
4.409636629454836143e-01
5.708585902082302654e-01
4.228067245279435449e-01
4.300563147965719701e-01
5.771708544680800301e-01
4.349887235533439478e-01
4.116444983703221316e-01
5.216820757184345014e-01
4.641790052201134054e-01
4.043654260701067815e-01
4.746855124253824276e-01
5.175752844758014781e-01
4.022411393123516143e-01
4.206861167901678744e-01
5.680563962551776758e-01
4.151666385984989494e-01
4.016095244516464935e-01
5.244329484614526082e-01
4.469737022131279880e-01
3.959518676067217968e-01
4.657634071466569825e-01
5.033724937782896314e-01
4.003146927143668710e-01
4.267662067666409542e-01
5.650806524100027151e-01
4.134141822783998776e-01
4.041847823000732642e-01
5.369111039292941978e-01
4.388674510515708227e-01
3.926969921148708020e-01
4.720167844024902859e-01
4.900858992800798397e-01
3.947573196188133293e-01
4.284318232920649172e-01
5.612686696398261343e-01
4.174900459348840354e-01
4.094821719457226172e-01
5.412563667012227908e-01
4.459572966149019102e-01
4.052192274786787229e-01
4.927961679180945520e-01
4.774894258618767040e-01
3.978692472435574889e-01
4.470990775517466598e-01
5.203160389070967673e-01
3.976870114361432118e-01
4.185344292787893661e-01
5.646656054315153384e-01
4.135374487450670933e-01
4.065434609457752035e-01
5.634943885222821747e-01
4.170951636053789047e-01
4.135340661117490879e-01
5.653774567760112557e-01
4.297595958538713012e-01
4.247985651396281592e-01
5.600995998446500757e-01
4.570082138110996839e-01
3.996315629916112333e-01
4.595674207050809978e-01
5.200185385702607022e-01
3.998513899571831676e-01
4.162381602570707773e-01
5.704678407114076588e-01
4.244782413068395321e-01
4.081571503021828584e-01
5.009178061018274564e-01
4.896806137357300193e-01
4.178132416870982691e-01
4.576369054407140591e-01
6.235615017703021179e-01
4.818560925253521643e-01
4.261833329498611045e-01
4.294473408659165714e-01
4.886782533945514539e-01
6.237277732122785689e-01
4.576973731402668166e-01
4.135444426501052595e-01
4.532823533943949323e-01
5.824124532085890316e-01
4.338582420301938525e-01
4.045605938986210903e-01
4.547171473194009939e-01
5.738389534769532396e-01
4.303580063492323249e-01
4.069194539209248229e-01
4.644658326505600177e-01
5.672394156338158577e-01
4.344916879413904254e-01
4.172786522650761554e-01
4.784926863614001324e-01
5.560597853822122349e-01
4.295232666714896563e-01
4.118767327692741675e-01
4.799556745013304204e-01
5.387411882974062483e-01
4.176403352605455588e-01
4.064622600575925060e-01
4.860557711832696470e-01
5.246033245454144733e-01
4.133272894146112209e-01
4.079365802661569229e-01
4.969022964499458794e-01
5.143145435048773750e-01
4.148306984102491657e-01
4.175472727703012366e-01
5.149846703300969830e-01
5.056874067033211295e-01
4.177077464786941863e-01
4.222031336633415011e-01
5.263355172672520288e-01
4.963397576942336076e-01
4.145319391738317982e-01
4.216759223530153200e-01
5.365042961020817236e-01
4.855484391367803076e-01
4.131658182324190465e-01
4.268680714413911614e-01
5.505060443384947044e-01
4.858006672237030199e-01
4.246263676383678076e-01
4.427270885636123698e-01
5.664578177997757757e-01
4.837641307138150215e-01
4.262179224586852833e-01
4.474811636191520225e-01
5.767028557154845192e-01
4.803278303508715097e-01
4.250788302616885228e-01
4.464378880695339946e-01
5.826820045643074097e-01
4.732027998871680130e-01
4.269977808037023204e-01
4.554897085111077049e-01
5.919254872604510220e-01
4.802415816922309677e-01
4.404557750793963167e-01
4.666431681767242434e-01
5.942587749501321293e-01
4.624879005098250229e-01
4.160969174640783419e-01
4.451531381983535596e-01
5.866950372806761793e-01
4.460307678141126053e-01
4.019335742063440686e-01
4.370268622261909708e-01
5.837130149429807791e-01
4.341787420025652322e-01
3.978042172795726028e-01
4.487188015430115806e-01
5.700478159102405629e-01
4.194455872875801905e-01
4.013593596273937747e-01
4.859738899645285048e-01
5.069789363562503537e-01
4.028582730382262445e-01
4.071697799060132739e-01
5.268921915957585078e-01
4.709373235611648001e-01
3.995630541976103456e-01
4.165068796805974083e-01
5.474447268942248535e-01
4.580447347693017979e-01
3.891374130206796123e-01
4.083347558946270883e-01
5.545962282188909853e-01
4.419134230189671331e-01
3.820962940726667645e-01
4.112404922319915501e-01
5.661381641389910957e-01
4.380107282128289370e-01
3.841924065405095123e-01
4.132185590046545953e-01
5.701943672912842542e-01
4.231116322054119805e-01
3.765198885653107119e-01
4.237077427984446976e-01
5.671380837984373313e-01
4.059728582530550689e-01
3.809377896247295725e-01
4.491554273900871253e-01
5.371487587865929614e-01
3.992669395104929131e-01
3.878959655882813218e-01
4.682676290597590496e-01
5.092684796506851130e-01
3.926785893679360373e-01
3.932272502270207082e-01
5.052890880526192952e-01
4.761605277815892379e-01
3.894540454795689666e-01
4.024167099954940041e-01
5.419570110460798507e-01
4.556232506358353640e-01
3.895430994860792917e-01
4.197305394028821302e-01
5.751229318018303838e-01
4.353851669539004487e-01
3.994830563105681298e-01
4.634617826655630934e-01
5.814872696973092392e-01
4.384722145056534903e-01
4.148518187353089637e-01
4.755454177395246895e-01
5.674251862760092413e-01
4.470624299430713822e-01
4.396002984746993358e-01
5.135641460120224933e-01
5.623235482214722358e-01
4.794443259527151890e-01
4.688884626175806036e-01
5.455430484021787096e-01
5.682641414375425581e-01
5.069219532208546486e-01
4.812364262934618608e-01
5.880805248926026518e-01
5.078015472116571560e-01
4.713755017336452857e-01
4.935869679689279810e-01
5.943488353536856561e-01
4.649264883177161023e-01
4.441396203726027947e-01
5.166989471444620730e-01
5.223935964121758646e-01
4.436861466441451296e-01
4.450833610345528157e-01
5.797582582961386954e-01
4.634257223065297859e-01
4.223325840146651688e-01
4.718761662349155728e-01
5.593158714692427758e-01
4.334314263637189524e-01
4.299932493058282734e-01
5.288606169863381279e-01
4.926187137935705840e-01
4.183182086704562708e-01
4.346946402583600766e-01
5.804173226762781024e-01
4.497714185363626549e-01
4.129581258649536735e-01
4.619832184814572362e-01
5.674894074893163110e-01
4.288168316672992253e-01
4.149602417731897974e-01
5.014136380543363636e-01
5.014311869977396974e-01
4.075012722914211349e-01
4.202213071887255236e-01
5.578692555205948533e-01
4.514630089166443705e-01
3.968787938314515262e-01
4.372780993936579153e-01
5.765126259226819316e-01
4.244028126790082012e-01
4.045533649405429477e-01
4.945064158829189371e-01
4.968711684072508739e-01
4.120219563935089702e-01
4.373335587471777197e-01
5.889687208268000740e-01
4.514530958461364096e-01
4.367986093409841342e-01
5.164897644479151673e-01
5.762040494299530691e-01
5.119989601884024077e-01
4.543303485429276978e-01
4.918169718642709798e-01
5.318160865856027542e-01
4.305468057443737617e-01
4.470812149812498637e-01
5.941401484621048334e-01
4.531831791130358500e-01
4.203394472737203014e-01
4.975836077729926532e-01
5.077932331579243508e-01
4.178983619969867114e-01
4.390735205282456644e-01
5.884395010320815356e-01
4.545518056549491259e-01
4.166052091402301372e-01
5.143788083335210093e-01
4.694281487441114842e-01
4.003171318871924789e-01
4.487220370734250618e-01
5.525862844975151233e-01
4.193192487226237164e-01
4.227385116021936118e-01
5.653949441176937540e-01
4.379560215176603877e-01
3.969845540567084052e-01
4.757962193237089132e-01
4.962798235848036033e-01
4.098571183247783911e-01
4.252620336516892419e-01
5.749862938528033096e-01
4.187893364111541783e-01
4.075588530872694681e-01
5.251622631423050747e-01
4.536747428856032771e-01
3.956896675976996347e-01
4.469400036396758424e-01
5.158867232369593880e-01
3.898294954890492714e-01
4.073022355033520947e-01
5.732553343391068035e-01
4.300023492881649978e-01
3.972163047946362657e-01
4.837575690228826386e-01
5.038263345964384410e-01
4.050504755773690624e-01
4.319835669107679466e-01
5.443081849138931005e-01
4.298849831296874813e-01
3.912284388935959867e-01
5.477991769032056757e-01
4.064229465398649932e-01
4.123584592106866453e-01
5.579117945368484710e-01
4.146324875748407246e-01
3.806268027189907421e-01
4.825274703484291883e-01
4.609801188972578179e-01
3.804850966600946127e-01
4.285416863295448686e-01
5.240455402173863630e-01
3.914173264100311855e-01
4.059521197061201625e-01
5.617392928549262976e-01
4.296408365582199407e-01
4.185496919924929227e-01
5.443110458637333560e-01
4.927003292992484518e-01
5.357560326618903135e-01
4.512450651507516897e-01
4.558122734228320927e-01
4.777444197717226615e-01
4.348021708960611575e-01
4.196161813974432775e-01
4.107304178318079702e-01
4.079807935993479684e-01
4.117981634959242965e-01
4.205579526431704740e-01
4.369783313627509935e-01
4.621636717121557769e-01
4.980343037718727994e-01
5.404599242328564923e-01
5.694682592560387224e-01
5.531024151237522446e-01
5.098740340303666851e-01
4.683569685894808932e-01
4.370154889711315160e-01
4.149171321556701653e-01
4.005979013980707770e-01
3.915035299143152514e-01
3.884694982588733914e-01
3.908120326871793448e-01
3.975644874971334675e-01
4.115020048256532448e-01
4.365901905032985586e-01
4.944164327301719397e-01
5.294712528625120651e-01
5.718821286607721488e-01
5.070120285978688690e-01
4.537627218793893746e-01
4.263085918736440050e-01
3.975879738912281303e-01
3.937844530250666497e-01
4.083594855083356179e-01
4.430534593636432095e-01
4.985205438479695661e-01
5.855248133278726508e-01
5.499850375569248495e-01
4.591321510022405294e-01
4.088390413043762606e-01
3.874109134825345357e-01
3.869573698324027533e-01
4.059183372241123022e-01
4.543968895709180056e-01
5.402264080060901197e-01
5.566655353083346247e-01
4.785254631087424992e-01
4.441831754403085530e-01
4.567647895515007384e-01
4.284053137413871282e-01
4.309350753972221448e-01
4.548188895169281154e-01
5.063210498418065919e-01
5.691676272758093846e-01
5.391763831608122892e-01
4.809321663238921851e-01
4.655473528698706454e-01
4.371387779784128291e-01
4.698367082469581124e-01
5.453433309012041263e-01
5.196888075640290205e-01
4.335935722712332963e-01
4.696378079175199116e-01
5.596224981980522095e-01
5.347162743853167699e-01
4.518975153805782075e-01
4.245164377531487898e-01
4.484656148828636280e-01
5.372234032979383844e-01
4.974690051247436240e-01
4.313792492474853857e-01
4.412254737731134413e-01
4.392410012969856781e-01
4.971327143172336593e-01
5.379802571195971828e-01
4.717229243764239355e-01
4.249607882743200449e-01
4.143510738714489272e-01
4.317351518147388156e-01
4.657955526147297687e-01
5.215617586408979323e-01
5.431333396346086362e-01
4.910352468553995653e-01
4.466415907083096104e-01
4.238878363973910268e-01
4.189028877466540735e-01
4.315502157237155467e-01
4.636535583211467415e-01
5.180259438163596908e-01
5.378067654080850302e-01
4.849889329094292378e-01
4.429950631275378914e-01
4.256677779462340050e-01
4.338242862409228406e-01
4.406987519146376986e-01
4.812035460936907594e-01
5.362989702109770551e-01
5.115526512949913895e-01
4.545587780283285029e-01
4.257062495169396943e-01
4.149827177371512854e-01
4.288497318549444048e-01
4.695121298782375940e-01
5.305567844881219353e-01
5.253245040867920990e-01
4.742811959797999521e-01
4.685241180543576744e-01
4.844946242762085964e-01
4.928291553371276779e-01
5.069926613882977939e-01
4.431754183525928315e-01
4.380268524384518525e-01
4.961221373070166529e-01
4.890415151182372355e-01
4.343006438869433383e-01
4.448265349420750248e-01
5.101498850281844799e-01
4.740137668800640802e-01
4.383219251256182947e-01
4.707040582510782500e-01
5.376729844482879273e-01
5.148645940325921044e-01
4.949230607715129349e-01
5.061504495144590887e-01
5.334835628711867006e-01
4.761347031602788937e-01
4.603045951050542817e-01
5.087474298693194230e-01
5.240098473119798594e-01
5.080172629397691209e-01
4.982302698920788586e-01
4.925454598567818310e-01
5.404307077910195378e-01
5.005611392023969763e-01
4.988151513516589919e-01
4.828733600558517969e-01
4.873381433823506526e-01
5.243068805846087255e-01
5.121894881867978810e-01
4.885301621445169995e-01
4.740615070370088335e-01
4.832351799067216014e-01
4.988228083920625000e-01
4.711366531824447423e-01
5.048872477208140586e-01
4.449070894262678877e-01
4.937881974492088211e-01
5.122826295421175624e-01
4.365662479320511213e-01
4.465710536205675374e-01
5.057670359111460234e-01
4.572384403714138679e-01
4.620646739428480032e-01
4.883525115224134350e-01
4.569521856342772526e-01
4.786719838641123048e-01
4.997485232158465074e-01
4.863239046400305021e-01
4.693288396199170598e-01
5.625545656968238273e-01
5.364543433620824198e-01
4.741077300370352687e-01
4.295348404921073837e-01
4.843717203928267212e-01
5.562507998175493240e-01
4.550501798990870261e-01
4.715911701353560082e-01
4.473964053380245498e-01
5.183332102917277417e-01
4.379989810035210818e-01
4.413023702517099855e-01
4.532516657947799898e-01
5.695964805639129880e-01
4.298382238697887603e-01
4.354739914525315725e-01
5.591544270769464031e-01
4.424656770774580972e-01
4.273990626347816679e-01
5.588330376849651726e-01
4.295241755656898919e-01
4.626844653447502731e-01
4.772588306115969070e-01
4.492866697110580176e-01
4.859188065724829309e-01
5.431679903633612749e-01
4.460511862972343367e-01
5.301904245678407124e-01
4.718548792176717743e-01
4.413181742745410086e-01
5.084650597067060795e-01
4.077838767921226903e-01
5.349791682979542218e-01
4.353495526317596731e-01
4.627679032093244271e-01
4.679371335030325096e-01
5.303825265905222075e-01
5.274370523248572695e-01
5.360668037183965451e-01
5.706349095136079574e-01
5.480783503333154227e-01
5.731277840965086634e-01
5.369334891825155998e-01
5.995477438736614983e-01
5.455877106736382043e-01
5.258382974127857601e-01
5.657099918021112339e-01
5.199406595593142333e-01
5.839946541706290128e-01
4.843227890255466517e-01
6.425353930115723644e-01
4.532203895661585658e-01
6.253882002657752404e-01
4.126718648092950747e-01
5.596428974615161867e-01
4.192457603500426289e-01
4.737596736245043294e-01
4.663745636049830279e-01
4.456129304233276134e-01
4.796050545779770302e-01
4.186900870185761292e-01
6.101115708442743646e-01
4.436876477280585762e-01
4.236860078694269505e-01
4.648225156238766087e-01
5.682654249083741727e-01
6.323588005707906357e-01
6.431468044787028715e-01
5.003067243998673419e-01
4.251914449775262006e-01
5.543486049664680948e-01
4.434885648826381033e-01
4.369938541965714407e-01
4.411016988749896783e-01
3.741425017879040360e-01
6.008696429671204209e-01
5.201539851055343444e-01
3.933585389071156957e-01
4.315561129573429189e-01
4.387563993501733539e-01
4.045633517699865900e-01
6.187619857598060102e-01
5.437941690976914044e-01
3.958390090507144521e-01
4.290714480108071549e-01
4.721804894656505547e-01
4.717140759836723207e-01
4.935588922664764788e-01
5.016929320673568782e-01
4.697497908163890679e-01
4.291686938774070814e-01
4.025551132631386420e-01
3.931805411016850993e-01
4.033903043648358056e-01
4.414688532027324919e-01
4.170946701682812230e-01
4.653478968089008183e-01
5.491908864848655814e-01
4.412001252067840884e-01
5.340892952825864182e-01
4.755320542838083475e-01
4.832955599488445997e-01
4.808222568730751156e-01
4.233123168277033721e-01
5.198139851583745141e-01
3.999354290860564487e-01
4.843212392122714371e-01
4.192116649617322333e-01
4.201423086399335149e-01
4.776718041288111616e-01
3.963395461068272008e-01
5.186492010114931439e-01
4.191249422490689325e-01
5.082738579844056082e-01
4.063998748060296262e-01
4.803368282814266532e-01
4.081939518121735500e-01
4.479757507694927532e-01
4.388097515617259692e-01
4.069493517951186523e-01
4.943506105649024263e-01
4.073695269138615793e-01
6.041648412250473221e-01
4.230246820402332464e-01
4.217197316318377909e-01
4.557480374621226127e-01
4.687615021730521248e-01
4.781362356872983499e-01
4.736331221851409756e-01
4.632443104670715961e-01
4.562699215292064236e-01
4.534280063469680044e-01
4.529147091752652177e-01
4.539678802465902385e-01
4.587571349530781828e-01
4.652236803207280280e-01
4.544989811875639885e-01
4.517616002333139091e-01
4.503472660079868573e-01
4.493971987029352633e-01
4.485917556088193647e-01
4.474941673499617245e-01
4.465126074024517444e-01
4.456597431298218726e-01
4.452603447202193587e-01
4.446155132743218052e-01
4.417365529159313908e-01
4.382955176421644561e-01
4.357531897565682377e-01
4.334219185525554630e-01
4.313500333366797057e-01
4.296336457239495754e-01
4.280595386280098835e-01
4.269815893948414876e-01
4.263329395871871541e-01
4.264290369320651308e-01
4.263652112932062588e-01
4.250689580691607294e-01
4.245636693768220504e-01
4.243351277499073926e-01
4.244433055614545980e-01
4.249269037503942137e-01
4.259836318167705693e-01
4.277159540025500806e-01
4.304971497728697916e-01
4.340107609986066373e-01
4.373936588133309766e-01
4.369489560015843432e-01
4.381554640906829001e-01
4.437602025171706877e-01
4.418005235796312880e-01
4.411690320271494103e-01
4.421938271772650753e-01
4.432292764082571002e-01
4.442735504090931098e-01
4.447307741325590702e-01
4.441170225987211562e-01
4.427374728051337582e-01
4.412066651510404558e-01
4.398826313564923041e-01
4.386918044369507164e-01
4.381302125883528853e-01
4.424058530037600079e-01
4.368351095646373361e-01
4.321319118395940961e-01
4.278936454548771806e-01
4.279686230944682590e-01
4.320331829485537511e-01
4.386466812097195578e-01
4.456422360990709985e-01
4.509209696389374633e-01
4.530419272229138650e-01
4.528516085395021817e-01
4.531276377530821242e-01
4.484057857828777083e-01
4.404133467352369657e-01
4.387107451800634217e-01
4.428052560502829249e-01
4.505675049650680886e-01
4.567651599199339385e-01
4.624096786770647838e-01
4.659467360847914241e-01
4.614125835288653832e-01
4.502016753859177101e-01
4.396989614012776770e-01
4.375378752146085182e-01
4.301185214255086597e-01
4.309235383383723805e-01
4.350277053788498272e-01
4.402258771965637529e-01
4.447154506036071209e-01
4.505997246223108488e-01
4.400148417515356569e-01
4.318020747259068703e-01
4.256046226127209731e-01
4.222631788426603472e-01
4.245777711556585343e-01
4.258327965262154735e-01
4.298621369382836788e-01
4.343131800505259932e-01
4.368465020758987016e-01
4.356728650801635627e-01
4.311691078220007411e-01
4.252361265215943709e-01
4.204279562164198736e-01
4.182224529705461658e-01
4.191835464222886665e-01
4.217648147646581580e-01
4.270519984817309211e-01
4.325123609351247955e-01
4.354622013820774740e-01
4.341206336344783367e-01
4.292761386248582500e-01
4.229277930145945441e-01
4.176795373284896140e-01
4.152401001214086618e-01
4.165151723020544261e-01
4.212790100146293071e-01
4.281594506403756939e-01
4.349724996516401432e-01
4.396063624094756483e-01
4.393291155731553488e-01
4.358541032364933177e-01
4.318034257232462036e-01
4.294445169966742415e-01
4.389677658482292189e-01
4.307859828587037865e-01
4.311328763277942899e-01
4.353608877384175790e-01
4.401153133329441247e-01
4.429842008780280338e-01
4.430350677869526188e-01
4.418813398627936539e-01
4.378192961871574251e-01
4.362500384858773450e-01
4.335318176508372590e-01
4.327560699787896259e-01
4.338758785415678387e-01
4.370422665982042765e-01
4.401608973940448477e-01
4.408542058519061002e-01
4.381740674333231556e-01
4.330920425359042203e-01
4.283356985012792828e-01
4.230094679071557673e-01
4.206059493028206364e-01
4.224981285228439631e-01
4.276301518584017525e-01
4.346874253056378645e-01
4.412823189394574075e-01
4.446333666611217428e-01
4.440736554945062808e-01
4.428509751665466454e-01
4.512586408175156549e-01
4.646648717780281768e-01
4.346027058556214961e-01
4.283388257843954716e-01
4.296892274288194868e-01
4.341894111558313174e-01
4.387491074701697635e-01
4.435286205413788152e-01
4.391398405902890434e-01
4.336659177740060933e-01
4.270051479818954832e-01
4.225109456991611445e-01
4.213980858335364399e-01
4.237912183907355801e-01
4.291240515376525400e-01
4.358013734974360287e-01
4.417695797692728354e-01
4.448525216950967587e-01
4.445349867247350151e-01
4.432341097581480871e-01
4.643878572105448188e-01
4.357240337246741091e-01
4.316073852927036492e-01
4.312403576402250027e-01
4.338562700536056083e-01
4.371263470077823565e-01
4.397056133361817443e-01
4.399925226866746586e-01
4.376085267524557620e-01
4.344060318836162060e-01
4.319364391170374406e-01
4.325111483638028331e-01
4.319171675618253547e-01
4.308838644623025904e-01
4.327734996922277810e-01
4.362004492004811218e-01
4.394127122202554081e-01
4.407602422914206897e-01
4.359203418919616047e-01
4.299418844214819013e-01
4.251242759543476524e-01
4.226336036784649752e-01
4.230648515381149055e-01
4.261181589444373308e-01
4.304417794062453395e-01
4.339071620950047947e-01
4.351288005058912556e-01
4.332694964637210377e-01
4.286559199451929758e-01
4.236973339455106791e-01
4.202017843550397425e-01
4.222634460504636755e-01
4.183448782001676913e-01
4.199655850779371313e-01
4.238208606744365836e-01
4.279530011727282202e-01
4.323647925278711335e-01
4.376909557009006635e-01
4.256214336692137334e-01
4.265695254232905742e-01
4.296184762357775910e-01
4.313093342582368095e-01
4.297123376890285562e-01
4.344944335756018017e-01
4.299864434210037278e-01
4.321241301639270893e-01
4.313278216125014941e-01
4.330711797137373753e-01
4.491052251277679597e-01
4.557863776618966689e-01
4.538933460991671498e-01
4.275859181548976040e-01
4.257857121154348112e-01
4.463401653620759912e-01
4.243509071636856200e-01
4.223300570433259904e-01
4.451572880141603794e-01
4.255535024690982882e-01
4.235034880531955426e-01
4.463717187308453571e-01
4.286686630817915789e-01
4.248978424606686954e-01
4.517388113647969883e-01
4.336712998770652083e-01
4.230068607241782574e-01
4.460829717937533911e-01
4.309832497962029496e-01
4.214399218852607487e-01
4.460202170436187163e-01
4.334200191466063834e-01
4.218743624507049761e-01
4.460793466839750310e-01
4.360154840687044953e-01
4.238439839552954891e-01
4.491055763246938337e-01
4.430279521934179510e-01
4.294543305861752147e-01
4.539879792428042626e-01
4.512236019998571712e-01
4.385080476893200574e-01
4.604559229002597176e-01
4.577272175888219552e-01
4.409706804711528982e-01
4.590622648945633655e-01
4.549104304259400378e-01
4.335640750891079920e-01
4.504691062625362785e-01
4.499852685399900465e-01
4.270625593308942092e-01
4.434625826703562645e-01
4.455892604363512199e-01
4.230042205031791513e-01
4.386725001637228338e-01
4.440744004366302122e-01
4.208974653566794344e-01
4.360520741550159007e-01
4.448266153042904625e-01
4.230230590810337699e-01
4.354891513608593057e-01
4.471946247950597253e-01
4.243922994952212258e-01
4.368847397036457192e-01
4.530650722864207336e-01
4.316018722562883769e-01
4.443118400320686945e-01
4.653841036463280956e-01
4.489840320994808454e-01
4.488609916754948137e-01
4.748315483446383656e-01
4.377376579634127407e-01
4.383786069371077843e-01
4.559063164853014438e-01
4.337352956599941356e-01
4.339647927586245957e-01
4.554424782326415011e-01
4.363256110371322438e-01
4.350757617428415713e-01
4.592822440104886716e-01
4.434782914174407176e-01
4.363137094541725824e-01
4.617360398341199823e-01
4.620387224272676230e-01
4.350396178153605464e-01
4.558898950791928639e-01
4.647487150579918125e-01
4.998435912315466467e-01
4.540304307267236106e-01
4.571247818827809395e-01
4.438198666449088003e-01
4.391276638375233854e-01
4.483017820301611889e-01
4.424345147803169231e-01
4.316644077252560496e-01
4.414365417949978054e-01
4.487161028285416853e-01
4.356579060563545713e-01
4.377513612812222732e-01
4.491913981795824795e-01
4.406294133320501905e-01
4.336389114727641214e-01
4.484391283256856653e-01
4.414911769835529465e-01
4.274542017423867413e-01
4.364999315356030696e-01
4.411796809317982127e-01
4.285007052058336652e-01
4.342755956313641419e-01
4.472364735614758335e-01
4.375952122471334360e-01
4.383067787099999002e-01
4.669282671913178584e-01
4.478464920527094328e-01
4.298878138761376144e-01
4.837675900840257559e-01
4.517106117579817171e-01
4.161159425367717546e-01
4.553997988253487561e-01
4.553913875454629889e-01
4.081375258805592376e-01
