-2.708663188188964455e-07
-8.127094568433079758e-07
-1.354655637775259436e-06
-1.896704344916955165e-06
-2.438855852493482246e-06
-2.981110142519227679e-06
-3.523467738686392181e-06
-4.065927921126366584e-06
-4.608491165236650033e-06
-5.151157625338242951e-06
-5.693927467298465217e-06
-6.236800722869695335e-06
-6.779777531829012105e-06
-7.322857780822644713e-06
-7.866042001536399653e-06
-8.409329455894010152e-06
-8.952720752630760614e-06
-9.496216020088432685e-06
-1.003981559688504888e-05
-1.058351889038355864e-05
-1.112732644281688721e-05
-1.167123812961801121e-05
-1.221525479822016536e-05
-1.275937523603776214e-05
-1.330360050244561165e-05
-1.384793027292552381e-05
-1.439236453115722014e-05
-1.493690355769405897e-05
-1.548154751995767242e-05
-1.602629649655185062e-05
-1.657115065389902497e-05
-1.711611038079929870e-05
-1.766117504697906071e-05
-1.820634519422714703e-05
-1.875162059161716854e-05
-1.929700156133584699e-05
-1.984248817088474226e-05
-2.038808061632924051e-05
-2.093377901224435789e-05
-2.147958374965064365e-05
-2.202549419139110398e-05
-2.257151093643106066e-05
-2.311763385187681763e-05
-2.366386370322715038e-05
-2.421019949538916194e-05
-2.475664198731131194e-05
-2.530319109173007064e-05
-2.584984739473217275e-05
-2.639661020664707536e-05
-2.694348010667813043e-05
-2.749045728500654207e-05
-2.803754166458283237e-05
-2.858473334899080953e-05
-2.913203250232143660e-05
-2.967943925824556572e-05
-3.022695383814166803e-05
-3.077457653766213497e-05
-3.132230691127446676e-05
-3.187014544525634818e-05
-3.241809202747525376e-05
-3.296614710424083938e-05
-3.351431036124896679e-05
-3.406258218452418163e-05
-3.461096244794514831e-05
-3.515945150456278867e-05
-3.570804948171968363e-05
-3.625675664986616198e-05
-3.680557281626750665e-05
-3.735449848640826076e-05
-3.790353323840367494e-05
-3.845267770619109626e-05
-3.900193150574438050e-05
-3.955129503052656759e-05
-4.010076846971966091e-05
-4.065035202904798695e-05
-4.120004586993797346e-05
-4.174984981197837897e-05
-4.229976448166805625e-05
-4.284978924129489997e-05
-4.339992473645359894e-05
-4.395017070624174238e-05
-4.450052747795307795e-05
-4.505099529783507251e-05
-4.560157426058975005e-05
-4.615226455784160464e-05
-4.670306662091228134e-05
-4.725397980931411723e-05
-4.780500500389806007e-05
-4.835614171860846966e-05
-4.890739034191238233e-05
-4.945875086614925920e-05
-5.001022369088836683e-05
-5.056180868712178977e-05
-5.111350650444101973e-05
-5.166531676259467076e-05
-5.221723972659297885e-05
-5.276927566144617998e-05
-5.332142445235721340e-05
-5.387368647347123840e-05
-5.442606162453511587e-05
-5.497855027247755544e-05
-5.553115220147120112e-05
-5.608386770972195734e-05
-5.663669704958351758e-05
-5.718964032819240373e-05
-5.774269775338236599e-05
-5.829586942718290032e-05
-5.884915554499325907e-05
-5.940255628944512978e-05
-5.995607150699466814e-05
-6.050970189352966599e-05
-6.106344679990272084e-05
-6.161730689224764745e-05
-6.217128203489519223e-05
-6.272537287821400298e-05
-6.327957879925794060e-05
-6.383390044228942628e-05
-6.438833798139143028e-05
-6.494289140479558853e-05
-6.549756106177806458e-05
-6.605234644152524481e-05
-6.660724802920459098e-05
-6.716226601188868273e-05
-6.771740062117004300e-05
-6.827265196440723827e-05
-6.882802027552425983e-05
-6.938350563345796473e-05
-6.993910823482885064e-05
-7.049482794285744092e-05
-7.105066547452576486e-05
-7.160662023331099135e-05
-7.216269326237867432e-05
-7.271888449611463301e-05
-7.327519266697724021e-05
-7.383161877438926268e-05
-7.438816360239020042e-05
-7.494482630809873314e-05
-7.550160767177960253e-05
-7.605850754044407580e-05
-7.661552638105195712e-05
-7.717266429130287264e-05
-7.772992129884137569e-05
-7.828729770442688363e-05
-7.884479336273120254e-05
-7.940240892323480182e-05
-7.996014378042204385e-05
-8.051799873620701931e-05
-8.107597357487339451e-05
-8.163406910710602205e-05
-8.219228451089577447e-05
-8.275062046347869682e-05
-8.330907691889155586e-05
-8.386765444012844739e-05
-8.442635310645929536e-05
-8.498517316268827670e-05
-8.554411448091769898e-05
-8.610317862201011252e-05
-8.666236328536136568e-05
-8.722167005081882252e-05
-8.778109877782824810e-05
-8.834065060669971103e-05
-8.890032535835423744e-05
-8.946012166644035091e-05
-9.002004096503313235e-05
-9.058008328832745093e-05
-9.114024927270314436e-05
-9.170053817231238469e-05
-9.226095079306606550e-05
-9.282148699496506339e-05
-9.338214829979207821e-05
-9.394293254860741627e-05
-9.450384125275768099e-05
-9.506487426924614681e-05
-9.562603245760747939e-05
-9.618731499794197504e-05
-9.674872274945123252e-05
-9.731025556170003199e-05
-9.787191485133295288e-05
-9.843369869899643021e-05
-9.899560851456268296e-05
-9.955764416036405606e-05
-1.001198064849440073e-04
-1.006820947003772559e-04
-1.012445096666425570e-04
-1.018070512397439842e-04
-1.023697213046181886e-04
-1.029325175431194950e-04
-1.034954411582855727e-04
-1.040584927093357592e-04
-1.046216716694692295e-04
-1.051849789633907406e-04
-1.057484144360021361e-04
-1.063119779119992003e-04
-1.068756697859551963e-04
-1.074394907828457590e-04
-1.080034401338414440e-04
-1.085675188446932893e-04
-1.091317270314196008e-04
-1.096960653136358488e-04
-1.102605328562322740e-04
-1.108251305748098048e-04
-1.113898582977279617e-04
-1.119547169563528399e-04
-1.125197056175419874e-04
-1.130848252259841757e-04
-1.136500756037106541e-04
-1.142154577407072935e-04
-1.147809705959179638e-04
-1.153466151335713619e-04
-1.159123911556037001e-04
-1.164783000291436110e-04
-1.170443420013267399e-04
-1.176105150579864755e-04
-1.181768200185784323e-04
-1.187432572653523977e-04
-1.193098274900883382e-04
-1.198765297732995450e-04
-1.204433649119041050e-04
-1.210103330280265510e-04
-1.215774344096587356e-04
-1.221446690587990602e-04
-1.227120371517509412e-04
-1.232795383835361136e-04
-1.238471739435365038e-04
-1.244149426182783458e-04
-1.249828448062206832e-04
-1.255508801396576501e-04
-1.261190498793585135e-04
-1.266873528525946924e-04
-1.272557894759218655e-04
-1.278243594020622709e-04
-1.283930634620178424e-04
-1.289619006905606824e-04
-1.295308723073818058e-04
-1.300999781547185208e-04
-1.306692174966039843e-04
-1.312385910953173251e-04
-1.318080981680402886e-04
-1.323777392792102603e-04
-1.329475142309854974e-04
-1.335174234585734254e-04
-1.340874671691416609e-04
-1.346576455928394367e-04
-1.352279581803284003e-04
-1.357984053436123162e-04
-1.363689874256390766e-04
-1.369397045315468020e-04
-1.375105569360046687e-04
-1.380815479867791851e-04
-1.386526712340296896e-04
-1.392239304017772739e-04
-1.397953252890715703e-04
-1.403668565463922491e-04
-1.409385239816707269e-04
-1.415103282413898711e-04
-1.420822691557965811e-04
-1.426543474046804150e-04
-1.432265630303408699e-04
-1.437989164132513764e-04
-1.443714080237024078e-04
-1.449440376172228540e-04
-1.455168075918944481e-04
-1.460897150545870105e-04
-1.466627611351745131e-04
-1.472359463224881537e-04
-1.478092717912549148e-04
-1.483827365238443718e-04
-1.489563416978700872e-04
-1.495300871597882164e-04
-1.501039772932033500e-04
-1.506780053563971933e-04
-1.512521748404660471e-04
-1.518264855975282046e-04
-1.524009393027991877e-04
-1.529755348915751156e-04
-1.535502731161431100e-04
-1.541251538335064453e-04
-1.547001782755685895e-04
-1.552753462948919250e-04
-1.558506577351570499e-04
-1.564261136102196303e-04
-1.570017140177792925e-04
-1.575774604507529375e-04
-1.581533508746568728e-04
-1.587293867912897838e-04
-1.593055681713417826e-04
-1.598818959442915855e-04
-1.604583703277429052e-04
-1.610349917960940402e-04
-1.616117601997979492e-04
-1.621886798561789078e-04
-1.627657434655205293e-04
-1.633429554860343913e-04
-1.639203162969726790e-04
-1.644978269650376745e-04
-1.650754863193881761e-04
-1.656532958367318287e-04
-1.662312554234768314e-04
-1.668093677438253764e-04
-1.673876293394327419e-04
-1.679660428489659907e-04
-1.685446081305386201e-04
-1.691233260372460023e-04
-1.697021967409506615e-04
-1.702812200700121181e-04
-1.708603961515509084e-04
-1.714397241774356928e-04
-1.720192049372570864e-04
-1.725988365826047755e-04
-1.731786200258600417e-04
-1.737585547604281189e-04
-1.743386442424332827e-04
-1.749188825590497487e-04
-1.754992733525861937e-04
-1.760798164418542200e-04
-1.766605137907273360e-04
-1.772413638895242727e-04
-1.778223676167645095e-04
-1.784035248123538864e-04
-1.789848386489767407e-04
-1.795663054625640243e-04
-1.801479273378925328e-04
-1.807297040417044087e-04
-1.813116370048550863e-04
-1.818937251526486776e-04
-1.824759699071698549e-04
-1.830583712862932089e-04
-1.836409297417684883e-04
-1.842236463981405947e-04
-1.848065194275383405e-04
-1.853895503914904097e-04
-1.859727395693289154e-04
-1.865560889124928678e-04
-1.871395950416854248e-04
-1.877232600614453517e-04
-1.883070837944700315e-04
-1.888910669309851187e-04
-1.894752097454377449e-04
-1.900595127707349619e-04
-1.906439761302225477e-04
-1.912286018478370764e-04
-1.918133863183513199e-04
-1.923983320099020844e-04
-1.929834385834272581e-04
-1.935687080504289170e-04
-1.941541397639801048e-04
-1.947397321434563011e-04
-1.953254860328490494e-04
-1.959114063061484501e-04
-1.964974857042722789e-04
-1.970837278941761639e-04
-1.976701330875796359e-04
-1.982567012026592579e-04
-1.988434363269231397e-04
-1.994303309370559774e-04
-2.000173895099210952e-04
-2.006046122410287680e-04
-2.011919995704714026e-04
-2.017795515625309122e-04
-2.023672685648181258e-04
-2.029551498823334299e-04
-2.035431964826361906e-04
-2.041314085711176673e-04
-2.047197865133743022e-04
-2.053083299202729251e-04
-2.058970402128990074e-04
-2.064859157746568030e-04
-2.070749580621589203e-04
-2.076641666400869113e-04
-2.082535498424409326e-04
-2.088430923420370178e-04
-2.094328024538905098e-04
-2.100226797594473283e-04
-2.106127261256585115e-04
-2.112029393274150735e-04
-2.117933207569366871e-04
-2.123838706395986264e-04
-2.129745892196499568e-04
-2.135654767442263235e-04
-2.141565334622397287e-04
-2.147477599473424092e-04
-2.153391559492900953e-04
-2.159307217276529300e-04
-2.165224577014290830e-04
-2.171143641670481017e-04
-2.177064416615248632e-04
-2.182986912505624488e-04
-2.188911111181690572e-04
-2.194837028249851940e-04
-2.200764659713305704e-04
-2.206694033809464273e-04
-2.212625108908294891e-04
-2.218557913110652535e-04
-2.224492442818304383e-04
-2.230428714016241543e-04
-2.236366709539305830e-04
-2.242306452370224079e-04
-2.248247935263680830e-04
-2.254191157701201931e-04
-2.260136136024160081e-04
-2.266082852835360484e-04
-2.272031321318701558e-04
-2.277981542762042011e-04
-2.283933546998184738e-04
-2.289887288299263801e-04
-2.295842796755653836e-04
-2.301800068349457717e-04
-2.307759120290242549e-04
-2.313719934441405002e-04
-2.319682528081346007e-04
-2.325646897243238698e-04
-2.331613158931267193e-04
-2.337581095530616437e-04
-2.343550824225326679e-04
-2.349522340843179791e-04
-2.355495655995687443e-04
-2.361470765634976487e-04
-2.367447680173828672e-04
-2.373426395627653562e-04
-2.379406943472384128e-04
-2.385389285273209481e-04
-2.391373441618105389e-04
-2.397359426912215596e-04
-2.403347225834462364e-04
-2.409336877267076460e-04
-2.415328335848565544e-04
-2.421321618377714202e-04
-2.427316731762330093e-04
-2.433313694256700188e-04
-2.439312487129141616e-04
-2.445313136510973706e-04
-2.451315626564865013e-04
-2.457319990418760369e-04
-2.463326183943514991e-04
-2.469334240217113674e-04
-2.475344155044023609e-04
-2.481355947586694199e-04
-2.487369598088706724e-04
-2.493385125629243859e-04
-2.499402526116023537e-04
-2.505421818811415235e-04
-2.511442983815781460e-04
-2.517466048711503035e-04
-2.523491005154143707e-04
-2.529517852952745116e-04
-2.535546626503126788e-04
-2.541577276259365803e-04
-2.547609836760500457e-04
-2.553644303707747198e-04
-2.559680696981869730e-04
-2.565718996688781672e-04
-2.571759222878000628e-04
-2.577801371324017765e-04
-2.583845518057126256e-04
-2.589891531544763481e-04
-2.595939488013732088e-04
-2.601989383501646103e-04
-2.608041246294767745e-04
-2.614095064515931099e-04
-2.620150828637202167e-04
-2.626208545282171514e-04
-2.632268248066171878e-04
-2.638329896738067504e-04
-2.644393525060850791e-04
-2.650459129616145049e-04
-2.656526732621733444e-04
-2.662596331175492992e-04
-2.668667930231238827e-04
-2.674741522550316830e-04
-2.680817118101419538e-04
-2.686894740359102585e-04
-2.692974364481015570e-04
-2.699056012327449849e-04
-2.705139697335434690e-04
-2.711225437954656314e-04
-2.717313206921367907e-04
-2.723403027885540340e-04
-2.729494911039020977e-04
-2.735588869611227381e-04
-2.741684910159136734e-04
-2.747783041909812596e-04
-2.753883264883238979e-04
-2.759985597976521987e-04
-2.766090054932002218e-04
-2.772196653962888391e-04
-2.778305396015090523e-04
-2.784416324996819014e-04
-2.790529423626342265e-04
-2.796644720266527884e-04
-2.802762235356581755e-04
-2.808881987054201446e-04
-2.815004024770972890e-04
-2.821128346318646507e-04
-2.827255013075902212e-04
-2.833384059920396325e-04
-2.839515616346321991e-04
-2.845649626019852718e-04
-2.851786279006729430e-04
-2.857925752078882553e-04
-2.864068364805127942e-04
-2.870214806307558320e-04
-2.876367312413252719e-04
-2.882549313617532860e-04
-2.888703878454190743e-04
-2.894856268867984639e-04
-2.901009411363508761e-04
-2.907163979229965278e-04
-2.913320262574181641e-04
-2.919478365916994278e-04
-2.925638382337281129e-04
-2.931800347049096089e-04
-2.937964314740915128e-04
-2.944130272610756549e-04
-2.950298241300997049e-04
-2.956468231665176916e-04
-2.962640248135306464e-04
-2.968814371634431737e-04
-2.974990471379390655e-04
-2.981168628490848960e-04
-2.987348840568504471e-04
-2.993531142864158667e-04
-2.999715565092930802e-04
-3.005902012903627352e-04
-3.012090539485923202e-04
-3.018281171165426713e-04
-3.024473890604895132e-04
-3.030668724152141280e-04
-3.036865669213684171e-04
-3.043064751568902437e-04
-3.049265949983670509e-04
-3.055469290021983753e-04
-3.061674769055944267e-04
-3.067882396601273598e-04
-3.074092179414789072e-04
-3.080304134636113744e-04
-3.086518255146497580e-04
-3.092734577072597801e-04
-3.098953082026900674e-04
-3.105173762119051162e-04
-3.111396643313835142e-04
-3.117621721689944891e-04
-3.123849023759506238e-04
-3.130078525634960585e-04
-3.136310253886165356e-04
-3.142544204204344993e-04
-3.148780424873098838e-04
-3.155018848903790030e-04
-3.161259524492310291e-04
-3.167502447255499121e-04
-3.173747645288660379e-04
-3.179995091868725865e-04
-3.186244815317484935e-04
-3.192496811200706830e-04
-3.198751127432286623e-04
-3.205007698039441522e-04
-3.211266571337967335e-04
-3.217527743164527720e-04
-3.223791241863116497e-04
-3.230057041228029391e-04
-3.236325175743903770e-04
-3.242595632737543809e-04
-3.248868427629947320e-04
-3.255143573261953804e-04
-3.261421073917913915e-04
-3.267700939952877803e-04
-3.273983167432215069e-04
-3.280267805927383762e-04
-3.286554790862261655e-04
-3.292844172213538201e-04
-3.299135945907805123e-04
-3.305430154945110388e-04
-3.311726764790856592e-04
-3.318025781413602715e-04
-3.324327215337152808e-04
-3.330631144661255760e-04
-3.336937432399933456e-04
-3.343246154884349508e-04
-3.349557301050021252e-04
-3.355870896700752226e-04
-3.362186911332054606e-04
-3.368505373975150263e-04
-3.374826279078924074e-04
-3.381149680170558725e-04
-3.387475518161764398e-04
-3.393803828466435135e-04
-3.400134625136663757e-04
-3.406467903480647763e-04
-3.412803719756718479e-04
-3.419141995600893935e-04
-3.425482786657552126e-04
-3.431826079965949461e-04
-3.438171890837171674e-04
-3.444520227726677319e-04
-3.450871096036811636e-04
-3.457224507035228100e-04
-3.463580540689070730e-04
-3.469939042342051749e-04
-3.476300102193130570e-04
-3.482663712932598798e-04
-3.489029907201013359e-04
-3.495398651842673843e-04
-3.501769980234215041e-04
-3.508143886405967748e-04
-3.514520420748734608e-04
-3.520899514564135302e-04
-3.527281226411993487e-04
-3.533665551800346805e-04
-3.540052501725954315e-04
-3.546442129706006696e-04
-3.552834344833222247e-04
-3.559229220949644557e-04
-3.565626729831183894e-04
-3.572026918287063424e-04
-3.578429777729708050e-04
-3.584835272969488784e-04
-3.591243422190748547e-04
-3.597654431277685916e-04
-3.604067923881348889e-04
-3.610484105623923412e-04
-3.616902967057411544e-04
-3.623324540458217058e-04
-3.629748788871456355e-04
-3.636175744587966108e-04
-3.642605398376241865e-04
-3.649037810848909658e-04
-3.655472889214639309e-04
-3.661910709270577158e-04
-3.668351240158074233e-04
-3.674794515953205831e-04
-3.681240521448136960e-04
-3.687689269940008785e-04
-3.694140775162280121e-04
-3.700595029348940912e-04
-3.707052068848692983e-04
-3.713511857087459234e-04
-3.719974446104723498e-04
-3.726439807120174308e-04
-3.732907993192480234e-04
-3.739378968375950407e-04
-3.745852757164325197e-04
-3.752329353644556775e-04
-3.758808797885704323e-04
-3.765291062187703375e-04
-3.771776187194708641e-04
-3.778264168275979884e-04
-3.784755093065861331e-04
-3.791248857870632705e-04
-3.797745521064710417e-04
-3.804245077686507770e-04
-3.810747587249530000e-04
-3.817253045691471058e-04
-3.823761417742765900e-04
-3.830272763797326618e-04
-3.836787063735691561e-04
-3.843304379385070746e-04
-3.849824707573556992e-04
-3.856348012081234344e-04
-3.862874322033693630e-04
-3.869403659333414680e-04
-3.875936033373994505e-04
-3.882471470744164321e-04
-3.889009985705849104e-04
-3.895551592587587209e-04
-3.902096306225288913e-04
-3.908644150372175829e-04
-3.915195135899551815e-04
-3.921749333857249553e-04
-3.928306640449408249e-04
-3.934867140809039654e-04
-3.941430833336312389e-04
-3.947997771356348551e-04
-3.954567917450191317e-04
-3.961141344581697865e-04
-3.967718024271427169e-04
-3.974298141503629367e-04
-3.980881438309102904e-04
-3.987468064104993104e-04
-3.994058057770200065e-04
-4.000651400697385895e-04
-4.007248282339448409e-04
-4.013848446199341780e-04
-4.020452044887212750e-04
-4.027059080192740836e-04
-4.033669637045766976e-04
-4.040283791336696240e-04
-4.046901365302169040e-04
-4.053522476098470051e-04
-4.060147257475277272e-04
-4.066775591032856241e-04
-4.073407549499696856e-04
-4.080043176764025503e-04
-4.086682554446108284e-04
-4.093325652052559604e-04
-4.099972564817200293e-04
-4.106623417681198873e-04
-4.113278539570330850e-04
-4.119937220989910998e-04
-4.126599629376004330e-04
-4.133265821372189563e-04
-4.139935920133286373e-04
-4.146610163304753627e-04
-4.153288043508007732e-04
-4.159969903048121864e-04
-4.166655754596071404e-04
-4.173345684609364170e-04
-4.180039650821809616e-04
-4.186737736704415624e-04
-4.193439946734711654e-04
-4.200146414434779985e-04
-4.206856965641714297e-04
-4.213571721367603828e-04
-4.220290719627595166e-04
-4.227014007920359973e-04
-4.233741508126165343e-04
-4.240473279065737344e-04
-4.247209287087105878e-04
-4.253949544342772171e-04
-4.260694055073788178e-04
-4.267442808999488690e-04
-4.274195761773125213e-04
-4.280952945475702265e-04
-4.287714258058850092e-04
-4.294479729302080884e-04
-4.301249300557863364e-04
-4.308022972822067587e-04
-4.314800729139367519e-04
-4.321582535584678197e-04
-4.328368360565493234e-04
-4.335158156997254153e-04
-4.341951908121144399e-04
-4.348749571171373063e-04
-4.355551099658461212e-04
-4.362356464631123032e-04
-4.369165668346441933e-04
-4.375978620125842156e-04
-4.382795364277214389e-04
-4.389615876229102653e-04
-4.396440173340954161e-04
-4.403268281235606096e-04
-4.410100227807411954e-04
-4.416935996570670042e-04
-4.423775651045680490e-04
-4.430619137876234959e-04
-4.437466523300459542e-04
-4.444317804319641851e-04
-4.451173049890844169e-04
-4.458032215658436215e-04
-4.464895341637076243e-04
-4.471762477417096093e-04
-4.478633638986817544e-04
-4.485508849190189551e-04
-4.492388134299529767e-04
-4.499271534773585657e-04
-4.506159058816905372e-04
-4.513050735148738113e-04
-4.519946599187418812e-04
-4.526846680769081033e-04
-4.533751023716448003e-04
-4.540659792390266958e-04
-4.547572731496973830e-04
-4.554490026394963920e-04
-4.561411683318139509e-04
-4.568337789662146875e-04
-4.575268298674384226e-04
-4.582203299272613606e-04
-4.589142798633316644e-04
-4.596086888740691379e-04
-4.603035521937304253e-04
-4.609988792162456051e-04
-4.616946738793537008e-04
-4.623909385053082133e-04
-4.630876845946874099e-04
-4.637849056877696441e-04
-4.644826056792172864e-04
-4.651807886254522018e-04
-4.658794611569483379e-04
-4.665786283692963110e-04
-4.672782946724129971e-04
-4.679784645601481330e-04
-4.686791426771197422e-04
-4.693803336832669260e-04
-4.700820441421171836e-04
-4.707842781331850190e-04
-4.714870450375219235e-04
-4.721903396414095511e-04
-4.728941742966341621e-04
-4.735985508447226877e-04
-4.743034893718300893e-04
-4.750089696130554984e-04
-4.757150109560015494e-04
-4.764216134591769958e-04
-4.771287881456531821e-04
-4.778365305612153335e-04
-4.785448464932340329e-04
-4.792537423020659659e-04
-4.799632187557634211e-04
-4.806732928517298831e-04
-4.813839630137817238e-04
-4.820952186478377754e-04
-4.828070741766943286e-04
-4.835195505967782026e-04
-4.842326235960925374e-04
-4.849463138899556824e-04
-4.856606212200187400e-04
-4.863755580044593074e-04
-4.870911150630652386e-04
-4.878073045622155490e-04
-4.885241254064531802e-04
-4.892415828656737631e-04
-4.899596786118731728e-04
-4.906784157049370876e-04
-4.913977985735451526e-04
-4.921178340835385967e-04
-4.928385103200039197e-04
-4.935598374598004767e-04
-4.942818163035100909e-04
-4.950044449164581195e-04
-4.957277255226433255e-04
-4.964516529515350385e-04
-4.971762283876302035e-04
-4.979014466900411051e-04
-4.986273111153849413e-04
-4.993538150739329495e-04
-5.000809545633311259e-04
-5.008087259360527455e-04
-5.015371259330381193e-04
-5.022661475545531218e-04
-5.029957857531908161e-04
-5.037260301714585609e-04
-5.044568832738294262e-04
-5.051883256506073394e-04
-5.059203591805117028e-04
-5.066529727768553926e-04
-5.073861704811832851e-04
-5.081199304192152155e-04
-5.088542438231868914e-04
-5.095891032180777103e-04
-5.103245022445301871e-04
-5.110604265770035681e-04
-5.117968717371912390e-04
-5.125338205991258889e-04
-5.132712587714305386e-04
-5.140091793647272311e-04
-5.147475586196881281e-04
-5.154863883760629761e-04
-5.162256511529461633e-04
-5.169653381482675059e-04
-5.177054260933067198e-04
-5.184459067049118630e-04
-5.191867683710382764e-04
-5.199280005918627268e-04
-5.206695918725801064e-04
-5.214115321526824331e-04
-5.221538093045374751e-04
-5.228964169577965393e-04
-5.236393401368832912e-04
-5.243825742242691490e-04
-5.251261058996092856e-04
-5.258699420001011759e-04
-5.266140437282240683e-04
-5.273584181899604317e-04
-5.281030555245314062e-04
-5.288479485863195606e-04
-5.295930890161226756e-04
-5.303384691290879971e-04
-5.310840817267514780e-04
-5.318299188388220244e-04
-5.325759750230973921e-04
-5.333222418977268120e-04
-5.340687152649570280e-04
-5.348153895250451484e-04
-5.355622603470111542e-04
-5.363093220298598141e-04
-5.370565721629638745e-04
-5.378040082220092444e-04
-5.385516317873983994e-04
-5.392994486920210662e-04
-5.400474928896059623e-04
-5.407959534345918584e-04
-5.415445318596168178e-04
-5.422931518920259819e-04
-5.430418783745061262e-04
-5.437907292649146740e-04
-5.445397122414430413e-04
-5.452888299095626223e-04
-5.460380848334445147e-04
-5.467874786569959511e-04
-5.475370131016177311e-04
-5.482866898353089269e-04
-5.490365071290082000e-04
-5.497864599121049523e-04
-5.505365416804686163e-04
-5.512867500204743365e-04
-5.520370825072840049e-04
-5.527875398002590757e-04
-5.535381221735136137e-04
-5.542888300387183165e-04
-5.550396638963617235e-04
-5.557906243609522789e-04
-5.565417120944049501e-04
-5.572929278094829186e-04
-5.580442722716849602e-04
-5.587957462575010581e-04
-5.595473506141424025e-04
-5.602990860646972493e-04
-5.610509538460650703e-04
-5.618029546773373184e-04
-5.625550896162234693e-04
-5.633073596743587430e-04
-5.640597658759238797e-04
-5.648123092263368505e-04
-5.655649905326187721e-04
-5.663178105878019508e-04
-5.670707699745314301e-04
-5.678238691771975155e-04
-5.685771086253454953e-04
-5.693304889077266395e-04
-5.700840108847637921e-04
-5.708376756896615944e-04
-5.715914846713410213e-04
-5.723454392307925076e-04
-5.730995399334526397e-04
-5.738537901123219598e-04
-5.746081904303146359e-04
-5.753627422441232042e-04
-5.761174472278529635e-04
-5.768723065915359882e-04
-5.776273219575411844e-04
-5.783824947658278148e-04
-5.791378261681412454e-04
-5.798933177563192487e-04
-5.806489709255790999e-04
-5.814047871148808611e-04
-5.821607675231543766e-04
-5.829169139890399975e-04
-5.836732281576662018e-04
-5.844297118553498649e-04
-5.851863671578749759e-04
-5.859431966327433017e-04
-5.867002036414881161e-04
-5.874573930179094461e-04
-5.882147729725506480e-04
-5.889723610461583547e-04
-5.897302136945725692e-04
-5.904885575130913722e-04
-5.912469172717482735e-04
-5.920053487026288863e-04
-5.927639165344000816e-04
-5.935226429062412379e-04
-5.942815382898869458e-04
-5.950406102819272292e-04
-5.957998632831751351e-04
-5.965593007640768164e-04
-5.973189232755249378e-04
-5.980787315064128862e-04
-5.988387247110038558e-04
-5.995989045979310816e-04
-6.003592733078155774e-04
-6.011198323898625517e-04
-6.018805849120623108e-04
-6.026415309006161181e-04
-6.034026732595343390e-04
-6.041640130213243864e-04
-6.049255537668996041e-04
-6.056872934577794965e-04
-6.064492355762896025e-04
-6.072113809674206664e-04
-6.079737322013389900e-04
-6.087362887623459784e-04
-6.094990536198441333e-04
-6.102620280571402489e-04
-6.110252149174044689e-04
-6.117886128947924718e-04
-6.125522249068593439e-04
-6.133160524292025073e-04
-6.140800977099125646e-04
-6.148443604027109544e-04
-6.156088430784301124e-04
-6.163735465968267491e-04
-6.171384718899330935e-04
-6.179036206481747229e-04
-6.186689938778577869e-04
-6.194345930227163066e-04
-6.202004184330256464e-04
-6.209664726518626665e-04
-6.217327573433406585e-04
-6.224992740546664294e-04
-6.232660240390597295e-04
-6.240330097669888332e-04
-6.248002331872282156e-04
-6.255676967082957063e-04
-6.263354020815681267e-04
-6.271033539542170132e-04
-6.278715484218100329e-04
-6.286399908532747105e-04
-6.294086822029587580e-04
-6.301776261019575998e-04
-6.309468218135272366e-04
-6.317162726409142337e-04
-6.324859791074777249e-04
-6.332559457127295843e-04
-6.340261669068869566e-04
-6.347966466706544963e-04
-6.355673822091567615e-04
-6.363383722063353787e-04
-6.371096140863619084e-04
-6.378811048102228654e-04
-6.386528405827318622e-04
-6.394248182297612715e-04
-6.401970362316378171e-04
-6.409694898305007271e-04
-6.417421804683076658e-04
-6.425151080881041921e-04
-6.432882788122151752e-04
-6.440616867734449968e-04
-6.448353400907436139e-04
-6.456092393554158093e-04
-6.463833902310422985e-04
-6.471577951505658177e-04
-6.479324521988516494e-04
-6.487073667783560538e-04
-6.494825530325432084e-04
-6.502579911216166408e-04
-6.510336949935302542e-04
-6.518096657418537276e-04
-6.525859087957996962e-04
-6.533624233737711506e-04
-6.541392097009213202e-04
-6.549162718917367343e-04
-6.556936105366339973e-04
-6.564712286011298303e-04
-6.572491265973701147e-04
-6.580273067692266054e-04
-6.588057698282412389e-04
-6.595845189634186312e-04
-6.603635554537357066e-04
-6.611428812083319784e-04
-6.619224964655723298e-04
-6.627024051090169010e-04
-6.634826053025788539e-04
-6.642631023037193216e-04
-6.650438942187308911e-04
-6.658249923497949752e-04
-6.666063826541446247e-04
-6.673880724124003905e-04
-6.681700637123366704e-04
-6.689523608988112713e-04
-6.697349612295733223e-04
-6.705178698097613577e-04
-6.713010855665668686e-04
-6.720846111134548551e-04
-6.728684479535562701e-04
-6.736525983723762323e-04
-6.744370642950414663e-04
-6.752218453262015530e-04
-6.760069493184639455e-04
-6.767923655487395607e-04
-6.775781022895221994e-04
-6.783641618891556035e-04
-6.791505484017301697e-04
-6.799372574345374787e-04
-6.807242938708935043e-04
-6.815116571801116407e-04
-6.822993512172192965e-04
-6.830873778068680124e-04
-6.838757386931071380e-04
-6.846644338703855581e-04
-6.854534681116630779e-04
-6.862428383995755610e-04
-6.870325494813256384e-04
-6.878226014802590882e-04
-6.886130015386626724e-04
-6.894037426226073961e-04
-6.901948293299708936e-04
-6.909862638698749393e-04
-6.917780484455571255e-04
-6.925701852180665696e-04
-6.933626749159316205e-04
-6.941555193041848426e-04
-6.949487178103952445e-04
-6.957422772376764541e-04
-6.965361921476009854e-04
-6.973304636870292228e-04
-6.981250938569161235e-04
-6.989200984325316668e-04
-6.997154500592017712e-04
-7.005111653595186283e-04
-7.013072459292057914e-04
-7.021036951641024260e-04
-7.029005084319139840e-04
-7.036976925782756354e-04
-7.044952462805786908e-04
-7.052931803442907821e-04
-7.060914803778128856e-04
-7.068901571891661462e-04
-7.076892125308376080e-04
-7.084886471317997092e-04
-7.092884704669177864e-04
-7.100886689188623535e-04
-7.108892530242050256e-04
-7.116902224220122974e-04
-7.124915831487887985e-04
-7.132933305850075456e-04
-7.140954707862690043e-04
-7.148980033820917512e-04
-7.157009560923022207e-04
-7.165042810636235160e-04
-7.173080059932335217e-04
-7.181121304642434922e-04
-7.189166605984231850e-04
-7.197215917946753194e-04
-7.205269302116290575e-04
-7.213326753612303577e-04
-7.221388407895323880e-04
-7.229454109372035475e-04
-7.237523918788291155e-04
-7.245597868512643203e-04
-7.253676000399389423e-04
-7.261758333528822718e-04
-7.269844874544517666e-04
-7.277935654051992387e-04
-7.286030666915355170e-04
-7.294130005103260928e-04
-7.302233643169397936e-04
-7.310341542129394909e-04
-7.318453736846475266e-04
-7.326570453491942914e-04
-7.334691371222445966e-04
-7.342816666885410015e-04
-7.350946333054553250e-04
-7.359080465899614509e-04
-7.367219139674530126e-04
-7.375362106142313579e-04
-7.383509530247689412e-04
-7.391661531210846903e-04
-7.399817951966314311e-04
-7.407978912277179973e-04
-7.416144404363000930e-04
-7.424314500105166914e-04
-7.432489135418274273e-04
-7.440668382747706033e-04
-7.448852259748228732e-04
-7.457040770010303632e-04
-7.465233944966565005e-04
-7.473431759607018776e-04
-7.481634251932378632e-04
-7.489841459527024625e-04
-7.498053829847473040e-04
-7.506270482213750483e-04
-7.514491877755880012e-04
-7.522718039271181212e-04
-7.530948982765739430e-04
-7.539184723870384630e-04
-7.547425291852816187e-04
-7.555670694956440059e-04
-7.563921045518062769e-04
-7.572176148010756336e-04
-7.580436166385595698e-04
-7.588701041102430267e-04
-7.596970876395658934e-04
-7.605245662500870196e-04
-7.613525310564694948e-04
-7.621809871148910176e-04
-7.630099468334261559e-04
-7.638393940893051237e-04
-7.646693443739138729e-04
-7.654997945204522480e-04
-7.663307427910881486e-04
-7.671621928995175921e-04
-7.679941462337414038e-04
-7.688266046120828534e-04
-7.696595704816955319e-04
-7.704930464501602572e-04
-7.713270327773802393e-04
-7.721615348358357167e-04
-7.729965461334975529e-04
-7.738320801760067980e-04
-7.746681191207471784e-04
-7.755046764454931463e-04
-7.763417505732839174e-04
-7.771793495097156779e-04
-7.780174652042282091e-04
-7.788561056021325868e-04
-7.796952691991876350e-04
-7.805350012696221640e-04
-7.813752241696558798e-04
-7.822159738473111190e-04
-7.830572536386970484e-04
-7.838990752360164294e-04
-7.847414671925401208e-04
-7.855843574093857029e-04
-7.864277889579884828e-04
-7.872717607533274986e-04
-7.881162816921749581e-04
-7.889613437557230213e-04
-7.898069561043108422e-04
-7.906531175715381110e-04
-7.914998443325771404e-04
-7.923471148891803040e-04
-7.931949455380893355e-04
-7.940433354010068001e-04
-7.948922907499156310e-04
-7.957418099248103616e-04
-7.965918980531450089e-04
-7.974425599429624256e-04
-7.982938090521640717e-04
-7.991456251250639298e-04
-7.999980249637772545e-04
-8.008510084926978578e-04
-8.017045862722671501e-04
-8.025587514507437348e-04
-8.034135169833200862e-04
-8.042688823413080002e-04
-8.051248535033694864e-04
-8.059814392480380008e-04
-8.068386333727195492e-04
-8.076964478098691558e-04
-8.085548838431266816e-04
-8.094139542089706651e-04
-8.102736529528309362e-04
-8.111339935800154777e-04
-8.119949779603619078e-04
-8.128566208913667879e-04
-8.137189162680247279e-04
-8.145818797794524002e-04
-8.154455144856465054e-04
-8.163099069566914778e-04
-8.171749196385080793e-04
-8.180406312948695913e-04
-8.189070465565162493e-04
-8.197741852623563474e-04
-8.206420462523178472e-04
-8.215106510673919615e-04
-8.223800073772213892e-04
-8.232501494747079818e-04
-8.241210615150817986e-04
-8.249927723079641950e-04
-8.258653021951944950e-04
-8.267386646267915751e-04
-8.276129098344631174e-04
-8.284880169030506281e-04
-8.293640289899206763e-04
-8.302409667195753684e-04
-8.311188812083480926e-04
-8.319977990306481885e-04
-8.328777379187357610e-04
-8.337587439727345284e-04
-8.346409014574618368e-04
-8.355241921780276471e-04
-8.364087089580696244e-04
-8.372944985448604882e-04
-8.381816377373008109e-04
-8.390701528703248258e-04
-8.399601157361713533e-04
-8.408515564056751046e-04
-8.417445328697814588e-04
-8.426389878306572712e-04
-8.435349257471802531e-04
-8.444322838112583440e-04
-8.453309614347981338e-04
-8.462308512912075642e-04
-8.471318384792869693e-04
-8.480338117454744307e-04
-8.489366675367149284e-04
-8.498403258497821966e-04
-8.507447043967220068e-04
-8.516497639798892294e-04
-8.525554693024073316e-04
-8.534617984519154987e-04
-8.543687355272444606e-04
-8.552762736226959817e-04
-8.561844064388646203e-04
-8.570931431897133024e-04
-8.580024782376405312e-04
-8.589124270740322586e-04
-8.598229963937553677e-04
-8.607342028417175328e-04
-8.616460575088247253e-04
-8.625585820267733794e-04
-8.634717931592650331e-04
-8.643857252389475221e-04
-8.653004085168447546e-04
-8.662159073865582926e-04
-8.671323827651455929e-04
-8.680513486999386075e-04
-8.689692120541492315e-04
-8.698874559880387380e-04
-8.708063594689008369e-04
-8.717259941622979014e-04
-8.726464006910683580e-04
-8.735676081800258785e-04
-8.744896438181992693e-04
-8.754125248275901328e-04
-8.763362846129219008e-04
-8.772609260452313151e-04
-8.781864822597906794e-04
-8.791129679447395873e-04
-8.800404111379833694e-04
-8.809688271257387626e-04
-8.818982456486601507e-04
-8.828286832197607126e-04
-8.837601793257876537e-04
-8.846927372764268327e-04
-8.856264077453657180e-04
-8.865612161044200690e-04
-8.874971759185168452e-04
-8.884343321711174468e-04
-8.893726999548157153e-04
-8.903123363578346883e-04
-8.912532790071869826e-04
-8.921956548576526203e-04
-8.931393374475016245e-04
-8.940844627202126915e-04
-8.950310763806701431e-04
-8.959792440486058496e-04
-8.969290270175456214e-04
-8.978804959745012582e-04
-8.988337131701218397e-04
-8.997887712532959270e-04
-9.007456637485367068e-04
-9.017044760870618347e-04
-9.026652158944381554e-04
-9.036278914483775182e-04
-9.045924749502276541e-04
-9.055588947726178617e-04
-9.065270270356418081e-04
-9.074967954451063079e-04
-9.084679400217510192e-04
-9.094403740609324771e-04
-9.104139380100573220e-04
-9.113885005416211271e-04
-9.123639668395799873e-04
-9.133402600327578114e-04
-9.143173235032220347e-04
-9.152951130717568162e-04
-9.162736052321651670e-04
-9.172527682613784705e-04
-9.182326027091791687e-04
-9.192131091179112090e-04
-9.201942934443652078e-04
-9.211761612655244846e-04
-9.221587188439350768e-04
-9.231419752927516598e-04
-9.241259437898774465e-04
-9.251106357761607057e-04
-9.260960629910997000e-04
-9.270822319316085469e-04
-9.280691733344337280e-04
-9.290568645363705969e-04
-9.300453367051542131e-04
-9.310345957836974051e-04
-9.320246687867239643e-04
-9.330156015435742134e-04
-9.340073004403537382e-04
-9.349998355090427538e-04
-9.359932119470393275e-04
-9.369874515849918595e-04
-9.379825487538795414e-04
-9.389785260148775237e-04
-9.399753890715345506e-04
-9.409731728633463632e-04
-9.419718473219207411e-04
-9.429714467467098515e-04
-9.439719894331899397e-04
-9.449734975389700864e-04
-9.459759636055720122e-04
-9.469794157189737049e-04
-9.479838620509717373e-04
-9.489893670643345658e-04
-9.499958559491261667e-04
-9.510033944998275146e-04
-9.520119923445147236e-04
-9.530216826194592983e-04
-9.540324601696736906e-04
-9.550443678230102762e-04
-9.560574129123811105e-04
-9.570716114171151645e-04
-9.580870007436237401e-04
-9.591035728228058943e-04
-9.601213643845030177e-04
-9.611404003264656382e-04
-9.621607039977941866e-04
-9.631823042178799810e-04
-9.642052230630637766e-04
-9.652294757996893182e-04
-9.662551003469799227e-04
-9.672821200156223043e-04
-9.683105635008848466e-04
-9.693404437437491694e-04
-9.703717906728304143e-04
-9.714046371661622103e-04
-9.724390159214779672e-04
-9.734749362452221888e-04
-9.745124455124987151e-04
-9.755515311630214015e-04
-9.765922507750657289e-04
-9.776345927655638590e-04
-9.786786371426270392e-04
-9.797243363960372875e-04
-9.807717894930734204e-04
-9.818208409642092960e-04
-9.828715705383350709e-04
-9.839240434874607644e-04
-9.849781657105260990e-04
-9.860339676075469129e-04
-9.870914237742889341e-04
-9.881505425312075985e-04
-9.892112707531319771e-04
-9.902736078384322127e-04
-9.913375119003919878e-04
-9.924030196496458345e-04
-9.934699679731151534e-04
-9.945383877230096203e-04
-9.956082277963185234e-04
-9.966794685404289922e-04
-9.977520366331038559e-04
-9.988259114632747071e-04
-9.999010424524001905e-04
-1.000977408419201353e-03
-1.002054944097108269e-03
-1.003133630880004290e-03
-1.004213433547396228e-03
-1.005294315416960238e-03
-1.006376252372209734e-03
-1.007459199985238918e-03
-1.008543146383322764e-03
-1.009628060235856495e-03
-1.010713928986661791e-03
-1.011800729432299484e-03
-1.012888453869931205e-03
-1.013977084124650929e-03
-1.015066685851162553e-03
-1.016157104521187016e-03
-1.017248412186644302e-03
-1.018340596680489263e-03
-1.019433666110569625e-03
-1.020527601330756262e-03
-1.021622412940126345e-03
-1.022718095317065590e-03
-1.023814672328260400e-03
-1.024912106591058247e-03
-1.026010423599288401e-03
-1.027109620959087977e-03
-1.028209714556971299e-03
-1.029310697365448668e-03
-1.030412577285200193e-03
-1.031515362827639670e-03
-1.032619053706551604e-03
-1.033723667877128882e-03
-1.034829193896413813e-03
-1.035935656619857426e-03
-1.037043046946184432e-03
-1.038151391000274870e-03
-1.039260676342634859e-03
-1.040370916201460716e-03
-1.041482111195368709e-03
-1.042594288370279898e-03
-1.043707468605936661e-03
-1.044821591221323231e-03
-1.045936700359018090e-03
-1.047052837240269874e-03
-1.048169957226008364e-03
-1.049288087298316796e-03
-1.050407226977245756e-03
-1.051527396616847021e-03
-1.052648584664139797e-03
-1.053770811213272651e-03
-1.054894078282520020e-03
-1.056018389480994912e-03
-1.057143751735378778e-03
-1.058270169878472444e-03
-1.059397646669513193e-03
-1.060526187327104353e-03
-1.061655798710647858e-03
-1.062786487491806930e-03
-1.063918258296547847e-03
-1.065051105362813111e-03
-1.066185047411405407e-03
-1.067320065197385759e-03
-1.068456177695020770e-03
-1.069593381252342823e-03
-1.070731708875394261e-03
-1.071871114922240409e-03
-1.073011633302978218e-03
-1.074153261959476247e-03
-1.075296022809424379e-03
-1.076439901119830012e-03
-1.077584923141916562e-03
-1.078731097060692257e-03
-1.079878494281483192e-03
-1.081027054033678603e-03
-1.082176814222957084e-03
-1.083327702691039285e-03
-1.084479705695695628e-03
-1.085632833218941329e-03
-1.086787099363162312e-03
-1.087942511058259676e-03
-1.089099068722010344e-03
-1.090256786048571236e-03
-1.091415674334461627e-03
-1.092575742485224488e-03
-1.093736983055260126e-03
-1.094899413724870207e-03
-1.096063043043993268e-03
-1.097227882345452876e-03
-1.098393936130315218e-03
-1.099561239670476809e-03
-1.100729804694555725e-03
-1.101899746602685859e-03
-1.103071810094835570e-03
-1.104245033067496884e-03
-1.105418983391337484e-03
-1.106594011450523496e-03
-1.107770193678692117e-03
-1.108947594216869170e-03
-1.110126210634443389e-03
-1.111306055676664073e-03
-1.112487155702668318e-03
-1.113669513606807548e-03
-1.114853144686844821e-03
-1.116038052546119985e-03
-1.117224254212456636e-03
-1.118411759845283626e-03
-1.119600584579161229e-03
-1.120790736599208692e-03
-1.121982229245754858e-03
-1.123175064282277980e-03
-1.124369270262715048e-03
-1.125564829632663688e-03
-1.126761776244933344e-03
-1.127960125277049919e-03
-1.129159892741093962e-03
-1.130361083988007387e-03
-1.131563725805029286e-03
-1.132767824998270889e-03
-1.133973421402312276e-03
-1.135180501263266528e-03
-1.136389117533109783e-03
-1.137599285153778617e-03
-1.138811001321959893e-03
-1.140024321499955029e-03
-1.141239278574457394e-03
-1.142455792059071662e-03
-1.143673933355793260e-03
-1.144893764901011579e-03
-1.146115211521414601e-03
-1.147338322273538935e-03
-1.148563089495624467e-03
-1.149789525441757831e-03
-1.151017618285066213e-03
-1.152247369316183878e-03
-1.153478728962209487e-03
-1.154711782019646193e-03
-1.155946303594168612e-03
-1.157182371824716505e-03
-1.158419944287003567e-03
-1.159659012158531510e-03
-1.160899517970936934e-03
-1.162141464751353936e-03
-1.163384756948659948e-03
-1.164629385530080441e-03
-1.165875312860609192e-03
-1.167122524003083583e-03
-1.168370999815704359e-03
-1.169620718127761805e-03
-1.170871662006467417e-03
-1.172123817058889905e-03
-1.173377169546796495e-03
-1.174631708405815544e-03
-1.175887425667654362e-03
-1.177144310652855630e-03
-1.178402358349317502e-03
-1.179661555155253616e-03
-1.180921952485647353e-03
-1.182183444241147185e-03
-1.183446084316752689e-03
-1.184709863991884049e-03
-1.185974799880362696e-03
-1.187240869392702791e-03
-1.188508091031326153e-03
-1.189776459951774612e-03
-1.191046012283925037e-03
-1.192316697299133921e-03
-1.193588552864777164e-03
-1.194861581872208589e-03
-1.196135788069652151e-03
-1.197411183343599639e-03
-1.198687780763041388e-03
-1.199965594741891906e-03
-1.201244634650766585e-03
-1.202524925082881779e-03
-1.203806451584465975e-03
-1.205089246435586681e-03
-1.206373335816302017e-03
-1.207658822863333370e-03
-1.208945561691932014e-03
-1.210233666955273790e-03
-1.211523157095495407e-03
-1.212814089597280542e-03
-1.214106528884650871e-03
-1.215400347508555079e-03
-1.216695633836528678e-03
-1.217992401168821459e-03
-1.219290638416858918e-03
-1.220590357991380159e-03
-1.221891554700427207e-03
-1.223194268747396229e-03
-1.224498508478055747e-03
-1.225804220028270386e-03
-1.227111426858051857e-03
-1.228420108598249350e-03
-1.229730270990381236e-03
-1.231041868766102887e-03
-1.232354903418775294e-03
-1.233669346716648185e-03
-1.234985253004472483e-03
-1.236302486744000895e-03
-1.237621112162079484e-03
-1.238941120468739499e-03
-1.240262536125968929e-03
-1.241585340453044140e-03
-1.242909565017713547e-03
-1.244235214628131025e-03
-1.245562344241668562e-03
-1.246890905689634899e-03
-1.248220956663326220e-03
-1.249552506669915353e-03
-1.250885596423279011e-03
-1.252220217044075490e-03
-1.253556409950062900e-03
-1.254894196325184730e-03
-1.256233590533506472e-03
-1.257574622183454949e-03
-1.258917278055271538e-03
-1.260261596990885913e-03
-1.261607601162118009e-03
-1.262955312128721808e-03
-1.264304742029209727e-03
-1.265655911054208715e-03
-1.267008817837145251e-03
-1.268363490132151661e-03
-1.269719950318437540e-03
-1.271078224955757285e-03
-1.272438331193725958e-03
-1.273800333655428219e-03
-1.275164159339592373e-03
-1.276529898016742770e-03
-1.277897535191585554e-03
-1.279267120285587644e-03
-1.280638637626507759e-03
-1.282012135708221479e-03
-1.283387618343900805e-03
-1.284765207240745610e-03
-1.286144725067162042e-03
-1.287526306813391308e-03
-1.288909942853022628e-03
-1.290295637546345908e-03
-1.291683464963000461e-03
-1.293073325312033006e-03
-1.294465308917747137e-03
-1.295859389594977706e-03
-1.297255619325587972e-03
-1.298654006020250051e-03
-1.300054708715192575e-03
-1.301459103907220971e-03
-1.302864201890630014e-03
-1.304270942546925660e-03
-1.305679620049016165e-03
-1.307090295348478648e-03
-1.308503017220630227e-03
-1.309917755343059653e-03
-1.311334547741460632e-03
-1.312753384830833703e-03
-1.314174278817636932e-03
-1.315597233567111779e-03
-1.317022260494127295e-03
-1.318449347457839593e-03
-1.319878545112840307e-03
-1.321309949309790177e-03
-1.322743278037052939e-03
-1.324178698276945454e-03
-1.325616199219337155e-03
-1.327055817941236171e-03
-1.328497512626758414e-03
-1.329941321513539165e-03
-1.331387235117387213e-03
-1.332835334521553783e-03
-1.334285510411370446e-03
-1.335737788863755604e-03
-1.337192164885148138e-03
-1.338648649219509323e-03
-1.340107172839388738e-03
-1.341567749320926595e-03
-1.343030356213636978e-03
-1.344495109396381949e-03
-1.345961804906758985e-03
-1.347430566657648043e-03
-1.348901390473833395e-03
-1.350374319604719098e-03
-1.351849317652420446e-03
-1.353326444360813952e-03
-1.354805688266291774e-03
-1.356287054151805727e-03
-1.357770603984342905e-03
-1.359256374106165843e-03
-1.360744240691658113e-03
-1.362234282443197664e-03
-1.363726581966928642e-03
-1.365221058770460516e-03
-1.366717800147743134e-03
-1.368216814951361826e-03
-1.369718164261679583e-03
-1.371221826640400820e-03
-1.372727861557843099e-03
-1.374236271256656927e-03
-1.375747264811155723e-03
-1.377260474558661407e-03
-1.378776110464774440e-03
-1.380294179391339249e-03
-1.381814760166522049e-03
-1.383337852570609705e-03
-1.384863561184501712e-03
-1.386391943115850012e-03
-1.387923167748383868e-03
-1.389457209782340996e-03
-1.390994229912401181e-03
-1.392534364684783199e-03
-1.394077732107534828e-03
-1.395624589873523114e-03
-1.397174961858649311e-03
-1.398729165555057108e-03
-1.400287429868196654e-03
-1.401850163071149957e-03
-1.403417659686323482e-03
-1.404990286149598866e-03
-1.406568551009179657e-03
-1.408153226384545320e-03
-1.409744669946144668e-03
-1.411343768769723894e-03
-1.412951109903581859e-03
-1.414567243971043276e-03
-1.416192314312114675e-03
-1.417826285320167301e-03
-1.419468917984945122e-03
-1.421120109147411270e-03
-1.422779538924889842e-03
-1.424447450578791852e-03
-1.426123999366812889e-03
-1.427809366623011833e-03
-1.429503756187000540e-03
-1.431207254888988700e-03
-1.432920051708364007e-03
-1.434642516895290321e-03
-1.436375815452528570e-03
-1.438121932400227010e-03
-1.439884863288054540e-03
-1.441670630405900155e-03
-1.443486234626867315e-03
-1.445330265696709304e-03
-1.447186588696025566e-03
-1.449039205536517549e-03
-1.450882765413274988e-03
-1.452717528860891782e-03
-1.454545080334157525e-03
-1.456367285419757351e-03
-1.458185591366123468e-03
-1.460001210153660800e-03
-1.461815247021935882e-03
-1.463628752765289143e-03
-1.465442706526709493e-03
-1.467258214183586595e-03
-1.469076304120742194e-03
-1.470897974560458898e-03
-1.472723910921125423e-03
-1.474554080086343255e-03
-1.476387493681730056e-03
-1.478222548258578684e-03
-1.480057725074090946e-03
-1.481892067860535178e-03
-1.483725136545488432e-03
-1.485556838239476818e-03
-1.487387262155248635e-03
-1.489216570257800853e-03
-1.491044958247145225e-03
-1.492872605973638578e-03
-1.494699713768365967e-03
-1.496526430679767650e-03
-1.498352911634692752e-03
-1.500179277371671560e-03
-1.502005648268744942e-03
-1.503832127564441734e-03
-1.505658808796828119e-03
-1.507485778109551866e-03
-1.509313114799182287e-03
-1.511140890695927830e-03
-1.512969173031009085e-03
-1.514798023933061621e-03
-1.516627502751943801e-03
-1.518457662189276469e-03
-1.520288553944149079e-03
-1.522120227851919694e-03
-1.523952733198608023e-03
-1.525786114639493540e-03
-1.527620427042020168e-03
-1.529455692750092410e-03
-1.531291980186422208e-03
-1.533129318535997321e-03
-1.534967696597666631e-03
-1.536807164280395988e-03
-1.538647765978118365e-03
-1.540489532741884382e-03
-1.542332521250355803e-03
-1.544176759282089861e-03
-1.546022246962763802e-03
-1.547869026969794781e-03
-1.549717197255273682e-03
-1.551566664904746595e-03
-1.553417531699574639e-03
-1.555269815230686525e-03
-1.557123548047600892e-03
-1.558978821578738128e-03
-1.560835530644455460e-03
-1.562693773104695261e-03
-1.564553565079451758e-03
-1.566414953407146982e-03
-1.568277932028183663e-03
-1.570142542055119605e-03
-1.572008800396762496e-03
-1.573876743216851004e-03
-1.575746390996557444e-03
-1.577617772949180264e-03
-1.579490915238124238e-03
-1.581365856603955677e-03
-1.583242581056798493e-03
-1.585121133311440111e-03
-1.587001544134158948e-03
-1.588883916892713799e-03
-1.590768109045903600e-03
-1.592654229507384223e-03
-1.594542303992474430e-03
-1.596432394710745051e-03
-1.598324597170575068e-03
-1.600218703623479399e-03
-1.602114882702010412e-03
-1.604013181722208081e-03
-1.605913658033530922e-03
-1.607816310024268169e-03
-1.609721143685627354e-03
-1.611628097905937196e-03
-1.613537223339123194e-03
-1.615448445227429808e-03
-1.617361865128397191e-03
-1.619277497176496716e-03
-1.621195380710260814e-03
-1.623115517499051919e-03
-1.625037939826379230e-03
-1.626962648114460563e-03
-1.628889801883026678e-03
-1.630819161784646809e-03
-1.632750893489798294e-03
-1.634685006839387000e-03
-1.636621564225615444e-03
-1.638560541225797529e-03
-1.640502001338028926e-03
-1.642445949800785954e-03
-1.644392434462016439e-03
-1.646341489341840436e-03
-1.648293127642697087e-03
-1.650247376094760021e-03
-1.652204280808144965e-03
-1.654163878441194946e-03
-1.656126216266762263e-03
-1.658091342347067787e-03
-1.660059275958802871e-03
-1.662030107082768104e-03
-1.664003817065995428e-03
-1.665980492464247398e-03
-1.667960144489999408e-03
-1.669942972176929885e-03
-1.671928631357011419e-03
-1.673917269408575770e-03
-1.675908800777392571e-03
-1.677903145830828002e-03
-1.679900196953743041e-03
-1.681899851079693420e-03
-1.683901983032587424e-03
-1.685906578409168688e-03
-1.687913422410702857e-03
-1.689922516055042401e-03
-1.691933806190371037e-03
-1.693947256174221927e-03
-1.695962882434121077e-03
-1.697980531208620469e-03
-1.700000237720766805e-03
-1.702021952342036570e-03
-1.704045659938091539e-03
-1.706071339949155607e-03
-1.708098970265914396e-03
-1.710128537689148409e-03
-1.712160133350626445e-03
-1.714193507326933208e-03
-1.716228771921790575e-03
-1.718265924500195219e-03
-1.720304981655318421e-03
-1.722345907994249359e-03
-1.724388735687698571e-03
-1.726433465451981952e-03
-1.728480143299515603e-03
-1.730528752975080131e-03
-1.732579351548246827e-03
-1.734631974460332238e-03
-1.736686654846164579e-03
-1.738743460018343789e-03
-1.740802395866825059e-03
-1.742863547163797655e-03
-1.744926957723325067e-03
-1.746992723336671105e-03
-1.749060863764584361e-03
-1.751131484096335456e-03
-1.753204642536032587e-03
-1.755280493886957061e-03
-1.757358977675926859e-03
-1.759440249146093649e-03
-1.761524404882974792e-03
-1.763611541010901007e-03
-1.765701750996662156e-03
-1.767795132423088944e-03
-1.769891756726593712e-03
-1.771991799680905366e-03
-1.774095218489257775e-03
-1.776202188157438577e-03
-1.778312771998802333e-03
-1.780427109444149281e-03
-1.782545236162058622e-03
-1.784667243989401797e-03
-1.786793213822357451e-03
-1.788923205779169301e-03
-1.791057321412603542e-03
-1.793195659925972407e-03
-1.795338342974739376e-03
-1.797485496626061163e-03
-1.799637296924561092e-03
-1.801793923744132719e-03
-1.803955654188560409e-03
-1.806122879556726346e-03
-1.808296169358847294e-03
-1.810476310714959070e-03
-1.812664508867634083e-03
-1.814862402678141251e-03
-1.817072170807176867e-03
-1.819295073680282648e-03
-1.821528419774010032e-03
-1.823766052246322822e-03
-1.826003653412455741e-03
-1.828239899121619771e-03
-1.830474963964046076e-03
-1.832709314235403397e-03
-1.834943373217212681e-03
-1.837177461633698883e-03
-1.839411776481836291e-03
-1.841646427056420343e-03
-1.843881494915433628e-03
-1.846117047631379293e-03
-1.848352992126933714e-03
-1.850589346854003558e-03
-1.852826073369784332e-03
-1.855063124458489199e-03
-1.857300452919763423e-03
-1.859538006696359602e-03
-1.861775739864457435e-03
-1.864013607076775436e-03
-1.866251566302046250e-03
-1.868489579917698151e-03
-1.870727621837597887e-03
-1.872965659967418262e-03
-1.875203685911097651e-03
-1.877441677669566822e-03
-1.879679629657737827e-03
-1.881917566263879849e-03
-1.884155424175748550e-03
-1.886393231710803420e-03
-1.888631001737306470e-03
-1.890868746012519530e-03
-1.893106484538331635e-03
-1.895344212835103903e-03
-1.897581951946225587e-03
-1.899819729078933150e-03
-1.902057553994751515e-03
-1.904295437355818521e-03
-1.906533437144197762e-03
-1.908771557836530519e-03
-1.911009809233088497e-03
-1.913248229742814388e-03
-1.915486834516033632e-03
-1.917725646194079481e-03
-1.919964679142460717e-03
-1.922203958068080532e-03
-1.924443501613248841e-03
-1.926683324488753790e-03
-1.928923446674501996e-03
-1.930043526941149779e-03
