5.091318913337615770e-01
5.090727165904984641e-01
5.090286477063572512e-01
5.089998951062405519e-01
5.089847925583695920e-01
5.089818963107802796e-01
5.089875971708170965e-01
5.089945444854201417e-01
5.089786354909796584e-01
5.089114164275594376e-01
5.088166494222339242e-01
5.087093536723403808e-01
5.085930470809801873e-01
5.084726334734430697e-01
5.083669578600270578e-01
5.082664722377816524e-01
5.080717954532468772e-01
5.079312706420804346e-01
5.078143578644562783e-01
5.077214202285456057e-01
5.076260934576266592e-01
5.074993135649664699e-01
5.073897555811616167e-01
5.072911431874412846e-01
5.071916919648632449e-01
5.070891159264240278e-01
5.069885871327267646e-01
5.068963110709533426e-01
5.068032525379672082e-01
5.067201060267622070e-01
5.066426043517188171e-01
5.065711414921361122e-01
5.065075763546691423e-01
5.064551114305496649e-01
5.064230928069842763e-01
5.064467568240728079e-01
5.064675110726999385e-01
5.062901510527425541e-01
5.061532221319107183e-01
5.060550121842594118e-01
5.059745532928456857e-01
5.058970442242696208e-01
5.058189824018273217e-01
5.057404487968554241e-01
5.056504743194845108e-01
5.055566675741381966e-01
5.054721600450062802e-01
5.054047053972137160e-01
5.053163470467176843e-01
5.052408445423896000e-01
5.051885435321270545e-01
5.051612733624525342e-01
5.051479196671836425e-01
5.050960689033463513e-01
5.049723800256875617e-01
5.048079389721943366e-01
5.046536793004956500e-01
5.045272989688309728e-01
5.044291123626004625e-01
5.043546953668980315e-01
5.042970308821487224e-01
5.042481438297031771e-01
5.042235033384092624e-01
5.047513672596707357e-01
5.039652542723612738e-01
5.037516403392546804e-01
5.035906109022328936e-01
5.034517840842150926e-01
5.033303622971699864e-01
5.032299250495021470e-01
5.031711274531661671e-01
5.033891525207426776e-01
5.029784446514555807e-01
5.027804456020260604e-01
5.026199232055962307e-01
5.024815505982694885e-01
5.023588265609546522e-01
5.022480358478540463e-01
5.021488182787582355e-01
5.020631263570393132e-01
5.019952041227635497e-01
5.019450886409100310e-01
5.018761428235469779e-01
5.017590085910754727e-01
5.016565578822307359e-01
5.015660779067899755e-01
5.014811524825373290e-01
5.013982705023656283e-01
5.013169078631120046e-01
5.012315968164440250e-01
5.011418552541307969e-01
5.010672266575152412e-01
5.009953849701045403e-01
5.007996450616741813e-01
5.006679166735266140e-01
5.005523920122546544e-01
5.004440798925205991e-01
5.003424227589653439e-01
5.002545421484555499e-01
5.001908627701063814e-01
5.001686352509550071e-01
5.002350916999992458e-01
5.004642240693217836e-01
5.001980156072106665e-01
4.998594657677388198e-01
4.996531276282946132e-01
4.994718360433749171e-01
4.993304081694428520e-01
4.992091955424977634e-01
4.991021723269975507e-01
4.990073255846061429e-01
4.989264886212582129e-01
4.988649572829726986e-01
4.988321024828554218e-01
4.988314638735249495e-01
4.988571552813041432e-01
4.988381894846732889e-01
4.986931230591070685e-01
4.985363450006168873e-01
4.984232202078207052e-01
4.983679667365747412e-01
4.984442310292184763e-01
4.986718113240408701e-01
4.981447695968755918e-01
4.980046491063393477e-01
4.979129776829533394e-01
4.978360354844891811e-01
4.977644792007326346e-01
4.976953558732863381e-01
4.976272000991204258e-01
4.975618520894297125e-01
4.974973930337333039e-01
4.974368679075954480e-01
4.973801499670989501e-01
4.973299962134231089e-01
4.972898430581396689e-01
4.972605924275886879e-01
4.972292751548775258e-01
4.971683460343647720e-01
4.970674169314555080e-01
4.969415051705232123e-01
4.968151607710103446e-01
4.967002424678186867e-01
4.965988824423075432e-01
4.965075317052564108e-01
4.964175381850815527e-01
4.963336435577461736e-01
4.962574539410216090e-01
4.961844495746350892e-01
4.961054985202938972e-01
4.960086916004295965e-01
4.958796930096888711e-01
4.957098483653287202e-01
4.955195940172904545e-01
4.953256510374319799e-01
4.951371250929257894e-01
4.949575785090036262e-01
4.947866695129150005e-01
4.946236384230939809e-01
4.944692852884126633e-01
4.943235038469704912e-01
4.941911660114021720e-01
4.940706899882008618e-01
4.939652474507599256e-01
4.938767838108115149e-01
4.937893781098028345e-01
4.936759450328523924e-01
4.935493032846588468e-01
4.934333126986595874e-01
4.933013418574804243e-01
4.931219788825539352e-01
4.929296922518968671e-01
4.927533270008190303e-01
4.925952415328076484e-01
4.924518622054586681e-01
4.923202437605318504e-01
4.921984508635118827e-01
4.920851988452942249e-01
4.919796727711556739e-01
4.918812620656871082e-01
4.917892778205932847e-01
4.917028748436123031e-01
4.916211211225673949e-01
4.915433756433191803e-01
4.914694930880187385e-01
4.913988099179099067e-01
4.913327957897661857e-01
4.912684740018317675e-01
4.912062544581360379e-01
4.911466966832134240e-01
4.910877256748922837e-01
4.910317136717085029e-01
4.909775190412542512e-01
4.909256518785801715e-01
4.908749763118683274e-01
4.908203306996403725e-01
4.907602041719781871e-01
4.906978725620830817e-01
4.906336966596529514e-01
4.905682370332202780e-01
4.905017232459605858e-01
4.904334872399797041e-01
4.903659904890237398e-01
4.903022911543928886e-01
4.902377406435834972e-01
4.901618566621288586e-01
4.900692404447770656e-01
4.899653343939770478e-01
4.898585652551772363e-01
4.897536541703707003e-01
4.896526419974532307e-01
4.895593239169982458e-01
4.894773889027329572e-01
4.894068437766487811e-01
4.893522446558436489e-01
4.893218221842810522e-01
4.893271424407567016e-01
4.893011495241433861e-01
4.892065878372399146e-01
4.891445426831295684e-01
4.891113667180571611e-01
4.890970589825676118e-01
4.890972006238505920e-01
4.891094827116208577e-01
4.891312835559052941e-01
4.891604834253091560e-01
4.891919857462805887e-01
4.892214093781842021e-01
4.892421304663056025e-01
4.892504979163069256e-01
4.892445243077925277e-01
4.892259296190096807e-01
4.892002869738169557e-01
4.891776199262395375e-01
4.891763420044391575e-01
4.892283656178811335e-01
4.893952437182325088e-01
4.897864438106780405e-01
4.904783054773262374e-01
4.907029309479536416e-01
4.897338697111834893e-01
4.888173111037769636e-01
4.882065551720894403e-01
4.877788237212606348e-01
4.874720670884244988e-01
4.871808484151517460e-01
4.869113942709052956e-01
4.866821712939744526e-01
4.864682810955648362e-01
4.862762857028566366e-01
4.861109933001405148e-01
4.859689679334293078e-01
4.858421719254312210e-01
4.857234526158679122e-01
4.856090121513366720e-01
4.855268625845405306e-01
4.853973756876588386e-01
4.852698313928270335e-01
4.851619725029044372e-01
4.850626740884455557e-01
4.849707743891458200e-01
4.848871102491243978e-01
4.848153370204388857e-01
4.847531920626401147e-01
4.846969156425390834e-01
4.846393283709747868e-01
4.845786373354668553e-01
4.845192853722614656e-01
4.844637349832586204e-01
4.844096970113932477e-01
4.843547349383096057e-01
4.842929480653277441e-01
4.842236873554137122e-01
4.841433561098321126e-01
4.840551416728658407e-01
4.839574798617858331e-01
4.838558445746545811e-01
4.837490111280464689e-01
4.836426066868499962e-01
4.835347623072009382e-01
4.834246857779551099e-01
4.833123240127472076e-01
4.831962376204125831e-01
4.830782317162075623e-01
4.829595757817295998e-01
4.828363875870589350e-01
4.827117324065514081e-01
4.825935007525401499e-01
4.824841980260969332e-01
4.823854177287849598e-01
4.822991580060036476e-01
4.822274196983267758e-01
4.821499211422226594e-01
4.820355802902343556e-01
4.819218565187846637e-01
4.818270035393556472e-01
4.817526597979324143e-01
4.817073890007776416e-01
4.816995044481351407e-01
4.816092686237004039e-01
4.815029781980176837e-01
4.814427872456431556e-01
4.814095378849280182e-01
4.813654427047905360e-01
4.812690604539183736e-01
4.811445351226581457e-01
4.810283080819097168e-01
4.809273548378730778e-01
4.808387926306673665e-01
4.807597311025076370e-01
4.806881638520885125e-01
4.806220785681930563e-01
4.805588097233958744e-01
4.804959870716038473e-01
4.804322389619041234e-01
4.803658260336947095e-01
4.802966326183595869e-01
4.802195852463155279e-01
4.801351512808739730e-01
4.800398897551614308e-01
4.799388322277015062e-01
4.798317458398883018e-01
4.797258770128539074e-01
4.796215805456670589e-01
4.795223628199670740e-01
4.794303884035575058e-01
4.793469779090698268e-01
4.792734605948089088e-01
4.792079484430843417e-01
4.791390855861052400e-01
4.790487094008599178e-01
4.789370802490863221e-01
4.788207702759192941e-01
4.787120864193362135e-01
4.786134582357626788e-01
4.785164067419991896e-01
4.784209301240180401e-01
4.783354600379814969e-01
4.782666081398860847e-01
4.781743644758936762e-01
4.780684261504216659e-01
4.779820945427390444e-01
4.779092698631793867e-01
4.778474044326523895e-01
4.777956280914900100e-01
4.777553730479717764e-01
4.777256584907139114e-01
4.777080150220833765e-01
4.777022525060179436e-01
4.777084260394748871e-01
4.777250624706133597e-01
4.777472541881248036e-01
4.777668002924552737e-01
4.777765829497810368e-01
4.777786656824450917e-01
4.776742427167712801e-01
4.775521858129260222e-01
4.774460118719537904e-01
4.773560690563593001e-01
4.772875456128325422e-01
4.772353715947431074e-01
4.771378364964504182e-01
4.769855915479071506e-01
4.768424478279421619e-01
4.767182290622331564e-01
4.766083161426389880e-01
4.765103131354148647e-01
4.764226479985795293e-01
4.763443540344556859e-01
4.762770606159958953e-01
4.762243564840045185e-01
4.761905935194157835e-01
4.761812771232219466e-01
4.761990433403084366e-01
4.761902653441659194e-01
4.760768749207135442e-01
4.759729332283785808e-01
4.759011179590142415e-01
4.758470347923792199e-01
4.758055368640707883e-01
4.757780020464553727e-01
4.757742429315410804e-01
4.758837130362641998e-01
4.760328596578153326e-01
4.756200922977565360e-01
4.754927413137675640e-01
4.754098165523156228e-01
4.753481200205041390e-01
4.752954056818775586e-01
4.752570322112222301e-01
4.752384577518912745e-01
4.752373673884404681e-01
4.752389342290605501e-01
4.752115050848507161e-01
4.751363002193459972e-01
4.750182829715853261e-01
4.748774983846569819e-01
4.747394241670062076e-01
4.746140164960734320e-01
4.745037498061234760e-01
4.744040066069679651e-01
4.742990809265090202e-01
4.741838585919026516e-01
4.740724187137146939e-01
4.739674625948605557e-01
4.738677660489561405e-01
4.737717557019000547e-01
4.736779400825043007e-01
4.735867272341013900e-01
4.734999655797832996e-01
4.734188609899587785e-01
4.733441362678013076e-01
4.732747525938580946e-01
4.732079249111451613e-01
4.731473771575969156e-01
4.730936107582329742e-01
4.730453068379180115e-01
4.729998722210039253e-01
4.729582967382351955e-01
4.729211922674526059e-01
4.728874480389637092e-01
4.728567487687733162e-01
4.728278083533816734e-01
4.728009158417174618e-01
4.727750524232056661e-01
4.727512082534602866e-01
4.727284626613379448e-01
4.727057474765214984e-01
4.726813043425430183e-01
4.726552973158471560e-01
4.726301317042672645e-01
4.726092197518647064e-01
4.725939502648560664e-01
4.725860685244319681e-01
4.725861395149819066e-01
4.725896817112330561e-01
4.725863973769705573e-01
4.725802000735712105e-01
4.725817927925379247e-01
4.725936372432725241e-01
4.726148068925497547e-01
4.726439466398406064e-01
4.726795202811173158e-01
4.727173547982663759e-01
4.727508265342013072e-01
4.727686924296523596e-01
4.727610986810171778e-01
4.727293354910753198e-01
4.726822914398111641e-01
4.726283518278706075e-01
4.725737306002253391e-01
4.725227664109693526e-01
4.724782251032360603e-01
4.724417362099229134e-01
4.724143904291890350e-01
4.723969189897284648e-01
4.723892745395689152e-01
4.723909997460783994e-01
4.724017416033325922e-01
4.724220634655234563e-01
4.724512023734327992e-01
4.724880737326316305e-01
4.725249049770730569e-01
4.725480056726588662e-01
4.725565532203411245e-01
4.725635484683463616e-01
4.725758641220384471e-01
4.725930127976283868e-01
4.726152500640751764e-01
4.726444508418553014e-01
4.726842020152079993e-01
4.727353877611987776e-01
4.727883628292749441e-01
4.728422124234953894e-01
4.729139801780578023e-01
4.730188539133244330e-01
4.731934368496546472e-01
4.732715700795243619e-01
4.733146248874949280e-01
4.734538142288412521e-01
4.737507070253758612e-01
4.742456059792661827e-01
4.741880915109045747e-01
4.739231293407204504e-01
4.739027760279015400e-01
4.739618603478231162e-01
4.740642371755017792e-01
4.741964652450156859e-01
4.743606783313641384e-01
4.745536645843810852e-01
4.747794373589639405e-01
4.750439932008904131e-01
4.753613262878564893e-01
4.757653703488108343e-01
4.763415262352327928e-01
4.773402954152813349e-01
4.790040340337642921e-01
4.782939713981975705e-01
4.779755476958255644e-01
4.784303165568926097e-01
4.796361610630001104e-01
4.823682759822889854e-01
5.029947779347582193e-01
4.837510891448650319e-01
4.798902221188776629e-01
4.784182528152912117e-01
4.776387063802536304e-01
4.771360850504595130e-01
4.767101886720385706e-01
4.763374908591120893e-01
4.760383290160024594e-01
4.758005962617056217e-01
4.756144550282854766e-01
4.754621890172943677e-01
4.753404062994338597e-01
4.752406674243581097e-01
4.751542432598412358e-01
4.750712895586551854e-01
4.749874933196944204e-01
4.749062610212462787e-01
4.748313923751801280e-01
4.747665623159080805e-01
4.747100321301352399e-01
4.746647340372722179e-01
4.746312574524256256e-01
4.746121424907894237e-01
4.746089557837384065e-01
4.746233010606539793e-01
4.746586722625946719e-01
4.747227577152814959e-01
4.748373509462223141e-01
4.750992174611210483e-01
4.776691657086428178e-01
4.752424643329959397e-01
4.749776060874700834e-01
4.749050907929367460e-01
4.748890756016273529e-01
4.749006095506554948e-01
4.749289775693148474e-01
4.749694667488452149e-01
4.750194505409756629e-01
4.750767183199712251e-01
4.751404458243362328e-01
4.752123717415720483e-01
4.752932422703675663e-01
4.753807383339493930e-01
4.754698422185497653e-01
4.755560489901787813e-01
4.756417929354730401e-01
4.757354232503217539e-01
4.758452851286880114e-01
4.759713774542546072e-01
4.761079400467690403e-01
4.762796791410906505e-01
4.765100777121176190e-01
4.767153140714137649e-01
4.767253315764782839e-01
4.766582393382156613e-01
4.766492132997926512e-01
4.767079375589458601e-01
4.767920177504057500e-01
4.768345872463866097e-01
4.768769114835985645e-01
4.769480678481660130e-01
4.770431908722557179e-01
4.771560308605392597e-01
4.772809542157471774e-01
4.774106823954024081e-01
4.775394529243656705e-01
4.776689139970163867e-01
4.778051656861787566e-01
4.779463072290514036e-01
4.780939471658204321e-01
4.782416221619469887e-01
4.783810736520248685e-01
4.785040229345460250e-01
4.786066644223218036e-01
4.786917344660084894e-01
4.787673157204399566e-01
4.788424633290557231e-01
4.789240224381424160e-01
4.790147363413314041e-01
4.791123242900352519e-01
4.792212817165331651e-01
4.793403741020685893e-01
4.794691469388711047e-01
4.796064081140414270e-01
4.797517537112601094e-01
4.799059495711789913e-01
4.800706452562495952e-01
4.802486525364873526e-01
4.804565895389930064e-01
4.807518274622276655e-01
4.808509926979152027e-01
4.810227936503726487e-01
4.812401956830365535e-01
4.814899876995068495e-01
4.817731627285273266e-01
4.820921741863637422e-01
4.824474264839608284e-01
4.828472902204923312e-01
4.833198045458310110e-01
4.839738187367777500e-01
4.851651585310730597e-01
4.860852931744296113e-01
4.847441346749408186e-01
4.839672230864549562e-01
4.836262009956499019e-01
4.834732754923042330e-01
4.834147796519645546e-01
4.834106451053489795e-01
4.834394050974675228e-01
4.834893078652132692e-01
4.835504830882034200e-01
4.836194048731565776e-01
4.836899712820347252e-01
4.837616733618465559e-01
4.838328246596460547e-01
4.839034434094830472e-01
4.839742411466529393e-01
4.840443393270507100e-01
4.841040227105173899e-01
4.841493817947022382e-01
4.841874525719208067e-01
4.842283883897269825e-01
4.842772917706347213e-01
4.843355126797800891e-01
4.844006172377975927e-01
4.844731179508405816e-01
4.845527355826795834e-01
4.846380510347538251e-01
4.847267530979736394e-01
4.848150986328165768e-01
4.849091151298101088e-01
4.850151513369316270e-01
4.851370451821667706e-01
4.852729322994099315e-01
4.854280466285634255e-01
4.855964164836745200e-01
4.857829363140764301e-01
4.859807101049815059e-01
4.861947940977020544e-01
4.864224518375547812e-01
4.866594385904127185e-01
4.868965793895234651e-01
4.871197597899900589e-01
4.873007808465624757e-01
4.874209487920578843e-01
4.874607714925849322e-01
4.874254064883262183e-01
4.873365639629964052e-01
4.872159715078844822e-01
4.870828238203329663e-01
4.869497024881211389e-01
4.868198199583684826e-01
4.867053777254250480e-01
4.866081784183190484e-01
4.865337846756781492e-01
4.864795918148122622e-01
4.864441399162406365e-01
4.864266179872037132e-01
4.864223151760678765e-01
4.864187698192145581e-01
4.864270596351269460e-01
4.864465820813081431e-01
4.864760510083542266e-01
4.865151380129039693e-01
4.865636762232051216e-01
4.866213836466072307e-01
4.866877434743391850e-01
4.867623449702412897e-01
4.868450503298995535e-01
4.869361826472819454e-01
4.870317670013665778e-01
4.871322530393295547e-01
4.872299985944890666e-01
4.873232615750117125e-01
4.874054971612701292e-01
4.874731142001847428e-01
4.875293290020317749e-01
4.875758017583521342e-01
4.876190282621160610e-01
4.876618972338985225e-01
4.877092603792027026e-01
4.877616604156242985e-01
4.878223747927596943e-01
4.878902984002911336e-01
4.879686569591005219e-01
4.880555757908019987e-01
4.881541602839241101e-01
4.882648825854877250e-01
4.883894606313668452e-01
4.885313395812085902e-01
4.887017432381050575e-01
4.889321387106094763e-01
4.891918092981010213e-01
4.891207934677398450e-01
4.890819679182560331e-01
4.890957845831184758e-01
4.891343343869508087e-01
4.891887946924903252e-01
4.892570410308557660e-01
4.893374861203694803e-01
4.894277541709844415e-01
4.895252562948533281e-01
4.896295788435400254e-01
4.897425337604111584e-01
4.898654514819114625e-01
4.899980126598980634e-01
4.901379890971431230e-01
4.902826933409095145e-01
4.904310811210643162e-01
4.905857558222972425e-01
4.907510660947267400e-01
4.909338277122524130e-01
4.911491951307009329e-01
4.913201803500332754e-01
4.915102454386373609e-01
4.917438674296504275e-01
4.920310425065562154e-01
4.924165286797859697e-01
4.930673048263888303e-01
4.957558771024765387e-01
4.942983055794106240e-01
4.934813452623821872e-01
4.933936196520956607e-01
4.934703512591541164e-01
4.936202800872038221e-01
4.938594209350029018e-01
4.940655747903004991e-01
4.941277941660838224e-01
4.942566302448675453e-01
4.943911447438545381e-01
4.945253958754339263e-01
4.946624516159354723e-01
4.948083829726468985e-01
4.949781626044838512e-01
4.951690082209526111e-01
4.954081443130213258e-01
4.957322792445226223e-01
4.962344223316276781e-01
4.965172737734163122e-01
4.966001190232858797e-01
4.968935379827111865e-01
4.973668334115585732e-01
4.980720352965848363e-01
4.991115828826715450e-01
5.028926025183892978e-01
4.992785422246756588e-01
4.988529205224462304e-01
4.988162428398350556e-01
4.988903905827048457e-01
4.990155608802868681e-01
4.991697202471052641e-01
4.993535228303558338e-01
4.996042830621190145e-01
4.997394995037812704e-01
4.999360970180743435e-01
5.001512204312402732e-01
5.003777864080379834e-01
5.006076168332667109e-01
5.008130218600825856e-01
5.009726868702102376e-01
5.011173588505515308e-01
5.012623886522148409e-01
5.014107874632770523e-01
5.015626355622727628e-01
5.017126458208799322e-01
5.018584911901071699e-01
5.020097581438748291e-01
5.021707046214901604e-01
5.023476406548279538e-01
5.025381057388037531e-01
5.027492458527960117e-01
5.029818081431499666e-01
5.032435593519072325e-01
5.035434633407146476e-01
5.039102804246829992e-01
5.043609235598951468e-01
5.045923333447429604e-01
5.046925401737181183e-01
5.048715078354087948e-01
5.050975452431318846e-01
5.053560737387470247e-01
5.056446712652094000e-01
5.059658100102601974e-01
5.063136847653245676e-01
5.066310741198953860e-01
5.068847026685727730e-01
5.071347776856375278e-01
5.073939040574154680e-01
5.076540311442947484e-01
5.079157717426115992e-01
5.081779156654547824e-01
5.084473113657891341e-01
5.087275927016269295e-01
5.090224958938277533e-01
5.093227182047039836e-01
5.096317497563481735e-01
5.099404134890789253e-01
5.102426660434700167e-01
5.105359846576910110e-01
5.108230381595338931e-01
5.111104616204379392e-01
5.114054363346635101e-01
5.117136843310913230e-01
5.120386712536416640e-01
5.123823932997042530e-01
5.127536756221233727e-01
5.131374988343263555e-01
5.133936815582970103e-01
5.136582902369128956e-01
5.139175430624945973e-01
5.141626927097645572e-01
5.143873488741012023e-01
5.145934231122025748e-01
5.147863815484216010e-01
5.149781112457304522e-01
5.151740378560982769e-01
5.153728834972325368e-01
5.155722965407657510e-01
5.157711162007317940e-01
5.159670554383378738e-01
5.161558561396056843e-01
5.163272087215133865e-01
5.164792396677642117e-01
5.166067646441149241e-01
5.166930714476251074e-01
5.167093740741229846e-01
5.166975447847530489e-01
5.167011017320171096e-01
5.167334097865148301e-01
5.167996019200163937e-01
5.169053911532112133e-01
5.170541983247723961e-01
5.172599094054143309e-01
5.175355543491937382e-01
5.178867518676977255e-01
5.182665036789019242e-01
5.185332845105117272e-01
5.185244410336714571e-01
5.183404967460875090e-01
5.181603298325651030e-01
5.180345274400725009e-01
5.179491736240224853e-01
5.178817350194043767e-01
5.178191248278545267e-01
5.177562903666337313e-01
5.176925343116742795e-01
5.176315543415767051e-01
5.175754726086079227e-01
5.175202193892628477e-01
5.174495363257404223e-01
5.173619034617956691e-01
5.172778454130283476e-01
5.172113489365409711e-01
5.171646671368747006e-01
5.171386122685045494e-01
5.171338765409166927e-01
5.171546617987398120e-01
5.172064116939275591e-01
5.172914733009439381e-01
5.173768861650377415e-01
5.174181536183690699e-01
5.174559396211713125e-01
5.174836423049883338e-01
5.174824405374313097e-01
5.174699479296887006e-01
5.174447066522731564e-01
5.174289675858693149e-01
5.174529554497161454e-01
5.175191559236553829e-01
5.176272192861512966e-01
5.177785977236500914e-01
5.179790715377882160e-01
5.182516943630983697e-01
5.186595870006176501e-01
5.193459396302465558e-01
5.212187408790641685e-01
5.197850030373084573e-01
5.187538320872419062e-01
5.183626348363572500e-01
5.181571234825377292e-01
5.180384759688789753e-01
5.179725405977116948e-01
5.179443977536656307e-01
5.179399768964327855e-01
5.179541768689430725e-01
5.179813871470425601e-01
5.179951012950050337e-01
5.179633341183910167e-01
5.178901810961252794e-01
5.178005071505498158e-01
5.177086622265921756e-01
5.176212915956094340e-01
5.175434366605863312e-01
5.174781698883951231e-01
5.174188395569190302e-01
5.173609962816639873e-01
5.173207403207293886e-01
5.172953785405034477e-01
5.172806737387328768e-01
5.172921835838925064e-01
5.173398434343606800e-01
5.174373594639498641e-01
5.176167864725386147e-01
5.179445382071822257e-01
5.184502096544498784e-01
5.185218237365512017e-01
5.181067373174189639e-01
5.178640933861876627e-01
5.177821700260930582e-01
5.177853111329000502e-01
5.178044830720766045e-01
5.177961863075146720e-01
5.177439645244411581e-01
5.176750064054014278e-01
5.176482494767024045e-01
5.176623376217517336e-01
5.177168459938729095e-01
5.178157521710705646e-01
5.179720167457758651e-01
5.182127079730789454e-01
5.185952037806274006e-01
5.192701674908580811e-01
5.208536282617606261e-01
5.283782703639118283e-01
5.222099982409795782e-01
5.197960724684063116e-01
5.189820012493731038e-01
5.185840745818973696e-01
5.184025451531873996e-01
5.184716943533523859e-01
5.194012588404078867e-01
5.183274884400348448e-01
5.179980191276933876e-01
5.178407730574685619e-01
5.177279851091667329e-01
5.176540719373574628e-01
5.175495751013897694e-01
5.175046019050369983e-01
5.175551804653771848e-01
5.177652869626854226e-01
5.183749360283317342e-01
5.201693419978128397e-01
5.185434721547628190e-01
5.178801342721827128e-01
5.177550271840927198e-01
5.178438197540835564e-01
5.179003725377795408e-01
5.176855461294037619e-01
5.173807984843221686e-01
5.171296092543782308e-01
5.169290608692812539e-01
5.167637818832433450e-01
5.166302503493119813e-01
5.165305778213240551e-01
5.164606887642403388e-01
5.164170605606090980e-01
5.163973296438592042e-01
5.164005235230885171e-01
5.164276512886034620e-01
5.164833136926617607e-01
5.165736176080275577e-01
5.167011757408330741e-01
5.168828000846122928e-01
5.171973190196661463e-01
5.178202281668574658e-01
5.185265649374537489e-01
5.179210700157810265e-01
5.173913232224270908e-01
5.171627370125440049e-01
5.171482470744388493e-01
5.172880861949534781e-01
5.172813972920676795e-01
5.176781997201125307e-01
5.183811956940600485e-01
5.173893402024811738e-01
5.170435974887995778e-01
5.168880147085876953e-01
5.168008601136090396e-01
5.167615883317233649e-01
5.167615847883081370e-01
5.167793942071620128e-01
5.168052824103618326e-01
5.168658101881850042e-01
5.169933052457665879e-01
5.171933230051254382e-01
5.171137978322465356e-01
5.170423724516617359e-01
5.170212023335702956e-01
5.170083038073941539e-01
5.169971019469569162e-01
5.169956588156080501e-01
5.170127708253489107e-01
5.170482719291162876e-01
5.170839626750328710e-01
5.171158105751708645e-01
5.171579008551772105e-01
5.172147099544512905e-01
5.172776323108195795e-01
5.173275584919919678e-01
5.173890459428543975e-01
5.174539310766396172e-01
5.175283374227797051e-01
5.175724816997469002e-01
5.175735103800634951e-01
5.175782142950768883e-01
5.175674294790163499e-01
5.175373818417076111e-01
5.174765379604228110e-01
5.173554605139095708e-01
5.171756601610449922e-01
5.169772766301971023e-01
5.167819477384825166e-01
5.165925695451231148e-01
5.164141351555654458e-01
5.162400070086878845e-01
5.160759569835335903e-01
5.159176944411673071e-01
5.157671901254955449e-01
5.156237049481690038e-01
5.154828852573117848e-01
5.153474515179805593e-01
5.152207767263330407e-01
5.151016222103865783e-01
5.149911475457940035e-01
5.148871869496279841e-01
5.147886888407173789e-01
5.146950528183554807e-01
5.146063907127845782e-01
5.145237543840844863e-01
5.144489172145839673e-01
5.143790855061888267e-01
5.143121304356508272e-01
5.142524411593767386e-01
5.141975734591728298e-01
5.141440345924256361e-01
5.140924749425235252e-01
5.140437533530325398e-01
5.139967667031181131e-01
5.139511114087107480e-01
5.139036764076919672e-01
5.138569823300279671e-01
5.138134278133912325e-01
5.137764876088779520e-01
5.137458008915781749e-01
5.137180642645305939e-01
5.136887618791500243e-01
5.136471184872639650e-01
5.135810700875371726e-01
5.135095502278136381e-01
5.134449723231122586e-01
5.133962202458536295e-01
5.133693134426722260e-01
5.133654480289371325e-01
5.133780471113554844e-01
5.133977400164752014e-01
5.134241842899061048e-01
5.134139206085492901e-01
5.133123203881611030e-01
5.131837135152085283e-01
5.131053623177698197e-01
5.129268912743122355e-01
5.128255279336906280e-01
5.127558656759387823e-01
5.127081504292342329e-01
5.126789318534484829e-01
5.126639083310136069e-01
5.126519468770168730e-01
5.126316961521379945e-01
5.126137117346056815e-01
5.126196697324132412e-01
5.126878338537891322e-01
5.126161728819882413e-01
5.125635546179337920e-01
5.125227417203700453e-01
5.124774962700098246e-01
5.124276187911419589e-01
5.123759977885824490e-01
5.123245973839202216e-01
5.122763385259849755e-01
5.122313069975545918e-01
5.121916393041243687e-01
5.121601260487659291e-01
5.121382618140907228e-01
5.121204108397823251e-01
5.121145830661359977e-01
5.121098528830896335e-01
5.120792775939733144e-01
5.120201645195157081e-01
5.119416996739425407e-01
5.118585618458635356e-01
5.117820895629253686e-01
5.117169592167697401e-01
5.116638849668518896e-01
5.116230344577634703e-01
5.115922597416221462e-01
5.115697562367786944e-01
5.115539596646992981e-01
5.115435850341935042e-01
5.115370640108509726e-01
5.115323345927884624e-01
5.115272993761413867e-01
5.115203775499153060e-01
5.115119683666163874e-01
5.115043765822490096e-01
5.114996428219051872e-01
5.114985866476526866e-01
5.115011116908636524e-01
5.115064249946077446e-01
5.115134907807490361e-01
5.115218375930495887e-01
5.115324204148278264e-01
5.115472058422994017e-01
5.115692370158332336e-01
5.115998026846827473e-01
5.116370079725857112e-01
5.116762335089977132e-01
5.117147559650758737e-01
5.117561983373574153e-01
5.118037646730698720e-01
5.118591355540991206e-01
5.119204680616521452e-01
5.119885682119976744e-01
5.120593161495605727e-01
5.121336694024594127e-01
5.122086054002540356e-01
5.122877038705129227e-01
5.123703812551188008e-01
5.124625585088042889e-01
5.125646730919556360e-01
5.126841123937391220e-01
5.128276544239006585e-01
5.130072745471604412e-01
5.132301126792366830e-01
5.134325742257820346e-01
5.134846108323321001e-01
5.134787425338374067e-01
5.135197080498944411e-01
5.136128524625280800e-01
5.137413064998782586e-01
5.138682136744613382e-01
5.139665098998762449e-01
5.140552487972496198e-01
5.141557466281866384e-01
5.142759915624196543e-01
5.144189621050864192e-01
5.145872540793909877e-01
5.147869258672957971e-01
5.150051659801534454e-01
5.151876696414746659e-01
5.153403414946332584e-01
5.154870808887695999e-01
5.156385821149338522e-01
5.157957651713167557e-01
5.159531002620528772e-01
5.161029657635645140e-01
5.162325442676234388e-01
5.163386021874674103e-01
5.164126285872630007e-01
5.164559147670548800e-01
5.164694560051614758e-01
5.164604197133985108e-01
5.164383535660634905e-01
5.164128498045909010e-01
5.163988029235498933e-01
5.164302373066036456e-01
5.166119552439444318e-01
5.186803026571000785e-01
5.166504940833327453e-01
5.163650819926616231e-01
5.162949116139377015e-01
5.163071190787131837e-01
5.163794453719949828e-01
5.165078322909987252e-01
5.167022424048753892e-01
5.169698570062464249e-01
5.172874991765156194e-01
5.175328106374782466e-01
5.175906951313423709e-01
5.175812978065597036e-01
5.176402765540945028e-01
5.178007312019936581e-01
5.180641558197486285e-01
5.184151504990766046e-01
5.188151240827901800e-01
5.190832607480446725e-01
5.189775309247081081e-01
5.185633936264578692e-01
5.180904686556019323e-01
5.176738322447478335e-01
5.173198596531600746e-01
5.170061178292726378e-01
5.167168388265924728e-01
5.164571876622843227e-01
5.162366904487812880e-01
5.160585475187263738e-01
5.159226377427901244e-01
5.158282271517832251e-01
5.157748451725285843e-01
5.157626814572046081e-01
5.157923072742643944e-01
5.158666581013272578e-01
5.159933406096706143e-01
5.161790040983265104e-01
5.163905696251438471e-01
5.165853176399317626e-01
5.169213784358255293e-01
5.175175551943488328e-01
5.175897739249269991e-01
5.169819813739374714e-01
5.166039459522888677e-01
5.164022293139162167e-01
5.162717642181193778e-01
5.161718758383700978e-01
5.160728690248307382e-01
5.159383980562466387e-01
5.157935579626172773e-01
5.156766007741810931e-01
5.155966141636418865e-01
5.155492950681554998e-01
5.155284755882411085e-01
5.155288881070810847e-01
5.155464828853735249e-01
5.155780415023707430e-01
5.156211715044571875e-01
5.156717022036653164e-01
5.157281653194433213e-01
5.157857455699202953e-01
5.158441644179559971e-01
5.159026076637205360e-01
5.159618119855856611e-01
5.160229706184851217e-01
5.160871652343791416e-01
5.161556653227170610e-01
5.162274978791787650e-01
5.163031558804855869e-01
5.163825861489469427e-01
5.164662260934499427e-01
5.165510987236046070e-01
5.166390916860204019e-01
5.167261683615859136e-01
5.168150820104236987e-01
5.169037208621103385e-01
5.169972502136033210e-01
5.170947058076333924e-01
5.172003983071293831e-01
5.173147248331023684e-01
5.174387287441535310e-01
5.175734859108813701e-01
5.177199562882845996e-01
5.178789435893738080e-01
5.180519751293657382e-01
5.182431350472895826e-01
5.184600325365843476e-01
5.187166366806701401e-01
5.190420853518017408e-01
5.195084756493555389e-01
5.202431231741072581e-01
5.209334137994274805e-01
5.204608444035898618e-01
5.200632278177387269e-01
5.199642582077120823e-01
5.200957099559010421e-01
5.206543926281179679e-01
5.204567123067008749e-01
5.201083513537332337e-01
5.200368821724440371e-01
5.200570281484323543e-01
5.201199580893909324e-01
5.202074469909853116e-01
5.203101250327777372e-01
5.204286335713942391e-01
5.205656781338650063e-01
5.207247800132234206e-01
5.209064277809024590e-01
5.210954206469227135e-01
5.213000151192470621e-01
5.215567156851032005e-01
5.218961529223244966e-01
5.223765865876820458e-01
5.231351661474972214e-01
5.247271061582716722e-01
5.349182191409905807e-01
5.265679270537509948e-01
5.242131595413420664e-01
5.235085799680856411e-01
5.231878332548520749e-01
5.230217596531920865e-01
5.229626445322376194e-01
5.229773599792728600e-01
5.230427928799307180e-01
5.231451447567321278e-01
5.232776469612091530e-01
5.234369929506005326e-01
5.236208243291419206e-01
5.238261561167092406e-01
5.240475496001326672e-01
5.242802836211803985e-01
5.245250883968520794e-01
5.247860183656244404e-01
5.250664033037503176e-01
5.253693902577870611e-01
5.256915822266184923e-01
5.260259237053866999e-01
5.263779960335890351e-01
5.267417803071551274e-01
5.271076590552611352e-01
5.274765598217248108e-01
5.278525312913634471e-01
5.282416302716130829e-01
5.286724114041059241e-01
5.293340512239116391e-01
5.299297593080953828e-01
5.294468929731978024e-01
5.294017122874152825e-01
5.293981618550956947e-01
5.293766733329710039e-01
5.293292805480196428e-01
5.292571180344561865e-01
5.291603855168310888e-01
5.290141700278410131e-01
5.288511832392092105e-01
5.286820926830118061e-01
5.285071198186662711e-01
5.283298362530556291e-01
5.281517727188673739e-01
5.279694004705099974e-01
5.278028740925601037e-01
5.276540292255926801e-01
5.275178906109039279e-01
5.273885846365371499e-01
5.272674472048036742e-01
5.271525883218931563e-01
5.270458607802238626e-01
5.269575157098057572e-01
5.268914281403702660e-01
5.268344588983679966e-01
5.267634439275098446e-01
5.266934756049456157e-01
5.266529464187942322e-01
5.266132792385223027e-01
5.265961541873660501e-01
5.266374981065439220e-01
5.267510403908275407e-01
5.269772488985662307e-01
5.274404433849156915e-01
5.284772354354122514e-01
5.286501790051812977e-01
5.275677178895271657e-01
5.270781007891582881e-01
5.268523962476174827e-01
5.267373762113590763e-01
5.266788019831911694e-01
5.266499156183684915e-01
5.266353638716491092e-01
5.266294131678200818e-01
5.266321176680378580e-01
5.266443958128275149e-01
5.266668639180382971e-01
5.266998437273494593e-01
5.267406031083224915e-01
5.267860334286008639e-01
5.268418160233474534e-01
5.269089076027482221e-01
5.269859556986679072e-01
5.270737430333245488e-01
5.271758398118534528e-01
5.272941554015418975e-01
5.274212859274686194e-01
5.275464757038866859e-01
5.276290255551154829e-01
5.276372304380410050e-01
5.276719145704492631e-01
5.277387821518266797e-01
5.278240169040526730e-01
5.279176348511792627e-01
5.280140007625172549e-01
5.281141895346470605e-01
5.282018137164434801e-01
5.282540115410228054e-01
5.283080403739418562e-01
5.283620757028982817e-01
5.284114858210071652e-01
5.284541404602756121e-01
5.284942092239957034e-01
5.285439581890527538e-01
5.286284637630039862e-01
5.286694811685297424e-01
5.286390748553554397e-01
5.286492356525908098e-01
5.286770407031594621e-01
5.287112260278900022e-01
5.287459782648408213e-01
5.287783110171025980e-01
5.288059541995419055e-01
5.288298548019596534e-01
5.288507444084049602e-01
5.288704764879887943e-01
5.288922345530587821e-01
5.289173025244677806e-01
5.289478235621134505e-01
5.289831074576529790e-01
5.290241636944975623e-01
5.290697199378773252e-01
5.291226472616581411e-01
5.291860355625660484e-01
5.292629141407689808e-01
5.293495225029357654e-01
5.294377833429195768e-01
5.295378258461339582e-01
5.296612898975392447e-01
5.298128718423408268e-01
5.300002391801869051e-01
5.302288389801592672e-01
5.304326038307133340e-01
5.304691930088203389e-01
5.304245749948112154e-01
5.304106057802098206e-01
5.304337156438598821e-01
5.304800995283600606e-01
5.305345056676964433e-01
5.305828639744528674e-01
5.306179545524762897e-01
5.306436386124891991e-01
5.306686364728415706e-01
5.307001184248073544e-01
5.307438981571879211e-01
5.308061900200211625e-01
5.308934043854112161e-01
5.310031737791088835e-01
5.311092991264946273e-01
5.312062691036504303e-01
5.313253166755997903e-01
5.314724859407189417e-01
5.316424375087793752e-01
5.318237389962442441e-01
5.319957015423654179e-01
5.321338046061114824e-01
5.322268380315015035e-01
5.322880465754707968e-01
5.323430089869772841e-01
5.324108958049871276e-01
5.324976745464676808e-01
5.325965822774288982e-01
5.327067403573562121e-01
5.328326018280915566e-01
5.329771750641902894e-01
5.331392485095586276e-01
5.333140253611639015e-01
5.334860486615884412e-01
5.336483160880628462e-01
5.337851255609300516e-01
5.338976720334772663e-01
5.339850723227831386e-01
5.340568206272272578e-01
5.341167893826166413e-01
5.341716262558318107e-01
5.342246791076394885e-01
5.342800285281759098e-01
5.343389288881134069e-01
5.344052641991600128e-01
5.344784002815741175e-01
5.345619126453292624e-01
5.346569363673718822e-01
5.347658602555512841e-01
5.348946283255732181e-01
5.350592099475084407e-01
5.353026700446602559e-01
5.354584376214109875e-01
5.353726959428476428e-01
5.353426308074479278e-01
5.353425750056275412e-01
5.353511732576621274e-01
5.353646652583995413e-01
5.353834475440811813e-01
5.354051311736325314e-01
5.354210511551603657e-01
5.354220353989946890e-01
5.354173218499559406e-01
5.354197554474937615e-01
5.354344574654653632e-01
5.354634736942912587e-01
5.355075991723793338e-01
5.355687695419957262e-01
5.356579748455750911e-01
5.358060821306306343e-01
5.360382413449915617e-01
5.361912440485028242e-01
5.364218879679107932e-01
5.364765522764982641e-01
5.362903108991501355e-01
5.360595075463453485e-01
5.359041697133722915e-01
5.358400659581072922e-01
5.358490847567420889e-01
5.359319813876755045e-01
5.360994757656970533e-01
5.363970839461902340e-01
5.369169507365106897e-01
5.378231821624318565e-01
5.387967619454837598e-01
5.381142390077608972e-01
5.371273356249245401e-01
5.365938829666373477e-01
5.363854076597281972e-01
5.364809366291416470e-01
5.371638096972305432e-01
5.415220822996679173e-01
5.386139918079425604e-01
5.362795300785513364e-01
5.355079629124350760e-01
5.350928104565662036e-01
5.348276202540394042e-01
5.346518919756446664e-01
5.345360982663475147e-01
5.344658433977881318e-01
5.344252419901213136e-01
5.343901915587858653e-01
5.343521369487839179e-01
5.343050132245167338e-01
5.342490416426065591e-01
5.342248263635079875e-01
5.342344904310648568e-01
5.342808829274200422e-01
5.343887309431714083e-01
5.347205465301475558e-01
5.348564511690201417e-01
5.344254104621183332e-01
5.343103928233656763e-01
5.342657746670811392e-01
5.342489176948090890e-01
5.342433871777403365e-01
5.342461773395577040e-01
5.342601465387619708e-01
5.342852784178503400e-01
5.343205618083327613e-01
5.343641248668922206e-01
5.344136451422262235e-01
5.344696308195940881e-01
5.345285310097392939e-01
5.345893506526262495e-01
5.346480313504201609e-01
5.347004405492127299e-01
5.347432366588987795e-01
5.347746521995441205e-01
5.347954290450223080e-01
5.348084393041317997e-01
5.348178889059541641e-01
5.348280594386060072e-01
5.348415406873003874e-01
5.348601124564632547e-01
5.348853538808652219e-01
5.349225913448840686e-01
5.349839997694685323e-01
5.350935694288847522e-01
5.353114730536296939e-01
5.357650685538773994e-01
5.358593602843186865e-01
5.355073746042443572e-01
5.353454813074065566e-01
5.353148601693892283e-01
5.353508094932711847e-01
5.354372227444105237e-01
5.355784845700961583e-01
5.361020073120602580e-01
5.357407855291457244e-01
5.357762894725871528e-01
5.358698303846954891e-01
5.359921934326116189e-01
5.361374907759076658e-01
5.363028652784084249e-01
5.364910237608790933e-01
5.367042773273770218e-01
5.369273421567589688e-01
5.371115671149044868e-01
5.372187627703690627e-01
5.372518235949271803e-01
5.372491229944359459e-01
5.372454675111165701e-01
5.372562401674028099e-01
5.372857657809305687e-01
5.373319021383498040e-01
5.373882117259262126e-01
5.374857278196070176e-01
5.375280741510113369e-01
5.375114342962826752e-01
5.375730440452869408e-01
5.376800886453168005e-01
5.378257331917571937e-01
5.380071519077370690e-01
5.382203017735384121e-01
5.384522845447545780e-01
5.386897952206253226e-01
5.389440394903072251e-01
5.392319702192264197e-01
5.395549559685632879e-01
5.398987515530768722e-01
5.402197963900131628e-01
5.404777856600497810e-01
5.406197081939386750e-01
5.406186954556894131e-01
5.404872872787637172e-01
5.402686206592589580e-01
5.400109444870743181e-01
5.397473954617623138e-01
5.395017593539602752e-01
5.392902371511555382e-01
5.391125931402616089e-01
5.389775626647379525e-01
5.388804893219629744e-01
5.388205822220554220e-01
5.387957332613104722e-01
5.388038451181086375e-01
5.388413461916050640e-01
5.389011916088227716e-01
5.389738884300138144e-01
5.390556647594890727e-01
5.391521523125153426e-01
5.392709913267123012e-01
5.394158207464589960e-01
5.395863397652541638e-01
5.397805288913500865e-01
5.399975304877291382e-01
5.402400858198773692e-01
5.405093668879371593e-01
5.408000098410852274e-01
5.411341753248863906e-01
5.415355561287040764e-01
5.420372684359285875e-01
5.427245093246121366e-01
5.439634296720320394e-01
5.476423683757429828e-01
5.476200574058466275e-01
5.442505528339643961e-01
5.432567387378737234e-01
5.428332965218297668e-01
5.426327549374250214e-01
5.425573415530009491e-01
5.425152115403982789e-01
5.423700515348158779e-01
5.422031224962076124e-01
5.420881666366800244e-01
5.420179384203164252e-01
5.419809157031758584e-01
5.419707063651653112e-01
5.419845308471724632e-01
5.420218405967929254e-01
5.420829037744908652e-01
5.421682296566351367e-01
5.422811772287030596e-01
5.424308629427544437e-01
5.426226604180645063e-01
5.428356414432377042e-01
5.429945810621064073e-01
5.430474145586975387e-01
5.430483747690754148e-01
5.430793785506864424e-01
5.431826607072296476e-01
5.433779933592725042e-01
5.437113785032684499e-01
5.443020243095074706e-01
5.456247723193332622e-01
5.538661679715164432e-01
5.475693147353807300e-01
5.451597660535592027e-01
5.445122728504199205e-01
5.441653065398843747e-01
5.439454046829312883e-01
5.438192883981308734e-01
5.437495211773495374e-01
5.437193433598643821e-01
5.437273139272829070e-01
5.437627669419182741e-01
5.437887265421766925e-01
5.438434121593963555e-01
5.439149823573435905e-01
5.439965398179142930e-01
5.440968249451325622e-01
5.442236257367376595e-01
5.443806439465964653e-01
5.445703263255050608e-01
5.447952428712454775e-01
5.450580210198859854e-01
5.453597361878765870e-01
5.456993710505582129e-01
5.460521640845755753e-01
5.463925870307280164e-01
5.466642330057807087e-01
5.468141537937405428e-01
5.468220450256471299e-01
5.467169547358690096e-01
5.465589574331726208e-01
5.464074457079558522e-01
5.462666570000032085e-01
5.461510997314807936e-01
5.460876925226918477e-01
5.460637147838985905e-01
5.460680997077466126e-01
5.461006553560903143e-01
5.461651525445075928e-01
5.462637815430133603e-01
5.463970811491122292e-01
5.465587055302358888e-01
5.467509439954900685e-01
5.469643627654938722e-01
5.472042708119307930e-01
5.474732174656976591e-01
5.477775975634525674e-01
5.481203655681756715e-01
5.484948857332863081e-01
5.488834746320586655e-01
5.492637677279310626e-01
5.496029189362203748e-01
5.498468584096821710e-01
5.499258299808946759e-01
5.498457908857886656e-01
5.496906300919194299e-01
5.495206525785144569e-01
5.493715465693163047e-01
5.492606341352241905e-01
5.491931864824016740e-01
5.491661548821993311e-01
5.491679439082893799e-01
5.491840404000842835e-01
5.491896941997227444e-01
5.491687197881368609e-01
5.491318048422408893e-01
5.490880901203064601e-01
5.490304606136557908e-01
5.489461387751284338e-01
5.488279856075711782e-01
5.486854324424669249e-01
5.485284296766546053e-01
5.483787813798494115e-01
5.482454456867091874e-01
5.481371637013213727e-01
5.480561527795476673e-01
5.480015517289844595e-01
5.479706526963454838e-01
5.479561663887694278e-01
5.479435364165854416e-01
5.479275402243409809e-01
5.479324908550319284e-01
5.479695568079562262e-01
5.480418991300950449e-01
5.481513976261180865e-01
5.482587420884434959e-01
5.483646476081222021e-01
5.484606761006624032e-01
5.485379525493743191e-01
5.486054899540685481e-01
5.486857006859388042e-01
5.488101634190919453e-01
5.490216091277628774e-01
5.493524832218116272e-01
5.497372852879011118e-01
5.498782059244970988e-01
5.495043222940718675e-01
5.488545650837826084e-01
5.482440040759366529e-01
5.477600324107002594e-01
5.473871087591883899e-01
5.471072422259539714e-01
5.468920644861969826e-01
5.467322932134695002e-01
5.466224469749033643e-01
5.465607482998203759e-01
5.465402268920258599e-01
5.465765314144964693e-01
5.467129891441782075e-01
5.470531231015338669e-01
5.471515132693757222e-01
5.467882300581201616e-01
5.465164025362653222e-01
5.462491913501157370e-01
5.459746119193908953e-01
5.457007458539915312e-01
5.454520167847195511e-01
5.452042115802590017e-01
5.449823188275754182e-01
5.447919768041415978e-01
5.446277962765748715e-01
5.444847748186401049e-01
5.443648764314030775e-01
5.442650451228917552e-01
5.441908191546251938e-01
5.441612915836393505e-01
5.443140374311874474e-01
5.443374511073167943e-01
5.439491644738835285e-01
5.438182972195134690e-01
5.437416764864345664e-01
5.436919505320626511e-01
5.436198765731149463e-01
5.435706964235861305e-01
5.435378908728697445e-01
5.435179604317545987e-01
5.435090038512713218e-01
5.435001888285820870e-01
5.434932884378600448e-01
5.434995234878389203e-01
5.435214629106052131e-01
5.435710170324939972e-01
5.436870449338533362e-01
5.437581085556826288e-01
5.436385896312615484e-01
5.435934927896883817e-01
5.435933618936077405e-01
5.436166434115419221e-01
5.436554821441947905e-01
5.437047054526336076e-01
5.437634242132366458e-01
5.438267970025054687e-01
5.438921005839426615e-01
5.439550593120100475e-01
5.440153924199284674e-01
5.440766759823895127e-01
5.441428150005507280e-01
5.442137389181025409e-01
5.442887474934057224e-01
5.443684623803030087e-01
5.444534081330424380e-01
5.445437640146717495e-01
5.446400718407037322e-01
5.447453056434957697e-01
5.448796760717976584e-01
5.451263544616741230e-01
5.450922926060355334e-01
5.450577097477224964e-01
5.451069317826894300e-01
5.452055061593784613e-01
5.453386410576490650e-01
5.454121136558436334e-01
5.455445855465498317e-01
5.458130720370554245e-01
5.460979187834542614e-01
5.459610333694576711e-01
5.459391294513351589e-01
5.460011497387737833e-01
5.461172441785299148e-01
5.462780377387966846e-01
5.464880570678407601e-01
5.467690626827277356e-01
5.471400041569356443e-01
5.475747063375441259e-01
5.478469017980979183e-01
5.478184768465138577e-01
5.477496386420565022e-01
5.477633036732598715e-01
5.478412947151031220e-01
5.479452983488454221e-01
5.480377534214713187e-01
5.480865511408161694e-01
5.480769050948030019e-01
5.480166116796666431e-01
5.479266477667625868e-01
5.478302923488965748e-01
5.477428131628233610e-01
5.476702566657517535e-01
5.476358342154438175e-01
5.477457045107447797e-01
5.499575635260378625e-01
5.476192675052465875e-01
5.473999648983493005e-01
5.473705566749845763e-01
5.475143589906009689e-01
5.482527295910932796e-01
5.486429682905822336e-01
5.474374145109732748e-01
5.471200922439367620e-01
5.469810953459254277e-01
5.469177319820365257e-01
5.469019192917130567e-01
5.469202835197770618e-01
5.469517955085407834e-01
5.469706429021810035e-01
5.469865967101579241e-01
5.470155459185876978e-01
5.470531790660277949e-01
5.470880777327251643e-01
5.471151057831887821e-01
5.471363718010016086e-01
5.471733823135538355e-01
5.472542991282774993e-01
5.473932592998816959e-01
5.475317813924022170e-01
5.475287869827150100e-01
5.474466139097532436e-01
5.474057325527820206e-01
5.474224838861599940e-01
5.474894036022033283e-01
5.476097977360501190e-01
5.478118143332438850e-01
5.481982392033748486e-01
5.483715990566215837e-01
5.482879623591756513e-01
5.481481447283753639e-01
5.481598100067228696e-01
5.483849513506325879e-01
5.480210668214636760e-01
5.477151659663710426e-01
5.475399794749125082e-01
5.473944317420680328e-01
5.472631295102401427e-01
5.471501140666612528e-01
5.470569177805303385e-01
5.469772578674417796e-01
5.469017471868360403e-01
5.468263986304547908e-01
5.467581574963501501e-01
5.467037147002716813e-01
5.466667933424220749e-01
5.466478032552265498e-01
5.466453380275398954e-01
5.466578080175600318e-01
5.466809930873537393e-01
5.467039251797377597e-01
5.467233121919908845e-01
5.467512703785181172e-01
5.468165649966798547e-01
5.471528196388956156e-01
5.468189176290965126e-01
5.467609428539952354e-01
5.467326250798816289e-01
5.467198087422240338e-01
5.467218561971094459e-01
5.467381301272841165e-01
5.467642494266595765e-01
5.467834534414151015e-01
5.467648084139081766e-01
5.466977943813428054e-01
5.466025054236840486e-01
5.465185234047196250e-01
5.464811337326384022e-01
5.465316683604357628e-01
5.467151013128700443e-01
5.470900415578532350e-01
5.468751201586231625e-01
5.464555640262409586e-01
5.462754361261563663e-01
5.462145953808758003e-01
5.462382968384102977e-01
5.462926322591931116e-01
5.463801876893815690e-01
5.465618752273412317e-01
5.468748898116518875e-01
5.472019097961803302e-01
5.472155799659078612e-01
5.472780488549825462e-01
5.472845663075203149e-01
5.471562187886251927e-01
5.469623471347810906e-01
5.467626742293426600e-01
5.465788793801100720e-01
5.464130237403396206e-01
5.462577380013333705e-01
5.460991191735770078e-01
5.459342091697527710e-01
5.457559769585558218e-01
5.455664965567960101e-01
5.453684919377623785e-01
5.451655079216792821e-01
5.449610601728448467e-01
5.447582651830947809e-01
5.445596972494313182e-01
5.443652995994737731e-01
5.441671959737780506e-01
5.439567268826341895e-01
5.437333767401293372e-01
5.435166684195434916e-01
5.433135819311036840e-01
5.431219984834707581e-01
5.429397894337157915e-01
5.427652434884439048e-01
5.425970512124723699e-01
5.424340056594498805e-01
5.422760007946487715e-01
5.421240308944825781e-01
5.419768312339214855e-01
5.418351450269883740e-01
5.416957455243359698e-01
5.415590649190712424e-01
5.414271307415557954e-01
5.413002155516726255e-01
5.411818365909194517e-01
5.410677639409757766e-01
5.409621604253400662e-01
5.408621419141487197e-01
5.407725331278411263e-01
5.406918794957973340e-01
5.406247226181751797e-01
5.405705680021484216e-01
5.405334516785588184e-01
5.405149244868359126e-01
5.405191037298369139e-01
5.405491872663784614e-01
5.406063428896560330e-01
5.406850498572670638e-01
5.407715051611602375e-01
