-4.965942319690164197e-06
-1.490064132880775105e-05
-2.483765618077615756e-05
-3.477702716936370564e-05
-4.471878630984971181e-05
-5.466287572142292106e-05
-6.460934554219921466e-05
-7.455824147628575815e-05
-8.450947833693600586e-05
-9.446308272187398103e-05
-1.044190879351258872e-04
-1.143774894609705939e-04
-1.243383565415756564e-04
-1.343015558098459294e-04
-1.442671761501257421e-04
-1.542352326394658135e-04
-1.642057003081731636e-04
-1.741785941495876955e-04
-1.841540525429063990e-04
-1.941318445026762873e-04
-2.041120670310814234e-04
-2.140947459938757902e-04
-2.240798437090907314e-04
-2.340675694485483405e-04
-2.440576697257945682e-04
-2.540501591962174288e-04
-2.640451297172274892e-04
-2.740425863761997149e-04
-2.840425116273914696e-04
-2.940449775739040206e-04
-3.040498538297020659e-04
-3.140572815439890419e-04
-3.240671968228747701e-04
-3.340795809249064163e-04
-3.440945788754090628e-04
-3.541121636190247557e-04
-3.641320989139495978e-04
-3.741546170692444662e-04
-3.841796994891177874e-04
-3.942072534421914298e-04
-4.042375204873493999e-04
-4.142701775399215691e-04
-4.243053690988762838e-04
-4.343431496609539977e-04
-4.443834228861076596e-04
-4.544264416432852727e-04
-4.644719681197173600e-04
-4.745200997101628460e-04
-4.845706941785099531e-04
-4.946239072731728470e-04
-5.046796383908480621e-04
-5.147380495736930683e-04
-5.247990736056973304e-04
-5.348625966905551365e-04
-5.449287625890475439e-04
-5.549974672310886703e-04
-5.650688778274792767e-04
-5.751430333956752960e-04
-5.852196533620013241e-04
-5.952988855139063062e-04
-6.053806769504843643e-04
-6.154651999822347008e-04
-6.255524997291761480e-04
-6.356422762816560379e-04
-6.457346871220348561e-04
-6.558297355342412871e-04
-6.659273968275813971e-04
-6.760278882166348424e-04
-6.861309047588859400e-04
-6.962365762429589822e-04
-7.063449367034069226e-04
-7.164559308946438776e-04
-7.265698428673417197e-04
-7.366863234309350972e-04
-7.468053946056985026e-04
-7.569271772011054722e-04
-7.670516758597756279e-04
-7.771788641751653515e-04
-7.873088344024781193e-04
-7.974414146584285490e-04
-8.075767914204057263e-04
-8.177148751641327706e-04
-8.278556383590762735e-04
-8.379992700214833334e-04
-8.481456218701888261e-04
-8.582946075523789631e-04
-8.684463535707509507e-04
-8.786008644575682425e-04
-8.887581119589871292e-04
-8.989183067195094523e-04
-9.090810398106885515e-04
-9.192466213375771744e-04
-9.294149564370579597e-04
-9.395860157428437276e-04
-9.497600464648536800e-04
-9.599367006073444841e-04
-9.701161248302225815e-04
-9.802983572489987196e-04
-9.904834022794739568e-04
-1.000671229876459734e-03
-1.010861941383334184e-03
-1.021055346196675373e-03
-1.031251650192133162e-03
-1.041450753331729651e-03
-1.051652624466936636e-03
-1.061857403715227299e-03
-1.072064963711816254e-03
-1.082275338977312096e-03
-1.092488569206517823e-03
-1.102704586895986161e-03
-1.112923607168192497e-03
-1.123145593933005948e-03
-1.133370281544698877e-03
-1.143597813808239216e-03
-1.153828189708216989e-03
-1.164061376491054567e-03
-1.174297645350041996e-03
-1.184536612745312745e-03
-1.194778439500887579e-03
-1.205023166663821144e-03
-1.215270723742722936e-03
-1.225521461424627923e-03
-1.235774948064261025e-03
-1.246031205384912077e-03
-1.256290383335412209e-03
-1.266552486375083220e-03
-1.276817480076797295e-03
-1.287085478551275308e-03
-1.297356264932769676e-03
-1.307630069439680298e-03
-1.317906780159749935e-03
-1.328186361963967776e-03
-1.338469047633128461e-03
-1.348754862871781590e-03
-1.359043388182379353e-03
-1.369334844449121569e-03
-1.379629309322560893e-03
-1.389926627574533669e-03
-1.400227173296908489e-03
-1.410530441602553253e-03
-1.420836660861346523e-03
-1.431145908695863334e-03
-1.441458027158670774e-03
-1.451773395733768623e-03
-1.462091666800779954e-03
-1.472412958009372552e-03
-1.482737082459162359e-03
-1.493064259260989957e-03
-1.503394327252993712e-03
-1.513727532384989694e-03
-1.524063776325967901e-03
-1.534402869633799682e-03
-1.544745034584238397e-03
-1.555090107421608359e-03
-1.565438337733260354e-03
-1.575789797051418972e-03
-1.586144030420344464e-03
-1.596501189121690700e-03
-1.606861314557450626e-03
-1.617224661960126042e-03
-1.627591185866750223e-03
-1.637960445013297850e-03
-1.648332770135985115e-03
-1.658708165101496768e-03
-1.669086590157631278e-03
-1.679468335724854100e-03
-1.689852918122736192e-03
-1.700240540956188262e-03
-1.710631338740498109e-03
-1.721025096241945995e-03
-1.731422229920287492e-03
-1.741822351244204370e-03
-1.752225597828505066e-03
-1.762631665963354521e-03
-1.773040842617645829e-03
-1.783453086597219794e-03
-1.793868529950892743e-03
-1.804286918307584919e-03
-1.814708518531826797e-03
-1.825133199354067592e-03
-1.835560918692857868e-03
-1.845991945648828292e-03
-1.856426227553775732e-03
-1.866863307906529990e-03
-1.877303530533835918e-03
-1.887746898508901872e-03
-1.898193369555878363e-03
-1.908643249012076382e-03
-1.919095935524306462e-03
-1.929551872810297830e-03
-1.940010925889801285e-03
-1.950473051367307420e-03
-1.960938603939754721e-03
-1.971407022557936095e-03
-1.981878545903037470e-03
-1.992353246900724351e-03
-2.002831152244088919e-03
-2.013312171272985118e-03
-2.023796377447761863e-03
-2.034283750469545460e-03
-2.044774364261647825e-03
-2.055268056272319122e-03
-2.065764947851378430e-03
-2.076265155665169004e-03
-2.086768432006280705e-03
-2.097274845600405335e-03
-2.107784470977813740e-03
-2.118297287348802627e-03
-2.128813461765077797e-03
-2.139332644759961433e-03
-2.149855027488545289e-03
-2.160380600840117182e-03
-2.170909440270096802e-03
-2.181441464005451358e-03
-2.191976687003882596e-03
-2.202515160854900955e-03
-2.213056815304814684e-03
-2.223601702016186898e-03
-2.234149799366313971e-03
-2.244701477891797303e-03
-2.255256029511598648e-03
-2.265813824810392063e-03
-2.276374841959971640e-03
-2.286939133173682137e-03
-2.297506627053635953e-03
-2.308077375868800019e-03
-2.318651357581247296e-03
-2.329228699267438252e-03
-2.339809192250963399e-03
-2.350392963717085060e-03
-2.360980188436112570e-03
-2.371570475297790637e-03
-2.382164048959745095e-03
-2.392760935475468642e-03
-2.403361066044218397e-03
-2.413964416164260385e-03
-2.424571064005620613e-03
-2.435180987169771605e-03
-2.445794262169509459e-03
-2.456410718400303672e-03
-2.467030483140564279e-03
-2.477653864681905738e-03
-2.488280279999699474e-03
-2.498909961078155106e-03
-2.509542959583055399e-03
-2.520179281967793727e-03
-2.530818877860108174e-03
-2.541461899456365359e-03
-2.552108049936108181e-03
-2.562757633821965975e-03
-2.573410501524819871e-03
-2.584066605849866249e-03
-2.594726149249937386e-03
-2.605388936953167978e-03
-2.616055018537122301e-03
-2.626724446251449407e-03
-2.637397123039564306e-03
-2.648073357166991215e-03
-2.658753089313736773e-03
-2.669435781860296508e-03
-2.680121833541937448e-03
-2.690811251002567239e-03
-2.701503982477593269e-03
-2.712200375371343064e-03
-2.722899847327098222e-03
-2.733602640851318100e-03
-2.744308809068840560e-03
-2.755018253113528104e-03
-2.765731480207866966e-03
-2.776447842067208960e-03
-2.787167386353650578e-03
-2.797890318188112069e-03
-2.808616644219275038e-03
-2.819346311852100051e-03
-2.830079476537350480e-03
-2.840815834799670370e-03
-2.851555700354002632e-03
-2.862298917651662222e-03
-2.873045437580157291e-03
-2.883795574813441398e-03
-2.894549270450075262e-03
-2.905305975325900292e-03
-2.916066094849512069e-03
-2.926829638638106523e-03
-2.937596551854548821e-03
-2.948367190720779796e-03
-2.959140850320562954e-03
-2.969918046157316027e-03
-2.980698621740773824e-03
-2.991482528666988827e-03
-3.002270176248988953e-03
-3.013060964312086476e-03
-3.023855142383347072e-03
-3.034652764269396563e-03
-3.045453839623180059e-03
-3.056258312861825921e-03
-3.067066342764657172e-03
-3.077877619544477916e-03
-3.088692411156945816e-03
-3.099510529528282099e-03
-3.110332114122149605e-03
-3.121157299829868670e-03
-3.131985796815062173e-03
-3.142817685906518221e-03
-3.153653052319072003e-03
-3.164491870320529365e-03
-3.175334279893804457e-03
-3.186179983717285502e-03
-3.197029176153054486e-03
-3.207881886868158006e-03
-3.218738036433022032e-03
-3.229597627858016295e-03
-3.240460677248924171e-03
-3.251327242647317206e-03
-3.262197244618070258e-03
-3.273070740984596050e-03
-3.283947707118595183e-03
-3.294828572699026736e-03
-3.305712514699243876e-03
-3.316599962919442035e-03
-3.327490892633955255e-03
-3.338385362401274925e-03
-3.349283291825710940e-03
-3.360184768288254631e-03
-3.371089751839639881e-03
-3.381998331677960046e-03
-3.392910369059198850e-03
-3.403825922571490636e-03
-3.414745196973600905e-03
-3.425667765430517875e-03
-3.436593889134198498e-03
-3.447523599229396218e-03
-3.458456813499322102e-03
-3.469393506261186921e-03
-3.480333767371779352e-03
-3.491277570198736413e-03
-3.502225006240089478e-03
-3.513175875351048916e-03
-3.524130326241214917e-03
-3.535088725859503178e-03
-3.546050321136418049e-03
-3.557015419988984739e-03
-3.567984114413280672e-03
-3.578956437571223503e-03
-3.589932274373319743e-03
-3.600911717392407674e-03
-3.611894740320753527e-03
-3.622881406163069862e-03
-3.633871554909129387e-03
-3.644865309247569130e-03
-3.655862642853779931e-03
-3.666863619436577792e-03
-3.677868152480723296e-03
-3.688876305861898963e-03
-3.699888053121713760e-03
-3.710903637925699883e-03
-3.721922614394412854e-03
-3.732945226371797709e-03
-3.743971447249694329e-03
-3.755001372605315524e-03
-3.766034930091644028e-03
-3.777072531538139266e-03
-3.788113395616687917e-03
-3.799157841849365447e-03
-3.810205966854995907e-03
-3.821257743639394633e-03
-3.832313622829652822e-03
-3.843372684452117660e-03
-3.854435441408510243e-03
-3.865501929241177415e-03
-3.876572058251093189e-03
-3.887645801110117816e-03
-3.898723256358094247e-03
-3.909804396674765314e-03
-3.920889321599063670e-03
-3.931977877079995132e-03
-3.943070130691728181e-03
-3.954166371973211191e-03
-3.965266531825273333e-03
-3.976369938788248959e-03
-3.987477093882696444e-03
-3.998588002080305515e-03
-4.009702603272713439e-03
-4.020821337835989162e-03
-4.031943338333343618e-03
-4.043069240561414368e-03
-4.054198854217760939e-03
-4.065332118501574499e-03
-4.076469545288619045e-03
-4.087610386714013444e-03
-4.098754958171468843e-03
-4.109903330332231874e-03
-4.121055508733428852e-03
-4.132211431708054938e-03
-4.143371303372833658e-03
-4.154534729904013624e-03
-4.165702116587621795e-03
-4.176873267809466661e-03
-4.188048121239962285e-03
-4.199226950943879544e-03
-4.210409493594302610e-03
-4.221595820937285026e-03
-4.232786006021171943e-03
-4.243979918015394759e-03
-4.255177972259827079e-03
-4.266380090726329399e-03
-4.277585556527352395e-03
-4.288794907504112075e-03
-4.300008149736633811e-03
-4.311225219174819046e-03
-4.322446730819939908e-03
-4.333671959815155184e-03
-4.344901156486113969e-03
-4.356133941129991527e-03
-4.367370439986473230e-03
-4.378611347189642622e-03
-4.389855997001812504e-03
-4.401104645160525131e-03
-4.412356907034786779e-03
-4.423613196881670540e-03
-4.434873233303382456e-03
-4.446137454188869853e-03
-4.457405708310435699e-03
-4.468677595653502976e-03
-4.479953543075509970e-03
-4.491233264854121998e-03
-4.502517206019018836e-03
-4.513805507545876061e-03
-4.525097321518845028e-03
-4.536393081393530480e-03
-4.547692941887504503e-03
-4.558996611761068074e-03
-4.570304829815574621e-03
-4.581616584359848865e-03
-4.592932317274645015e-03
-4.604252185621882099e-03
-4.615575893403112140e-03
-4.626904187747360453e-03
-4.638236354060576438e-03
-4.649572666901580220e-03
-4.660912710921505386e-03
-4.672256934339147350e-03
-4.683605035105009584e-03
-4.694957484117412427e-03
-4.706314116803556047e-03
-4.717674510557379186e-03
-4.729039121485811847e-03
-4.740407642315425107e-03
-4.751780552481710274e-03
-4.763158001133360742e-03
-4.774539083548523521e-03
-4.785924263981944371e-03
-4.797313388084534225e-03
-4.808706944233964720e-03
-4.820104923464962887e-03
-4.831506484337166896e-03
-4.842912260213605435e-03
-4.854322259744581203e-03
-4.865736408892429310e-03
-4.877155037836811147e-03
-4.888577674810434814e-03
-4.900004485321463044e-03
-4.911435560225330121e-03
-4.922870741477236578e-03
-4.934310288121190879e-03
-4.945754124814571995e-03
-4.957202091733226013e-03
-4.968654365635094550e-03
-4.980110956272043587e-03
-4.991571786557846835e-03
-5.003037120443254437e-03
-5.014506455197409451e-03
-5.025980314661504522e-03
-5.037458448767684338e-03
-5.048940779106114718e-03
-5.060427835604675018e-03
-5.071919529991086861e-03
-5.083414938618191492e-03
-5.094914754544599411e-03
-5.106418988455985186e-03
-5.117927560080448579e-03
-5.129441086208941236e-03
-5.140958360710157216e-03
-5.152480272353043844e-03
-5.164006559894462889e-03
-5.175537141645647488e-03
-5.187072739057718707e-03
-5.198612303908944909e-03
-5.210156190518677732e-03
-5.221704547698546861e-03
-5.233257478903130533e-03
-5.244814807673803259e-03
-5.256376684989794157e-03
-5.267943074167225070e-03
-5.279514128281315166e-03
-5.291089525776837554e-03
-5.302669515165003844e-03
-5.314254345596514106e-03
-5.325843504017324648e-03
-5.337437142388989919e-03
-5.349035417486325272e-03
-5.360638291619146401e-03
-5.372246118537482573e-03
-5.383858275084585365e-03
-5.395475065172461449e-03
-5.407096550027468140e-03
-5.418722743202986081e-03
-5.430353555243572217e-03
-5.441989684802361893e-03
-5.453629973148799159e-03
-5.465274915994466909e-03
-5.476924627461965400e-03
-5.488578914633057693e-03
-5.500238803887502748e-03
-5.511903003167950565e-03
-5.523571607111255055e-03
-5.535245044264835990e-03
-5.546923328212494120e-03
-5.558606365820395467e-03
-5.570294487048710330e-03
-5.581987069919081002e-03
-5.593684768390061457e-03
-5.605387273434070394e-03
-5.617094489839602467e-03
-5.628807084030129637e-03
-5.640524948411052009e-03
-5.652246924071735457e-03
-5.663973884019735117e-03
-5.675705845598955079e-03
-5.687442709728429691e-03
-5.699185269056550318e-03
-5.710931980194233759e-03
-5.722683978858666975e-03
-5.734440823189634884e-03
-5.746202585865001211e-03
-5.757970195770401034e-03
-5.769742126662369408e-03
-5.781519018450920200e-03
-5.793301062825939596e-03
-5.805088335443131520e-03
-5.816880614533559424e-03
-5.828678095155193084e-03
-5.840480733336095298e-03
-5.852288726967191934e-03
-5.864101668960675084e-03
-5.875919879456126260e-03
-5.887743680920043410e-03
-5.899572418554654973e-03
-5.911406289849319151e-03
-5.923245499344420573e-03
-5.935090001582765673e-03
-5.946940256160937466e-03
-5.958795334099042940e-03
-5.970655822847947825e-03
-5.982521804567042523e-03
-5.994393106527828863e-03
-6.006269811285491755e-03
-6.018152498798223782e-03
-6.030040064599839766e-03
-6.041932990177301122e-03
-6.053831427367040163e-03
-6.065735328923738123e-03
-6.077645424989008838e-03
-6.089560381637437736e-03
-6.101480930227998201e-03
-6.113407022670047652e-03
-6.125338817751124765e-03
-6.137276128314383961e-03
-6.149219114407356024e-03
-6.161167727058325383e-03
-6.173122342968961895e-03
-6.185082523027851664e-03
-6.197048430304663569e-03
-6.209020593099912055e-03
-6.220997949119122516e-03
-6.232981172940244008e-03
-6.244970361288570970e-03
-6.256965316668749999e-03
-6.268965985697150245e-03
-6.280972616581781409e-03
-6.292985157185904121e-03
-6.305003861177049806e-03
-6.317028217012743418e-03
-6.329058632399298112e-03
-6.341095684427866530e-03
-6.353138373968891806e-03
-6.365187042335906931e-03
-6.377241872263628153e-03
-6.389302892206294437e-03
-6.401369966028802594e-03
-6.413443602898194484e-03
-6.425522858889864963e-03
-6.437608738330657943e-03
-6.449700775474798142e-03
-6.461798829322962234e-03
-6.473903590945906394e-03
-6.486014426292041612e-03
-6.498131524273031978e-03
-6.510255082347704558e-03
-6.522384785104806681e-03
-6.534521698725814787e-03
-6.546665159791631439e-03
-6.558814325581474591e-03
-6.570970095138295441e-03
-6.583132500782240548e-03
-6.595301391240204758e-03
-6.607477509388282044e-03
-6.619659819527501377e-03
-6.631848701463050055e-03
-6.644044367813850549e-03
-6.656246478790261989e-03
-6.668456379627429875e-03
-6.680673157253069760e-03
-6.692896474625897874e-03
-6.705126348354628618e-03
-6.717363389116326466e-03
-6.729606853010938750e-03
-6.741857936742867707e-03
-6.754115696159357363e-03
-6.766380161629559353e-03
-6.778651956659276223e-03
-6.790930311736831371e-03
-6.803216462355821115e-03
-6.815510240512301365e-03
-6.827810467998629562e-03
-6.840117779141619003e-03
-6.852432616688441946e-03
-6.864754179501497688e-03
-6.877083940912132043e-03
-6.889420284241443149e-03
-6.901763864520127356e-03
-6.914115129238784796e-03
-6.926473251221088034e-03
-6.938839735380786244e-03
-6.951213804059053203e-03
-6.963594993364075059e-03
-6.975983403366248226e-03
-6.988379236042341347e-03
-7.000782295469965000e-03
-7.013193485025270846e-03
-7.025611510563023465e-03
-7.038037727987722647e-03
-7.050471488969645151e-03
-7.062912588751357745e-03
-7.075361946654479262e-03
-7.087818691602465471e-03
-7.100283060682333058e-03
-7.112755300459960850e-03
-7.125234968305305117e-03
-7.137723455037714437e-03
-7.150219824754611153e-03
-7.162723011642113669e-03
-7.175234603658542376e-03
-7.187753913568073472e-03
-7.200280715048190672e-03
-7.212815775173853083e-03
-7.225358502268686145e-03
-7.237908960933792102e-03
-7.250467382082015355e-03
-7.263033295661247557e-03
-7.275607623426605386e-03
-7.288189759844243554e-03
-7.300779258484824119e-03
-7.313376667661630748e-03
-7.325981736469033834e-03
-7.338594329691860985e-03
-7.351214763265834229e-03
-7.363842894185790300e-03
-7.376479024039594989e-03
-7.389122552009408373e-03
-7.401773662473853932e-03
-7.414432739414222873e-03
-7.427098760207417882e-03
-7.439772315994463980e-03
-7.452453452080565199e-03
-7.465141781005546484e-03
-7.477837135099973942e-03
-7.490539745144131345e-03
-7.503249430405478648e-03
-7.515966392860118361e-03
-7.528689863249393710e-03
-7.541420222639594328e-03
-7.554157763423385852e-03
-7.566901484736598960e-03
-7.579651499709072482e-03
-7.592407942100365403e-03
-7.605170758742896275e-03
-7.617939499395376401e-03
-7.630714253923365220e-03
-7.643494805090633726e-03
-7.656281198831771384e-03
-7.669072811585353477e-03
-7.681869806418939461e-03
-7.694672181019490687e-03
-7.707479360144264824e-03
-7.720291239641685621e-03
-7.733107780004133680e-03
-7.745928751235364729e-03
-7.758754172664694693e-03
-7.771583382088720349e-03
-7.784416455983933503e-03
-7.797253251844549204e-03
-7.810093383040395132e-03
-7.822936739940056228e-03
-7.835783438038812498e-03
-7.848632586394233002e-03
-7.861484297117193876e-03
-7.874338356216981083e-03
-7.887194577174572174e-03
-7.900052969697757277e-03
-7.912912865710386434e-03
-7.925774203154989372e-03
-7.938636804378895739e-03
-7.951500433479474772e-03
-7.964364969965997965e-03
-7.977230257404710478e-03
-7.990096036458393947e-03
-8.002961834679966913e-03
-8.015827768716010659e-03
-8.028693784139728784e-03
-8.041559325138725178e-03
-8.054424694701523002e-03
-8.067289326578408470e-03
-8.080153121425293072e-03
-8.093015906657230474e-03
-8.105877707350495065e-03
-8.118738564342420361e-03
-8.131598010093554763e-03
-8.144455545811002395e-03
-8.157311598527061669e-03
-8.170166258196442932e-03
-8.183019402088986816e-03
-8.195870217120537760e-03
-8.208719181684753785e-03
-8.221566015548686934e-03
-8.234410640712619411e-03
-8.247253212649297005e-03
-8.260093588820960342e-03
-8.272931906980529604e-03
-8.285767373175434436e-03
-8.298600615405549163e-03
-8.311431832412785603e-03
-8.324260685025341999e-03
-8.337086904335544446e-03
-8.349910835249274577e-03
-8.362732249928006567e-03
-8.375551602937680862e-03
-8.388368128887657704e-03
-8.401182628039571831e-03
-8.413994737417662684e-03
-8.426804174258673008e-03
-8.439611745376551788e-03
-8.452416925443295703e-03
-8.465220010239193904e-03
-8.478020626931814796e-03
-8.490819292727880274e-03
-8.503615728563507226e-03
-8.516410087493708758e-03
-8.529202482012276931e-03
-8.541992944537279975e-03
-8.554781384534693167e-03
-8.567567756566751846e-03
-8.580352427396631398e-03
-8.593135550403752099e-03
-8.605916891564646676e-03
-8.618696609594245217e-03
-8.631474486645474009e-03
-8.644251063482655262e-03
-8.657026213034324513e-03
-8.669799689533852494e-03
-8.682572222594608924e-03
-8.695343411123768185e-03
-8.708113357504321250e-03
-8.720882140032082397e-03
-8.733649989790093215e-03
-8.746416734385920044e-03
-8.759182915810015402e-03
-8.771947899021914630e-03
-8.784712222418167293e-03
-8.797476101519818847e-03
-8.810239258984720045e-03
-8.823001857223289335e-03
-8.835764059834660955e-03
-8.848525792977346427e-03
-8.861287133447581787e-03
-8.874048276788948364e-03
-8.886808897286768705e-03
-8.899569835372878046e-03
-8.912330400616341741e-03
-8.925091027742748651e-03
-8.937851895040815897e-03
-8.950612596905105356e-03
-8.963373667005947176e-03
-8.976135042522037644e-03
-8.988896675412916260e-03
-9.001658836813808406e-03
-9.014420976661718932e-03
-9.027183942826422225e-03
-9.039947526195635241e-03
-9.052711488508280446e-03
-9.065476166166042127e-03
-9.078241700508193901e-03
-9.091008074931683502e-03
-9.103775140148151479e-03
-9.116543134433996443e-03
-9.129312030452418902e-03
-9.142082035299647913e-03
-9.154853037220744838e-03
-9.167624899736215305e-03
-9.180398159017610915e-03
-9.193172581650865816e-03
-9.205948223450999279e-03
-9.218725193169685639e-03
-9.231503354748649137e-03
-9.244283116387697063e-03
-9.257064176763196706e-03
-9.269846750097676669e-03
-9.282630931099711269e-03
-9.295416461530092711e-03
-9.308203919288882133e-03
-9.320992925266780027e-03
-9.333783610464663205e-03
-9.346576022404518014e-03
-9.359370240991204959e-03
-9.372166471842691138e-03
-9.384964419166808014e-03
-9.397764185122725600e-03
-9.410565914566459966e-03
-9.423369675564008396e-03
-9.436175660177403834e-03
-9.448983470588534495e-03
-9.461793388489292411e-03
-9.474605422638338048e-03
-9.487419613242731309e-03
-9.500236015729135453e-03
-9.513054600242210057e-03
-9.525875524021398810e-03
-9.538698705865211735e-03
-9.551524232061070485e-03
-9.564352148109467322e-03
-9.577182427097485906e-03
-9.590015159207654349e-03
-9.602850357240289014e-03
-9.615688040527370362e-03
-9.628528256644508510e-03
-9.641370992079734137e-03
-9.654216587360431312e-03
-9.667064534267133524e-03
-9.679915109939707385e-03
-9.692768351408087568e-03
-9.705624285187730571e-03
-9.718483210104378323e-03
-9.731344606771052952e-03
-9.744208771814477643e-03
-9.757075733406783691e-03
-9.769945507967281451e-03
-9.782818442772844847e-03
-9.795693956269890812e-03
-9.808572340642029985e-03
-9.821453645678990263e-03
-9.834337897979494869e-03
-9.847225108079005196e-03
-9.860115330122543043e-03
-9.873008520112747100e-03
-9.885904775878362472e-03
-9.898804076685197018e-03
-9.911706426755984012e-03
-9.924611943385230894e-03
-9.937520807071775764e-03
-9.950432507827788875e-03
-9.963347413223688775e-03
-9.976265526761785019e-03
-9.989186781514391988e-03
-1.000211156536379153e-02
-1.001503928372537988e-02
-1.002797024645063484e-02
-1.004090451617745128e-02
-1.005384200878500778e-02
-1.006678291709262041e-02
-1.007972711096627449e-02
-1.009267455208917585e-02
-1.010562536131021094e-02
-1.011857955671446874e-02
-1.013153712445957755e-02
-1.014449816619322764e-02
-1.015746252404836625e-02
-1.017043039569087703e-02
-1.018340170123943622e-02
-1.019637642166815183e-02
-1.020935469975781107e-02
-1.022233642665815179e-02
-1.023532164385476673e-02
-1.024831040035434349e-02
-1.026130263805580256e-02
-1.027429858460715550e-02
-1.028729813111040059e-02
-1.030030107285551111e-02
-1.031330769915228540e-02
-1.032631790793081539e-02
-1.033933167152156773e-02
-1.035234922278549519e-02
-1.036537029071804561e-02
-1.037839498826931273e-02
-1.039142336816933909e-02
-1.040445535833034452e-02
-1.041749130029712145e-02
-1.043053083505918188e-02
-1.044357393234418563e-02
-1.045662076871034518e-02
-1.046967131099230119e-02
-1.048272554668894241e-02
-1.049578355307367872e-02
-1.050884531777385167e-02
-1.052191091983822879e-02
-1.053498025433030616e-02
-1.054805337675157606e-02
-1.056113045853046550e-02
-1.057421116148138385e-02
-1.058729570429550737e-02
-1.060038412051556023e-02
-1.061347634680054330e-02
-1.062657236703701269e-02
-1.063967226332362959e-02
-1.065277601962999476e-02
-1.066588371952259529e-02
-1.067899519587178769e-02
-1.069211058240360224e-02
-1.070523013960233971e-02
-1.071835334586945798e-02
-1.073148040941118708e-02
-1.074461141542470966e-02
-1.075774639804349952e-02
-1.077088526015335113e-02
-1.078402808802492174e-02
-1.079717486271580817e-02
-1.081032567132944600e-02
-1.082348033455804437e-02
-1.083663899313924706e-02
-1.084980177473293672e-02
-1.086296841855327600e-02
-1.087613899710893062e-02
-1.088931359936917698e-02
-1.090249220456573909e-02
-1.091567499895840232e-02
-1.092886160252726224e-02
-1.094205225713840157e-02
-1.095524705377193264e-02
-1.096844577420197364e-02
-1.098164856576389070e-02
-1.099485573391834059e-02
-1.100806665895226466e-02
-1.102128158852744289e-02
-1.103450061529853699e-02
-1.104772371663376163e-02
-1.106095126960815467e-02
-1.107418250990743758e-02
-1.108741787303058057e-02
-1.110065739088661463e-02
-1.111390098926889891e-02
-1.112714864045472041e-02
-1.114040043984654282e-02
-1.115365636373721880e-02
-1.116691656511492603e-02
-1.118018087385586057e-02
-1.119344923927434454e-02
-1.120672201127004275e-02
-1.121999911744031575e-02
-1.123327998117162885e-02
-1.124656503968735066e-02
-1.125985430870257709e-02
-1.127314772791099262e-02
-1.128644568989189967e-02
-1.129974742775585739e-02
-1.131305351857603281e-02
-1.132636378489648710e-02
-1.133967817392256272e-02
-1.135299714923132530e-02
-1.136632004784665639e-02
-1.137964714721251269e-02
-1.139297851170595344e-02
-1.140631409454317957e-02
-1.141965386706156327e-02
-1.143299793143359722e-02
-1.144634625994067623e-02
-1.145969895555121187e-02
-1.147305580591062579e-02
-1.148641697619001700e-02
-1.149978261960626913e-02
-1.151315241621042595e-02
-1.152652645588858604e-02
-1.153990484451961063e-02
-1.155328755374418481e-02
-1.156667481235629236e-02
-1.158006615678719431e-02
-1.159346188027599034e-02
-1.160686208732442104e-02
-1.162026652333725263e-02
-1.163367536192883023e-02
-1.164708902298405846e-02
-1.166050665357920568e-02
-1.167392860780902542e-02
-1.168735499688899893e-02
-1.170078579124766982e-02
-1.171422149796153001e-02
-1.172766109898992770e-02
-1.174110516854098840e-02
-1.175455374480838255e-02
-1.176800673906330807e-02
-1.178146412108660446e-02
-1.179492600677478631e-02
-1.180839236594577457e-02
-1.182186331684875746e-02
-1.183533869463437860e-02
-1.184881857335973177e-02
-1.186230320581149744e-02
-1.187579208347155912e-02
-1.188928553039381164e-02
-1.190278358967966632e-02
-1.191628616610507230e-02
-1.192979330377363922e-02
-1.194330548489319632e-02
-1.195682173445899998e-02
-1.197034276630781768e-02
-1.198386836053977333e-02
-1.199739845227665302e-02
-1.201093362281402399e-02
-1.202447296883601968e-02
-1.203801695835315932e-02
-1.205156567820542257e-02
-1.206511902742701814e-02
-1.207867697129494378e-02
-1.209223964363392856e-02
-1.210580701453500829e-02
-1.211937921623573722e-02
-1.213295597775376766e-02
-1.214653751499372714e-02
-1.216012403802857467e-02
-1.217371512110088094e-02
-1.218731088874691615e-02
-1.220091148162782968e-02
-1.221451686898522571e-02
-1.222812735496703329e-02
-1.224174232621666469e-02
-1.225536217458644828e-02
-1.226898704521917072e-02
-1.228261659927543104e-02
-1.229625107127962913e-02
-1.230989085029199348e-02
-1.232353515477102590e-02
-1.233718428230357045e-02
-1.235083838416461965e-02
-1.236449742831469134e-02
-1.237816190563656438e-02
-1.239183083157924248e-02
-1.240550479099522541e-02
-1.241918384587403779e-02
-1.243286787065966958e-02
-1.244655683099715748e-02
-1.246025088688507143e-02
-1.247395000524498254e-02
-1.248765444822386161e-02
-1.250136393797696144e-02
-1.251507839089027740e-02
-1.252879840615284124e-02
-1.254252368942521123e-02
-1.255625362709777981e-02
-1.256998879394721769e-02
-1.258372921019590418e-02
-1.259747478860895331e-02
-1.261122601708364321e-02
-1.262498197092631891e-02
-1.263874345751325734e-02
-1.265251017790769428e-02
-1.266628204271891267e-02
-1.268005966174545751e-02
-1.269384230246706213e-02
-1.270763025064625129e-02
-1.272142363145412070e-02
-1.273522247586322820e-02
-1.274902668652178050e-02
-1.276283660855870306e-02
-1.277665161044250208e-02
-1.279047238032160472e-02
-1.280429859880027887e-02
-1.281813017380040165e-02
-1.283196757631033247e-02
-1.284581038943177766e-02
-1.285965873587380237e-02
-1.287351275345149926e-02
-1.288737223155189682e-02
-1.290123791050290514e-02
-1.291510941256268641e-02
-1.292898600610370430e-02
-1.294286864311067209e-02
-1.295675697585385588e-02
-1.297065090444704527e-02
-1.298455114880214811e-02
-1.299845684740241758e-02
-1.301236833915642155e-02
-1.302628577686182343e-02
-1.304020892960477962e-02
-1.305413881493133754e-02
-1.306807439730872655e-02
-1.308201550832310822e-02
-1.309596270208779334e-02
-1.310991601775823856e-02
-1.312387533870185141e-02
-1.313784110472682176e-02
-1.315181251839658838e-02
-1.316579044961041500e-02
-1.317977450120344507e-02
-1.319376455931420278e-02
-1.320776152256042391e-02
-1.322176490729143339e-02
-1.323577388545760236e-02
-1.324978927866193867e-02
-1.326381113026720016e-02
-1.327783931282200403e-02
-1.329187452222990729e-02
-1.330591545883863525e-02
-1.331996329246554200e-02
-1.333401758571484130e-02
-1.334807821308514608e-02
-1.336214605465102512e-02
-1.337622008826366837e-02
-1.339030071119806653e-02
-1.340438812274857838e-02
-1.341848236145848361e-02
-1.343258329072405388e-02
-1.344669144841681430e-02
-1.346080585790621065e-02
-1.347492758280266489e-02
-1.348905613569362227e-02
-1.350319137246536183e-02
-1.351733403024479863e-02
-1.353148344968913008e-02
-1.354563983194689847e-02
-1.355980339324447392e-02
-1.357397380039715440e-02
-1.358815219372622174e-02
-1.360233793055987128e-02
-1.361653000206641817e-02
-1.363072980973900616e-02
-1.364493681554224125e-02
-1.365915085711200128e-02
-1.367337274836177841e-02
-1.368760173203542596e-02
-1.370183803697322400e-02
-1.371608189078643569e-02
-1.373033292416447892e-02
-1.374459237064507011e-02
-1.375885864897707922e-02
-1.377313238733990364e-02
-1.378741381412507128e-02
-1.380170295787919166e-02
-1.381599963345803150e-02
-1.383030421779107844e-02
-1.384461601751107995e-02
-1.385893603505827798e-02
-1.387326366045493753e-02
-1.388759869796030166e-02
-1.390194215453288695e-02
-1.391629352197942815e-02
-1.393065191641995604e-02
-1.394501818319182629e-02
-1.395939232839749078e-02
-1.397377392818832664e-02
-1.398816330081786852e-02
-1.400256044304104552e-02
-1.401696566614729633e-02
-1.403137822248456956e-02
-1.404579862846055960e-02
-1.406022739368695262e-02
-1.407466334597518021e-02
-1.408910698919563220e-02
-1.410355850654843035e-02
-1.411801756036257238e-02
-1.413248401931810339e-02
-1.414695815680788726e-02
-1.416143983462636591e-02
-1.417592931080291496e-02
-1.419042584599128354e-02
-1.420492988926003175e-02
-1.421944164252775256e-02
-1.423396044838809438e-02
-1.424848631598329973e-02
-1.426301946874208859e-02
-1.427755975212730011e-02
-1.429210752808274254e-02
-1.430666178442530079e-02
-1.432122305505467708e-02
-1.433579151858976886e-02
-1.435036642199705170e-02
-1.436494810793997878e-02
-1.437953704915728714e-02
-1.439413197434280534e-02
-1.440873320295188442e-02
-1.442334088022878547e-02
-1.443795484730681089e-02
-1.445257584925463412e-02
-1.446720256871592003e-02
-1.448183494735844068e-02
-1.449647332923442722e-02
-1.451111762008094885e-02
-1.452576761008350648e-02
-1.454042333246352570e-02
-1.455508447142050965e-02
-1.456975138476346299e-02
-1.458442365523204831e-02
-1.459910110220863366e-02
-1.461378420983860948e-02
-1.462847270850953230e-02
-1.464316570658952266e-02
-1.465786375717403889e-02
-1.467256677778205898e-02
-1.468727461305985305e-02
-1.470198772127440101e-02
-1.471670498125499105e-02
-1.473142706512564626e-02
-1.474615362435860444e-02
-1.476088463423552710e-02
-1.477562062120629793e-02
-1.479036052037363547e-02
-1.480510476275864740e-02
-1.481985335031543727e-02
-1.483460614894438478e-02
-1.484936308877093936e-02
-1.486412419965110754e-02
-1.487888941387305319e-02
-1.489365875699488750e-02
-1.490843203833314146e-02
-1.492320933043644882e-02
-1.493799080270685753e-02
-1.495277599631616994e-02
-1.496756505104090973e-02
-1.498235799612668284e-02
-1.499715478920859990e-02
-1.501195564814572503e-02
-1.502676006020176036e-02
-1.504156827918556871e-02
-1.505638031808387289e-02
-1.507119606707252313e-02
-1.508601557445932162e-02
-1.510083881649548765e-02
-1.511566582830958794e-02
-1.513049654027975865e-02
-1.514533099083092971e-02
-1.516016916194196096e-02
-1.517501160496614876e-02
-1.518985720407439732e-02
-1.520470654061145677e-02
-1.521955962957866060e-02
-1.523441643709089188e-02
-1.524927695320121845e-02
-1.526414122828279041e-02
-1.527900925477854166e-02
-1.529388108707285809e-02
-1.530875666498876519e-02
-1.532363602622721643e-02
-1.533851929337837205e-02
-1.535340624739578441e-02
-1.536829704318809497e-02
-1.538319171088464721e-02
-1.539809025655702879e-02
-1.541299265973206101e-02
-1.542789935008626045e-02
-1.544280952038223909e-02
-1.545772371336207041e-02
-1.547264183938457105e-02
-1.548756388110172910e-02
-1.550249031968153890e-02
-1.551742041136272565e-02
-1.553235452059520405e-02
-1.554729271066557228e-02
-1.556223501240683316e-02
-1.557718140265751394e-02
-1.559213204127707364e-02
-1.560708668115606823e-02
-1.562204562841018607e-02
-1.563700876719831268e-02
-1.565197607483548303e-02
-1.566694777808097516e-02
-1.568192370766452459e-02
-1.569690393791212113e-02
-1.571188855219385339e-02
-1.572687746885959026e-02
-1.574187106438951211e-02
-1.575686938308107354e-02
-1.577187167475069263e-02
-1.578687863627992183e-02
-1.580189024514155882e-02
-1.581690627214016320e-02
-1.583192736296601399e-02
-1.584695290759707831e-02
-1.586198327084986648e-02
-1.587701811384267803e-02
-1.589205753186517800e-02
-1.590710221735669450e-02
-1.592215154467990779e-02
-1.593720586281821561e-02
-1.595226484992329219e-02
-1.596732891585661562e-02
-1.598239776790189026e-02
-1.599747184329469718e-02
-1.601255144980917589e-02
-1.602763564462350576e-02
-1.604272489821234604e-02
-1.605781922421678498e-02
-1.607291911080566127e-02
-1.608802457742897207e-02
-1.610313486545711381e-02
-1.611825060626748130e-02
-1.613337185737240276e-02
-1.614849856424882546e-02
-1.616363128032216601e-02
-1.617876905414528110e-02
-1.619391278403092826e-02
-1.620906219142204119e-02
-1.622421721545186379e-02
-1.623937854741319686e-02
-1.625454546375026954e-02
-1.626971829869972019e-02
-1.628489724462267585e-02
-1.630008237874625010e-02
-1.631527363481233284e-02
-1.633047159056577602e-02
-1.634567585242585608e-02
-1.636088633992083263e-02
-1.637610355445029420e-02
-1.639132696901868247e-02
-1.640655737556928617e-02
-1.642179510407026921e-02
-1.643703894948911337e-02
-1.645228989127323072e-02
-1.646754743313771918e-02
-1.648281246522520505e-02
-1.649808532801255723e-02
-1.651336474347453454e-02
-1.652865165010841686e-02
-1.654394601022013411e-02
-1.655924788013829474e-02
-1.657455789780692967e-02
-1.658987564720448837e-02
-1.660520130412401762e-02
-1.662053503703742052e-02
-1.663587685770961944e-02
-1.665122790084261339e-02
-1.666658700138912153e-02
-1.668195444419395823e-02
-1.669733056362709966e-02
-1.671271587493483590e-02
-1.672811004047480843e-02
-1.674351333301982159e-02
-1.675892604815276687e-02
-1.677434790970011580e-02
-1.678977904812484212e-02
-1.680521940516466195e-02
-1.682066981551033624e-02
-1.683612944320911353e-02
-1.685159833636051818e-02
-1.686707657544705974e-02
-1.688256451136127545e-02
-1.689806153656692178e-02
-1.691356789432763019e-02
-1.692908258303060798e-02
-1.694460628215344045e-02
-1.696013812733443427e-02
-1.697567769697116979e-02
-1.699122505689876217e-02
-1.700677923604110298e-02
-1.702233977538147869e-02
-1.703790619305634024e-02
-1.705347793776346155e-02
-1.706905425570326429e-02
-1.708463473517884967e-02
-1.710021836354846947e-02
-1.711580477519092369e-02
-1.713139327868495876e-02
-1.714698331321928837e-02
-1.716257460058068229e-02
-1.717816618535683570e-02
-1.719375804482836667e-02
-1.720934962878306607e-02
-1.722494071898128531e-02
-1.724053105348077874e-02
-1.725612057882208727e-02
-1.727170896892527008e-02
-1.728729611799539878e-02
-1.730288222926557040e-02
-1.731846708974327242e-02
-1.733405131997589610e-02
-1.734963391333532723e-02
-1.736521572570481897e-02
-1.738079658627555979e-02
-1.739637670517213408e-02
-1.741195663638972491e-02
-1.742753576788169667e-02
-1.744311450483326809e-02
-1.745869315198211869e-02
-1.747427164694559387e-02
-1.748985042889117381e-02
-1.750542944943334067e-02
-1.752100880785967263e-02
-1.753658889770537410e-02
-1.755216969517370273e-02
-1.756775139859068080e-02
-1.758333424341995688e-02
-1.759891862275175800e-02
-1.761450385071472446e-02
-1.763009065153697819e-02
-1.764567884949796994e-02
-1.766126878796980826e-02
-1.767686111161781426e-02
-1.769245486203763207e-02
-1.770805052729851337e-02
-1.772364837182482944e-02
-1.773924853474173613e-02
-1.775485149764133297e-02
-1.777045641575869528e-02
-1.778606388180370423e-02
-1.780167395164167221e-02
-1.781728672046722917e-02
-1.783290230041989499e-02
-1.784852074149434475e-02
-1.786414211566711430e-02
-1.787976648048938966e-02
-1.789539394132522165e-02
-1.791102454450232973e-02
-1.792665851482067030e-02
-1.794229559965787590e-02
-1.795793601109241244e-02
-1.797357981701885876e-02
-1.798922706878736122e-02
-1.800487800687256001e-02
-1.802053230719113941e-02
-1.803619022215130485e-02
-1.805185182952295797e-02
-1.806751710329035365e-02
-1.808318614017623283e-02
-1.809885951178114016e-02
-1.811453622911685102e-02
-1.813021681574322752e-02
-1.814590133853666298e-02
-1.816158978064175145e-02
-1.817728283924147092e-02
-1.819297939686315146e-02
-1.820867998067332572e-02
-1.822438469424181307e-02
-1.824009354188127485e-02
-1.825580652872327292e-02
-1.827152375412754992e-02
-1.828724527531278010e-02
-1.830297102939704157e-02
-1.831870111986488858e-02
-1.833443555155267468e-02
-1.835017460830279390e-02
-1.836591778510410222e-02
-1.838166541758745609e-02
-1.839741755692969605e-02
-1.841317415690635340e-02
-1.842893520841704103e-02
-1.844470082497229324e-02
-1.846047100179348810e-02
-1.847624585734619629e-02
-1.849202519899650898e-02
-1.850780917433747508e-02
-1.852359779080192670e-02
-1.853939116984915092e-02
-1.855518921983367875e-02
-1.857099197896028286e-02
-1.858679953717090605e-02
-1.860261181343036974e-02
-1.861842889793696720e-02
-1.863425077648817041e-02
-1.865007761378734141e-02
-1.866590917718413678e-02
-1.868174563168756297e-02
-1.869758696009971022e-02
-1.871343329538777134e-02
-1.872928448593857986e-02
-1.874514066587251726e-02
-1.876100181476147988e-02
-1.877686822849411463e-02
-1.879273933161818011e-02
-1.880861549927159704e-02
-1.882449687224929669e-02
-1.884038314173064332e-02
-1.885627453022864497e-02
-1.887217167586352495e-02
-1.888807331326769479e-02
-1.890397999446391530e-02
-1.891989186422038394e-02
-1.893580889579049575e-02
-1.895173181967702014e-02
-1.896765918101961379e-02
-1.898359179789133044e-02
-1.899952973126228795e-02
-1.901547286363214351e-02
-1.903142116409628493e-02
-1.904737478488005564e-02
-1.906333378847224758e-02
-1.907929800507446316e-02
-1.909526758970170324e-02
-1.911124251076445901e-02
-1.912722311211445536e-02
-1.914320870381436279e-02
-1.915919972530133464e-02
-1.917519624021524205e-02
-1.919119811870184655e-02
-1.920720532534681002e-02
-1.922321802220516851e-02
-1.923923617446721135e-02
-1.925525994701060561e-02
-1.927128900356855912e-02
-1.928732360965612624e-02
-1.930336449495373419e-02
-1.931941019343907939e-02
-1.933546138263064762e-02
-1.935151810218915802e-02
-1.936758047024655927e-02
-1.938364834450612140e-02
-1.939972184363369934e-02
-1.941580092906580735e-02
-1.943188582725174918e-02
-1.944797618007176876e-02
-1.946407221450152658e-02
-1.948017389067746574e-02
-1.949628133111136474e-02
-1.951239438642560220e-02
-1.952851317968740119e-02
-1.954463766974656735e-02
-1.956076831165420860e-02
-1.957690429190062087e-02
-1.959304612259249456e-02
-1.960919390232751525e-02
-1.962534727859155392e-02
-1.964150654829588394e-02
-1.965767248363725628e-02
-1.967384346811817952e-02
-1.969002018581444968e-02
-1.970620282459012440e-02
-1.972239133959308166e-02
-1.973858661975314011e-02
-1.975478686962328645e-02
-1.977099309637297964e-02
-1.978720537166733795e-02
-1.980342353398290012e-02
-1.981964753427012393e-02
-1.983587756708249383e-02
-1.985211370731387870e-02
-1.986835572499079383e-02
-1.988460381735102089e-02
-1.990085793618801002e-02
-1.991711852588540221e-02
-1.993338467788674517e-02
-1.994965696092088070e-02
-1.996593545087621546e-02
-1.998221997558757845e-02
-1.999851048389766905e-02
-2.001480718050752117e-02
-2.003111001530966107e-02
-2.004741919586461307e-02
-2.006373428635765954e-02
-2.008005562350823059e-02
-2.009638354477571998e-02
-2.011271735439490449e-02
-2.012905738972281533e-02
-2.014540379656915015e-02
-2.016175639334083503e-02
-2.017811512622658121e-02
-2.019448021082470568e-02
-2.021085159438607004e-02
-2.022722949542477000e-02
-2.024361345493763675e-02
-2.026000382751746987e-02
-2.027640096691230021e-02
-2.029280414328404891e-02
-2.030921357137438488e-02
-2.032562947502247752e-02
-2.034205179944814645e-02
-2.035848104910797929e-02
-2.037491619224995887e-02
-2.039135787464241290e-02
-2.040780632650562865e-02
-2.042426099268657147e-02
-2.044072224707071950e-02
-2.045719099782650208e-02
-2.047366540520856315e-02
-2.049014637795365523e-02
-2.050663407790676018e-02
-2.052312815475876295e-02
-2.053963005993231228e-02
-2.055613797194111303e-02
-2.057265201475999561e-02
-2.058917279608818429e-02
-2.060570033568476234e-02
-2.062223449759237326e-02
-2.063877575034922529e-02
-2.065532351418464252e-02
-2.067187795120184468e-02
-2.068843923254004569e-02
-2.070500706597400153e-02
-2.072158240049271072e-02
-2.073816506488945777e-02
-2.075475343731925104e-02
-2.077134874448804958e-02
-2.078795100756625214e-02
-2.080456008359488074e-02
-2.082117706712993677e-02
-2.083779982201594549e-02
-2.085442993199293493e-02
-2.087106692872675584e-02
-2.088771066642614027e-02
-2.090436242916393628e-02
-2.092102036320697689e-02
-2.093768525832706562e-02
-2.095435730033934352e-02
-2.097103651217213649e-02
-2.098772274343785327e-02
-2.100441651674422872e-02
-2.102111684448904061e-02
-2.103782476602411577e-02
-2.105453978737492626e-02
-2.107126175527718193e-02
-2.108799137846173455e-02
-2.110472799614449002e-02
-2.112147179479617609e-02
-2.113822297139311690e-02
-2.115498119350045503e-02
-2.117174754909978418e-02
-2.118852184705322106e-02
-2.120530222467553738e-02
-2.122209045741674238e-02
-2.123888602310997076e-02
-2.125568876018546494e-02
-2.127250011201320401e-02
-2.128931799580002782e-02
-2.130614330171631821e-02
-2.132297623939538589e-02
-2.133981645726645837e-02
-2.135666548509873586e-02
-2.137352204102060949e-02
-2.139038613368615671e-02
-2.140725742132509879e-02
-2.142413668880849276e-02
-2.144102317973928251e-02
-2.145791808921604371e-02
-2.147482143971779500e-02
-2.149173170783691411e-02
-2.150864969990839981e-02
-2.152557503022378693e-02
-2.154250892963471831e-02
-2.155945141947246402e-02
-2.157640093540047488e-02
-2.159335830479003349e-02
-2.161032396313677939e-02
-2.162729710647803838e-02
-2.164427940362467773e-02
-2.166126884397368002e-02
-2.167826627484215063e-02
-2.169527214523880865e-02
-2.171228562802629547e-02
-2.172930782429627339e-02
-2.174633877105192070e-02
-2.176337781773551860e-02
-2.178042462502838283e-02
-2.179748006456161402e-02
-2.181454327952303540e-02
-2.183161563342994604e-02
-2.184869624498775309e-02
-2.186578474954836704e-02
-2.188288159689055767e-02
-2.189998658939507070e-02
-2.191710067274954543e-02
-2.193422296942715288e-02
-2.195135373632994824e-02
-2.196849323965621714e-02
-2.198564104391786955e-02
-2.200279860135090360e-02
-2.201996520857951722e-02
-2.203713929930040116e-02
-2.205432278897068166e-02
-2.207151498888770824e-02
-2.208871568868686630e-02
-2.210592635126884531e-02
-2.212314514032642787e-02
-2.214037278084790561e-02
-2.215760955935974774e-02
-2.217485501001026371e-02
-2.219211115182495586e-02
-2.220937583914606162e-02
-2.222664879670843696e-02
-2.224393108699518340e-02
-2.226122275449804455e-02
-2.227852357451565180e-02
-2.229583437698068327e-02
-2.231315415234813582e-02
-2.233048319914165969e-02
-2.234782182591610322e-02
-2.236516953279943376e-02
-2.238252772212789843e-02
-2.239989438690348500e-02
-2.241727080059119359e-02
-2.243465714472214767e-02
-2.245205304665631729e-02
-2.246945840443703712e-02
-2.248687368533730524e-02
-2.250429878958271068e-02
-2.252173419427305756e-02
-2.253917893282908480e-02
-2.255663377247651979e-02
-2.257409948981348169e-02
-2.259157451994564525e-02
-2.260905963991777234e-02
-2.262655519154677108e-02
-2.264406077319236488e-02
-2.266157627414600029e-02
-2.267910219482105472e-02
-2.269663842643365737e-02
-2.271418547915837749e-02
-2.273174231335761686e-02
-2.274930975005107214e-02
-2.276688861945808107e-02
-2.278447724029741828e-02
-2.280207612200380041e-02
-2.281968578761994770e-02
-2.283730611984247094e-02
-2.285493829800755439e-02
-2.287258026105576381e-02
-2.289023302164738816e-02
-2.290789745095511698e-02
-2.292557260133754049e-02
-2.294325817877673757e-02
-2.296095589478530652e-02
-2.297866344594945431e-02
-2.299638170413065286e-02
-2.301411121754459721e-02
-2.303185185319800432e-02
-2.304960519030430088e-02
-2.306736801042497120e-02
-2.308514223604263282e-02
-2.310292807539082727e-02
-2.312072504127127281e-02
-2.313853298687196247e-02
-2.315635247006286868e-02
-2.317418369793899924e-02
-2.319202598898073564e-02
-2.320987972338151017e-02
-2.322774483587652927e-02
-2.324562241778960203e-02
-2.326351052946440401e-02
-2.328141025917340734e-02
-2.329932144326407606e-02
-2.331724445652894051e-02
-2.333517876897950316e-02
-2.335312475126194443e-02
-2.337108222910166955e-02
-2.338905193160767393e-02
-2.340703259141529990e-02
-2.342502493220766091e-02
-2.344302876851545037e-02
-2.346104463611886626e-02
-2.347907189082498736e-02
-2.349711060986525712e-02
-2.351516113707408095e-02
-2.353322291196557892e-02
-2.355129627092156230e-02
-2.356938100794503388e-02
-2.358747798266569440e-02
-2.360558564936110493e-02
-2.362370485764875294e-02
-2.364183617152204597e-02
-2.365997815848219776e-02
-2.367813103052818224e-02
-2.369629525587346741e-02
-2.371447060860942813e-02
-2.373265799243717833e-02
-2.375085558675560371e-02
-2.376906412403578805e-02
-2.378728403063934405e-02
-2.380551440797307183e-02
-2.382375551729198904e-02
-2.384200794725677142e-02
-2.386027029047121939e-02
-2.387854281988988081e-02
-2.389682592550368412e-02
-2.391511937125756493e-02
-2.393342403250631190e-02
-2.395173775702219565e-02
-2.397006171864590751e-02
-2.398839597884827590e-02
-2.400674001265690194e-02
-2.402509360248628045e-02
-2.404345709387722962e-02
-2.406183054371446861e-02
-2.408021332486054433e-02
-2.409860577480216204e-02
-2.411700769048330528e-02
-2.413541956977627301e-02
-2.415384009582577374e-02
-2.417226991009024939e-02
-2.419070890029273446e-02
-2.420915728103834041e-02
-2.422761463662137515e-02
-2.424608119505167192e-02
-2.426455681354999783e-02
-2.428304198501440858e-02
-2.430153583655614291e-02
-2.432003900761947612e-02
-2.433855209519875107e-02
-2.435707374316409268e-02
-2.437560463817400880e-02
-2.439414509873827352e-02
-2.441269482306074323e-02
-2.443125376647714564e-02
-2.444982243786819609e-02
-2.446840082690038276e-02
-2.448698950382433015e-02
-2.450558764344146212e-02
-2.452419614185097352e-02
-2.454281552622050722e-02
-2.456144523443282157e-02
-2.458008550560364380e-02
-2.459873709927173913e-02
-2.461740013647850667e-02
-2.463607603924311551e-02
-2.465476374531461179e-02
-2.467346336041020827e-02
-2.469217639189424940e-02
-2.471090256468311264e-02
-2.472964245556541485e-02
-2.474839679980700424e-02
-2.476716636927600579e-02
-2.478595111644288362e-02
-2.480475148627214743e-02
-2.482356837264043659e-02
-2.484240394057846135e-02
-2.486125696821051001e-02
-2.488012850223808581e-02
-2.489901922465476147e-02
-2.491793101216421835e-02
-2.493686347164281170e-02
-2.495581873712982013e-02
-2.497479827689963461e-02
-2.499380135633899602e-02
-2.501283042175661553e-02
-2.503188606781359127e-02
-2.505097001865386197e-02
-2.507008165345037121e-02
-2.508922378654765417e-02
-2.510839675709186647e-02
-2.512760248963552545e-02
-2.514683982983989541e-02
-2.516611147320646502e-02
-2.518541657395800826e-02
-2.520475674436206681e-02
-2.522413090150299464e-02
-2.524353980726778968e-02
-2.526298116866354526e-02
-2.528245490097202897e-02
-2.530195889201836135e-02
-2.532148908827180911e-02
-2.534104331808384458e-02
-2.536061666190514430e-02
-2.538020501963200726e-02
-2.539980283036369357e-02
-2.541940476703274943e-02
-2.543900560304690472e-02
-2.545859936708072535e-02
-2.547818106155630424e-02
-2.549774574346397316e-02
-2.551728992547208641e-02
-2.553680881497932820e-02
-2.555630078367687741e-02
-2.557576196717958883e-02
-2.559519128285059342e-02
-2.561458897694213199e-02
-2.563395292701986516e-02
-2.565328488004259277e-02
-2.567258340284017670e-02
-2.569185076702618087e-02
-2.571108518906461970e-02
-2.573028932402099400e-02
-2.574946412058187750e-02
-2.576861153428133822e-02
-2.578773013503810052e-02
-2.580682327761596451e-02
-2.582589262729151347e-02
-2.584493906493789961e-02
-2.586396152999004272e-02
-2.588296337778617229e-02
-2.590194547337021369e-02
-2.592090713036709904e-02
-2.593985119368324987e-02
-2.595877851859451635e-02
-2.597769003503780372e-02
-2.599658475760291410e-02
-2.601546571094948135e-02
-2.603433292710932712e-02
-2.605318736985584582e-02
-2.607202837817268470e-02
-2.609085799909416359e-02
-2.610967716987688814e-02
-2.612848577938398087e-02
-2.614728410787214852e-02
-2.616607360757872147e-02
-2.618485390760727505e-02
-2.620362612802640268e-02
-2.622238977098156898e-02
-2.624114590850712414e-02
-2.625989446588050669e-02
-2.627863658438100991e-02
-2.629737283262012504e-02
-2.631610292145503127e-02
-2.633482740449655246e-02
-2.635354604009065849e-02
-2.637226050070839989e-02
-2.639097013680768988e-02
-2.640967507621783117e-02
-2.642837612201054398e-02
-2.644707369167620392e-02
-2.646576770986663885e-02
-2.648445849941516439e-02
-2.650314573316636668e-02
-2.652183047486122991e-02
-2.654051259865963797e-02
-2.655919185658373038e-02
-2.657786936866790573e-02
-2.659654481058471021e-02
-2.661521849264880668e-02
-2.663389036487340267e-02
-2.665256094314449875e-02
-2.667123007120530964e-02
-2.668989806899746409e-02
-2.670856527654197343e-02
-2.672723158284706635e-02
-2.674589712754527060e-02
-2.676456196505638818e-02
-2.678322650696340901e-02
-2.680189095676077660e-02
-2.682055520022985640e-02
-2.683921929217558677e-02
-2.685788365342423045e-02
-2.687654818391282951e-02
-2.689521306629483188e-02
-2.691387829960001365e-02
-2.693254428312419346e-02
-2.695121088338947590e-02
-2.696987814386953008e-02
-2.698854623753754733e-02
-2.700721536383965393e-02
-2.702588596406652055e-02
-2.704455742028133436e-02
-2.706322988915121908e-02
-2.708190374562280400e-02
-2.710057915870278666e-02
-2.711925605966558628e-02
-2.713793423405097549e-02
-2.715661435220317887e-02
-2.717529616685698812e-02
-2.719397976545701034e-02
-2.721266528172172627e-02
-2.723135258807285464e-02
-2.725004213933635011e-02
-2.726873363820436769e-02
-2.728742732357403167e-02
-2.730612330886961203e-02
-2.732482144806647195e-02
-2.734352201468703836e-02
-2.736222500674201363e-02
-2.738093043817235728e-02
-2.739963844720838537e-02
-2.741834890234295941e-02
-2.743706209904839266e-02
-2.745577797677289933e-02
-2.747449654825639964e-02
-2.749321796232839787e-02
-2.751194220256225620e-02
-2.753066941878579144e-02
-2.754939947133017153e-02
-2.756813252395051705e-02
-2.758686859888870302e-02
-2.760560774688169960e-02
-2.762435014684527790e-02
-2.764309558297939340e-02
-2.766184422262973897e-02
-2.768059610415440908e-02
-2.769935128131628677e-02
-2.771810979126454466e-02
-2.773687167110971963e-02
-2.775563697000404950e-02
-2.777440571714429041e-02
-2.779317795328362095e-02
-2.781195370390243671e-02
-2.783073305737038261e-02
-2.784951639277821744e-02
-2.786830293766595634e-02
-2.788709315340376360e-02
-2.790588708243202376e-02
-2.792468473645659532e-02
-2.793408439401567911e-02
