5.152012212045521400e-01
5.151724496287434230e-01
5.151438480808500087e-01
5.151167202241044851e-01
5.150884608455221780e-01
5.150616550394583326e-01
5.150337217673788270e-01
5.150072160616897543e-01
5.149795835577517522e-01
5.149533537975571340e-01
5.149259983610314784e-01
5.149000239244470034e-01
5.148729262811940766e-01
5.148471908376877071e-01
5.148203359577764315e-01
5.147948270288811301e-01
5.147682035754361785e-01
5.147416949254627339e-01
5.147165111625831013e-01
5.146890146983308378e-01
5.146640424518114099e-01
5.146391696971225338e-01
5.146143955043966933e-01
5.145873409684484923e-01
5.145627705014347297e-01
5.145382965814505605e-01
5.145139188286631526e-01
5.144872940952675000e-01
5.144631163525832385e-01
5.144390340443512066e-01
5.144150470128457941e-01
5.143888475686406725e-01
5.143650597382590783e-01
5.143413672939777248e-01
5.143154892505332754e-01
5.142919967422485694e-01
5.142686000718345030e-01
5.142430451016225534e-01
5.142176047132827055e-01
5.141967510077721792e-01
5.141715218142509647e-01
5.141508449282706783e-01
5.141258280600412567e-01
5.141009275091252828e-01
5.140805258503032826e-01
5.140558396950517528e-01
5.140312708106171691e-01
5.140111468289331187e-01
5.139867939097099159e-01
5.139625590951266698e-01
5.139427144945739601e-01
5.139186968514999343e-01
5.138990338031063088e-01
5.138752336499459172e-01
5.138515520963916616e-01
5.138321695906803432e-01
5.138087053943795057e-01
5.137853594511329058e-01
5.137662566542449127e-01
5.137431266608093461e-01
5.137242036076342666e-01
5.137012880874235465e-01
5.136784886207274026e-01
5.136598400585352664e-01
5.136372512183177141e-01
5.136167761605673343e-01
5.135963957155459392e-01
5.135761090126845785e-01
5.135539395853768729e-01
5.135338449389428295e-01
5.135138402830309312e-01
5.134939241746151461e-01
5.134721525011607390e-01
5.134524164768761167e-01
5.134327638880076261e-01
5.134131929171681374e-01
5.133917887872270214e-01
5.133723818327814437e-01
5.133530500691145804e-01
5.133337911274383769e-01
5.133127166178760303e-01
5.132936022542633481e-01
5.132745532128212274e-01
5.132536986158325876e-01
5.132347778901017454e-01
5.132159144843693177e-01
5.131971058471362923e-01
5.131765009176032510e-01
5.131577982922641556e-01
5.131391425521026894e-01
5.131205309903377199e-01
5.131001289180513458e-01
5.130816020249594489e-01
5.130631119948829699e-01
5.130446566747925985e-01
5.130244137727039133e-01
5.130060235559458226e-01
5.129876612863408791e-01
5.129675122317994829e-01
5.129492016066907745e-01
5.129309126149068643e-01
5.129126431244578344e-01
5.128925853823795844e-01
5.128743500677817035e-01
5.128561278669242496e-01
5.128379167048967568e-01
5.128179122054530303e-01
5.127997168386929649e-01
5.127815256684751244e-01
5.127633364331924959e-01
5.127433452122118762e-01
5.127233507528640155e-01
5.127069561564558953e-01
5.126869489600028862e-01
5.126687361487746175e-01
5.126505132241003793e-01
5.126322789875733532e-01
5.126122238698832545e-01
5.125939624689813678e-01
5.125756873270242986e-01
5.125573982836683085e-01
5.125372818735594027e-01
5.125189647731961395e-01
5.125006353111447588e-01
5.124822946508187371e-01
5.124621257662370644e-01
5.124437661492852181e-01
5.124254001777353018e-01
5.124070296634883892e-01
5.123868363390884362e-01
5.123684631402177780e-01
5.123500920820908133e-01
5.123299057616924612e-01
5.123097276818245893e-01
5.122931971318458455e-01
5.122730420749016522e-01
5.122529039439912557e-01
5.122364139977393371e-01
5.122163150867464765e-01
5.121998623896181213e-01
5.121798125680453451e-01
5.121597936155011244e-01
5.121434144001397737e-01
5.121234594396321116e-01
5.121035429048016452e-01
5.120872552888388052e-01
5.120674157000282278e-01
5.120476211958622237e-01
5.120314405111610068e-01
5.120117339578117432e-01
5.119956295258413226e-01
5.119760165466252788e-01
5.119564565406377055e-01
5.119404776450654504e-01
5.119210177469690759e-01
5.119016136124012739e-01
5.118857668204123135e-01
5.118682126752645001e-01
5.118507063946527991e-01
5.118315100779916582e-01
5.118141039855902408e-01
5.117967453750281726e-01
5.117794340870824854e-01
5.117604487647611222e-01
5.117432348415882348e-01
5.117260668018921432e-01
5.117072352453041484e-01
5.116901605039974044e-01
5.116714289928090409e-01
5.116561412352552685e-01
5.116375023392421006e-01
5.116189124629879625e-01
5.116037415035569191e-01
5.115869215692953054e-01
5.115684628933907518e-01
5.115517255233241745e-01
5.115350273463968866e-01
5.115183681945734140e-01
5.115000839872267946e-01
5.114835072491515922e-01
5.114669707513043173e-01
5.114488222644906212e-01
5.114323732392731525e-01
5.114159680425403032e-01
5.113996087082980369e-01
5.113816609057054707e-01
5.113654050289551112e-01
5.113492033740123510e-01
5.113330592036580136e-01
5.113153613035801293e-01
5.112993512976863331e-01
5.112834131618911870e-01
5.112675528749949239e-01
5.112509830942790767e-01
5.112353024887967834e-01
5.112189372804406551e-01
5.112026912355465136e-01
5.111873488558988932e-01
5.111713701794593501e-01
5.111563083133298102e-01
5.111406516518082199e-01
5.111259287856692035e-01
5.111106627894141941e-01
5.110963530411168909e-01
5.110815650917452935e-01
5.110677626095880832e-01
5.110535637573375700e-01
5.110403875249757144e-01
5.110269149446323711e-01
5.110145054902958117e-01
5.110022145741215382e-01
5.109903931192751880e-01
5.109787559246858901e-01
5.109678381540839753e-01
5.109572172465249862e-01
5.109466501326548338e-01
5.109357588901854985e-01
5.109240746733754168e-01
5.109111758119162516e-01
5.108968754707735593e-01
5.108813230333669742e-01
5.108649300238616853e-01
5.108481857010788163e-01
5.108315047703601008e-01
5.108151687835543742e-01
5.107993372870732740e-01
5.107840837116947030e-01
5.107690715662364100e-01
5.107553696147638655e-01
5.107415522418590204e-01
5.107283121108976420e-01
5.107162424681406243e-01
5.107040630771473300e-01
5.106929693217067134e-01
5.106817736495407045e-01
5.106715895853028986e-01
5.106613146263415670e-01
5.106519834957929938e-01
5.106425705341516297e-01
5.106340337158359333e-01
5.106254156284827372e-01
5.106176004335077900e-01
5.106092739911753942e-01
5.106020919802982672e-01
5.105951634354335411e-01
5.105876836750230519e-01
5.105811476550565775e-01
5.105747187487700289e-01
5.105683338640386593e-01
5.105611712874481567e-01
5.105546387529997787e-01
5.105479039360180105e-01
5.105408718840425131e-01
5.105325787994482445e-01
5.105245952247373653e-01
5.105159939201998620e-01
5.105066711098372734e-01
5.104953980257364021e-01
5.104842597307036600e-01
5.104721293594228770e-01
5.104589482582967408e-01
5.104431593649678689e-01
5.104276782665239098e-01
5.104110943173062465e-01
5.103916131719014038e-01
5.103728397854477850e-01
5.103531177081404024e-01
5.103325333367776384e-01
5.103090449963092468e-01
5.102869879088958172e-01
5.102643989083971432e-01
5.102413931682227011e-01
5.102157877951307707e-01
5.101922738314678130e-01
5.101686807985184036e-01
5.101451056259067585e-01
5.101193456560864092e-01
5.100960875497048130e-01
5.100730980640886258e-01
5.100482342536434288e-01
5.100260091655050010e-01
5.100042322454538812e-01
5.099829494140653008e-01
5.099601754409344156e-01
5.099400532399430697e-01
5.099205399280027917e-01
5.099016663227045054e-01
5.098816731090443088e-01
5.098642316764999682e-01
5.098475190145895786e-01
5.098315639579442671e-01
5.098148881337636329e-01
5.098006140484248050e-01
5.097871945872504140e-01
5.097734032660993231e-01
5.097618914063729578e-01
5.097513572347496247e-01
5.097418484955221762e-01
5.097329763827009863e-01
5.097257344838759252e-01
5.097193639232781015e-01
5.097146513511914279e-01
5.097110764199552779e-01
5.097091877941606342e-01
5.097087196461289604e-01
5.097099367161854744e-01
5.097128195422860886e-01
5.097172768899298489e-01
5.097234651206290490e-01
5.097308269656389834e-01
5.097394969716050328e-01
5.097484832687485534e-01
5.097570736417880166e-01
5.097641415844107460e-01
5.097683632266379883e-01
5.097684113318911026e-01
5.097632405871007633e-01
5.097523644073670424e-01
5.097359847398527100e-01
5.097149035106509629e-01
5.096902633137633254e-01
5.096632537578350552e-01
5.096348954851734891e-01
5.096052519884073373e-01
5.095768645931277874e-01
5.095472291073808169e-01
5.095177985076495553e-01
5.094898787053915301e-01
5.094606419489230431e-01
5.094326539285034539e-01
5.094030356257650549e-01
5.093743834242152602e-01
5.093437825084590198e-01
5.093139556868647722e-01
5.092819353829864948e-01
5.092506243057690618e-01
5.092169806493980211e-01
5.091841040488149783e-01
5.091488647117271560e-01
5.091145470427752562e-01
5.090779302799572914e-01
5.090424494233953823e-01
5.090048020126382022e-01
5.089667839147158368e-01
5.089302557711649078e-01
5.088918219009435084e-01
5.088550783760656948e-01
5.088174628555738321e-01
5.087799040715126342e-01
5.087424205058209692e-01
5.087049917945443145e-01
5.086675593618091851e-01
5.086300419372539183e-01
5.085923691668549074e-01
5.085545211689653788e-01
5.085165505492492688e-01
5.084785700592742153e-01
5.084407172127755059e-01
5.084031178070409496e-01
5.083649994392793747e-01
5.083273071779407237e-01
5.082917665724988598e-01
5.082549770457295280e-01
5.082203026162244175e-01
5.081843989777394821e-01
5.081505404087253153e-01
5.081154491168250464e-01
5.080823250341396369e-01
5.080479556255395046e-01
5.080154790811574061e-01
5.079817426945162362e-01
5.079498320955110335e-01
5.079166489765489789e-01
5.078852345576385652e-01
5.078525394613027100e-01
5.078200739879836778e-01
5.077893114356791804e-01
5.077557936223962010e-01
5.077254309025622803e-01
5.076952530667611097e-01
5.076652584797483048e-01
5.076325650150937951e-01
5.076029523610664507e-01
5.075735238733027899e-01
5.075442806486494263e-01
5.075124118492330139e-01
5.074835622985517380e-01
5.074549038381487298e-01
5.074264383353637164e-01
5.073954249028532759e-01
5.073673660690709575e-01
5.073395030546073992e-01
5.073091488585439457e-01
5.072816954408925216e-01
5.072544374403601397e-01
5.072273737883206124e-01
5.071978879701537490e-01
5.071712267231101023e-01
5.071447553931484054e-01
5.071184721909589577e-01
5.070898287003096083e-01
5.070639315476133113e-01
5.070382155603431196e-01
5.070126782322477155e-01
5.069848369766767338e-01
5.069596653310350920e-01
5.069346643336456459e-01
5.069098316970389595e-01
5.068827466484978617e-01
5.068582577102058728e-01
5.068315416780867499e-01
5.068050133009576186e-01
5.067833857964567645e-01
5.067571939117978541e-01
5.067358430944884917e-01
5.067099783579805949e-01
5.066842879495035978e-01
5.066633501981783194e-01
5.066379731941454967e-01
5.066127637942446915e-01
5.065922225271666246e-01
5.065673150473691821e-01
5.065470232394627681e-01
5.065224110519137568e-01
5.064979574676841123e-01
5.064780408948275081e-01
5.064538743594578785e-01
5.064298625353829131e-01
5.064103119637296535e-01
5.063865805068383796e-01
5.063630006711312692e-01
5.063438089884346738e-01
5.063205055143769062e-01
5.063015436847874140e-01
5.062785143008116107e-01
5.062556339784368697e-01
5.062370249950335355e-01
5.062144178996944577e-01
5.061919595222684753e-01
5.061737032012841864e-01
5.061515182959939185e-01
5.061294830320332006e-01
5.061115807839930980e-01
5.060898214598764655e-01
5.060721507714817102e-01
5.060506696580420183e-01
5.060293415481916801e-01
5.060120328703201498e-01
5.059909882697283257e-01
5.059701000834221363e-01
5.059531614224100915e-01
5.059325632477046364e-01
5.059158690202261166e-01
5.058955664284640052e-01
5.058772740188813843e-01
5.058591204068769720e-01
5.058411074094754101e-01
5.058214282078431490e-01
5.058037142059180757e-01
5.057861460235234530e-01
5.057669575309992060e-01
5.057496994830589232e-01
5.057325927949537503e-01
5.057156393161186259e-01
5.056971298799939341e-01
5.056805032189776172e-01
5.056640359515739425e-01
5.056477302021615827e-01
5.056299362015904686e-01
5.056139745716899947e-01
5.055981808210350259e-01
5.055825566773723967e-01
5.055655150298746792e-01
5.055502519773698022e-01
5.055351644484943341e-01
5.055187142893384777e-01
5.055039997800921947e-01
5.054894659059924189e-01
5.054751147043922144e-01
5.054594750304821638e-01
5.054455112923165183e-01
5.054317362049680629e-01
5.054181513852766816e-01
5.054033572439546873e-01
5.053901795151957144e-01
5.053772014927394585e-01
5.053644275095637850e-01
5.053505343228502644e-01
5.053388550387126754e-01
5.053260883198197329e-01
5.053135688654050162e-01
5.053019261904350135e-01
5.052899143026710060e-01
5.052787736245116790e-01
5.052673044355006082e-01
5.052567009072975734e-01
5.052458125886092333e-01
5.052357842950189193e-01
5.052255176889948185e-01
5.052161042296104965e-01
5.052065019312128591e-01
5.051977450635312117e-01
5.051888514514377704e-01
5.051803372391190372e-01
5.051726541358120270e-01
5.051653398951246876e-01
5.051575952479578913e-01
5.051510857915569863e-01
5.051449774751430866e-01
5.051385833640746892e-01
5.051333441734602303e-01
5.051285349045415707e-01
5.051241635395727902e-01
5.051197034096504002e-01
5.051162693209907406e-01
5.051132905857620425e-01
5.051107696367646005e-01
5.051083411399378553e-01
5.051067736075026682e-01
5.051056541918595988e-01
5.051049723257352575e-01
5.051045095249921957e-01
5.051046896069533165e-01
5.051052451494204565e-01
5.051060403475698957e-01
5.051072695062543971e-01
5.051087517239967184e-01
5.051104325254175409e-01
5.051122162781658265e-01
5.051140994212056645e-01
5.051159619453063909e-01
5.051177178725967387e-01
5.051192041506796793e-01
5.051204987616791930e-01
5.051213023615428455e-01
5.051216903695220362e-01
5.051214147087400574e-01
5.051206375019193784e-01
5.051190495310519113e-01
5.051167690990761017e-01
5.051140675960364979e-01
5.051105653337794044e-01
5.051068648627233815e-01
5.051025717926741487e-01
5.050984258117232617e-01
5.050940569385671264e-01
5.050902647948848356e-01
5.050867558744804864e-01
5.050842870449007149e-01
5.050827064796546972e-01
5.050826101895494746e-01
5.050840503005178395e-01
5.050873241211990550e-01
5.050927105624267721e-01
5.051000293608401970e-01
5.051096842055474712e-01
5.051211923908338619e-01
5.051334218694072398e-01
5.051459498643100510e-01
5.051569603926001628e-01
5.051643651539866609e-01
5.051658376343731716e-01
5.051593045769759982e-01
5.051435436605534735e-01
5.051186034722107143e-01
5.050857864668951702e-01
5.050472108467402022e-01
5.050052119913222004e-01
5.049618675858205119e-01
5.049187647197446172e-01
5.048760133365989278e-01
5.048353044324913608e-01
5.047986837346573052e-01
5.047627142410616718e-01
5.047306956246109255e-01
5.046994021899701144e-01
5.046716229277624644e-01
5.046444659773073882e-01
5.046203477792369219e-01
5.045967162049651566e-01
5.045756986701311897e-01
5.045550478573366249e-01
5.045366556028705318e-01
5.045185374211135221e-01
5.045023875226172239e-01
5.044856735365267353e-01
5.044715020583057097e-01
5.044581855833317752e-01
5.044443613065272558e-01
5.044326758487055473e-01
5.044217067467170468e-01
5.044114180742728104e-01
5.044007193717526816e-01
5.043917553228668416e-01
5.043833839986858747e-01
5.043755829983634920e-01
5.043674839843348412e-01
5.043608108559507475e-01
5.043546508175601462e-01
5.043489887371056524e-01
5.043431487476739417e-01
5.043384860152330118e-01
5.043342829888780576e-01
5.043305300267425517e-01
5.043267218168852040e-01
5.043238808790470040e-01
5.043214644174622840e-01
5.043190864061959378e-01
5.043175346217869670e-01
5.043163874252810652e-01
5.043156393158345630e-01
5.043150551674547843e-01
5.043149340489221366e-01
5.043155834922641301e-01
5.043162976324997437e-01
5.043174607044673685e-01
5.043191713241875762e-01
5.043211466345441929e-01
5.043235295099004478e-01
5.043263037016881833e-01
5.043295086992019005e-01
5.043329098414744971e-01
5.043368962263032884e-01
5.043413042271100988e-01
5.043457021489298198e-01
5.043508744765717866e-01
5.043564593878610003e-01
5.043618325446884709e-01
5.043681658489485020e-01
5.043741588399156539e-01
5.043812286728726058e-01
5.043886953832964481e-01
5.043956264547569956e-01
5.044038112545815578e-01
5.044123817262718967e-01
5.044202251232950962e-01
5.044294912031523914e-01
5.044385179980360734e-01
5.044478542605217442e-01
5.044574963014146762e-01
5.044674391100202326e-01
5.044783990708303634e-01
5.044889564619895461e-01
5.044997999015932155e-01
5.045109245059380410e-01
5.045231479592634516e-01
5.045348410570508202e-01
5.045467970176764627e-01
5.045590092460244813e-01
5.045723898544275388e-01
5.045851169328124941e-01
5.045980787271183710e-01
5.046122510092396762e-01
5.046256805763362774e-01
5.046393217302910239e-01
5.046531668202667298e-01
5.046682643833982906e-01
5.046825082139336782e-01
5.046969297404894084e-01
5.047115198972034200e-01
5.047273889623860033e-01
5.047423027658517469e-01
5.047573566811911494e-01
5.047725413882174772e-01
5.047884300653191492e-01
5.048038510675567636e-01
5.048199643649168289e-01
5.048355785603114709e-01
5.048518698394687254e-01
5.048682323347911671e-01
5.048840478636387186e-01
5.049005074292419737e-01
5.049163853558289450e-01
5.049328736909287629e-01
5.049487395198284378e-01
5.049651645378868681e-01
5.049809110609829732e-01
5.049971352498440202e-01
5.050126003304250544e-01
5.050284160556008928e-01
5.050433620767056375e-01
5.050584846814091255e-01
5.050726191181001967e-01
5.050867463257031620e-01
5.050998138865747666e-01
5.051127471237770727e-01
5.051250508508446924e-01
5.051363547403689980e-01
5.051474721430904147e-01
5.051576808100004534e-01
5.051676876651927106e-01
5.051768523670956412e-01
5.051857675729670705e-01
5.051938709795716909e-01
5.052016424713242637e-01
5.052086081078734914e-01
5.052151360079112363e-01
5.052208555527579747e-01
5.052260186105674844e-01
5.052303724170146282e-01
5.052340451209909045e-01
5.052369096136004600e-01
5.052389792295939319e-01
5.052401784462936529e-01
5.052406064190555490e-01
5.052398829781412637e-01
5.052385436301586319e-01
5.052363328626544581e-01
5.052332367142454705e-01
5.052285985975032423e-01
5.052236163971223215e-01
5.052177206188449565e-01
5.052109072079637997e-01
5.052021888370473723e-01
5.051934547155710886e-01
5.051838063828907321e-01
5.051732500387390301e-01
5.051604714636750426e-01
5.051480474525439357e-01
5.051347501944086771e-01
5.051190298068182205e-01
5.051039608433487427e-01
5.050880749072954590e-01
5.050713944817156742e-01
5.050520833809141186e-01
5.050338224652446417e-01
5.050148477901347244e-01
5.049951883839230993e-01
5.049727600240871972e-01
5.049517687302997881e-01
5.049301905892796816e-01
5.049080590626543463e-01
5.048830880186414571e-01
5.048599098332672286e-01
5.048362848676948289e-01
5.048098079723438714e-01
5.047853622694565834e-01
5.047605779172876783e-01
5.047354894382287682e-01
5.047075772694145090e-01
5.046819612365298635e-01
5.046561434033395299e-01
5.046301547505621654e-01
5.046014085297589880e-01
5.045751576255733672e-01
5.045488233951397339e-01
5.045224309466250778e-01
5.044933644881225421e-01
5.044669214524181156e-01
5.044404836088968169e-01
5.044127492299486093e-01
5.043863682408046278e-01
5.043587189769267454e-01
5.043324377465880914e-01
5.043049058832976828e-01
5.042787434070244990e-01
5.042513361876563849e-01
5.042252869158124762e-01
5.041979854298944685e-01
5.041720185522188258e-01
5.041447764854841695e-01
5.041188336357114164e-01
5.040915748474836811e-01
5.040655681405201705e-01
5.040381837886406258e-01
5.040119924485484404e-01
5.039843391979292875e-01
5.039564829147569203e-01
5.039297137700753382e-01
5.038999604559595280e-01
5.038725589137907912e-01
5.038447811083013317e-01
5.038165796012119557e-01
5.037850441944768942e-01
5.037558120664449302e-01
5.037260249621060559e-01
5.036956497677904654e-01
5.036615775373296522e-01
5.036298934464653598e-01
5.035975619270458559e-01
5.035645802205908073e-01
5.035276331924352089e-01
5.034933221107061874e-01
5.034584074189916159e-01
5.034194347464046038e-01
5.033833685334945240e-01
5.033468179553074462e-01
5.033098335611397856e-01
5.032688223805770189e-01
5.032311078698725737e-01
5.031931336202993821e-01
5.031549581804477533e-01
5.031129186084877247e-01
5.030745097417477218e-01
5.030360749721053404e-01
5.029976665884187126e-01
5.029556210045852405e-01
5.029174224923109726e-01
5.028793912949276468e-01
5.028379053254161679e-01
5.028003435135651733e-01
5.027630560011162597e-01
5.027260701689169053e-01
5.026858610487811019e-01
5.026495801806540875e-01
5.026136657264962393e-01
5.025781329602226899e-01
5.025395867673561057e-01
5.025048903133593203e-01
5.024706079841476658e-01
5.024367460994663137e-01
5.024000575329792273e-01
5.023670886283969628e-01
5.023345504814514806e-01
5.023024440743772967e-01
5.022676771569232201e-01
5.022364714232664396e-01
5.022056939478140025e-01
5.021723698211060238e-01
5.021424784612990022e-01
5.021130052472888572e-01
5.020839459591245335e-01
5.020524774275938462e-01
5.020242681189897027e-01
5.019964573739610358e-01
5.019690394376647991e-01
5.019393358217900669e-01
5.019127203046160890e-01
5.018864792098921557e-01
5.018606063571510179e-01
5.018325590707939377e-01
5.018074352398095295e-01
5.017826598322799869e-01
5.017557871368735212e-01
5.017317196628791054e-01
5.017079811279324675e-01
5.016845655230507406e-01
5.016591473494125264e-01
5.016363879616563271e-01
5.016139339272912556e-01
5.015917800258912207e-01
5.015677131696181235e-01
5.015461712160222962e-01
5.015249151141671913e-01
5.015039408230692608e-01
5.014811408470839504e-01
5.014607438930758221e-01
5.014406177042601831e-01
5.014187310376175821e-01
5.013991613902826217e-01
5.013798536064758560e-01
5.013608051652563846e-01
5.013400809629320332e-01
5.013215659958776271e-01
5.013033024203173982e-01
5.012852877597023804e-01
5.012656796269318038e-01
5.012481773437791333e-01
5.012309162783505911e-01
5.012138939142047889e-01
5.011953559735928820e-01
5.011788243212538241e-01
5.011625234080627767e-01
5.011464505813179038e-01
5.011289359329229587e-01
5.011133314718267950e-01
5.010979469856090551e-01
5.010811737205974614e-01
5.010662408700092829e-01
5.010515199052616442e-01
5.010354612170122568e-01
5.010196485564190061e-01
5.010070944719148267e-01
5.009917253658523473e-01
5.009795372015921622e-01
5.009646019728756228e-01
5.009498997895109884e-01
5.009382627299010515e-01
5.009239821635586010e-01
5.009113105735778504e-01
5.008988286375775090e-01
5.008865353024950506e-01
5.008730986832378163e-01
5.008611968583922547e-01
5.008494815154079793e-01
5.008379523172030723e-01
5.008253471889143604e-01
5.008142074628624263e-01
5.008032546560369225e-01
5.007924895954594113e-01
5.007807204792518174e-01
5.007703513930035211e-01
5.007601740963782966e-01
5.007501904495036404e-01
5.007392815828592969e-01
5.007297102960194257e-01
5.007203403170457090e-01
5.007101103920953422e-01
5.007011718226366259e-01
5.006924451688471445e-01
5.006839345291858034e-01
5.006746593523548894e-01
5.006666139447433217e-01
5.006587981931767128e-01
5.006512167491324883e-01
5.006429764285051931e-01
5.006358997588536974e-01
5.006290709134656458e-01
5.006224933154531653e-01
5.006157662904886507e-01
5.006097079104644409e-01
5.006035227202575433e-01
5.005979766022427002e-01
5.005923130223089990e-01
5.005868967786697432e-01
5.005820446115704092e-01
5.005770445871816632e-01
5.005725324995536907e-01
5.005678142137028885e-01
5.005634919994647047e-01
5.005588840267589656e-01
5.005545865039141562e-01
5.005499330283050829e-01
5.005455460227615783e-01
5.005407819673168834e-01
5.005363062009491326e-01
5.005315007587591847e-01
5.005270612517219719e-01
5.005223909783139691e-01
5.005181819095542162e-01
5.005138575417444891e-01
5.005097837248840831e-01
5.005062769720556304e-01
5.005028050267014139e-01
5.004999294113471331e-01
5.004971623258941404e-01
5.004949938986930080e-01
5.004929914588223117e-01
5.004915725444852859e-01
5.004903672155127659e-01
5.004897210728872503e-01
5.004893331083274388e-01
5.004894783875126762e-01
5.004899292411870704e-01
5.004908901827126444e-01
5.004922102851212529e-01
5.004939902285202580e-01
5.004962529771614932e-01
5.004989695789366921e-01
5.005021550266587349e-01
5.005058664520114498e-01
5.005100356285431262e-01
5.005148129239080923e-01
5.005200415071898723e-01
5.005259725962927231e-01
5.005323537319354976e-01
5.005395461009330971e-01
5.005471935995164934e-01
5.005557779283220654e-01
5.005648279401627709e-01
5.005749589460033455e-01
5.005855717051427289e-01
5.005978474876220385e-01
5.006102501094645829e-01
5.006235862130955505e-01
5.006390137368185167e-01
5.006544842207278911e-01
5.006710709308440643e-01
5.006888418443823374e-01
5.007094128284924617e-01
5.007298985832349114e-01
5.007518069112345538e-01
5.007752235777225280e-01
5.008023437389398369e-01
5.008292087131225312e-01
5.008578681600607263e-01
5.008884161463441620e-01
5.009237481252918345e-01
5.009585256873354542e-01
5.009954371842963994e-01
5.010362290815134623e-01
5.010776060416695099e-01
5.011230342489629841e-01
5.011686961659610473e-01
5.012182768512297715e-01
5.012673889891606782e-01
5.013197530682699243e-01
5.013704257602540348e-01
5.014228901310059383e-01
5.014718187163864638e-01
5.015201616432022336e-01
5.015626791088698688e-01
5.016016123266695548e-01
5.016326390553653702e-01
5.016573332345906078e-01
5.016736205223722989e-01
5.016812988850858357e-01
5.016810905142039534e-01
5.016738584069857509e-01
5.016595574120082945e-01
5.016405791768946409e-01
5.016158689398225734e-01
5.015885819295001768e-01
5.015566310569009589e-01
5.015234978757978634e-01
5.014862639152638524e-01
5.014486492366384551e-01
5.014071756748662567e-01
5.013658671966662039e-01
5.013209087727301672e-01
5.012766701320454654e-01
5.012291364814981387e-01
5.011807232710209226e-01
5.011340169022493463e-01
5.010848357386609164e-01
5.010379977316632427e-01
5.009892802614763774e-01
5.009434142505739818e-01
5.008962000707729567e-01
5.008500646668254674e-01
5.008072139194096328e-01
5.007655997997180197e-01
5.007214443591070374e-01
5.006826353244814287e-01
5.006452235791639671e-01
5.006092199398052278e-01
5.005729506915005400e-01
5.005381971640300298e-01
5.005064699722033827e-01
5.004745886218492368e-01
5.004455327646125662e-01
5.004163525923565059e-01
5.003897837636367418e-01
5.003630936723951761e-01
5.003387943408305061e-01
5.003143522830469925e-01
5.002920789743456886e-01
5.002696203434049416e-01
5.002491144938923107e-01
5.002283711137033295e-01
5.002093872982644740e-01
5.001901249506450764e-01
5.001724700557016456e-01
5.001545263319688850e-01
5.001372208596448488e-01
5.001213783157258952e-01
5.001052892045318998e-01
5.000905982169679964e-01
5.000757014912959875e-01
5.000621385272329134e-01
5.000484042572419519e-01
5.000359327911314544e-01
5.000233136701738301e-01
5.000118803787122479e-01
5.000003139288891063e-01
4.999898556048870679e-01
4.999792738417023763e-01
4.999697248760096024e-01
4.999600607320661139e-01
4.999513597101923335e-01
4.999420530120797790e-01
4.999341633478053826e-01
4.999266448414917963e-01
4.999185908405338052e-01
4.999118200636601950e-01
4.999053952849188409e-01
4.998993108933337259e-01
4.998927903646852022e-01
4.998874022676844664e-01
4.998823416702346534e-01
4.998776050390180137e-01
4.998725384833275220e-01
4.998684710344684090e-01
4.998647195311770042e-01
4.998612814436924068e-01
4.998576173678584977e-01
4.998548228109322422e-01
4.998523296449124409e-01
4.998496800075316604e-01
4.998477981165646011e-01
4.998461974911596051e-01
4.998448687328722606e-01
4.998434493997503392e-01
4.998426538310399292e-01
4.998420930750294700e-01
4.998417524102363729e-01
4.998413439665543301e-01
4.998414095161363702e-01
4.998416423576531598e-01
4.998420245168657128e-01
4.998423224856567426e-01
4.998429624137870064e-01
4.998437021308481110e-01
4.998443398582986807e-01
4.998452541866498233e-01
4.998462422092725954e-01
4.998473029119602784e-01
4.998482748079270954e-01
4.998494982367738260e-01
4.998508123285304583e-01
4.998522288594808294e-01
4.998536367036441885e-01
4.998553141901881935e-01
4.998571405202431039e-01
4.998591319961687152e-01
4.998612392556754380e-01
4.998636252238171651e-01
4.998662216930315205e-01
4.998690404685838806e-01
4.998721094953261224e-01
4.998754268032707393e-01
4.998789953611035286e-01
4.998829097348256867e-01
4.998870237302731057e-01
4.998914050983818136e-01
4.998960573989390532e-01
4.999011703261428408e-01
4.999063955205924059e-01
4.999118968991023704e-01
4.999176742304301535e-01
4.999240173481025451e-01
4.999303721073997120e-01
4.999370021232308337e-01
4.999439069766821730e-01
4.999514755532858956e-01
4.999589504085844016e-01
4.999666961385467179e-01
4.999751769918037159e-01
4.999834839253767815e-01
4.999920569997494124e-01
5.000008938798347069e-01
5.000105561931035281e-01
5.000199388193506955e-01
5.000295789618403042e-01
5.000394745807750230e-01
5.000502798161985396e-01
5.000607002181589600e-01
5.000713673316012908e-01
5.000822777517563988e-01
5.000941752312525468e-01
5.001055834638422626e-01
5.001172231344593877e-01
5.001299011215003532e-01
5.001420113120478295e-01
5.001543388932874201e-01
5.001668789499096324e-01
5.001805138397364958e-01
5.001934784935738731e-01
5.002066367495016097e-01
5.002199815986734244e-01
5.002344632900281862e-01
5.002481747596475570e-01
5.002620493987839367e-01
5.002760788768354505e-01
5.002912676914161860e-01
5.003055915230308903e-01
5.003200416146234009e-01
5.003346074950182354e-01
5.003503345569282335e-01
5.003651085399029030e-01
5.003799645709798849e-01
5.003959674711432326e-01
5.004109570734242007e-01
5.004259908246639910e-01
5.004410561007616165e-01
5.004572260783349824e-01
5.004717695773318598e-01
5.004873872249202549e-01
5.005024347290895070e-01
5.005179770828666053e-01
5.005329182613272865e-01
5.005483109839009570e-01
5.005630708099194637e-01
5.005782293586971132e-01
5.005932307004384851e-01
5.006075440750225036e-01
5.006221534320277611e-01
5.006360331516080953e-01
5.006501235382344595e-01
5.006634421090583320e-01
5.006768774521128673e-01
5.006895072086550158e-01
5.007021641177104021e-01
5.007140050200500347e-01
5.007258044071178915e-01
5.007368095398645469e-01
5.007477353503131390e-01
5.007579192680033930e-01
5.007680127644619228e-01
5.007774332619649993e-01
5.007867671226835515e-01
5.007957446912539856e-01
5.008041575243663557e-01
5.008124997636412834e-01
5.008203446146484161e-01
5.008281336017289531e-01
5.008354895422044706e-01
5.008428120288296315e-01
5.008497676962593292e-01
5.008568825941772662e-01
5.008635371176946016e-01
5.008700928352515236e-01
5.008765835925869103e-01
5.008833400686854009e-01
5.008898192919534198e-01
5.008963611732329957e-01
5.009030156676934631e-01
5.009101736710002140e-01
5.009172474868359703e-01
5.009246212708318158e-01
5.009327978802927683e-01
5.009410416672999133e-01
5.009498319040059933e-01
5.009592640724788160e-01
5.009701118245207807e-01
5.009812323648283883e-01
5.009933470803697997e-01
5.010065908871211837e-01
5.010222035609630531e-01
5.010376834678097469e-01
5.010560256632368148e-01
5.010755693063583260e-01
5.010980189616879299e-01
5.011229310125296932e-01
5.011494525525364008e-01
5.011799653681215938e-01
5.012123592020726326e-01
5.012495487263221028e-01
5.012888164577675720e-01
5.013336293199984750e-01
5.013804770861947091e-01
5.014332814791561121e-01
5.014874905635761104e-01
5.015471454892760361e-01
5.016063670091189808e-01
5.016686146790833023e-01
5.017265687626031312e-01
5.017821228937858757e-01
5.018272245651793639e-01
5.018616222601877119e-01
5.018791206519228609e-01
5.018777382086039296e-01
5.018561860694887855e-01
5.018150077955778610e-01
5.017549016665537875e-01
5.016839440816180939e-01
5.015994412068808250e-01
5.015127413732770600e-01
5.014190591741853886e-01
5.013293467277858406e-01
5.012370849517345794e-01
5.011518083105800381e-01
5.010662522816837772e-01
5.009885347621658713e-01
5.009114375741269276e-01
5.008419287499721317e-01
5.007732493903201965e-01
5.007085950075089720e-01
5.006504375215073965e-01
5.005929392130276101e-01
5.005411571001784354e-01
5.004898430591213643e-01
5.004435382277930833e-01
5.003954317017939024e-01
5.003539110392097866e-01
5.003144264126220264e-01
5.002768335919483000e-01
5.002375238985102834e-01
5.002034794965246611e-01
5.001709619464292933e-01
5.001398755440390476e-01
5.001071884906183040e-01
5.000788231532108385e-01
5.000516465079460904e-01
5.000229752042834042e-01
4.999980851454080000e-01
4.999742056813581415e-01
4.999512896215620450e-01
4.999270334004553007e-01
4.999059982112146194e-01
4.998858063978777744e-01
4.998664260863767139e-01
4.998458688889369506e-01
4.998280937769358778e-01
4.998110479278561891e-01
4.997947092554372306e-01
4.997773615323048424e-01
4.997624386850383349e-01
4.997481659852460179e-01
4.997330125024663783e-01
4.997185967129348927e-01
4.997076990316767220e-01
4.996945949889469163e-01
4.996821865611530966e-01
4.996729337250602754e-01
4.996617708447705919e-01
4.996535420620371593e-01
4.996435925786146259e-01
4.996342935859182655e-01
4.996276029294646204e-01
4.996194811286257531e-01
4.996119946672056278e-01
4.996068055708052236e-01
4.996004758431478732e-01
4.995947744368220422e-01
4.995910701475614335e-01
4.995871584878338045e-01
4.995837751994877118e-01
4.995803787270505780e-01
4.995781061114785704e-01
4.995763684807413285e-01
4.995751697424408166e-01
4.995741708231775102e-01
4.995741134024901386e-01
4.995746107002169145e-01
4.995756687348638092e-01
4.995771599337303637e-01
4.995794153399732429e-01
4.995822566043638946e-01
4.995856936909406909e-01
4.995898223261090454e-01
4.995945390378366269e-01
4.995998862646003902e-01
4.996061411537218722e-01
4.996128494340114634e-01
4.996206230992302211e-01
4.996283021911624989e-01
4.996375983673019272e-01
4.996477565920259822e-01
4.996574727797327697e-01
4.996692744944529196e-01
4.996820093384515826e-01
4.996939302960174412e-01
4.997084472154074142e-01
4.997218944635233306e-01
4.997382922509823189e-01
4.997557596607254404e-01
4.997717336480477779e-01
4.997912440063911332e-01
4.998104362693016611e-01
4.998306282188658689e-01
4.998518444624159840e-01
4.998758684185790613e-01
4.998993005091681985e-01
4.999238252855293108e-01
4.999494609591103589e-01
4.999783948934083400e-01
5.000063980000455377e-01
5.000355450605908914e-01
5.000658357751444072e-01
5.000998565915396599e-01
5.001325016748957575e-01
5.001662337132897207e-01
5.002039023869192524e-01
5.002397508752324251e-01
5.002765014631611606e-01
5.003140553412444014e-01
5.003554751756744690e-01
5.003942824304157266e-01
5.004334266475594095e-01
5.004726960712734263e-01
5.005150686268005078e-01
5.005537682902830854e-01
5.005917266249043651e-01
5.006285956758216305e-01
5.006668106052852840e-01
5.007001624671482132e-01
5.007312010854587658e-01
5.007595101642344781e-01
5.007864786513762656e-01
5.008077909785900728e-01
5.008252061564382185e-01
5.008390988400076571e-01
5.008475096314125574e-01
5.008513569169477098e-01
5.008505868097230529e-01
5.008447204836682376e-01
5.008347025687180931e-01
5.008195206189228754e-01
5.008010864433191101e-01
5.007777624874141242e-01
5.007522716201247004e-01
5.007224104088631167e-01
5.006915096323636405e-01
5.006568847487478102e-01
5.006222650082674530e-01
5.005845883947619424e-01
5.005459462334547194e-01
5.005085611818770319e-01
5.004690117832427676e-01
5.004312937302679565e-01
5.003918770264599303e-01
5.003546754022638599e-01
5.003161359622707582e-01
5.002800350574538868e-01
5.002428619207947014e-01
5.002082250165470478e-01
5.001727013484960072e-01
5.001397199712890318e-01
5.001059755238485005e-01
5.000747174018493890e-01
5.000427757017890107e-01
5.000117422129245481e-01
4.999830483595220643e-01
4.999537430035216889e-01
4.999266666111316648e-01
4.998976751694307330e-01
4.998721781020448729e-01
4.998474122451008195e-01
4.998233648481625879e-01
4.997976125278262849e-01
4.997750331552829883e-01
4.997531436071305788e-01
4.997319370067139221e-01
4.997092499479909855e-01
4.996894548132126967e-01
4.996703274348156532e-01
4.996518630633801639e-01
4.996321435459308291e-01
4.996150462207900045e-01
4.995985923842100052e-01
4.995810410488819020e-01
4.995667431642875633e-01
4.995513855909461953e-01
4.995374705810262661e-01
4.995233942051426346e-01
4.995106805939693029e-01
4.994978339979077031e-01
4.994862715411624299e-01
4.994746016817957490e-01
4.994641396949473511e-01
4.994535944703353270e-01
4.994441842339307769e-01
4.994347140229472015e-01
4.994263093689665922e-01
4.994178672772730532e-01
4.994099337585284348e-01
4.994029680126996218e-01
4.993959988587559073e-01
4.993899377900075098e-01
4.993834869192593229e-01
4.993783160723849202e-01
4.993735605375556608e-01
4.993692141373217708e-01
4.993646037738534993e-01
4.993610949775982855e-01
4.993579790916209959e-01
4.993552515590040097e-01
4.993526456396011337e-01
4.993506988472981578e-01
4.993488999191997846e-01
4.993475066661074990e-01
4.993467075077066553e-01
4.993460956377037685e-01
4.993460368735011534e-01
4.993461922865032321e-01
4.993468619428228505e-01
4.993477740308351898e-01
4.993491646028792585e-01
4.993508281850593811e-01
4.993529368238018296e-01
4.993553508385667472e-01
4.993581773007176872e-01
4.993613402055830930e-01
4.993648786900600212e-01
4.993687660897739300e-01
4.993729964510226216e-01
4.993775733074213297e-01
4.993824284647070955e-01
4.993875457117074590e-01
4.993928944328672181e-01
4.993984556315899104e-01
4.994042293788015785e-01
4.994102346744297982e-01
4.994165023714131069e-01
4.994230653792957608e-01
4.994299522358592314e-01
4.994371841963323178e-01
4.994448669737598379e-01
4.994527366654640810e-01
4.994611808724026547e-01
4.994697900828657389e-01
4.994790166118478481e-01
4.994883823669057921e-01
4.994984083811016551e-01
4.995088504286505637e-01
4.995193929018382217e-01
4.995306633212256986e-01
4.995420068673118719e-01
4.995541205253234973e-01
4.995662728753825776e-01
4.995792291499988047e-01
4.995921771180643622e-01
4.996059434970123725e-01
4.996196320447074957e-01
4.996341189308669550e-01
4.996484261640586344e-01
4.996634601096262562e-01
4.996781684666012913e-01
4.996934626682186797e-01
4.997087383446779385e-01
4.997233806960111879e-01
4.997382528396938639e-01
4.997522577029823720e-01
4.997661970434560397e-01
4.997790680277071629e-01
4.997916024825412862e-01
4.998029706024563756e-01
4.998138373855700034e-01
4.998235959610552448e-01
4.998328516999813176e-01
4.998412166512640753e-01
4.998492413679062607e-01
4.998566977113582666e-01
4.998640899551500261e-01
4.998712621912248522e-01
4.998786914092906430e-01
4.998862934601596142e-01
4.998942790900880451e-01
4.999027532797203910e-01
4.999117781642163916e-01
4.999213490834937823e-01
4.999313644108009935e-01
4.999416127064582605e-01
4.999518231998593687e-01
4.999618040723494139e-01
4.999715772566044603e-01
4.999813694734612790e-01
4.999914704543736987e-01
5.000021058644128491e-01
5.000133982207438654e-01
5.000253861627234064e-01
5.000380548209015785e-01
5.000515792374310431e-01
5.000654758144266188e-01
5.000798819124423478e-01
5.000949752383712088e-01
5.001099299563765976e-01
5.001256782428407099e-01
5.001411012533548694e-01
5.001571695709131626e-01
5.001727337618783187e-01
5.001887769937547468e-01
5.002041546708652087e-01
5.002198404409998744e-01
5.002347341141760717e-01
5.002497824979066365e-01
5.002639632038853312e-01
5.002781862043531591e-01
5.002919545448505367e-01
5.003048664679283775e-01
5.003177680913882819e-01
5.003299033539924112e-01
5.003420781545836471e-01
5.003536240417493230e-01
5.003653129476247630e-01
5.003765317300218340e-01
5.003880272217580139e-01
5.003992011889121239e-01
5.004107861555879833e-01
5.004221599799617559e-01
5.004340483715618015e-01
5.004457735105050098e-01
5.004580552391417747e-01
5.004701416495404009e-01
5.004827365164371544e-01
5.004953952597767097e-01
5.005076367489442735e-01
5.005200984325027802e-01
5.005318927755030289e-01
5.005435760455175798e-01
5.005543033797094088e-01
5.005645251243031613e-01
5.005735368948983632e-01
5.005816715631755676e-01
5.005884663933882761e-01
5.005941349533680196e-01
5.005985200220319786e-01
5.006017162427287559e-01
5.006038701470378882e-01
5.006049524002399442e-01
5.006053481927037474e-01
5.006049027856328548e-01
5.006039258246531842e-01
5.006028102027568760e-01
5.006012397350871890e-01
5.005998033030452099e-01
5.005981149446184775e-01
5.005964985245816568e-01
5.005952475524461098e-01
5.005941596909995184e-01
5.005928357903818293e-01
5.005921642397522797e-01
5.005917074949129963e-01
5.005914667903472726e-01
5.005910898262952990e-01
5.005912843243157662e-01
5.005916737721626264e-01
5.005919512707487362e-01
5.005927126393522331e-01
5.005936350720106010e-01
5.005947079719486048e-01
5.005956815516806602e-01
5.005970396516680188e-01
5.005985210865245838e-01
5.006001199342011709e-01
5.006016330731515307e-01
5.006034603695801444e-01
5.006053914182636566e-01
5.006074222329817136e-01
5.006093903947589352e-01
5.006116244711297236e-01
5.006139536274580859e-01
5.006163777576323470e-01
5.006187688019017035e-01
5.006213886365041832e-01
5.006241024099262749e-01
5.006268094243522260e-01
5.006297201718851175e-01
5.006327261071067403e-01
5.006358272729405368e-01
5.006389585540589326e-01
5.006422615422623235e-01
5.006456620881416519e-01
5.006491613608633484e-01
5.006527293602559547e-01
5.006564370862880420e-01
5.006602462322246039e-01
5.006641576566712715e-01
5.006681796648854155e-01
5.006723093237525068e-01
5.006765443151640627e-01
5.006809227539837925e-01
5.006853835537276032e-01
5.006899543859725243e-01
5.006946374650914633e-01
5.006995098248999687e-01
5.007044307318460064e-01
5.007094683987682870e-01
5.007146244203820595e-01
5.007200211280197211e-01
5.007255630855997897e-01
5.007309661241042820e-01
5.007367815393436450e-01
5.007427502095747052e-01
5.007485161257554385e-01
5.007547739039100998e-01
5.007611939938008128e-01
5.007673443180717943e-01
5.007740702172589486e-01
5.007804814116358916e-01
5.007875260865833900e-01
5.007947502760311531e-01
5.008015865205626138e-01
5.008091499872379115e-01
5.008169049663464545e-01
5.008241946600097139e-01
5.008323133646829239e-01
5.008399137297703252e-01
5.008484119864292650e-01
5.008571248667245124e-01
5.008652332486213110e-01
5.008743539363011976e-01
5.008837051063196322e-01
5.008923593203744584e-01
5.009021478661080939e-01
5.009121835953735946e-01
5.009214224681121097e-01
5.009319276143008315e-01
5.009415675708007720e-01
5.009525627693145466e-01
5.009632265447493404e-01
5.009741276402013277e-01
5.009852714674843943e-01
5.009973362103469219e-01
5.010090024648353735e-01
5.010209265111087440e-01
5.010331130379943598e-01
5.010463380042400328e-01
5.010590900288177663e-01
5.010721191763691795e-01
5.010862794985097013e-01
5.010999050511655284e-01
5.011138230837359764e-01
5.011280390978524180e-01
5.011435146721340272e-01
5.011583671944378482e-01
5.011735318476014944e-01
5.011890130661476039e-01
5.012058910124091993e-01
5.012220498341228847e-01
5.012385392511127247e-01
5.012553642867414450e-01
5.012737274728497061e-01
5.012912678356139518e-01
5.013091570432615107e-01
5.013286938882376420e-01
5.013473223848287086e-01
5.013663088951683111e-01
5.013856546489419141e-01
5.014060742582173713e-01
5.014261542595072063e-01
5.014473356293059902e-01
5.014681354248267109e-01
5.014900522815631811e-01
5.015115325512162769e-01
5.015341279230518534e-01
5.015562174234267090e-01
5.015793981562235437e-01
5.016019905671498247e-01
5.016256313709798187e-01
5.016486010714935606e-01
5.016725731693445489e-01
5.016966765996623279e-01
5.017200277993467683e-01
5.017443644256446289e-01
5.017679507471162204e-01
5.017925693003968401e-01
5.018164789335168852e-01
5.018415046585845696e-01
5.018658765804197008e-01
5.018914619948323663e-01
5.019164398179583042e-01
5.019427229158335280e-01
5.019684211842568855e-01
5.019955038248515855e-01
5.020220027306653288e-01
5.020499513404259595e-01
5.020783576712757323e-01
5.021061506054578238e-01
5.021365712958952843e-01
5.021652671969643045e-01
5.021943981071848029e-01
5.022239660268307260e-01
5.022551489788446011e-01
5.022856103896208291e-01
5.023177285191557928e-01
5.023490854366319258e-01
5.023821409027362517e-01
5.024143950552818483e-01
5.024483896287386120e-01
5.024815465608849507e-01
5.025164895017152356e-01
5.025505605342467375e-01
5.025864693928171478e-01
5.026228837610500211e-01
5.026583872533668673e-01
5.026951022467007757e-01
5.027323440359803275e-01
5.027701346426085571e-01
5.028084957866606475e-01
5.028474450472145696e-01
5.028869765825993987e-01
5.029270262829197424e-01
5.029674119890972239e-01
5.030077799608927425e-01
5.030476551393103790e-01
5.030866930882914589e-01
5.031249485347779604e-01
5.031628181353852147e-01
5.032007341923359078e-01
5.032397300452201572e-01
5.032784174884026296e-01
5.033175607045494715e-01
5.033571317601207573e-01
5.033970866366538344e-01
5.034373791483169880e-01
5.034779651793411803e-01
5.035196167782880483e-01
5.035598610374885098e-01
5.036019205890492900e-01
5.036424936700687471e-01
5.036848359902990069e-01
5.037256253941296835e-01
5.037681409687360112e-01
5.038090484001578329e-01
5.038516394808055798e-01
5.038942332084839215e-01
5.039351507942149144e-01
5.039776867354516243e-01
5.040201619256544641e-01
5.040609097451285159e-01
5.041015687834574655e-01
5.041437607850591807e-01
5.041841910219616585e-01
5.042261146813892259e-01
5.042662631479223334e-01
5.043078685516719784e-01
5.043476922897707215e-01
5.043889395951677290e-01
5.044284073080318453e-01
5.044692695336274735e-01
5.045083589005777691e-01
5.045488162793504427e-01
5.045890594471714730e-01
5.046275415750323123e-01
5.046673423562549887e-01
5.047053789875524110e-01
5.047446802625901174e-01
5.047821964411108864e-01
5.048201605684838889e-01
5.048577939822577187e-01
5.048950810406455103e-01
5.049320233420211412e-01
5.049686459403517347e-01
5.050049973790594615e-01
5.050411455354923973e-01
5.050771689244820672e-01
5.051138496212056461e-01
5.051491722854455357e-01
5.051860147232197784e-01
5.052230577143259627e-01
5.052589449852724623e-01
5.052965972233802727e-01
5.053332032963762099e-01
5.053717516772312512e-01
5.054093585959585910e-01
5.054491102769866906e-01
5.054880266956587320e-01
5.055293228750942225e-01
5.055698960718247870e-01
5.056131225160277465e-01
5.056557438153715944e-01
5.057013357473507664e-01
5.057464476713373625e-01
5.057968398691453649e-01
5.058450116785034867e-01
5.058948481422308463e-01
5.059508617275221276e-01
5.060046408490224135e-01
5.060605421489610123e-01
5.061187292638430479e-01
5.061845957329127454e-01
5.062481246056058648e-01
5.063144937757702024e-01
5.063838985334258025e-01
5.064628929160541748e-01
5.065393064939188728e-01
5.066194013571589938e-01
5.067033970173199231e-01
5.067954118045522316e-01
5.068880787554885803e-01
5.069896411062658759e-01
5.070964448626028576e-01
5.072039197148653367e-01
5.073216045338743152e-01
5.074398204360188736e-01
5.075689946755839177e-01
5.076983375682738719e-01
5.078391264289442431e-01
5.079793646384096473e-01
5.081310461362373854e-01
5.082809046159770805e-01
5.084413828222871246e-01
5.085979668900638684e-01
5.087631010626579853e-01
5.089212100203862610e-01
5.090840989478092604e-01
5.092356118660288367e-01
5.093861259062173463e-01
5.095254091144937325e-01
5.096449215593655824e-01
5.097514228920962953e-01
5.098327190069036341e-01
5.098925559951330566e-01
5.099236969208196246e-01
5.099267574950770987e-01
5.099011555588677247e-01
5.098444114934045368e-01
5.097631340529931165e-01
5.096517416936879874e-01
5.095231323851819871e-01
5.093686089992702781e-01
5.092054738005327152e-01
5.090221137332155976e-01
5.088294309701885121e-01
5.086396341244991959e-01
5.084378060935350607e-01
5.082441334004335065e-01
5.080425196363319573e-01
5.078523772059725383e-01
5.076571974194360459e-01
5.074668490082504535e-01
5.072901238859401918e-01
5.071188319694192037e-01
5.069380227944441097e-01
5.067787465590462004e-01
5.066253078963052214e-01
5.064776610667609535e-01
5.063226548598012133e-01
5.061867541180921082e-01
5.060562288644049334e-01
5.059193278178317765e-01
5.057994344338997417e-01
5.056843190009033817e-01
5.055737799275910049e-01
5.054577541646063654e-01
5.053561428094726082e-01
5.052585051062759014e-01
5.051646583503336396e-01
5.050659768032368380e-01
5.049794984293924927e-01
5.048962942765508055e-01
5.048162129979114621e-01
5.047354657059766048e-01
5.046613350080431104e-01
5.045865215750410249e-01
5.045178069993736525e-01
5.044484004674645305e-01
5.043815737656612841e-01
5.043201606893051858e-01
5.042580567307778372e-01
5.042009702933962778e-01
5.041432018283863448e-01
5.040900931286280695e-01
5.040363169441965940e-01
5.039868770500472994e-01
5.039367877753184732e-01
5.038907373295804515e-01
5.038440531832120151e-01
5.038011284278925972e-01
5.037586023094551280e-01
5.037174982510306265e-01
5.036777378169323693e-01
5.036382969874428905e-01
5.036010105011256011e-01
5.035648409617633492e-01
5.035297414151203022e-01
5.034956852729332022e-01
5.034626626880330802e-01
5.034306714447864817e-01
5.033997094906411673e-01
5.033690140834357063e-01
5.033408394159680777e-01
5.033121891441422191e-01
5.032859322070751817e-01
5.032592409388479959e-01
5.032348114401951067e-01
5.032099816478817766e-01
5.031872865617244006e-01
5.031642230243283942e-01
5.031420277331352109e-01
5.031217893288714160e-01
5.031012312818162746e-01
5.030825223046333505e-01
5.030635270258910774e-01
5.030462803281259276e-01
5.030287815004143015e-01
5.030129368314509852e-01
5.029959931974249399e-01
5.029815258724374960e-01
5.029676990496619871e-01
5.029545010609902667e-01
5.029403903828332245e-01
5.029284723792667444e-01
5.029171504090850231e-01
5.029050491856429383e-01
5.028949394237902659e-01
5.028853932981611763e-01
5.028763996367354716e-01
5.028667871917444909e-01
5.028589106389858010e-01
5.028515484650951661e-01
5.028446866247167080e-01
5.028373351040469341e-01
5.028314671790936607e-01
5.028260466508842619e-01
5.028210529295813469e-01
5.028156475600967790e-01
5.028114723873639003e-01
5.028076498754391332e-01
5.028041531734862568e-01
5.028006064634172878e-01
5.027973540010838294e-01
5.027946902940213514e-01
5.027919267943968817e-01
5.027896816860083495e-01
5.027873119387943346e-01
5.027854111039182783e-01
5.027833792056181084e-01
5.027817933803301331e-01
5.027800966019102535e-01
5.027788507205702695e-01
5.027775434268791921e-01
5.027767146877082372e-01
5.027759007403963532e-01
5.027756071946595240e-01
5.027752246410810422e-01
5.027756257753481783e-01
5.027764153230260824e-01
5.027773420618601996e-01
5.027790613957049404e-01
5.027812806400381307e-01
5.027840344420918539e-01
5.027872670068213035e-01
5.027912470941962031e-01
5.027958637872421699e-01
5.028011491078403505e-01
5.028072927395235148e-01
5.028140763544807212e-01
5.028193037983660352e-01
