-2.321680399597347844e-06
-6.962679468758281587e-06
-1.160561056123832202e-05
-1.625774701419224755e-05
-2.092786429686022132e-05
-2.560797806683279276e-05
-3.029661722320220463e-05
-3.499831747921788860e-05
-3.973303605364630897e-05
-4.450712614978424853e-05
-4.932348234609751358e-05
-5.418841000526253282e-05
-5.907685356876246630e-05
-6.400922219029769877e-05
-6.900531263753784117e-05
-7.409756378518039810e-05
-7.928497261722178280e-05
-8.455795921569198015e-05
-8.992332819779402797e-05
-9.538210143467118485e-05
-1.009424824756077754e-04
-1.065669837519989116e-04
-1.122504180220973424e-04
-1.180120848280896695e-04
-1.239617142039239894e-04
-1.300023448219667088e-04
-1.361176970434696543e-04
-1.423041928489965358e-04
-1.486156370571478647e-04
-1.550177718648848568e-04
-1.614802116151059508e-04
-1.680079536749978786e-04
-1.746092182599578990e-04
-1.812757454191515905e-04
-1.880308022582655170e-04
-1.948790228760710619e-04
-2.017780384875322852e-04
-2.087667138942483902e-04
-2.159170464876014606e-04
-2.230300944697782839e-04
-2.302032461288794352e-04
-2.373852068706661100e-04
-2.447214114862372725e-04
-2.527582594061827947e-04
-2.603392286734118599e-04
-2.677914051129048900e-04
-2.751778509075819557e-04
-2.825421878651646068e-04
-2.899591158819214698e-04
-2.973088766771159186e-04
-3.046390626805228763e-04
-3.119614168632933726e-04
-3.192657255461917032e-04
-3.265859211544208662e-04
-3.339256802318280037e-04
-3.412732306737886745e-04
-3.486410884968593749e-04
-3.560440753309634943e-04
-3.634915540133842882e-04
-3.709892428146455146e-04
-3.785550946991955712e-04
-3.862158761949174846e-04
-3.939139570672267610e-04
-4.015546335418562762e-04
-4.091553371856626597e-04
-4.167468258456930030e-04
-4.243421440911498976e-04
-4.319504123827533348e-04
-4.395843615319083852e-04
-4.472101377929194044e-04
-4.548182082283469541e-04
-4.624303603133483875e-04
-4.700513884201562576e-04
-4.776815969490533220e-04
-4.853246574332281682e-04
-4.929867507535989901e-04
-5.006817043873290629e-04
-5.083773851926043363e-04
-5.161447094526039336e-04
-5.239052982236591660e-04
-5.317081779043775214e-04
-5.396216386467367343e-04
-5.475141027156960050e-04
-5.554268893878111513e-04
-5.633876260503489775e-04
-5.714182883673757374e-04
-5.794680643557148514e-04
-5.874730967768693191e-04
-5.954699332303414749e-04
-6.034642441663518042e-04
-6.114491779384279013e-04
-6.194357845799025597e-04
-6.274572895587082755e-04
-6.355682163599052359e-04
-6.436549595411067415e-04
-6.517053352338431083e-04
-6.597582995384598803e-04
-6.678387426209964062e-04
-6.759801199466286548e-04
-6.841659702716551550e-04
-6.924056013695167877e-04
-7.021971461287357386e-04
-7.106800916355515696e-04
-7.191338375535094585e-04
-7.276203736182873527e-04
-7.361957014597741988e-04
-7.449484515855697708e-04
-7.538678461583847579e-04
-7.631049433437508966e-04
-7.736270726582672452e-04
-7.865317347183209407e-04
-7.973023061828010682e-04
-8.075783613480380652e-04
-8.176373667703185077e-04
-8.275955873577878208e-04
-8.375060113520182981e-04
-8.472573582838371919e-04
-8.569113988157184281e-04
-8.665503987050904300e-04
-8.762438236094016730e-04
-8.860662570063793098e-04
-8.960587199166036854e-04
-9.062577017707740268e-04
-9.166575553565259327e-04
-9.274149671114617632e-04
-9.421176162184297098e-04
-9.529531426030191099e-04
-9.633645193025675013e-04
-9.736220408675944071e-04
-9.838113113440627444e-04
-9.939715617275357573e-04
-1.004242859521387032e-03
-1.014616618398411774e-03
-1.025187448925879430e-03
-1.036421984093149895e-03
-1.046774090856072981e-03
-1.057009142400922030e-03
-1.067210855110856116e-03
-1.077472816357394336e-03
-1.087797168437321105e-03
-1.098410727779941531e-03
-1.109142887045111436e-03
-1.120713779161675028e-03
-1.132542064709807228e-03
-1.143337288248003070e-03
-1.153812130712528194e-03
-1.164101750785406786e-03
-1.174257712052595437e-03
-1.184398485870263862e-03
-1.194409309796973240e-03
-1.204400156988971737e-03
-1.214483665540111446e-03
-1.224729250208445031e-03
-1.235171734560780443e-03
-1.245389964605880806e-03
-1.255575680218279366e-03
-1.265723244221361732e-03
-1.275903937516975617e-03
-1.286146570075974438e-03
-1.296503673394400202e-03
-1.307032186610546098e-03
-1.317911652715442195e-03
-1.329868312516135909e-03
-1.342370109703394654e-03
-1.354002431275258544e-03
-1.365716117642246097e-03
-1.377717993246818651e-03
-1.389719896522367826e-03
-1.401630221294358769e-03
-1.413555525454301964e-03
-1.425048853868182697e-03
-1.436469647322136112e-03
-1.447660364813363465e-03
-1.458898910907335811e-03
-1.470377152723023606e-03
-1.482293288948888232e-03
-1.494657576255553622e-03
-1.506543300002327612e-03
-1.518033564345211417e-03
-1.529276866224171805e-03
-1.540247147335693789e-03
-1.551002911319043776e-03
-1.561630754342679950e-03
-1.572246367471108464e-03
-1.582907536864963660e-03
-1.593654596702243076e-03
-1.604588218984237535e-03
-1.617132617483307833e-03
-1.628277667918731630e-03
-1.639379997283807455e-03
-1.651206158264417745e-03
-1.662526471134406769e-03
-1.674088043189692065e-03
-1.686038990866389753e-03
-1.698432568443153379e-03
-1.710877695261125986e-03
-1.722904407727487985e-03
-1.734499166217817745e-03
-1.745843957381976175e-03
-1.756973366014102922e-03
-1.768038703326979544e-03
-1.779147730744279343e-03
-1.790343342853217834e-03
-1.801743908942055050e-03
-1.813436514354505036e-03
-1.826330879428517129e-03
-1.838042009110751884e-03
-1.849185766522487562e-03
-1.859922676431535749e-03
-1.870554947333902263e-03
-1.881353828610210499e-03
-1.892261542189910273e-03
-1.903220650230408317e-03
-1.914374354467396344e-03
-1.925720095517058361e-03
-1.937403257054715056e-03
-1.949540051847331590e-03
-1.962166019037425713e-03
-1.975307854198748991e-03
-1.987199954718077421e-03
-1.998643469547700668e-03
-2.010126409065393638e-03
-2.021928678118456446e-03
-2.034101701036017396e-03
-2.046762657057721313e-03
-2.060061340991126144e-03
-2.074222734603003993e-03
-2.089968168405009763e-03
-2.103917126784815572e-03
-2.116783770483521288e-03
-2.129329583710704021e-03
-2.141839317828186928e-03
-2.154466820952438688e-03
-2.167134274211224287e-03
-2.179942028849413127e-03
-2.193002519643494352e-03
-2.206511885404105477e-03
-2.220479597272562167e-03
-2.235368709828766676e-03
-2.250457449909926133e-03
-2.265941874064480999e-03
-2.281620594352551379e-03
-2.296932454640354671e-03
-2.311342176378183844e-03
-2.325384960869758544e-03
-2.339248169394458898e-03
-2.352901985834265908e-03
-2.366884185845186117e-03
-2.380819179894300142e-03
-2.394982480415919213e-03
-2.408883650700244239e-03
-2.422749367545717902e-03
-2.436852852683135673e-03
-2.451545534064236698e-03
-2.466220632923898926e-03
-2.480605236522270829e-03
-2.494790123618639832e-03
-2.508813751947114312e-03
-2.522888597184635984e-03
-2.537212780015840607e-03
-2.551954323772531730e-03
-2.567285716228218106e-03
-2.581890401685771330e-03
-2.596044955860410397e-03
-2.610168667307011248e-03
-2.624266856120160973e-03
-2.638343119848562957e-03
-2.652349919927465827e-03
-2.666500426392826029e-03
-2.682951677171030447e-03
-2.699012240558351650e-03
-2.716747423132992445e-03
-2.731967985169503343e-03
-2.746754580361998599e-03
-2.761226118900172999e-03
-2.775340075341858892e-03
-2.789410132885139504e-03
-2.803547916238047222e-03
-2.817761542873165048e-03
-2.831921281122418144e-03
-2.846043601108960708e-03
-2.860241037722754953e-03
-2.874597692480218569e-03
-2.889256289985264736e-03
-2.904174094931155636e-03
-2.919167105839615139e-03
-2.934596576250059208e-03
-2.950230539903175853e-03
-2.966579637436517203e-03
-2.983310956560569771e-03
-2.998598214045578025e-03
-3.013433710268964560e-03
-3.028235233409004579e-03
-3.043152834090290249e-03
-3.058300201170260912e-03
-3.073731606764384949e-03
-3.089267618248459080e-03
-3.105294745301523385e-03
-3.124928281158845245e-03
-3.142286919242343046e-03
-3.159213937620308776e-03
-3.176253896551406442e-03
-3.193541713794378900e-03
-3.210915639305977898e-03
-3.228072941742099466e-03
-3.244829646735225559e-03
-3.261208242219426623e-03
-3.277430672648407040e-03
-3.293571200768452556e-03
-3.309941297320206921e-03
-3.326379811362412120e-03
-3.344585395324339849e-03
-3.360747176114231571e-03
-3.376686072178003428e-03
-3.392433280512419103e-03
-3.407932601722452048e-03
-3.423257506178778442e-03
-3.438594732545152688e-03
-3.454201466027484457e-03
-3.469679646781020921e-03
-3.485729338276510880e-03
-3.502025040439060710e-03
-3.518010288833361976e-03
-3.534167558966405664e-03
-3.550523118908244236e-03
-3.567002622169912485e-03
-3.583336677757120725e-03
-3.599909443035342882e-03
-3.616711409956230305e-03
-3.634195528771200223e-03
-3.652308892405198293e-03
-3.673221024186434924e-03
-3.707664148183353880e-03
-3.730143439979127784e-03
-3.749853402766123445e-03
-3.768551666025632407e-03
-3.786878855667197286e-03
-3.805137892015864054e-03
-3.823678639792271738e-03
-3.842567853415190804e-03
-3.862300712436761430e-03
-3.885023468624515530e-03
-3.914132239677736713e-03
-3.934480317794752935e-03
-3.953099693467354570e-03
-3.970850175294970974e-03
-3.988154773453600477e-03
-4.005681863638477225e-03
-4.022862535243865167e-03
-4.040445477917820050e-03
-4.059206881471433270e-03
-4.083877704437188783e-03
-4.107082433945308253e-03
-4.126258007414840279e-03
-4.144709699755666499e-03
-4.163220845920689861e-03
-4.181809636052968848e-03
-4.201421180386910592e-03
-4.222136591125025262e-03
-4.261065239648087477e-03
-4.281137074785390517e-03
-4.299164138247602018e-03
-4.316578613456134583e-03
-4.334095419098349389e-03
-4.351362141407744133e-03
-4.369188991691363988e-03
-4.389395771155713000e-03
-4.428649672826190375e-03
-4.447844951516177758e-03
-4.465307468238588484e-03
-4.482405827638036300e-03
-4.499345518208741623e-03
-4.516586800515254296e-03
-4.534495267384808237e-03
-4.554760490674714113e-03
-4.591072405030205417e-03
-4.611306945973003835e-03
-4.629560441177349439e-03
-4.647165910567574443e-03
-4.664635367716107872e-03
-4.682782138886176782e-03
-4.702361792980891408e-03
-4.724619323250855984e-03
-4.757843533564454219e-03
-4.778869701209331744e-03
-4.797659659473096916e-03
-4.816270304270564573e-03
-4.834674738376731895e-03
-4.853464881899194339e-03
-4.874222519556714595e-03
-4.907935054207723802e-03
-4.930517893568020504e-03
-4.949618564483282412e-03
-4.967865220998346487e-03
-4.986255534602523909e-03
-5.005566681052786571e-03
-5.025794427131358155e-03
-5.049240346283734304e-03
-5.084082767520703428e-03
-5.107980845409310078e-03
-5.130519273782829792e-03
-5.152816310095564845e-03
-5.176503109194152685e-03
-5.232206311774900698e-03
-5.255543938110118773e-03
-5.276704155266709328e-03
-5.297477540006090280e-03
-5.319625990231613422e-03
-5.368698426450824179e-03
-5.390150565385831705e-03
-5.410476000759500970e-03
-5.431079245379777376e-03
-5.454296010935499872e-03
-5.481624919867034151e-03
-5.502922087190831313e-03
-5.524095494574776666e-03
-5.546959440305698763e-03
-5.572793432660150259e-03
-5.603624993026135037e-03
-5.625715302912115412e-03
-5.647571188510114304e-03
-5.668269740040643434e-03
-5.689951632132816961e-03
-5.721795804964235899e-03
-5.741663903328531049e-03
-5.760393512881822886e-03
-5.779376955967086005e-03
-5.798432594335434231e-03
-5.820133948100880694e-03
-5.844370026889977865e-03
-5.863201129303718950e-03
-5.881172176052329448e-03
-5.899075571503265003e-03
-5.917622969730196303e-03
-5.938542289507298122e-03
-5.978557455061705994e-03
-6.000344372487420586e-03
-6.019502621973593648e-03
-6.038053520518338324e-03
-6.056862009023555871e-03
-6.077299831010574138e-03
-6.119173851312886825e-03
-6.140372117315662237e-03
-6.159690280670870877e-03
-6.178831922964200807e-03
-6.199961349616422979e-03
-6.220401336744729726e-03
-6.241122089297945763e-03
-6.279503016236809287e-03
-6.305214112624524248e-03
-6.327407764076364849e-03
-6.349187163578240423e-03
-6.373793290770035647e-03
-6.405805085091476059e-03
-6.430007885045774252e-03
-6.454520173688971241e-03
-6.477190665829968275e-03
-6.499310873790076215e-03
-6.521989781047898838e-03
-6.545086544282319174e-03
-6.568315554187131866e-03
-6.593543216702357768e-03
-6.619170665460694103e-03
-6.648055639057681709e-03
-6.670745378472786591e-03
-6.691773695162162028e-03
-6.712507227192854309e-03
-6.735192296508207832e-03
-6.757381171164866807e-03
-6.779518020187169647e-03
-6.804458745964026001e-03
-6.831578041363250975e-03
-6.853628432211156252e-03
-6.874312162567286499e-03
-6.894774030965056255e-03
-6.916690983599149689e-03
-6.941006637662172629e-03
-6.972793439211200095e-03
-6.999546861376937379e-03
-7.021205962023380209e-03
-7.042120411814289938e-03
-7.063118968716475266e-03
-7.090141420571627329e-03
-7.110780959359241926e-03
-7.134269142632265748e-03
-7.164963030647841791e-03
-7.193727081379996946e-03
-7.227680153924165296e-03
-7.254739916841224101e-03
-7.278789911663641199e-03
-7.303377766266549997e-03
-7.332878165326128794e-03
-7.377146060960182439e-03
-7.402059214660527964e-03
-7.426451933210675982e-03
-7.451269440652774634e-03
-7.473805024723945145e-03
-7.497603426055210463e-03
-7.545687376290466375e-03
-7.575490644270543861e-03
-7.600768949515002149e-03
-7.626198515450988147e-03
-7.659019059514604599e-03
-7.687720232751216187e-03
-7.713894125885079056e-03
-7.741577892249273951e-03
-7.771685935457850469e-03
-7.805385134843301209e-03
-7.834529388677902162e-03
-7.861011507196313808e-03
-7.885138968877769550e-03
-7.909277630084976529e-03
-7.948802029808965663e-03
-7.974423203692238005e-03
-7.999815458805681345e-03
-8.026820027258074752e-03
-8.090173647553822178e-03
-8.115897287104156810e-03
-8.140154801274279706e-03
-8.165397842481936230e-03
-8.205986854200708613e-03
-8.229798881989269788e-03
-8.252851310599940149e-03
-8.278844015028430370e-03
-8.311894546090825564e-03
-8.340027383764381241e-03
-8.378461266521641804e-03
-8.405287116491466648e-03
-8.431457031160993765e-03
-8.474340871135188635e-03
-8.499624506429048765e-03
-8.527372074847106020e-03
-8.555948472686925044e-03
-8.581150853406382950e-03
-8.619299764340615511e-03
-8.645244139272367789e-03
-8.671402214505574690e-03
-8.708020088667223213e-03
-8.734321001808931229e-03
-8.766850400904635521e-03
-8.794216763705064999e-03
-8.818975656905925220e-03
-8.857633649020479893e-03
-8.882618955786458770e-03
-8.906780636991684652e-03
-8.967815952745428199e-03
-8.992183391383856694e-03
-9.016793608698003837e-03
-9.065431620378427979e-03
-9.089803985438238421e-03
-9.115739615524698358e-03
-9.149231187893236417e-03
-9.174759039184188225e-03
-9.204854051240829449e-03
-9.231840975152505457e-03
-9.255394419351414825e-03
-9.282593291570329086e-03
-9.309469331764130828e-03
-9.333361896942671265e-03
-9.360767693158189573e-03
-9.391178221056617481e-03
-9.417105197881858736e-03
-9.445262286409406016e-03
-9.477058071154176311e-03
-9.503813529717186626e-03
-9.533492229421125508e-03
-9.565681678750936889e-03
-9.592272061683893014e-03
-9.621503984110768570e-03
-9.650415806005563368e-03
-9.674808843734727937e-03
-9.701256802941538027e-03
-9.732062865270507679e-03
-9.759823377727183669e-03
-9.785445388409863554e-03
-9.813264471841831593e-03
-9.841400205943928725e-03
-9.865093312605655029e-03
-9.891798641205706843e-03
-9.919972911129781856e-03
-9.944273508873946454e-03
-9.972506129905633898e-03
-1.000218674010011632e-02
-1.002812990055268472e-02
-1.005899503247309479e-02
-1.008442520559438282e-02
-1.010782302079760164e-02
-1.014174196861561406e-02
-1.016601656752669225e-02
-1.018975247843278975e-02
-1.024693624720918184e-02
-1.027130126961695034e-02
-1.029632225845888982e-02
-1.034246312479614183e-02
-1.037052273789407231e-02
-1.039811814346980334e-02
-1.043518897415252056e-02
-1.046061361089867248e-02
-1.048464172085772361e-02
-1.052575145465017847e-02
-1.055084302696140952e-02
-1.057584992021354253e-02
-1.063665919317691166e-02
-1.066198820520691815e-02
-1.069155829335133312e-02
-1.079351438983733313e-02
-1.081800413591027521e-02
-1.084206041810131804e-02
-1.087932594325735636e-02
-1.090261813553505821e-02
-1.092703548696316584e-02
-1.096200910286193597e-02
-1.098757873499067728e-02
-1.101590432980170675e-02
-1.105137912890397089e-02
-1.107497514394617522e-02
-1.109690857182932255e-02
-1.112357807997366166e-02
-1.114602883362314500e-02
-1.116886417270124277e-02
-1.119628957106810763e-02
-1.123044587468724487e-02
-1.125952893011983313e-02
-1.128959508638238685e-02
-1.131675270049581350e-02
-1.134990194263829633e-02
-1.137565690830755205e-02
-1.142578052959819512e-02
-1.145109807317945538e-02
-1.149168556363722171e-02
-1.151837706844560660e-02
-1.155368757845476324e-02
-1.157976448161224248e-02
-1.161163580634316794e-02
-1.163789868772135971e-02
-1.166793743927330151e-02
-1.169462635575069243e-02
-1.172368337294138474e-02
-1.175093462910925535e-02
-1.177950428729723775e-02
-1.180708971161326115e-02
-1.183525958486530971e-02
-1.186378873753513030e-02
-1.189204917031927433e-02
-1.192163432799209222e-02
-1.195084220504205597e-02
-1.198078151696735372e-02
-1.201092913362034054e-02
-1.204308761831507368e-02
-1.207604416775776013e-02
-1.210754940887304176e-02
-1.213475995735990853e-02
-1.217767124698820869e-02
-1.220582824204685668e-02
-1.223514535264458303e-02
-1.226982548985944277e-02
-1.229763667573990915e-02
-1.233650935277652572e-02
-1.237096054502373477e-02
-1.241215883022162014e-02
-1.244349508370878876e-02
-1.249775197368763191e-02
-1.253100839324694515e-02
-1.257363005105549547e-02
-1.260408491749542836e-02
-1.263524482814870620e-02
-1.266830490525983066e-02
-1.269726094649892278e-02
-1.278020044295125057e-02
-1.280892478304718196e-02
-1.284238757630618011e-02
-1.287273355027729327e-02
-1.290228670079374140e-02
-1.293846231530271229e-02
-1.296690378271603272e-02
-1.301847982241843837e-02
-1.304675425321610849e-02
-1.307899223882058592e-02
-1.310847604458431626e-02
-1.313754310222048360e-02
-1.317226271845117758e-02
-1.320098247321588314e-02
-1.324934972676161671e-02
-1.327793298387158760e-02
-1.331725320649990163e-02
-1.334655934472361860e-02
-1.337676865268278004e-02
-1.340882774931240196e-02
-1.343736938789863444e-02
-1.349696032778591182e-02
-1.352567267951598762e-02
-1.355895217613711790e-02
-1.359045378486523070e-02
-1.361945227461169861e-02
-1.373829714518082223e-02
-1.376701866098539728e-02
-1.379793284714869728e-02
-1.383086599862026755e-02
-1.385913414120487630e-02
-1.390746050279423329e-02
-1.393623264773335979e-02
-1.396600685184745672e-02
-1.400147673267604365e-02
-1.402953529821115985e-02
-1.406776975805978935e-02
-1.409723856556510668e-02
-1.412651211300663956e-02
-1.416641361593240500e-02
-1.419458528194728064e-02
-1.423023147657331844e-02
-1.426012401407628083e-02
-1.428886864698086789e-02
-1.433936532342239278e-02
-1.436761535720409988e-02
-1.440065425549541533e-02
-1.443150140041649099e-02
-1.445989128394453704e-02
-1.454721472607656274e-02
-1.457523534888660599e-02
-1.460611879199891217e-02
-1.463732456232147427e-02
-1.466498506052249517e-02
-1.473055473227291579e-02
-1.475840329639266368e-02
-1.478828571646639833e-02
-1.482154922428080557e-02
-1.484923909306890000e-02
-1.489273241492206079e-02
-1.492097952124316063e-02
-1.495002893269692379e-02
-1.498509558970839706e-02
-1.501276221034375524e-02
-1.505104883239194447e-02
-1.508024408194674759e-02
-1.510992512010045363e-02
-1.514971035746992545e-02
-1.517858320187215337e-02
-1.521436662380837301e-02
-1.524688726823819618e-02
-1.527836308920682562e-02
-1.532637572774653290e-02
-1.535613047796391406e-02
-1.539015470429738741e-02
-1.542184145885072688e-02
-1.545079721311115595e-02
-1.553346049775128357e-02
-1.556155528736435922e-02
-1.559327942047861182e-02
-1.562280550185335404e-02
-1.565070305686011576e-02
-1.568705731526531810e-02
-1.571436197630093901e-02
-1.575465870754721998e-02
-1.578223866094963235e-02
-1.581207734656775443e-02
-1.584146017997023481e-02
-1.587004567557170898e-02
-1.590964362396785070e-02
-1.593867593644227032e-02
-1.597161196294161201e-02
-1.600605406406840903e-02
-1.603521374215188811e-02
-1.607002357285425287e-02
-1.610348563676955447e-02
-1.613391081620652034e-02
-1.617164597942888360e-02
-1.621320762277433936e-02
-1.624333408273981316e-02
-1.627344067154168350e-02
-1.632021658962079513e-02
-1.635241179501911724e-02
-1.638132910046585788e-02
-1.641310538358020654e-02
-1.646126069336251163e-02
-1.649076250029335444e-02
-1.651979293536520732e-02
-1.655905527204992733e-02
-1.659215582236273079e-02
-1.662076702293380226e-02
-1.665140828487010616e-02
-1.672651117340973048e-02
-1.675641076655820516e-02
-1.678507723539057750e-02
-1.682070309762262461e-02
-1.685556096942453230e-02
-1.688412758170465544e-02
-1.691390913735402179e-02
-1.700824365892217305e-02
-1.703837765535898274e-02
-1.706680637360280528e-02
-1.710031277590950971e-02
-1.713822616586935244e-02
-1.716701626359407040e-02
-1.719628734946732074e-02
-1.724826275642254991e-02
-1.727931524664405583e-02
-1.730766486471924104e-02
-1.733972128544269964e-02
-1.738273029853232288e-02
-1.741205889380548211e-02
-1.744094552093833350e-02
-1.748187418331970111e-02
-1.751418143988214826e-02
-1.754247135892261777e-02
-1.757313085379053064e-02
-1.763505603345072448e-02
-1.766456032461793946e-02
-1.769300797419726123e-02
-1.772886824962149888e-02
-1.776335526947370180e-02
-1.779174650525283674e-02
-1.782161040293972487e-02
-1.791023023775895062e-02
-1.794043817924950712e-02
-1.796868030847531550e-02
-1.800141937146759741e-02
-1.804094660874933087e-02
-1.806957873439640760e-02
-1.809842635449132597e-02
-1.814239071993040131e-02
-1.817414698211683444e-02
-1.820226097376276275e-02
-1.823299592370275501e-02
-1.828963012785111975e-02
-1.831893725629585301e-02
-1.834737381588380511e-02
-1.838337524406219448e-02
-1.841790424835609841e-02
-1.844625375843755855e-02
-1.847595125090240042e-02
-1.856023579875132334e-02
-1.859058790246659321e-02
-1.861906456875161986e-02
-1.865178306609305281e-02
-1.869361564297988831e-02
-1.872314790144269381e-02
-1.875246785154893736e-02
-1.879321376748999128e-02
-1.882631563835879263e-02
-1.885498143776143110e-02
-1.888585911665430217e-02
-1.898799854429833456e-02
-1.902027114452531364e-02
-1.904928264094374324e-02
-1.908355500211056377e-02
-1.912003656799132756e-02
-1.914862565627106772e-02
-1.917808283625621613e-02
-1.924545748408923451e-02
-1.927581461880900626e-02
-1.930418828956959043e-02
-1.933720393205129451e-02
-1.937580832219842897e-02
-1.940451474823512434e-02
-1.943363522480667793e-02
-1.948480494717252931e-02
-1.951566460082287957e-02
-1.954382106258434337e-02
-1.957580117103396855e-02
-1.961752382617376611e-02
-1.964630727633664975e-02
-1.967514016947080613e-02
-1.971877615088946101e-02
-1.975038949588281412e-02
-1.977849905948525500e-02
-1.980964543268681766e-02
-1.985697074650227822e-02
-1.988599185909101230e-02
-1.991471880425810248e-02
-1.995463590111323793e-02
-1.998793422355138460e-02
-2.001671682479266856e-02
-2.004707774134495413e-02
-2.014578320265614231e-02
-2.017654681506175773e-02
-2.020524599875772598e-02
-2.023707428070298242e-02
-2.029101644020270268e-02
-2.032095376016174182e-02
-2.034985628524876855e-02
-2.038462798681706101e-02
-2.042358415387945936e-02
-2.045305377762784982e-02
-2.048248222544268859e-02
-2.052189514488789168e-02
-2.055653379006028292e-02
-2.058561143207149335e-02
-2.061589631177462856e-02
-2.067011135671836808e-02
-2.070257048211998629e-02
-2.073172124281608131e-02
-2.076306452929921331e-02
-2.085866518797030444e-02
-2.088972550255330241e-02
-2.091930154430532429e-02
-2.095319091233449615e-02
-2.099921154964046188e-02
-2.103008438311770867e-02
-2.106092746352650202e-02
-2.110143252079954568e-02
-2.114196734248274812e-02
-2.117679819627216187e-02
-2.120918890493062037e-02
-2.126503761886744392e-02
-2.129813556182846845e-02
-2.132856897913626426e-02
-2.136353517854128192e-02
-2.140278583556709524e-02
-2.143314215037694925e-02
-2.146454829136568154e-02
-2.157079204371692427e-02
-2.160242586108196416e-02
-2.163268668216355994e-02
-2.166970312770577500e-02
-2.170597043922972702e-02
-2.173615880055479455e-02
-2.176819868893165033e-02
-2.183921281931378022e-02
-2.187050342078811216e-02
-2.190107489022186105e-02
-2.194241012169217964e-02
-2.197669902373533546e-02
-2.200703174019258412e-02
-2.204032983960690917e-02
-2.208719438380390976e-02
-2.211829584594227072e-02
-2.214963364737598805e-02
-2.220101325077405985e-02
-2.223435414174479430e-02
-2.226524729276013748e-02
-2.230080750816032520e-02
-2.234125046730039976e-02
-2.237260555596309874e-02
-2.240492623133594208e-02
-2.250760692359665693e-02
-2.254030140891416512e-02
-2.257145761721623956e-02
-2.260986356645600104e-02
-2.264642095936642008e-02
-2.267735304707652055e-02
-2.271038144969439454e-02
-2.277244963262636812e-02
-2.280427808255647282e-02
-2.283546295562954853e-02
-2.287852573936444145e-02
-2.291289993022882499e-02
-2.294351212425738140e-02
-2.297745961029939998e-02
-2.302253447737179215e-02
-2.305346543486785915e-02
-2.308467131631553038e-02
-2.314256931193259259e-02
-2.317503442610879816e-02
-2.320537258249022461e-02
-2.324154841454262321e-02
-2.327906932557244346e-02
-2.330949205522603318e-02
-2.334157864546360095e-02
-2.341871951895180270e-02
-2.345053006744457491e-02
-2.348145475093765810e-02
-2.352315096121604387e-02
-2.355777269332737234e-02
-2.358852588131665762e-02
-2.362246282751367943e-02
-2.366804020037038825e-02
-2.369976020758490787e-02
-2.373205722555438157e-02
-2.378808404976973101e-02
-2.382250311444278346e-02
-2.385471442438846790e-02
-2.389190990366796274e-02
-2.393235213516764492e-02
-2.396443658634583862e-02
-2.399764018533534493e-02
-2.411225558408591763e-02
-2.414510433742400597e-02
-2.417636768682640547e-02
-2.421432127569111969e-02
-2.425175092651732367e-02
-2.428280381566350066e-02
-2.431553205540681883e-02
-2.443092211721864526e-02
-2.446331033401438759e-02
-2.449420008365710277e-02
-2.453203915823609638e-02
-2.456917124234792027e-02
-2.459991837971708950e-02
-2.463217409526463619e-02
-2.476155277477176675e-02
-2.479375500272651411e-02
-2.482472595827500683e-02
-2.486298625076521773e-02
-2.490098724182154832e-02
-2.493191117555870751e-02
-2.496391259873098623e-02
-2.504379535313061567e-02
-2.507643222353350687e-02
-2.510707765730957330e-02
-2.514253537878818889e-02
-2.518378220979500259e-02
-2.521483653524048130e-02
-2.524637647299066145e-02
-2.529845789833762293e-02
-2.533211795563594659e-02
-2.536281249235861068e-02
-2.539693925991692858e-02
-2.544432067935886721e-02
-2.547585837592214464e-02
-2.550753757775559016e-02
-2.555149025054126444e-02
-2.558556560742986097e-02
-2.561615103206671407e-02
-2.565094489395614019e-02
-2.569282327752797634e-02
-2.572380165217280634e-02
-2.575563505888778248e-02
-2.584579667994135743e-02
-2.587809799072882111e-02
-2.590916317136138236e-02
-2.594898691872193908e-02
-2.598637376575074764e-02
-2.601762145416142147e-02
-2.605065573101494891e-02
-2.614076133076326247e-02
-2.617344236269036895e-02
-2.620495325519445196e-02
-2.624466085306009777e-02
-2.628161562538766649e-02
-2.631320339727105662e-02
-2.634695326924019199e-02
-2.641997334944157227e-02
-2.645338414242137670e-02
-2.648605524377511955e-02
-2.652805356460941066e-02
-2.656583890376196244e-02
-2.659828372033323785e-02
-2.663280596879979978e-02
-2.669161667382891068e-02
-2.672458147595491162e-02
-2.675697995433778953e-02
-2.680098802777164391e-02
-2.683729707926463259e-02
-2.686965566355881130e-02
-2.690478375370508601e-02
-2.695667331954154644e-02
-2.698981874250439006e-02
-2.702297578551682289e-02
-2.706897868976521071e-02
-2.710480037146767440e-02
-2.713702905474379978e-02
-2.717202465326395977e-02
-2.722405127852423057e-02
-2.725668292446159491e-02
-2.728906409755893492e-02
-2.733311906952262671e-02
-2.736964480767400953e-02
-2.740153661097111115e-02
-2.743551543308009322e-02
-2.752749752448813148e-02
-2.756113789627911981e-02
-2.759327321995763693e-02
-2.763141423820003606e-02
-2.767165203708354948e-02
-2.770371563335827236e-02
-2.773651688787126535e-02
-2.779675035455209109e-02
-2.783113735724362936e-02
-2.786290063349594615e-02
-2.789836486453367570e-02
-2.794652786273166267e-02
-2.797901262698554437e-02
-2.801126075179904973e-02
-2.805481621415661930e-02
-2.809124026534071117e-02
-2.812306571948963718e-02
-2.815696891888619380e-02
-2.823666892900011938e-02
-2.827003826515606111e-02
-2.830238137061524828e-02
-2.834164204632594330e-02
-2.838107965843228442e-02
-2.841333464572637357e-02
-2.844652767736022270e-02
-2.850927317280582685e-02
-2.854392674798056362e-02
-2.857577155423207671e-02
-2.861118731523970560e-02
-2.866135193587937557e-02
-2.869409482798723765e-02
-2.872637827568991220e-02
-2.876863302680510159e-02
-2.880572372543732662e-02
-2.883751471486151186e-02
-2.887097091430390616e-02
-2.901618866710964362e-02
-2.904968260082363418e-02
-2.908154473237778426e-02
-2.911885910352729478e-02
-2.916210385104156533e-02
-2.919509614717208379e-02
-2.922785813567152502e-02
-2.927377246015783196e-02
-2.931017829285775811e-02
-2.934211758625482336e-02
-2.937607267040309722e-02
-2.951211971481304541e-02
-2.954605444451197105e-02
-2.957819817508111626e-02
-2.961515574397965977e-02
-2.965987819195525788e-02
-2.969279971690053088e-02
-2.972581910546134853e-02
-2.977172258156923768e-02
-2.980902241908600647e-02
-2.984211460760388679e-02
-2.987752812124877533e-02
-3.002163411425717854e-02
-3.005796594399912092e-02
-3.009280943987879819e-02
-3.013213901372158166e-02
-3.018115041706614932e-02
-3.021649736456544222e-02
-3.025138201265420435e-02
-3.029654926991753872e-02
-3.033595970365676742e-02
-3.036994664344760952e-02
-3.040528422497834615e-02
-3.050472409792814865e-02
-3.054038124306379665e-02
-3.057379436575724529e-02
-3.061135410555804182e-02
-3.065953297366863506e-02
-3.069350927710456922e-02
-3.072724994294562251e-02
-3.077156911219192104e-02
-3.081025453956853788e-02
-3.084365273197131607e-02
-3.087851632088078890e-02
-3.098055638935870437e-02
-3.101584333508600189e-02
-3.104914129269076284e-02
-3.108675342886202397e-02
-3.113599551910395391e-02
-3.117011143989267818e-02
-3.120388096559512103e-02
-3.124830306511616751e-02
-3.128662144714322579e-02
-3.131980797056677090e-02
-3.135469451317807188e-02
-3.147377254606797958e-02
-3.150916521699231865e-02
-3.154277432966523520e-02
-3.158097489092970278e-02
-3.162997084747676269e-02
-3.166530486613894357e-02
-3.170054115450804400e-02
-3.174629189494260206e-02
-3.178538967012756178e-02
-3.181889933680048799e-02
-3.185387505580927758e-02
-3.200130670861245363e-02
-3.203628295523697211e-02
-3.206971567102689935e-02
-3.210731870422856016e-02
-3.215688288021467667e-02
-3.219097857242370075e-02
-3.222453578381356820e-02
-3.226598006317915601e-02
-3.230710739938780218e-02
-3.234084936572700908e-02
-3.237537382929733809e-02
-3.243067922596465369e-02
-3.246732252069584046e-02
-3.250050136383875188e-02
-3.253621311662258098e-02
-3.261629407640587175e-02
-3.265092346504183674e-02
-3.268377467988825558e-02
-3.272177416421528928e-02
-3.276704856752121753e-02
-3.280027447934652507e-02
-3.283342339235029161e-02
-3.287660065380948460e-02
-3.291548996949889005e-02
-3.294842400468622756e-02
-3.298251854079670142e-02
-3.304191992424865276e-02
-3.307798385330029678e-02
-3.311097593695888630e-02
-3.314702013439074779e-02
-3.321567538127823127e-02
-3.325030304344633869e-02
-3.328359201143471502e-02
-3.332309966775770516e-02
-3.336552781528645539e-02
-3.339905154543520993e-02
-3.343302303913475715e-02
-3.348295667077327842e-02
-3.352016596784967994e-02
-3.355310876972350531e-02
-3.358808745153551989e-02
-3.371952524649912686e-02
-3.375430741406082458e-02
-3.378715999055093011e-02
-3.382453897211956662e-02
-3.387162771888796442e-02
-3.390509181571121911e-02
-3.393831993418872095e-02
-3.398254119363086634e-02
-3.402086057268804975e-02
-3.405406839496205595e-02
-3.408907443214526101e-02
-3.417610723609376677e-02
-3.421250400752862131e-02
-3.424672336358280944e-02
-3.428501390277927108e-02
-3.433808599622312219e-02
-3.437312671179437729e-02
-3.440739131935444117e-02
-3.445055979922984069e-02
-3.449026965485268992e-02
-3.452371439853252344e-02
-3.455832050467866345e-02
-3.463042116465187004e-02
-3.466604993836486237e-02
-3.469905826560748530e-02
-3.473577362797464207e-02
-3.478814856065781669e-02
-3.482206061890724680e-02
-3.485526545967809753e-02
-3.489679772131171198e-02
-3.493648378734759419e-02
-3.496931057597374437e-02
-3.500328930129525951e-02
-3.507186288327313051e-02
-3.510731527714572309e-02
-3.514020010497875823e-02
-3.517676200639774375e-02
-3.523112790137516992e-02
-3.526647353197154278e-02
-3.530182993139352465e-02
-3.534503159235347081e-02
-3.538694283398546858e-02
-3.542094293226838442e-02
-3.545540156668924858e-02
-3.551068753118191701e-02
-3.554734652368529702e-02
-3.558032367612184999e-02
-3.561581661454582548e-02
-3.569207737637292155e-02
-3.572648781768428261e-02
-3.575943855911623004e-02
-3.579818105147825058e-02
-3.584193773741140010e-02
-3.587547086018072484e-02
-3.590931924629070515e-02
-3.595714036832808880e-02
-3.599520253729215913e-02
-3.602874523441246257e-02
-3.606428782046744441e-02
-3.621424156892016910e-02
-3.624968756530722036e-02
-3.628318684876541411e-02
-3.632138103841253685e-02
-3.636878544921962053e-02
-3.640291759972069663e-02
-3.643689497211588524e-02
-3.648171625727547607e-02
-3.652110571313915699e-02
-3.655530691831043733e-02
-3.659165191007807127e-02
-3.666145810647680747e-02
-3.670098587103165499e-02
-3.673638167281656486e-02
-3.677451697238409700e-02
-3.682899128680383605e-02
-3.686354029495741980e-02
-3.689711352853841664e-02
-3.693865670728746498e-02
-3.697918431671620709e-02
-3.701245944242159691e-02
-3.704668647997977349e-02
-3.710548717816775088e-02
-3.714178669573298119e-02
-3.717496098661821069e-02
-3.721098393713695440e-02
-3.727940151910091870e-02
-3.731420872148027978e-02
-3.734797288734403864e-02
-3.738838098813246358e-02
-3.743278938873473294e-02
-3.746834827238243459e-02
-3.750527318619389927e-02
-3.755379901477273741e-02
-3.759488189831605709e-02
-3.762977473814754781e-02
-3.766580900319382863e-02
-3.776930128765820793e-02
-3.780555641120220134e-02
-3.783950384538115053e-02
-3.787768173720040821e-02
-3.792819156290427873e-02
-3.796312222244901946e-02
-3.799786119369319426e-02
-3.804310666435717359e-02
-3.808337212490320312e-02
-3.811812297868955035e-02
-3.815455129517220101e-02
-3.828222844424145066e-02
-3.831896855599048468e-02
-3.835379985273823511e-02
-3.839372668406493272e-02
-3.844111923607651526e-02
-3.847705235727050255e-02
-3.851307651269286758e-02
-3.856606621640290555e-02
-3.860444901912229998e-02
-3.863891618421855245e-02
-3.867621400713761037e-02
-3.873608919335402856e-02
-3.877110091958968496e-02
-3.880525501279996625e-02
-3.884898904318667689e-02
-3.888865388181772520e-02
-3.892263046298594098e-02
-3.895858526019202461e-02
-3.910833187674322975e-02
-3.914606208734039416e-02
-3.918655877899457352e-02
-3.925093696879733418e-02
-3.928549376959966644e-02
-3.932483247083351507e-02
-3.936184463704728298e-02
-3.939656130994018124e-02
-3.944660249430931298e-02
-3.948026220772404837e-02
-3.953373561321615881e-02
-3.956843926063102757e-02
-3.960734881905980664e-02
-3.964721164182050117e-02
-3.969526259638878063e-02
-3.973789080103984350e-02
-3.978847877983615611e-02
-3.982674236756378328e-02
-3.987174081111466428e-02
-3.991486550185441295e-02
-3.995226130253537455e-02
-4.000734343053069519e-02
-4.004653254330869938e-02
-4.008476771750002499e-02
-4.015081710644974322e-02
-4.018893188891481394e-02
-4.022935430878749052e-02
-4.028308897611410089e-02
-4.032157196017738254e-02
-4.036672210101011071e-02
-4.041250644729876829e-02
-4.045466398309272016e-02
-4.051529775630902108e-02
-4.055831151263333822e-02
-4.060312867641724388e-02
-4.065184274372712903e-02
-4.069155389458645189e-02
-4.074881137968044964e-02
-4.078711427178549620e-02
-4.083022670951863553e-02
-4.087187967484540163e-02
-4.091098317917929439e-02
-4.096576506559301833e-02
-4.101208012023060956e-02
-4.107775963859727764e-02
-4.112042352501721343e-02
-4.116152911281190097e-02
-4.122056952794383999e-02
-4.125926844796201642e-02
-4.129976247054079064e-02
-4.135502180060546262e-02
-4.139548339713838843e-02
-4.144880247232218817e-02
-4.149858659200211797e-02
-4.153385027383937889e-02
-4.157886076938421827e-02
-4.161579875536414175e-02
-4.165129949591661607e-02
-4.172055356366333179e-02
-4.176117247814925548e-02
-4.180470729414653697e-02
-4.186468909906160274e-02
-4.191048622917203925e-02
-4.194817219363966565e-02
-4.198733310308888633e-02
-4.204462157859134575e-02
-4.208992830545954522e-02
-4.212729832776529459e-02
-4.216560275634240185e-02
-4.221898055115413939e-02
-4.226567406336256827e-02
-4.230311603172653978e-02
-4.234111437548271351e-02
-4.239198248820852388e-02
-4.244055888120723541e-02
-4.247843604491319258e-02
-4.251654022437889591e-02
-4.256621315433484209e-02
-4.261667907918453846e-02
-4.265560697745762742e-02
-4.269458648053992000e-02
-4.274452295681840930e-02
-4.280097772818403090e-02
-4.284859204433089097e-02
-4.289691407134643697e-02
-4.294637034033654821e-02
-4.300106074098031250e-02
-4.306243462134617950e-02
-4.311354172504766602e-02
-4.315795150364720723e-02
-4.319981426903107824e-02
-4.324188953660079715e-02
-4.328779385485559406e-02
-4.334407048921973260e-02
-4.340075955820188458e-02
-4.344678657363409968e-02
-4.348825086068730528e-02
-4.352890117518304347e-02
-4.357174488047310668e-02
-4.362145001660455712e-02
-4.368099683348336537e-02
-4.373148177263141978e-02
-4.377471085079509550e-02
-4.381566875895148705e-02
-4.385709223001743595e-02
-4.390197904206860624e-02
-4.395590340623567460e-02
-4.401353068065605445e-02
-4.406066766533422996e-02
-4.410284246644524675e-02
-4.414379948788493824e-02
-4.418601552296252954e-02
-4.423360956782607101e-02
-4.429257131636621381e-02
-4.434626615732251143e-02
-4.439095292719708041e-02
-4.443229805920290154e-02
-4.447357893855008459e-02
-4.451762135764281147e-02
-4.456954372624621907e-02
-4.462913045485494834e-02
-4.467790980857944128e-02
-4.472072356625345080e-02
-4.476185284199840630e-02
-4.480393653746117533e-02
-4.485038431479615451e-02
-4.490716778530179365e-02
-4.496317720482367886e-02
-4.500942836261101476e-02
-4.505176231183205537e-02
-4.509355498375178239e-02
-4.513771001785849002e-02
-4.518891134409219745e-02
-4.525044628549734771e-02
-4.530386454803247975e-02
-4.535077557967337469e-02
-4.539521374525101738e-02
-4.543948084101678830e-02
-4.548678213037471441e-02
-4.554331297617808527e-02
-4.559869017323336937e-02
-4.564397048091106690e-02
-4.568568701170139246e-02
-4.572754677798629430e-02
-4.577411542751153029e-02
-4.583061654164077847e-02
-4.588399374937535136e-02
-4.592814969544045667e-02
-4.596920651417879533e-02
-4.601095445708680565e-02
-4.605797175548054234e-02
-4.611592034802070028e-02
-4.616670764212826850e-02
-4.620976336508630933e-02
-4.625079730962544655e-02
-4.629332613507664007e-02
-4.634200926448961422e-02
-4.640033825935940826e-02
-4.644954476130669363e-02
-4.649247427669755961e-02
-4.653399893610665750e-02
-4.657729367858653990e-02
-4.662742864158031519e-02
-4.668601314104159350e-02
-4.673484051222065450e-02
-4.677808510516656693e-02
-4.682038780858910343e-02
-4.686506782905830448e-02
-4.691568923733757668e-02
-4.697401408821633151e-02
-4.701919242255714337e-02
-4.706053241381313867e-02
-4.710350793252193746e-02
-4.715577634363954385e-02
-4.721626399430856047e-02
-4.726407653827846556e-02
-4.730780140334678308e-02
-4.735211555204577039e-02
-4.740203735541381747e-02
-4.746516642110332196e-02
-4.751546908351944598e-02
-4.756040413133033606e-02
-4.760470438209252197e-02
-4.764939745338470090e-02
-4.769697129549099746e-02
-4.775121505334245509e-02
-4.781539127597433936e-02
-4.787732783812403969e-02
-4.792791645446148330e-02
-4.797325264530460931e-02
-4.801664511543457525e-02
-4.806000526722131738e-02
-4.810510238947207640e-02
-4.815563238892539566e-02
-4.821434013047776190e-02
-4.827457954393199469e-02
-4.832971607614411358e-02
-4.837892991059233871e-02
-4.842508530250289045e-02
-4.846987531821755901e-02
-4.851437981846917769e-02
-4.855959137494458844e-02
-4.860679310528404073e-02
-4.865799810679161119e-02
-4.871597698136320709e-02
-4.878282374138398492e-02
-4.885085164007707537e-02
-4.891408751135495336e-02
-4.896813253451037795e-02
-4.901905546699303340e-02
-4.907023999188486751e-02
-4.912123544105273520e-02
-4.917094282138134709e-02
-4.922120181175837494e-02
-4.927429880226918968e-02
-4.933304178377273530e-02
-4.939924251035732183e-02
-4.946406978314266123e-02
-4.952071857410922373e-02
-4.957167621654812173e-02
-4.961945484675589491e-02
-4.966559606998444121e-02
-4.971120356251323980e-02
-4.975733824216344026e-02
-4.980541142081051920e-02
-4.985762873217047808e-02
-4.991712375482049158e-02
-4.998223184888750392e-02
-5.004151566300640841e-02
-5.009333873038313012e-02
-5.014064456021194438e-02
-5.018575550012305264e-02
-5.023017231077708811e-02
-5.027504322094611400e-02
-5.032155885424371977e-02
-5.037139932488310379e-02
-5.042729834060566407e-02
-5.049083503743423407e-02
-5.055300403903995043e-02
-5.060752185330141817e-02
-5.065684620258381621e-02
-5.070344491745071291e-02
-5.074896764955350026e-02
-5.079471288446602006e-02
-5.084184438947847440e-02
-5.089176204203227361e-02
-5.094662965610707861e-02
-5.100936865578764579e-02
-5.107473545315266428e-02
-5.113276961727952763e-02
-5.118453758197683001e-02
-5.123265507017071840e-02
-5.127877012898907072e-02
-5.132390425567567860e-02
-5.136901878254496179e-02
-5.141532459854269987e-02
-5.146453879881163207e-02
-5.151923040111006102e-02
-5.158173781611785635e-02
-5.164666451332722286e-02
-5.170431106848205616e-02
-5.175543037259966450e-02
-5.180289661096537657e-02
-5.184853695216229408e-02
-5.189354604455864717e-02
-5.193893240360569763e-02
-5.198574811947820340e-02
-5.203557214567677836e-02
-5.209084842676192650e-02
-5.215363368507075492e-02
-5.221722474532508596e-02
-5.227362324888706890e-02
-5.232427439185083351e-02
-5.237167120092112160e-02
-5.241745131089969867e-02
-5.246281766539684366e-02
-5.250888496091199453e-02
-5.255690121297795780e-02
-5.260923099008407711e-02
-5.266928376566359926e-02
-5.273634515654934685e-02
-5.280009339990177075e-02
-5.285773940039473207e-02
-5.291178223830561578e-02
-5.296288644684143954e-02
-5.301203622857997289e-02
-5.306011992853343351e-02
-5.310841159467927231e-02
-5.315843329701097630e-02
-5.321228785398945949e-02
-5.327220648768016265e-02
-5.333679651765288465e-02
-5.339728857167147513e-02
-5.345101766332638338e-02
-5.350022693750178249e-02
-5.354692740774813497e-02
-5.359233964733367550e-02
-5.363747263327633963e-02
-5.368337325624028544e-02
-5.373142893083959759e-02
-5.378364457326778592e-02
-5.384246700803929642e-02
-5.390736078080970994e-02
-5.397087906294439907e-02
-5.402909171934811017e-02
-5.408235177526277138e-02
-5.413168924777111979e-02
-5.417904351714464273e-02
-5.422586750516611431e-02
-5.427288143317809954e-02
-5.432125639709572962e-02
-5.437245143985969253e-02
-5.442874538325903622e-02
-5.449195962104180779e-02
-5.455617805727885905e-02
-5.461382802576320028e-02
-5.466551715717460347e-02
-5.471357637054108380e-02
-5.475973775496678631e-02
-5.480528382097160645e-02
-5.485127238900211477e-02
-5.489882785595012749e-02
-5.494956146068907810e-02
-5.500590276562833392e-02
-5.507008416194991707e-02
-5.513855351009955275e-02
-5.520178276868648037e-02
-5.525766648786201163e-02
-5.530879945823652388e-02
-5.535728131154005194e-02
-5.540429260117818444e-02
-5.545086638504759247e-02
-5.549813090334632104e-02
-5.554759787061214205e-02
-5.560143512135484745e-02
-5.566242119944697642e-02
-5.572979328686655798e-02
-5.579266704090402040e-02
-5.584793818103095386e-02
-5.589850730185397243e-02
-5.594661520272592448e-02
-5.599369636637763215e-02
-5.604080625464391563e-02
-5.608908784511945633e-02
-5.613997817247950994e-02
-5.619533941662158139e-02
-5.625714883867327654e-02
-5.632531473996815752e-02
-5.639140900801709044e-02
-5.644894008868084345e-02
-5.650039875219192709e-02
-5.654862573859986696e-02
-5.659540808696417180e-02
-5.664203491834718385e-02
-5.668925407925395898e-02
-5.673823980044701010e-02
-5.679030719804567529e-02
-5.684804466231707654e-02
-5.691355062567782230e-02
-5.697944325721360226e-02
-5.703780374931133323e-02
-5.709033360883231101e-02
-5.713984869024091306e-02
-5.718755013724707847e-02
-5.723478817551352904e-02
-5.728258661906415750e-02
-5.733185780479299609e-02
-5.738390610526733493e-02
-5.744040732697386353e-02
-5.750308124930936238e-02
-5.757097743205208396e-02
-5.763817303497853484e-02
-5.769635692997909793e-02
-5.774845302331987895e-02
-5.779690298284079208e-02
-5.784335267086371246e-02
-5.788902092047565340e-02
-5.793483738706661779e-02
-5.798174153783841600e-02
-5.803091748012756401e-02
-5.808425011663254089e-02
-5.814473704038281010e-02
-5.821338718443258564e-02
-5.828027602713858890e-02
-5.833883255012861646e-02
-5.839164755549774988e-02
-5.844168762469459377e-02
-5.849023431943334295e-02
-5.853778546219434720e-02
-5.858476130081347044e-02
-5.863215344594552292e-02
-5.868132698213346377e-02
-5.873416349369897649e-02
-5.879308093222368470e-02
-5.885969180282768498e-02
-5.892653055669894169e-02
-5.898559528034497124e-02
-5.903843594055557809e-02
-5.908753450088788384e-02
-5.913453850355698815e-02
-5.918060540925229596e-02
-5.922671020732706015e-02
-5.927379740485949622e-02
-5.932295099240292302e-02
-5.937562679399976950e-02
-5.943431158575840367e-02
-5.950168685506529442e-02
-5.957239349834553277e-02
-5.963494382167133789e-02
-5.969016889216749444e-02
-5.974119327173810223e-02
-5.978989454590888375e-02
-5.983746404251277795e-02
-5.988474510109564886e-02
-5.993255847461065322e-02
-5.998194479668228496e-02
-6.003435307212079408e-02
-6.009198330520149067e-02
-6.015711623553199328e-02
-6.022710435321310118e-02
-6.029264947765122784e-02
-6.036418276842325792e-02
-6.040513049077478325e-02
-6.045064310904513238e-02
-6.050625161889122694e-02
-6.055248999011941802e-02
-6.058731201907707753e-02
-6.061753593777974292e-02
-6.064854925547336073e-02
-6.069816203022060375e-02
-6.073460884313741648e-02
-6.079146101047405715e-02
-6.082619056822780035e-02
-6.087056608467200647e-02
-6.093111635119119462e-02
-6.096793338667860773e-02
-6.100128073397670381e-02
-6.103671773398333666e-02
-6.107226756463535189e-02
-6.111897020096657140e-02
-6.115193928471540641e-02
-6.119147697553095622e-02
-6.123268167902673476e-02
-6.127813280188643130e-02
-6.131408135671456705e-02
-6.135893029785710606e-02
-6.141099349387746376e-02
-6.145232166772451876e-02
-6.148458141247969966e-02
-6.151805173646673897e-02
-6.157365141087078886e-02
-6.161522774755612275e-02
-6.164378353565036495e-02
-6.167173205979359363e-02
-6.171345888095058907e-02
-6.173883999330809225e-02
-6.176770064832459717e-02
-6.179574401048704146e-02
-6.182035603515223521e-02
-6.186180788696848953e-02
-6.188672722109334057e-02
-6.191280167408141910e-02
-6.194529262895465127e-02
-6.196958312184774886e-02
-6.200197764857029448e-02
-6.202851561158961857e-02
-6.205371706379159136e-02
-6.209926220313721767e-02
-6.212456798730037200e-02
-6.215200323325631437e-02
-6.218176868580249650e-02
-6.220738628120903169e-02
-6.224647323666432364e-02
-6.227385416847674993e-02
-6.231014998778572345e-02
-6.235193150545603746e-02
-6.238460798491451964e-02
-6.241621190083057602e-02
-6.244851615255320176e-02
-6.252767089774591280e-02
-6.256269672714875885e-02
-6.259690864977396352e-02
-6.262644695344832257e-02
-6.266170401387249900e-02
-6.268998473434173047e-02
-6.272517172998226531e-02
-6.275354216987449885e-02
-6.278634276859895724e-02
-6.281567741147786599e-02
-6.284614401310573140e-02
-6.287759257529412782e-02
-6.290666259640897984e-02
-6.294053399039378771e-02
-6.296896597468071288e-02
-6.300538848376091572e-02
-6.303440588780628850e-02
-6.306980602426692784e-02
-6.310268579529476618e-02
-6.314413770514581969e-02
-6.318010953764285897e-02
-6.321435236331451879e-02
-6.324435343354495309e-02
-6.327652544072703833e-02
-6.330542725840371254e-02
-6.333808217468972490e-02
-6.336630670291043543e-02
-6.340078377235147666e-02
-6.342846284615832886e-02
-6.346521781389835581e-02
-6.349248120319528343e-02
-6.353015307662102096e-02
-6.355735457250066833e-02
-6.359419030939927886e-02
-6.362203341272953949e-02
-6.365758174452407214e-02
-6.368802090103276026e-02
-6.372558058728172714e-02
-6.377427278030134428e-02
-6.380769181752488084e-02
-6.384476725122534280e-02
-6.388954215962505678e-02
-6.392209569420936877e-02
-6.395413920654713369e-02
-6.399210915483333206e-02
-6.403447955451935236e-02
-6.407586384643160216e-02
-6.410364998442463769e-02
-6.414876224239085545e-02
-6.417636543229887636e-02
-6.421160700005901223e-02
-6.423879151260702969e-02
-6.426982336247621941e-02
-6.429963117472980993e-02
-6.433273857854826527e-02
-6.436333437898389409e-02
-6.439066458313558172e-02
-6.442501417058310587e-02
-6.445285772537534541e-02
-6.449779237350761196e-02
-6.455192871191739457e-02
-6.459429404458372215e-02
-6.462908634611919112e-02
-6.465642057037090940e-02
-6.468502142541388000e-02
-6.472709518553854124e-02
-6.475415215429169979e-02
-6.477950188835157608e-02
-6.481010997918623673e-02
-6.484500482218513717e-02
-6.487012824382298870e-02
-6.489530192920855978e-02
-6.493062372274438498e-02
-6.495953742876814374e-02
-6.498402178275219931e-02
-6.501096716309795465e-02
-6.505135018622654197e-02
-6.507694064560054503e-02
-6.510172667464453333e-02
-6.513483675391606997e-02
-6.516494483089618761e-02
-6.518991223130954360e-02
-6.521719247570889610e-02
-6.526691670612971841e-02
-6.529549293267400412e-02
-6.532092563637381666e-02
-6.535050407228848446e-02
-6.538446937601483100e-02
-6.540963753765949296e-02
-6.543497707365464322e-02
-6.547518802296470319e-02
-6.550397993821632792e-02
-6.552905864835834038e-02
-6.555702043167499493e-02
-6.559217927785998548e-02
-6.561882232535565240e-02
-6.564598504780394528e-02
-6.568904877138315168e-02
-6.571845067203729851e-02
-6.574676045562311000e-02
-6.577908641043350713e-02
-6.587296893801242170e-02
-6.590810398629154410e-02
-6.593764982396832508e-02
-6.597380314243617150e-02
-6.600409127891826433e-02
-6.603673275607291338e-02
-6.609949760829503251e-02
-6.613867184001342991e-02
-6.617085132314715068e-02
-6.620799553016132322e-02
-6.627935850557353792e-02
-6.631891081464413862e-02
-6.635140986091403459e-02
-6.638377453262522820e-02
-6.642404606954377400e-02
-6.646661849686774648e-02
-6.650174241137452036e-02
-6.653522571023795518e-02
-6.658732301413450294e-02
-6.663731924939630957e-02
-6.668470112967550545e-02
-6.675717956003834885e-02
-6.679904531294544867e-02
-6.684065889867196741e-02
-6.690611512280442152e-02
-6.696113004640313893e-02
-6.700082706507781705e-02
-6.705986868682600743e-02
-6.712103790149792637e-02
-6.716171456544162144e-02
-6.720187281177425476e-02
-6.724511267415111959e-02
-6.730175989395781322e-02
-6.737937208282795964e-02
-6.742254501472255690e-02
-6.746461588059093906e-02
-6.751140359908058830e-02
-6.756204677036004025e-02
-6.761271098663568235e-02
-6.765711279544739387e-02
-6.771256701371075604e-02
-6.776948987713915518e-02
-6.783275299746382991e-02
-6.791147673878250579e-02
-6.803396886824364387e-02
-6.812652894397175363e-02
-6.819390915782908014e-02
-6.825170627126131428e-02
-6.830456158934872235e-02
-6.835441148193066585e-02
-6.840226593288989410e-02
-6.844884520403593520e-02
-6.849468119347568162e-02
-6.854011710420793158e-02
-6.858542145717427818e-02
-6.863083657204394061e-02
-6.867663213378916165e-02
-6.872319190313336268e-02
-6.877107619558753271e-02
-6.882084706168833943e-02
-6.887360422026767015e-02
-6.893136790069032127e-02
-6.899892347604341669e-02
-6.909253272324111794e-02
-6.921445552743032970e-02
-6.929191216386931806e-02
-6.935487832015629905e-02
-6.941185179823161633e-02
-6.946929050045147491e-02
-6.952160050936884161e-02
-6.957103307717138474e-02
-6.962072840924804495e-02
-6.967146702454196650e-02
-6.972412498442448481e-02
-6.978000533788353277e-02
-6.984048015905652829e-02
-6.990798959637678500e-02
-6.998785618437863842e-02
-7.009224532780056194e-02
-7.021183283224496918e-02
-7.030522067137134901e-02
-7.037930469925968158e-02
-7.045315965080378717e-02
-7.052653506340522682e-02
-7.064740522563572878e-02
-7.073551299761593469e-02
-7.079798175939411298e-02
-7.085172888806512415e-02
-7.090130950460393766e-02
-7.094847771054535457e-02
-7.099417213142911187e-02
-7.103903423698010311e-02
-7.108360522055812147e-02
-7.110594781230583639e-02
