5.478158392495402484e-01
5.484581237885556293e-01
5.507135487618872727e-01
5.518304765905502896e-01
5.534691234332250742e-01
5.568597125036148787e-01
5.591503448120096476e-01
5.606504100864420082e-01
5.606185969884367459e-01
5.622616769895057987e-01
5.630407743130169118e-01
5.638938663345059998e-01
5.666151305683104766e-01
5.693986150135765811e-01
5.730488573090469773e-01
5.730159291757914719e-01
5.731582944856588036e-01
5.735222188174552427e-01
5.735872175293311725e-01
5.742050242585102771e-01
5.755265450838022989e-01
5.768105269817253022e-01
5.793649924572912280e-01
5.807303053432216755e-01
5.801265638881490938e-01
5.783475945188255585e-01
5.757016378896063769e-01
5.752263986806726015e-01
5.745503156851304860e-01
5.733673717805937153e-01
5.709817369715950441e-01
5.688946059120765231e-01
5.680573521101749401e-01
5.656571914586834282e-01
5.651822757673431452e-01
5.651554084479342155e-01
5.639284100016354051e-01
5.641468978032730952e-01
5.613956390830824317e-01
5.590089367225046235e-01
5.586017785961809867e-01
5.567574243039712378e-01
5.597631686030622999e-01
5.605389440226500319e-01
5.527662035239148119e-01
5.506814441975568242e-01
5.479559607061440518e-01
5.462867977993152158e-01
5.456427014820458554e-01
5.406257188986257622e-01
5.374964791927229202e-01
5.350269096896992371e-01
5.329450515353947315e-01
5.305543300998569745e-01
5.298420456788188737e-01
5.298022006250648896e-01
5.301281456819115778e-01
5.286251258658054564e-01
5.286199053719035090e-01
5.266503108271877176e-01
5.265668101289718850e-01
5.276466645612636341e-01
5.263496747560210132e-01
5.244799108769119256e-01
5.226223837159110763e-01
5.220827621740942170e-01
5.221123149991305779e-01
5.235750514378152420e-01
5.228879002037261081e-01
5.237381807302783354e-01
5.229960196391751914e-01
5.255524281073705728e-01
5.275318685641300354e-01
5.301238819316803630e-01
5.310231598469431491e-01
5.309515560722601890e-01
5.268327902235959703e-01
5.252299608045573054e-01
5.252230688592040009e-01
5.239911938014071291e-01
5.219968417727107735e-01
5.226418201839727606e-01
5.199780346120720376e-01
5.198080656249842724e-01
5.212620157687680722e-01
5.211286784984775489e-01
5.198758309733633176e-01
5.185713971388812293e-01
5.175376116255260284e-01
5.159665589630820781e-01
5.150752432650792523e-01
5.138308659709814874e-01
5.149825447030427217e-01
5.130625048579726677e-01
5.101189065215572249e-01
5.091790738396777538e-01
5.104651451108623839e-01
5.082196708761289594e-01
5.078524265632472501e-01
5.072706131373039273e-01
5.074635965013435390e-01
5.358708013718326280e-01
5.084203114626542064e-01
5.081573653225426312e-01
5.101370186697971043e-01
5.155089386470579349e-01
5.202481527654900795e-01
5.285398925180565533e-01
5.536438495794713255e-01
5.774473102915141931e-01
5.891334859851281580e-01
5.391631101674485560e-01
5.289938100207650651e-01
5.261240932052803077e-01
5.236533937573847330e-01
5.223455859756247488e-01
5.194800449868873793e-01
5.186616027418738950e-01
5.206279545047775015e-01
5.230297100577862013e-01
5.245235174940319212e-01
5.292683055801630232e-01
5.353244350056974854e-01
5.408866388458062335e-01
5.492185372277108568e-01
6.242610494418776579e-01
5.353528558426755568e-01
5.221539836246422706e-01
5.167048230155798505e-01
5.134777459924741994e-01
5.120494314753433196e-01
5.137214927656229557e-01
5.155128909045156860e-01
5.187613983503537307e-01
5.296941216138256747e-01
5.130455651180305665e-01
5.112783516920732518e-01
5.122250461106077069e-01
5.129569862644614009e-01
5.146838679284503337e-01
5.223390773000190501e-01
5.260703845914560528e-01
5.465484519000473052e-01
5.566686964779263835e-01
5.322425759501199227e-01
5.240677670999025484e-01
5.200643953931605168e-01
5.166459130427630830e-01
5.170659733149139958e-01
5.180431935739335803e-01
5.185424881416936804e-01
5.202905492658259634e-01
5.236202821566572352e-01
5.274982468408384584e-01
5.254791856714540188e-01
5.269585341381771704e-01
5.254504427202583150e-01
5.257483393818788153e-01
5.284863043360474855e-01
5.330058384132722038e-01
5.382946941254722617e-01
5.494982305333852013e-01
5.758809729536292776e-01
5.804737629744650684e-01
5.592385028609659914e-01
5.586085958056506984e-01
5.621380782572915624e-01
5.627548354633676864e-01
5.604711766789053362e-01
5.589199588970098498e-01
5.494217264222490682e-01
5.476693426010537102e-01
5.430129467333945081e-01
5.441534492388081512e-01
5.475263782207099306e-01
5.554462992036062197e-01
5.602729362457327111e-01
5.506895671061368125e-01
5.430941246942851963e-01
5.410430165490586196e-01
5.352917272030480733e-01
5.253389658974172427e-01
5.210760347724964214e-01
5.198658294896232324e-01
5.211283586371580068e-01
5.237325676187548629e-01
5.252219098056317703e-01
5.510073950361390471e-01
5.285948342960427038e-01
5.286743602902808092e-01
5.382032216186962703e-01
5.310185987363866822e-01
5.334168589013555950e-01
5.389733185193144038e-01
5.484043431431483429e-01
5.470810464241033788e-01
5.363390919757137221e-01
5.249716615336802450e-01
5.165457200045530106e-01
5.088862560991528339e-01
5.040892427286021160e-01
5.017729160115198539e-01
5.045582997622184429e-01
5.022862807417856068e-01
5.066540968061672423e-01
5.292625677881938051e-01
5.151005467166014373e-01
5.076150963424036489e-01
4.977470165237920519e-01
4.918466623257322090e-01
4.912244423252875580e-01
4.888378625787977994e-01
4.866935471341177211e-01
4.878175738875902834e-01
4.897165277496532410e-01
4.967800789626371505e-01
5.030631807057939220e-01
5.127187943980338058e-01
5.341431250048320756e-01
5.234672030181357627e-01
5.139351405759248204e-01
5.085656012802124426e-01
5.079930316853403793e-01
5.098506211861906223e-01
5.144938744736282654e-01
5.229002461754064246e-01
5.361522061050896237e-01
5.586581647758428470e-01
5.490412260962218571e-01
5.388956365550165994e-01
5.335362113458173017e-01
5.256915090650443600e-01
5.188017857339884964e-01
5.166693355031187762e-01
5.194737455917609603e-01
5.264122128846926429e-01
5.328782099653330828e-01
5.386973434576759479e-01
5.604783857305585260e-01
5.513316088784360192e-01
5.537869390257381674e-01
5.614423706345189613e-01
5.636821605825440562e-01
5.464047647692653609e-01
5.340622926951907878e-01
5.265409591238251474e-01
5.218569836565295494e-01
5.217508262533797625e-01
5.206840796206998467e-01
5.225625487750324982e-01
5.197973410409074679e-01
5.185400626358441789e-01
5.260356147185608622e-01
5.382386195400394868e-01
5.333951471576260372e-01
5.231465140540162428e-01
5.199636048886753237e-01
5.167989110521342688e-01
5.179739291953566749e-01
5.244994017497308647e-01
5.365971633544205366e-01
5.560222934768658254e-01
5.432926315178087107e-01
5.322327507689219583e-01
5.295656313889758326e-01
5.276896029102516872e-01
5.264307485985892932e-01
5.256631908285623878e-01
5.295263748049932051e-01
5.606160079956430398e-01
5.553239345128913040e-01
5.667073259192139112e-01
5.274459683513196273e-01
5.196031711265909347e-01
5.136215980096485723e-01
5.047644703745296502e-01
5.026566766145628140e-01
5.026410241952113944e-01
5.027966274625533805e-01
5.013537516926361848e-01
5.007581884220375645e-01
5.016975396747644922e-01
5.043455596956425424e-01
5.105675147885680998e-01
5.118732721511577433e-01
5.134909830955578514e-01
5.212835662015956606e-01
5.258024179796249031e-01
5.417408379475567859e-01
5.567838415199068969e-01
5.386726178127793085e-01
5.310798966863625736e-01
5.303709496404741541e-01
5.333830122590003109e-01
5.372250770427167144e-01
5.425931716441579900e-01
5.464190893485466605e-01
5.583318210539288673e-01
6.106702295139440073e-01
5.590619105244393205e-01
5.496965427872050336e-01
5.513294719665375876e-01
5.579444876783229423e-01
5.557383317238533404e-01
5.537546717340567914e-01
5.512808836798724910e-01
5.445312329263448659e-01
5.431279845495814440e-01
5.419886556414774681e-01
5.435820302778543445e-01
5.435952429848254219e-01
5.623691639485033367e-01
5.404880201906245851e-01
5.403197681757734294e-01
5.374685206053680941e-01
5.303060437491166068e-01
5.242809101919959636e-01
5.219100725829808329e-01
5.237543222708149759e-01
5.202657000041395197e-01
5.296111295708290090e-01
5.297518066036855933e-01
5.227437997718206164e-01
5.239444387336410491e-01
5.242914205463494737e-01
5.245835703501517955e-01
5.190871866137312107e-01
5.208311626521476834e-01
5.239122748500287807e-01
5.338416598399978730e-01
5.441783980540695342e-01
5.804423270924752298e-01
6.917714395818067574e-01
5.903046106130327431e-01
5.526434304996036273e-01
5.386773556425492604e-01
5.339771387056264640e-01
5.321223037428879366e-01
5.361160091689971541e-01
5.419414439614738122e-01
5.518952691952115908e-01
5.897240350710964973e-01
6.507256245158711261e-01
5.588809037833927240e-01
5.318928668817641814e-01
5.186709590832666583e-01
5.114616394466489080e-01
5.152324805749068926e-01
5.089280632418058392e-01
5.155843823947339200e-01
5.336580345278937321e-01
6.098438290052549116e-01
5.870070124106562259e-01
5.316568348321658588e-01
5.180263107017553104e-01
5.174116505014765277e-01
5.192811330886027976e-01
5.367883879079711207e-01
5.496407664730017517e-01
7.114583834301003717e-01
5.337685509821133989e-01
4.996587815805609845e-01
4.879075409865972213e-01
4.892698319278375729e-01
4.829077587350254497e-01
4.933771883017426529e-01
5.368160796859231532e-01
7.113046976622439121e-01
5.162407794346527412e-01
4.833536153354079379e-01
4.746932605063785005e-01
4.714136807111122818e-01
4.771822164006765399e-01
4.910427058319381532e-01
5.310257127183730663e-01
6.915821076392723032e-01
5.303028923207959711e-01
4.980229663948310681e-01
4.842337660478907568e-01
4.846366198521419033e-01
4.950386094079012311e-01
5.178569620291512132e-01
5.627874429912111953e-01
6.707352674626642086e-01
5.464509670727629720e-01
5.106231100586822169e-01
5.077907386007954882e-01
5.028941649004570191e-01
5.090067127072552822e-01
5.347382485619245340e-01
6.680413634083802732e-01
5.586599537290622974e-01
5.138393852838067932e-01
5.009952573477571836e-01
5.017013265361270902e-01
5.135146026229424621e-01
5.302297083147052836e-01
5.776649317041564480e-01
6.772195002233598604e-01
5.750392720614669884e-01
5.588823219308268753e-01
5.527517281603605559e-01
5.739703394870082631e-01
7.797205748427827876e-01
5.764062048556470863e-01
5.353500103385494535e-01
5.266648257614178208e-01
5.432613930076147790e-01
7.527646597134065587e-01
5.321450067936308592e-01
5.130945719851104370e-01
5.162384744302347395e-01
5.529544028876836048e-01
6.046493160299278857e-01
5.256973886513212069e-01
5.235731782160546466e-01
5.496401852085038842e-01
5.970783270608593929e-01
6.401575628600212342e-01
5.433016385370191825e-01
5.465410813649850263e-01
5.264055087590129300e-01
5.399329125962013531e-01
6.481595031104118165e-01
5.051657816282404401e-01
4.814249053842687975e-01
4.834578873332665006e-01
4.835544590440577495e-01
5.269572887582854026e-01
5.630069234400965072e-01
4.797895821203819189e-01
4.638189105105160470e-01
4.628384206494597919e-01
4.756388495256706483e-01
5.172791008571113736e-01
7.023044420793058684e-01
5.398412598527333461e-01
4.899158272122569047e-01
4.777677183015127116e-01
4.818062580123536609e-01
5.093924438525931908e-01
7.139070983968945905e-01
5.232286624140235487e-01
4.973026785676596950e-01
5.003503988906990996e-01
5.426379425062575201e-01
5.335254928723399681e-01
5.413360113659806405e-01
7.065424185701153492e-01
6.018985118942510315e-01
5.409271546662985930e-01
5.337202753240061215e-01
5.721268406215473945e-01
6.464985870553896508e-01
5.636847431672279418e-01
5.666573224189906943e-01
5.553330061196233292e-01
5.472212869143576741e-01
5.530670995407759305e-01
5.600124146029867855e-01
5.642616764072386770e-01
5.890597335011128477e-01
5.975091812590206386e-01
6.395153344717036115e-01
5.606207512309722141e-01
5.371157502077142931e-01
5.347075539505947717e-01
5.605179675013447493e-01
5.387061947606842649e-01
5.393558047074323847e-01
5.785021683354044653e-01
6.063294943252833802e-01
5.505147212546022129e-01
5.359315323520636998e-01
5.345219896323200048e-01
5.556758761801930957e-01
5.782724916181583019e-01
6.567424506450926236e-01
6.141178681326071587e-01
5.620155803062134581e-01
5.467150534068219159e-01
5.523413838294199962e-01
6.601183750179197007e-01
5.568459767832480978e-01
5.878978950568447548e-01
6.638155445706398483e-01
6.113051373631281926e-01
6.559048251777144234e-01
5.888681960385021563e-01
5.546006806558839708e-01
5.653237351082455175e-01
6.121597045573345941e-01
7.272332506303412769e-01
5.762748017990220184e-01
5.706850244837464725e-01
5.638800024710401981e-01
5.357484096172941967e-01
5.580003313938204368e-01
7.459730644105995179e-01
6.173519506658964318e-01
5.632865260927316653e-01
5.629591617919621482e-01
6.423753346086541471e-01
6.023948786316486448e-01
5.756642248839100029e-01
5.900070986314840393e-01
6.203420427072784404e-01
6.522591871911557204e-01
6.085494101650942289e-01
5.933965446146751699e-01
5.504651879534218084e-01
5.473099068860900474e-01
6.906050634550925382e-01
5.632791671045054294e-01
5.610420669192532905e-01
5.905955108684659560e-01
7.944434232530480644e-01
5.716668338992747511e-01
5.497304918641691129e-01
5.604017203011071313e-01
6.938897343214349700e-01
5.319940458924187210e-01
5.190426710110838115e-01
5.611687743711997189e-01
6.366648456781049958e-01
5.619771543927131185e-01
6.621768369569920321e-01
5.399708991841482009e-01
5.301464825556153615e-01
6.907376676757351897e-01
5.140090350297785715e-01
5.490723497807457054e-01
5.584189259336431732e-01
5.099654005317864058e-01
6.556881800112925873e-01
5.191962767953879343e-01
5.240950400269709375e-01
6.431147898241470484e-01
5.293313655356453040e-01
6.115538425732238714e-01
5.519315612817502492e-01
5.100090496602349699e-01
6.626551923582585379e-01
5.061961508929953002e-01
4.927232760449389848e-01
7.739104191142405220e-01
4.912441425548155216e-01
4.959082555612843168e-01
7.208151662192002762e-01
4.912486364435049713e-01
5.163059189105192459e-01
6.130513593597483046e-01
5.157456878285083812e-01
5.799750226637011563e-01
5.494695436743339823e-01
4.909374104456650789e-01
5.427907575187143063e-01
5.403689289667593654e-01
4.913305979605780416e-01
5.424540579227334902e-01
5.771052942250275430e-01
5.250914642178311498e-01
5.641373115710329733e-01
6.070210418294704757e-01
5.496886449314642986e-01
5.871801449356968128e-01
6.044719788259772519e-01
5.360455205900929165e-01
5.688355446243594793e-01
5.627816915333326842e-01
4.935426771174915572e-01
5.260477405592314248e-01
5.854220232147308023e-01
5.704079341679179072e-01
5.300949529158380802e-01
5.451448220150109103e-01
5.463917015602098859e-01
4.734546244554834749e-01
5.233536493679408208e-01
5.462162561071343125e-01
4.788172105494533648e-01
5.427779862133198518e-01
5.631286969198717740e-01
5.086516985880525921e-01
5.726015089076962328e-01
4.948465068914071896e-01
4.574203750602210961e-01
6.060359606942750110e-01
4.690475416905131034e-01
4.580030146652931400e-01
7.540259405525830960e-01
4.693605474301119074e-01
4.812340085702574433e-01
7.000811859028990281e-01
5.571760847588583809e-01
5.469148906194882809e-01
6.386101524428955400e-01
4.921323564306336884e-01
4.650280425506561621e-01
6.641055751840967414e-01
4.809831198431052113e-01
4.777806338797728203e-01
7.644861671480067677e-01
4.853537942484466572e-01
5.433780240320307264e-01
8.563070833757395750e-01
4.729832449691896423e-01
4.632615789169722276e-01
6.352989626415326274e-01
4.498451077908348084e-01
4.694919606413348045e-01
6.109560299327481125e-01
4.888475426771837218e-01
5.325169750519165301e-01
6.419577574150857613e-01
5.058701240571747970e-01
4.937899062927023075e-01
5.647877436400894346e-01
4.938206268396905241e-01
4.946990318914272211e-01
5.806313122710814456e-01
5.935360752810843188e-01
5.177653691190972074e-01
5.309195777218632673e-01
4.851605732787444558e-01
5.709114575250515689e-01
4.635121897120058065e-01
7.118864673545561850e-01
4.578289082538722909e-01
6.477329328893217664e-01
4.731378878728070281e-01
5.932975509248027413e-01
4.654351404234914891e-01
5.556692215865079998e-01
4.695535480815356544e-01
5.343571424167155026e-01
4.793264385423892660e-01
5.224657400844981980e-01
4.907593949946952305e-01
5.104067569192102249e-01
4.958530372534237229e-01
5.020153706465667609e-01
5.094168964810172895e-01
5.032009465208607812e-01
5.218924810023798377e-01
5.175049327513752129e-01
5.255158154126547965e-01
5.329938393545540221e-01
5.611690805075494337e-01
5.880954616792983813e-01
5.661345028664415135e-01
5.101845568924880947e-01
6.722050233625143090e-01
5.239433384298878282e-01
5.417015423277474762e-01
6.040619239139185526e-01
5.242376848382903631e-01
6.458476894815332603e-01
6.143729154787754831e-01
6.566816190692630339e-01
5.609524201895234041e-01
7.321068551767058175e-01
5.866277950946277020e-01
6.634880804211633620e-01
5.325574143366837987e-01
5.427762227164371067e-01
5.623558745530489178e-01
5.053789436274015445e-01
8.202886705008284318e-01
5.008536456028851447e-01
5.718312019673490454e-01
5.267910197120047044e-01
5.155867729770695629e-01
6.012204672168338648e-01
4.963577781911924780e-01
7.154480132809873938e-01
4.965713668401415259e-01
5.510748870753897632e-01
5.143368522628384287e-01
5.033047671948721602e-01
5.794993550490442624e-01
5.006832270815918529e-01
6.906692947776217339e-01
4.914695688611428470e-01
6.230437290722162791e-01
5.010776462143947674e-01
5.141446069617829906e-01
5.368856885296825476e-01
4.817143706089931365e-01
7.457150927282473196e-01
4.801775354922721561e-01
5.483435767545100648e-01
5.194017273654655265e-01
4.779014172496482415e-01
8.702562285471003856e-01
4.718350145405767471e-01
5.079139948700303053e-01
5.361728422572752395e-01
4.617209652038488099e-01
6.824304861806199662e-01
4.728069724140432362e-01
4.887932635765543932e-01
5.704002352417937294e-01
4.637280325343546838e-01
6.029420432354601900e-01
4.876034266767228509e-01
4.791008324011840069e-01
6.149385132452696023e-01
4.582939700379952686e-01
5.680547856042835742e-01
4.915973169446820057e-01
4.683337821307032023e-01
6.948279662944871760e-01
4.566891712359928412e-01
5.321715379440637994e-01
4.982100303715362721e-01
4.516790344692110382e-01
8.217995466291253548e-01
4.402790301566916198e-01
4.928486873848683114e-01
4.975461911408128879e-01
4.310500966345548468e-01
7.618349901187525530e-01
4.357891670839755816e-01
4.732388539474873257e-01
5.276538713257952207e-01
4.290003302493791137e-01
6.392128326269154170e-01
4.394678979380946537e-01
4.548741935405062886e-01
5.499334398627465648e-01
4.258547482775921766e-01
5.893182803520922164e-01
4.576032383056530817e-01
4.675502464300246852e-01
6.066101916686166273e-01
4.539215106583229797e-01
5.636129299111132251e-01
5.144445967389227325e-01
4.949575332566031327e-01
6.709748905127208563e-01
4.620529878449086136e-01
5.294562594369062181e-01
4.959944134583108566e-01
4.459074097673310644e-01
8.085151378165781333e-01
4.249351895553327707e-01
4.979066422171061768e-01
4.563063459803790023e-01
4.284643895650064871e-01
5.625306894169241900e-01
4.088543176190831963e-01
6.059346839208171742e-01
4.169150392940866312e-01
4.666087567005772208e-01
4.633858674216410067e-01
4.335597970391915634e-01
5.945845799539062337e-01
4.298971108126186658e-01
5.021432477075080669e-01
5.218295778197392654e-01
4.274216577431718678e-01
5.241771959564677230e-01
5.070933183045306381e-01
4.544471575865006718e-01
5.635125107977384529e-01
5.983480386096620141e-01
4.328742512217556015e-01
4.310780947998889001e-01
6.452447883047938149e-01
4.705597815138136686e-01
4.028026924558319455e-01
4.624633311900744337e-01
6.542669217190160147e-01
4.154791852698048737e-01
4.050547122413900580e-01
5.704510978052311776e-01
4.841723003721614127e-01
3.933718021231460971e-01
4.381129371081138313e-01
7.824752741554517055e-01
4.207796781084026105e-01
3.956443597107140442e-01
5.234109005355668254e-01
5.148605166427215885e-01
3.999518898688224633e-01
4.309862468883909892e-01
8.288081587615144796e-01
4.339573765885136325e-01
3.906645276770445707e-01
4.883654537019100350e-01
5.536879107128533928e-01
3.939792824831742091e-01
4.046241074428275075e-01
6.786931205999273686e-01
4.415722490968911895e-01
3.804622338639125356e-01
4.583012469367374053e-01
6.075394316780505788e-01
4.008065935060476370e-01
3.917567212483550887e-01
5.836384412143305056e-01
4.631940990974447447e-01
3.762147431795049846e-01
4.288460927721360338e-01
7.327468537319362651e-01
4.027445563981297827e-01
3.798003775588090214e-01
5.190367238407993522e-01
4.996245070859073323e-01
3.782754021467053529e-01
4.117691726779406647e-01
8.158379313433360425e-01
4.209334487165352634e-01
3.747992663560418825e-01
4.689940571813193126e-01
5.681414301560585578e-01
3.845628972291526004e-01
3.896472046429973468e-01
6.159029678028712373e-01
4.522242744504739176e-01
3.750265982579133461e-01
4.344786671616505114e-01
7.068804258073239088e-01
4.056945347224111820e-01
3.895172333780014262e-01
5.317688454893911842e-01
5.068865515242561015e-01
3.864073117774288191e-01
4.139236443999002035e-01
8.061841640165289258e-01
4.276065491656200757e-01
3.841318194098402583e-01
4.728801363404315228e-01
5.942395378348958035e-01
4.113059651060817501e-01
4.068926466958348032e-01
5.854274916282524721e-01
4.769495578231063848e-01
3.878785486659609427e-01
4.359567196576051296e-01
8.397248444723258709e-01
4.563950728104848586e-01
3.991004442341182235e-01
5.023863729007486123e-01
5.328865340358389657e-01
3.972206966998201305e-01
4.182213050925653874e-01
7.539625203309123780e-01
4.335170482862251706e-01
3.836253428149002387e-01
4.752369162939493741e-01
5.592351922584966051e-01
3.884202322606313262e-01
3.986604217836869357e-01
6.705192514671517445e-01
4.353432179575936756e-01
3.735613104302759058e-01
4.526990096237244465e-01
5.941762247619376547e-01
3.859186090805464819e-01
3.875845592660599470e-01
6.125089861999453156e-01
4.461329464498615671e-01
3.718924569444909123e-01
4.385543161104671350e-01
6.423911525797685318e-01
3.917329456158990530e-01
3.848154101990157172e-01
5.746997457022653411e-01
4.760834116418016237e-01
3.816052490256880980e-01
4.190926298395610261e-01
8.320860140116717041e-01
4.304361959246112979e-01
3.801297385362796266e-01
4.491305910855480366e-01
6.862019109566476205e-01
4.105274221330122986e-01
3.878672797390500526e-01
4.956682202517329605e-01
5.627436570091183254e-01
3.994909062342556494e-01
4.009254974295894947e-01
5.670188331262504544e-01
5.009674912886076248e-01
4.046153402029762369e-01
4.382573388372754675e-01
6.962298752839743976e-01
4.667377350536771052e-01
4.018380556374743229e-01
4.506330740842459104e-01
8.258891277895141769e-01
4.437077688251242491e-01
4.119344604366148577e-01
4.929693644892512161e-01
6.360014112413558962e-01
4.441320930686266100e-01
4.490031234811414085e-01
5.841390552173740813e-01
5.934831707603017703e-01
5.175993950673426491e-01
4.663975354076262958e-01
7.018105476357584527e-01
4.720245640135852794e-01
4.214505297492916469e-01
5.053671735629641226e-01
5.577012088562701697e-01
4.195153443040650632e-01
4.405573199246715643e-01
8.447145933684504504e-01
4.473148660392234355e-01
4.166939075582928309e-01
5.340156140541088003e-01
5.178934905481928919e-01
4.141444739759687077e-01
4.530262669309710888e-01
7.623462727790455418e-01
4.366206693727125998e-01
4.224072528028827711e-01
5.830197943185726484e-01
4.914084114454000396e-01
4.176716324087944021e-01
4.763062840019848254e-01
6.338827330099755519e-01
4.347872581344861542e-01
4.406717878895212159e-01
6.673606586065597979e-01
4.792697715684995918e-01
4.310815994677071883e-01
5.106048657565531723e-01
5.761076882599657223e-01
4.392955554467774526e-01
4.580237181622680009e-01
8.384255154565229962e-01
4.652545934312397047e-01
4.342257906682382984e-01
5.465592200075999330e-01
5.247683583599493939e-01
4.276548316325298194e-01
4.662061683057773243e-01
7.285429483094192360e-01
4.431867745483156762e-01
4.312901393055528221e-01
5.989205251294004162e-01
4.888961003270642647e-01
4.191000075412758541e-01
4.805614402001343044e-01
6.186578914745570756e-01
4.259896065974432267e-01
4.318078777045821770e-01
7.072819183981584601e-01
4.569367983748112150e-01
4.149121988512616821e-01
5.167205753553716363e-01
5.367704155002335220e-01
4.179630855400112699e-01
4.510349672063015403e-01
7.832871974305005702e-01
4.444119976509256498e-01
4.286266424005548692e-01
5.858383672802791597e-01
4.926124304032881707e-01
4.231675772015365267e-01
4.827637271681246567e-01
6.231070743294908620e-01
4.428080402565528484e-01
4.524724710064257915e-01
6.977969916814656948e-01
4.888073280149773381e-01
4.487345372710425662e-01
5.298976281658787091e-01
5.668436307273057029e-01
4.440424256148229887e-01
4.657286885568666102e-01
8.539754900322921172e-01
4.615418013118888219e-01
4.298501408633180754e-01
5.348225591524089495e-01
5.308859115882377244e-01
4.211774551342197248e-01
4.513968170110872480e-01
8.555865607013272145e-01
4.417659555711275776e-01
4.140857085215997047e-01
5.330497137529689455e-01
5.196070830359709181e-01
4.099818848017141582e-01
4.408982205150969724e-01
8.703201083062624965e-01
4.375124086351150354e-01
4.124352291509042479e-01
5.332535162256426542e-01
5.324973045858628629e-01
4.101408006477127444e-01
4.325303625332258539e-01
7.874087274190626484e-01
4.478253487515518327e-01
4.064156733276553801e-01
4.978352142194515939e-01
5.714508265156806877e-01
4.131276875093702339e-01
4.227361824576473803e-01
6.665202712932341012e-01
4.639184205704641739e-01
4.064127744393148944e-01
4.728334268504768012e-01
6.291141480460776814e-01
4.224569643308244693e-01
4.264028071669109798e-01
5.993118657461971033e-01
4.741228369316097813e-01
4.060122389236773821e-01
4.842974140897939872e-01
5.790373329944462633e-01
4.142583983364008793e-01
4.325489906511300608e-01
8.121574483616792461e-01
4.480652999136275350e-01
4.199866757364364434e-01
5.578751701309201394e-01
5.247382418432249285e-01
4.205810150250858803e-01
4.552107849673409645e-01
8.123126380661366275e-01
4.473106360437948403e-01
4.291424290554955445e-01
5.573003943742843580e-01
5.224885087183284149e-01
4.342370681086459849e-01
4.735377824463019580e-01
7.676077333576810657e-01
4.676390720004416357e-01
4.580079676845296155e-01
5.887893802599752924e-01
5.368808986875075462e-01
4.589277950752674862e-01
4.950997433207067200e-01
7.104023254646093521e-01
4.679761165622180474e-01
4.591680437876621279e-01
6.116989886270038923e-01
5.207406539627502662e-01
4.633952413776699641e-01
5.120001653811008246e-01
6.705609825169505100e-01
4.862173552520193676e-01
5.101908209898380342e-01
6.283575807687836745e-01
5.191581733956299738e-01
4.558969028094638776e-01
4.980753700770999548e-01
6.700902190265224379e-01
4.555324108914626247e-01
4.484546515157590840e-01
6.021829673583892761e-01
5.137542782187384249e-01
4.346140792023845401e-01
4.710497936700063226e-01
8.154568960711858772e-01
4.620096522902695790e-01
4.367997646770712117e-01
5.331488260357004627e-01
5.566436907485033947e-01
4.319830763704743393e-01
4.464993775655038410e-01
7.105388056523185281e-01
4.748163943127533537e-01
4.258471500677818433e-01
4.907062808188187297e-01
6.354859174973583880e-01
4.397596503312145577e-01
4.363870808798424039e-01
5.947811362067577656e-01
5.054086959925956357e-01
4.279633957505958874e-01
4.673897829529959358e-01
7.832028328875242362e-01
4.557922989316280926e-01
4.374701388669037239e-01
5.436293883547645978e-01
5.502384818274449474e-01
4.378557609340012480e-01
4.556788643913598502e-01
7.246223594027242365e-01
4.818991108322410177e-01
4.327717039346383743e-01
4.941194835586611989e-01
6.513902886448684759e-01
4.483642780395123983e-01
4.396449106857456268e-01
5.832698376317377864e-01
5.155065675249504986e-01
4.285818495128624894e-01
4.605148277359060183e-01
8.825538740061280585e-01
4.592981742979603821e-01
4.255945422553451540e-01
5.132480148921764185e-01
5.882540341948264695e-01
4.409296158714249292e-01
4.363651052579176626e-01
6.103732040214119303e-01
4.971688026758902534e-01
4.179850610058950533e-01
4.550135887769310994e-01
8.746527988919758911e-01
4.529507842323760025e-01
4.195120907605155436e-01
5.046479353295073578e-01
5.956365263010767741e-01
4.355215417105678388e-01
4.377054767524476420e-01
6.059108234094965351e-01
5.109945772865999158e-01
4.398218076717934633e-01
4.802855585997405363e-01
8.825217296446292714e-01
4.973337480616214501e-01
4.786611558140990708e-01
5.461255491464939160e-01
6.369077945892652748e-01
4.854271297838756993e-01
4.758070072351874291e-01
6.024606548571554976e-01
5.383442960274216205e-01
4.544073539946731355e-01
4.776848915733389878e-01
8.260955652950588979e-01
4.853282013794312233e-01
4.443705101337939167e-01
5.101072063670691881e-01
6.268570646634358257e-01
4.516927250020287832e-01
4.478306739355870647e-01
5.920428631157841348e-01
5.242324651866601126e-01
4.410839797427129061e-01
4.682300194867358711e-01
8.299565420731012111e-01
4.790334750217713489e-01
4.425031098320112988e-01
5.127626775987125241e-01
6.356663979063105208e-01
4.562405379086582613e-01
4.489171999926728773e-01
5.903230279190372354e-01
5.212370951428086929e-01
4.359776430706124306e-01
4.655753034306565064e-01
8.553882928765277338e-01
4.752040168814354315e-01
4.434140698366620947e-01
5.188874757116850311e-01
6.325058213598471202e-01
4.781722877977619968e-01
4.786406973164566425e-01
6.089911979499740280e-01
5.297199318458156725e-01
4.436025218168466178e-01
4.701770794431203160e-01
8.829187300477034928e-01
4.684972404921431410e-01
4.396502747492708196e-01
5.081776913109733451e-01
6.358812521301810960e-01
4.523021236795829458e-01
4.435789132591664297e-01
5.598435913261026187e-01
5.570463721673672985e-01
4.483647223427376094e-01
4.613374844309180989e-01
6.742162315700463981e-01
4.961313033792006388e-01
4.336975032517225159e-01
4.766640733425130949e-01
7.820655730333843092e-01
4.561491358292904530e-01
4.270277062518459954e-01
5.144021566359664455e-01
5.953337326365862880e-01
4.349536039987182967e-01
4.329385174486610754e-01
5.776333939003297502e-01
5.247054441919020151e-01
4.292559557168251216e-01
4.523986357793648994e-01
6.953364630488454434e-01
4.855271033304149331e-01
4.271468333734007583e-01
4.769080663757411243e-01
7.429019066139203042e-01
4.513884433108132366e-01
4.284821183246517173e-01
5.287968927178032796e-01
5.637689063794332212e-01
4.377104373225367273e-01
4.566472282029702678e-01
6.375454305757485285e-01
4.934378105331478359e-01
4.195901973425079645e-01
4.585911579863999332e-01
8.670303496231097640e-01
4.545113148579819073e-01
4.202043080796594721e-01
5.001336150830852922e-01
6.093593181762463340e-01
4.334694029582309427e-01
4.287194325827130559e-01
5.801892029293299613e-01
5.121480643225402307e-01
4.235464743232487672e-01
4.551392667347215482e-01
7.958233372547809381e-01
4.798398706575042194e-01
4.363805001693616958e-01
5.010012015212965686e-01
6.544502079132233918e-01
4.483326892793746965e-01
4.320781197428529286e-01
5.615841872739407714e-01
5.182845362986152615e-01
4.119506961936407752e-01
4.344783500533040410e-01
7.486797224454935229e-01
4.556808330530941475e-01
4.044597803157969351e-01
4.728117544440944009e-01
6.477161738370575961e-01
4.233195444526848816e-01
4.109731623116106847e-01
5.447552420289174524e-01
5.187279385435595858e-01
4.044117025340325244e-01
4.268346181478494539e-01
7.363151744585830771e-01
4.546305851452546731e-01
4.051455301354327521e-01
4.758858632262346622e-01
6.590523846330322844e-01
4.528986827278614902e-01
4.526185776152111262e-01
5.610521252001935411e-01
5.449560604408847375e-01
4.194536758931329268e-01
4.275463407520578851e-01
6.634574418257747075e-01
4.669735485320807289e-01
3.967615387422597784e-01
4.465631186382538198e-01
7.618291213522506711e-01
4.252058216632246257e-01
3.973616250629864455e-01
5.009317933515086141e-01
5.622464434372647091e-01
4.088819079328868122e-01
4.154395420817514895e-01
6.020132956799993940e-01
4.895071715770809018e-01
4.065407792981742818e-01
4.434383936374945434e-01
8.823543373685014402e-01
4.423300276303090972e-01
4.043059892384706089e-01
4.889221102749867209e-01
5.996793998326622743e-01
4.195722111891869721e-01
4.183391452568097635e-01
5.754444761216794824e-01
5.120320619008607022e-01
4.275128591453004612e-01
4.650557445079497865e-01
7.410429598334583590e-01
5.181778190381359783e-01
4.586235271024355908e-01
4.984100346427542960e-01
6.597286663020835995e-01
4.325623830450374685e-01
4.130064200719057999e-01
5.366961067975861699e-01
5.257498775015075898e-01
4.030754274063893527e-01
4.209687720953762535e-01
6.858528956342735405e-01
4.585641379555556729e-01
3.995846193919791456e-01
4.566207635153168298e-01
7.291350683101686103e-01
4.333138571316897392e-01
4.128009116040995408e-01
5.192735025714839692e-01
5.724472523609438479e-01
4.477350289507258108e-01
4.733576272460432444e-01
6.149849772675168857e-01
5.357727041199190632e-01
4.388893342281715571e-01
4.587333477205990939e-01
8.272741819564731758e-01
4.637452572685271113e-01
4.227285019805370192e-01
4.963780871822378038e-01
6.282386113808874351e-01
4.438359634723780256e-01
4.410144498464456109e-01
5.839864395432698974e-01
5.277188696130526990e-01
4.435492780930744283e-01
4.733576639146237497e-01
8.605053635089332520e-01
4.800437057883124026e-01
4.470180510793662076e-01
5.255636693617520283e-01
6.074448680496706832e-01
4.713359569234175095e-01
4.732230230869686194e-01
6.510054781320625539e-01
5.120025167700126278e-01
4.588813268597138340e-01
4.949065669597467743e-01
6.961394500262668705e-01
4.550014150185810458e-01
4.423806493592141176e-01
5.745304408815626873e-01
5.284862557561557095e-01
4.400213596952117223e-01
4.733467606283033868e-01
8.825696237100149055e-01
5.083435430021432389e-01
5.696885870941242880e-01
7.230355152311260802e-01
4.714793332985989238e-01
5.353608328632508684e-01
5.078793714272377136e-01
4.714070140750433180e-01
6.416211388474077904e-01
4.554429260627398945e-01
6.632688384513324431e-01
4.767156771241987667e-01
5.338448259893501247e-01
5.565764392936890514e-01
6.285933520688754550e-01
5.683305476951691082e-01
6.398491799053637186e-01
5.105601187165015320e-01
5.898236101667784226e-01
5.723116887082599913e-01
5.024430226293761237e-01
6.681106311760783845e-01
5.270304636611635729e-01
5.100406048914362112e-01
7.282684689453750027e-01
5.118531312506745534e-01
5.408113238549197010e-01
6.637199511546382213e-01
5.175744581961146951e-01
5.943313774683451900e-01
6.053290219581740628e-01
5.679511053460490899e-01
7.080248428888693546e-01
5.918274928726741102e-01
6.048461362989339118e-01
6.276972023663593969e-01
5.500294370831695367e-01
6.926959352695543082e-01
5.378878219405249794e-01
5.807521317673445260e-01
5.627364437099482419e-01
5.296486611426108881e-01
6.702105196347120097e-01
6.168123063861777888e-01
7.274053121565905444e-01
5.735121207003421873e-01
5.434173860061102257e-01
6.875176706466726850e-01
5.136206690045376222e-01
5.336570302763525842e-01
6.658787622161713715e-01
5.406745905696329624e-01
6.579110378334166453e-01
6.259151137716111313e-01
4.554916559720118552e-01
5.823971224766958388e-01
4.843719490750168499e-01
4.590424820431432962e-01
7.401189689484637402e-01
5.363581443110639890e-01
5.513805099773875229e-01
6.809658416536028547e-01
5.696739117209476122e-01
4.636993018110876497e-01
4.837187792495316052e-01
6.623034003946790538e-01
5.643213751152402757e-01
4.544479063643677152e-01
4.678680327084898116e-01
6.338939226183040176e-01
5.775154957862376204e-01
4.538413745738278382e-01
4.603451437988223538e-01
6.137735573931757393e-01
5.946993668635575103e-01
4.580858882170056323e-01
4.625839240213854286e-01
6.046171421488416575e-01
6.092482839738880829e-01
4.732925982656411845e-01
4.778721773868396805e-01
6.076459249573211707e-01
6.545277128002723321e-01
5.938125134436764707e-01
5.867315890546414003e-01
6.029937587551362776e-01
6.482412767948926291e-01
6.901102365009296191e-01
6.124474264362893550e-01
5.410329323141297442e-01
5.098884954387447044e-01
5.157924349077823711e-01
5.632690149044917716e-01
6.503922203173797545e-01
6.492967859205478476e-01
5.571914729030147395e-01
5.025051568896365950e-01
4.894828760286627500e-01
5.161947959076524928e-01
5.897393910792141369e-01
6.676012419663921449e-01
6.031466807422122267e-01
5.225447239900454788e-01
4.851377491969992573e-01
4.892608119309214132e-01
5.365701260836837072e-01
6.277747246166066608e-01
6.540513304512404202e-01
5.596158819905271420e-01
4.972102373674093245e-01
4.808924328221352296e-01
5.014485937614269195e-01
5.669260524249288835e-01
6.588419277413836150e-01
6.195311237415414007e-01
5.305264842428769612e-01
4.858918293067719940e-01
4.839310488532010401e-01
5.204273173821412080e-01
6.034676431997930690e-01
6.634745026071731111e-01
5.770765706277769524e-01
5.036678495658296617e-01
4.767802617681082822e-01
4.909676212995091604e-01
5.489830684852224918e-01
6.443562850991708668e-01
6.373616421422790834e-01
5.442043543482598666e-01
4.934688225396170469e-01
4.864013105656670444e-01
5.200238755043741223e-01
5.974485351613949558e-01
6.739549997187278541e-01
6.157745760099303522e-01
5.526862594474524215e-01
5.231369195576146547e-01
5.218562785465535869e-01
5.608986943864631147e-01
6.468115590046170649e-01
6.333442547350655039e-01
5.338567031227864357e-01
4.868618720779880338e-01
4.919290296187734390e-01
5.541703725363835709e-01
6.414817340835043957e-01
6.147169528579060627e-01
5.208212309363475789e-01
4.795023400525296187e-01
4.896226637487460787e-01
5.543460852318761178e-01
6.488700322768448103e-01
5.945750724599740966e-01
5.081477084774944641e-01
4.766980431528871076e-01
4.965121934696402617e-01
5.711901386798132751e-01
6.546352125276858613e-01
5.796689698412859082e-01
5.031077574563441734e-01
4.816275149773723840e-01
5.088803216716543121e-01
5.892142568906914013e-01
6.556494151810873250e-01
5.721237424073848388e-01
5.067716476375688783e-01
4.958736026047287360e-01
5.311714862981600227e-01
5.955869055147037239e-01
6.538119746770483243e-01
5.380487607146536844e-01
4.889756575143912598e-01
5.115750109985515159e-01
6.076545762050281629e-01
6.671605576020898098e-01
5.654950200423433104e-01
5.187496756119872598e-01
5.278701760653483621e-01
5.891007824186725861e-01
6.831231436171485427e-01
5.897365815281481183e-01
5.356659068411193658e-01
5.165024240768785191e-01
5.220280302091199198e-01
5.547195063603866938e-01
6.167193123405677602e-01
6.836001109852238855e-01
6.723797364091786966e-01
5.893838217484738129e-01
5.307620862125073113e-01
5.040003838230134869e-01
5.023879785138412046e-01
5.250126204285567866e-01
5.856538236459941649e-01
6.548873853285553936e-01
6.659342947106894339e-01
6.250641104095161493e-01
5.706521750562418838e-01
5.374512520396518278e-01
5.228903074074577884e-01
5.220842656185489261e-01
5.356144580189705628e-01
5.630704611561022643e-01
6.028153291606614950e-01
6.512444235860843644e-01
7.005247540123835659e-01
7.090969733830814192e-01
6.903758280942884351e-01
6.291942272760857602e-01
6.018234320410250637e-01
6.009690115967545321e-01
5.941003910564354173e-01
5.788088557543356050e-01
5.830279509456423037e-01
6.071335053900194234e-01
6.488242506222671180e-01
6.936195868678801668e-01
6.875937880718276940e-01
6.356194576265565832e-01
5.867952107348147761e-01
5.518203438034841035e-01
5.325204100598013301e-01
5.242965108343398128e-01
5.318685947886252485e-01
5.558857705011118755e-01
5.977034121371689324e-01
6.526378453434916738e-01
6.846514314693504799e-01
6.496401871414816398e-01
5.912190109727970544e-01
5.448732034599402807e-01
5.169718888636843923e-01
5.055950417789022433e-01
5.098296009290160802e-01
5.302267566403111587e-01
5.684963087269527815e-01
6.247683715760496970e-01
6.762878241055580997e-01
6.665533591877681463e-01
6.102572391551146502e-01
5.610091296073166367e-01
5.304211265776985762e-01
5.171644454605300867e-01
5.197077603803829104e-01
5.372162514408106437e-01
5.696565645782327714e-01
6.148944391112660668e-01
6.712223716727043765e-01
6.880084650835023297e-01
6.431749015219342391e-01
5.895933583734181971e-01
5.499490549343208912e-01
5.264380082853512555e-01
5.165210409384857204e-01
5.179394019597043375e-01
5.345417716394941232e-01
5.667710436399235885e-01
6.144014607392855876e-01
6.669902986919712395e-01
6.815403623429920899e-01
6.379732755520627352e-01
5.833757471209012335e-01
5.428575785889520056e-01
5.185955273459615933e-01
5.087148861954294832e-01
5.128793966932019277e-01
5.313988699632825607e-01
5.668357648223629752e-01
6.189658245869058550e-01
6.702818228172862103e-01
6.735464091919759477e-01
6.240947114030577225e-01
5.736826015376158550e-01
5.390061451345714572e-01
5.204892101803664239e-01
5.174151422725270510e-01
5.288346913424345486e-01
5.523196135477408397e-01
5.942512328506108776e-01
6.526108765124793987e-01
6.921825327863626587e-01
6.763346492765145435e-01
6.409179397762383434e-01
6.160146273828533969e-01
5.858197283357524654e-01
5.685905096034815642e-01
5.481847962938715124e-01
5.494142602869710457e-01
5.672754978102320100e-01
6.024247558409051573e-01
6.487697528476924491e-01
6.795928183863612082e-01
6.566885669196191877e-01
6.059918015583904971e-01
5.617002753331133968e-01
5.324560764834237458e-01
5.169902107465443875e-01
5.149947828979438702e-01
5.260483251877441369e-01
5.513214706297981937e-01
5.923373944334148211e-01
6.448349366887631273e-01
6.835904962732072265e-01
6.754064367333696417e-01
6.373399437134869006e-01
5.955190727005410523e-01
5.593058268695336732e-01
5.387930568001629839e-01
5.323321215491665370e-01
5.348945110705397576e-01
5.521706388294811418e-01
5.843405023099382811e-01
6.299579970737433365e-01
6.753298503295519506e-01
6.790507710583808532e-01
6.360249272092012296e-01
5.879932921387216460e-01
5.527960003476152240e-01
5.314761955323086262e-01
5.235569451154685749e-01
5.284785819283787101e-01
5.465708864279860135e-01
5.793777745729274953e-01
6.258191578134310040e-01
6.742188880961228481e-01
6.958034211320927032e-01
6.684677508410065139e-01
6.165760270208983096e-01
5.723692759331966418e-01
5.444210398015467689e-01
5.299489430841485271e-01
5.284462974887537134e-01
5.395389961710638227e-01
5.643940068495988394e-01
6.038902690688320307e-01
6.545545096615612568e-01
6.914067690870868699e-01
6.687197331592725780e-01
6.171522957347976845e-01
5.741369156943534335e-01
5.458597156114866067e-01
5.319698721044334722e-01
5.314701573828302106e-01
5.445474221533707082e-01
5.719058591100232292e-01
6.133714806643835171e-01
6.622411385505734271e-01
6.974633671271082136e-01
6.840829849287196618e-01
6.302697040927645045e-01
5.809369529833303680e-01
5.472254548474307922e-01
5.269861776834288136e-01
5.209280704311277654e-01
5.259012857119118589e-01
5.467055316799195319e-01
5.797422719230015398e-01
6.285050750911775896e-01
6.786139252418611489e-01
6.796730366187798689e-01
6.304051193685082932e-01
5.809307785004106384e-01
5.490796381917810720e-01
5.276986056502044331e-01
5.234184197110652859e-01
5.332552389385297742e-01
5.530214651116548419e-01
5.796780301361288412e-01
6.170246901685821905e-01
6.609930821332419271e-01
6.911023141447201201e-01
6.854946922797398035e-01
6.259623138855033853e-01
5.732310128597511989e-01
5.361865900741179525e-01
5.141742778851559059e-01
5.044163791634941330e-01
5.041835116160755526e-01
5.161706215593104830e-01
5.421608861023159420e-01
5.845105058853086177e-01
6.421101363556066532e-01
6.905319940487972818e-01
6.811437869018206470e-01
6.294161832011262447e-01
5.834888846866379541e-01
5.557330340371607891e-01
5.379685932754542099e-01
5.256557281462549414e-01
5.196218069213083268e-01
5.245919934676432916e-01
5.430364284463056190e-01
5.782779738543006864e-01
6.283416054421578911e-01
6.789735196418588137e-01
6.817838751939863107e-01
6.322012613772729495e-01
5.783685653396541948e-01
5.378655080975017766e-01
5.120056691219755374e-01
5.000650328464036898e-01
5.008464935133226659e-01
5.139950418404605204e-01
5.403530932260892650e-01
5.796161509233322962e-01
6.323698895251590457e-01
6.863105407021147242e-01
7.013921579388089356e-01
6.571475375139798070e-01
6.060458255878929945e-01
5.654906145464745348e-01
5.368007511182442126e-01
5.208794054916444649e-01
5.169268217886001660e-01
5.248183799728354249e-01
5.453180781712639869e-01
5.790554959263752854e-01
6.274137871097807961e-01
6.842566829134748563e-01
6.994269823380910855e-01
6.746667156378399755e-01
7.035323049694505171e-01
4.791932974075093776e-01
5.331447041985747370e-01
6.217001747740976692e-01
6.164523953035565551e-01
5.238274579310153722e-01
4.198205541926046669e-01
4.415170412856083137e-01
6.598154960491482424e-01
5.402605694306162887e-01
6.736353724133001819e-01
4.619152700008386514e-01
5.977542658130338138e-01
7.512461052743276690e-01
5.118265886637226592e-01
4.795152502822757068e-01
4.816929630638059345e-01
5.316789681627994701e-01
6.504065998054222586e-01
4.654702817110935587e-01
5.641161028759601459e-01
5.658372167349217108e-01
6.188572125077694830e-01
4.983562890249537136e-01
6.121228692715664499e-01
6.920556815958371910e-01
5.895583802610215862e-01
4.409425854443493331e-01
4.805034451541516094e-01
7.178477154439227848e-01
6.482788985781285929e-01
4.813207823554334075e-01
4.550170218108387510e-01
6.440672548012871257e-01
4.086011428650599964e-01
5.025150031592807709e-01
4.803854015402516109e-01
3.953523833533298948e-01
6.668635394956257123e-01
4.052040270067038819e-01
4.323269542192568760e-01
5.612896429623966954e-01
3.834061414368388210e-01
5.483636945955661091e-01
4.417946409075839687e-01
4.030974604568762776e-01
6.817765359729347496e-01
4.007439627016289863e-01
4.742310642158453771e-01
5.180352140013341211e-01
4.142957707334959938e-01
6.571237676816232831e-01
4.695614514844684284e-01
5.547295112216240609e-01
6.188260799244889032e-01
4.506490794430901836e-01
4.327153184935096930e-01
4.772200248436687109e-01
7.989224626595085033e-01
5.739316220353010145e-01
5.550211159085874923e-01
5.051495243934327473e-01
5.669345936928763541e-01
4.825046789810434889e-01
5.735541075535662836e-01
4.761757405007040478e-01
5.491710951367618776e-01
4.896333239155917227e-01
5.150628147134010959e-01
5.219511933167706452e-01
4.913244144946564140e-01
5.557220555621773528e-01
4.828179083356031187e-01
5.839950938661329083e-01
4.931497719936331348e-01
5.799319601680672509e-01
5.393576313316599258e-01
6.450730968305824486e-01
6.093772336931183586e-01
5.370832429558679566e-01
5.051017063814958741e-01
5.307625098635713190e-01
4.703871039483867311e-01
5.535067662190741311e-01
4.510991654024760766e-01
5.836614658649079690e-01
4.418718226709563157e-01
6.056967557177624917e-01
4.406099201293877665e-01
6.040921467997144578e-01
4.487004593578773348e-01
5.827653760767913527e-01
4.680752480244225189e-01
5.620834629765490975e-01
5.105217460098413484e-01
5.946110512221254307e-01
6.954228628221464925e-01
4.634997651729745871e-01
5.028191817942534447e-01
5.976310964966834449e-01
4.359310250415373567e-01
4.198072148710360607e-01
5.081612562923667475e-01
6.282572804703325797e-01
6.620370855599368998e-01
4.454374489100147994e-01
6.924792588020821649e-01
4.407594672849234341e-01
5.873156365250519206e-01
4.368657510218031947e-01
5.147913490492044275e-01
4.922746298807914589e-01
5.436480308621938207e-01
5.262556744295423528e-01
4.503534944732977552e-01
6.002744290531170090e-01
4.599265571577397793e-01
7.168257557847996786e-01
7.048424387896242704e-01
6.563594577917587491e-01
5.458746826507221428e-01
4.463848846095624934e-01
4.809299192080551677e-01
6.842625194668978672e-01
4.574381288362627251e-01
4.142742811826147786e-01
5.141182088661460092e-01
5.862986262967113671e-01
4.132218064866284846e-01
4.146634193410075886e-01
5.961237668702864534e-01
4.934767012188492341e-01
3.935608056063787386e-01
4.572961255654963697e-01
6.552362148044796886e-01
4.219361464299568043e-01
4.014605884706700101e-01
5.586294100642440474e-01
5.207780306209509602e-01
4.099884297114272380e-01
4.657344957229154758e-01
7.110750065802798892e-01
4.687519687015989089e-01
4.057713797519452714e-01
5.011570193623151592e-01
5.951644029125278124e-01
4.121495721010563495e-01
4.177258039588671035e-01
6.274648640430851021e-01
4.762846890583466997e-01
4.033163788798937444e-01
4.915207539009686655e-01
6.140316927304860783e-01
4.277574406459219158e-01
4.374769117053914358e-01
6.381339453063762379e-01
5.096401000495305311e-01
4.782206142901498369e-01
5.730266153206545754e-01
8.061263758464898288e-01
5.180813235381728221e-01
4.147151263811310051e-01
5.581487431249436693e-01
4.523690427821518423e-01
4.568999960440462416e-01
7.012606623615751378e-01
5.496661019176971585e-01
4.521263106946742938e-01
5.195735638797851497e-01
7.429454530835170045e-01
5.461852706181301587e-01
4.565262896297752060e-01
4.756940093759665089e-01
6.060684554516174716e-01
5.888960820787206840e-01
4.881180046518357463e-01
4.662323185425841232e-01
6.416467120263854573e-01
5.895922372151350954e-01
5.309639835779790262e-01
7.089117567505089923e-01
4.544769770073196491e-01
4.524909582797692065e-01
6.776876143132071206e-01
6.163490275054718248e-01
4.638269961651406148e-01
6.521181042774090164e-01
6.825590741935944061e-01
5.589696816705923554e-01
5.693752081225124106e-01
5.681127797093905585e-01
6.744801197167672457e-01
7.333664610022989638e-01
5.169415280823969061e-01
5.080185547583397909e-01
5.580840666993671650e-01
5.845889026075425932e-01
5.703921011813507524e-01
5.010615541947806006e-01
5.762960691761368492e-01
5.819193979519110549e-01
6.307953172707204681e-01
7.156336558752108834e-01
8.277029767416108630e-01
7.647581768352864628e-01
6.600731731819322601e-01
5.888241105866955927e-01
5.386051555019494286e-01
5.030157374186029484e-01
4.771786448342683618e-01
4.586003540225622177e-01
4.446444708372765398e-01
4.367162533050968354e-01
4.336134081266468376e-01
4.353434281409949147e-01
4.419327667115467428e-01
4.540295385142361639e-01
4.724664153076699735e-01
4.969585152328195865e-01
5.327110921982021186e-01
5.836133986175319199e-01
6.566309824985644417e-01
7.651895378062943953e-01
8.251694507164396564e-01
7.078203239287240711e-01
6.254403056426669494e-01
5.761509676552291070e-01
5.818944203518111591e-01
5.482234096499121190e-01
5.062960777102402110e-01
5.079895306474252470e-01
5.224060483266872446e-01
5.441533287951646480e-01
5.741861353538763035e-01
6.112458325787190061e-01
6.601768118797072260e-01
7.218389309233104179e-01
7.940596052688086992e-01
8.223023162329231583e-01
7.665064511772914368e-01
6.953319357139905454e-01
6.994865220205473966e-01
6.880765915888560347e-01
8.222487139814943502e-01
7.458038586079772658e-01
6.193070278119241490e-01
5.403556233333981496e-01
4.881219679753369123e-01
4.517600643275576644e-01
4.282435173043830368e-01
4.143411118034289187e-01
4.091300793362821486e-01
4.106208449677971051e-01
