-1.037217912447374601e-06
-3.108537943163902639e-06
-5.176842897025579759e-06
-7.242236145676983483e-06
-9.304822555233904779e-06
-1.136482366470570327e-05
-1.342225824907394838e-05
-1.547738003127019368e-05
-1.753023965100908299e-05
-1.958096373000373092e-05
-2.162977668263010855e-05
-2.367670588476755711e-05
-2.572210042051104040e-05
-2.776605192167380665e-05
-2.980874282665357811e-05
-3.185038913189330856e-05
-3.389119004804097557e-05
-3.593146021763082842e-05
-3.797146128925454889e-05
-4.001151846388939504e-05
-4.205200716778101366e-05
-4.409336877375658048e-05
-4.613611002046713594e-05
-4.818080364299426321e-05
-5.022819408240231098e-05
-5.227914883709772198e-05
-5.433477305705203264e-05
-5.639640772392429113e-05
-5.846572945589212367e-05
-6.054516005937760070e-05
-6.263769081371606262e-05
-6.474737549633236000e-05
-6.688026408308012094e-05
-6.904451265610234145e-05
-7.125295377174989397e-05
-7.352235005908536181e-05
-7.587477164960887421e-05
-7.832994793477432438e-05
-8.087782470522775213e-05
-8.346982310936112981e-05
-8.605212678525209213e-05
-8.859775355174459577e-05
-9.110105236620480440e-05
-9.356543262373229197e-05
-9.599567629969829596e-05
-9.839708034586891472e-05
-1.007742082350659985e-04
-1.031303982633735572e-04
-1.054689911298423155e-04
-1.077920888140626587e-04
-1.101018082940719012e-04
-1.123997680086974427e-04
-1.146876825227627350e-04
-1.169662553458516996e-04
-1.192368665787757465e-04
-1.215005376620226230e-04
-1.237578147540441265e-04
-1.260095440970276925e-04
-1.282560504282104219e-04
-1.304980368947994407e-04
-1.327360449130399189e-04
-1.349703928167356182e-04
-1.372015468072973476e-04
-1.394296990939736247e-04
-1.416552226936040881e-04
-1.438786268608271968e-04
-1.461000394704647931e-04
-1.483197925052914812e-04
-1.505379990590638428e-04
-1.527551109704594623e-04
-1.549712535736658126e-04
-1.571866245985154009e-04
-1.594014326522508185e-04
-1.616158389071697954e-04
-1.638300743362908207e-04
-1.660442768691705595e-04
-1.682585719990914441e-04
-1.704730906891827047e-04
-1.726878903270945287e-04
-1.749031254889565901e-04
-1.771188229110487455e-04
-1.793350024258399955e-04
-1.815517448987558069e-04
-1.837690448285300704e-04
-1.859869073539410778e-04
-1.882053327909583018e-04
-1.904243221246826323e-04
-1.926438718387046833e-04
-1.948639481222924630e-04
-1.970846234459200375e-04
-1.993058719078621976e-04
-2.015277089063571836e-04
-2.037501641876104941e-04
-2.059732728521002088e-04
-2.081970750167361217e-04
-2.104216193432595361e-04
-2.126469668570774019e-04
-2.148731911377765869e-04
-2.171003756927802897e-04
-2.193285888026919039e-04
-2.215579210771423391e-04
-2.237884765837749868e-04
-2.260203768499335908e-04
-2.282537474109780362e-04
-2.304886916708603906e-04
-2.327254310322546260e-04
-2.349640490360016543e-04
-2.372047243140995576e-04
-2.394477295751817891e-04
-2.416932183270104062e-04
-2.439415816817280813e-04
-2.461931213575407895e-04
-2.484484015380372668e-04
-2.507081079823336722e-04
-2.529731946202540271e-04
-2.552454474362697567e-04
-2.575275724532311017e-04
-2.598257157272465534e-04
-2.621552172350494203e-04
-2.645521649194959579e-04
-2.669744006109642243e-04
-2.693614413451506095e-04
-2.717271825065648017e-04
-2.740813082194870631e-04
-2.764289312487955286e-04
-2.787729252520243506e-04
-2.811148885955017107e-04
-2.834560958122622765e-04
-2.857973944725422655e-04
-2.881394414120386216e-04
-2.904827998054804183e-04
-2.928278469427336717e-04
-2.951749991036978216e-04
-2.975246458155611506e-04
-2.998771101818675788e-04
-3.022327929648183087e-04
-3.045918981476880560e-04
-3.069547943380657173e-04
-3.093219042503703164e-04
-3.116935900450146235e-04
-3.140702958200902728e-04
-3.164524951819736032e-04
-3.188406221628081738e-04
-3.212352947389307545e-04
-3.236369726894450238e-04
-3.260465160216385883e-04
-3.284645447481082670e-04
-3.308917205049333177e-04
-3.333289267780648046e-04
-3.357763624338705455e-04
-3.382346779763345523e-04
-3.407042217190570099e-04
-3.431845581226555808e-04
-3.456751276190717093e-04
-3.481749289150348758e-04
-3.506830736178523367e-04
-3.531978446241756942e-04
-3.557184698511628440e-04
-3.582438606156701510e-04
-3.607730460762903490e-04
-3.633056348159025006e-04
-3.658411870272049171e-04
-3.683798586775477446e-04
-3.709209728720574972e-04
-3.734648810382878992e-04
-3.760117958814257477e-04
-3.785615979357004335e-04
-3.811147105764467469e-04
-3.836715060220319273e-04
-3.862317051349650754e-04
-3.887959022170761614e-04
-3.913643113515608007e-04
-3.939375322539184765e-04
-3.965155908602913115e-04
-3.990988917541571368e-04
-4.016879503730974577e-04
-4.042830827749588352e-04
-4.068850527007006335e-04
-4.094941653579597940e-04
-4.121107947993030152e-04
-4.147357295465337046e-04
-4.173695446352265748e-04
-4.200131705012211114e-04
-4.226662757589316755e-04
-4.253293798451851515e-04
-4.280026298232320059e-04
-4.306855993625458012e-04
-4.333775654330462856e-04
-4.360775317302501008e-04
-4.387842964507226995e-04
-4.414968894022042178e-04
-4.442143472656034930e-04
-4.469360797024757304e-04
-4.496613710145425102e-04
-4.523899627414396107e-04
-4.551217254239459109e-04
-4.578566647281956392e-04
-4.605948239195800653e-04
-4.633362256795114931e-04
-4.660809487612160851e-04
-4.688291552699119791e-04
-4.715809406166115991e-04
-4.743367782685803391e-04
-4.770960942278579253e-04
-4.798592882672148008e-04
-4.826265976195509566e-04
-4.853978079484289054e-04
-4.881731778234588148e-04
-4.909526879042225289e-04
-4.937368973388922555e-04
-4.965250628726769477e-04
-4.993175078741307615e-04
-5.021144351338158174e-04
-5.049156148699829316e-04
-5.077213372766120614e-04
-5.105319788167861361e-04
-5.133465140161330709e-04
-5.161655418919330884e-04
-5.189889814981585303e-04
-5.218171177450159348e-04
-5.246496354583962685e-04
-5.274865873436951347e-04
-5.303285572771931911e-04
-5.331744879806255000e-04
-5.360250673308586400e-04
-5.388802546777426983e-04
-5.417398270012308004e-04
-5.446039934396962323e-04
-5.474726766103721332e-04
-5.503465146521335782e-04
-5.532245626224119306e-04
-5.561072213787765506e-04
-5.589947312372167687e-04
-5.618868529039255932e-04
-5.647838464779564305e-04
-5.676857877788821227e-04
-5.705927083815565126e-04
-5.735047629037426375e-04
-5.764219573402007413e-04
-5.793446565041104890e-04
-5.822727316328046854e-04
-5.852065162519348718e-04
-5.881465538820629391e-04
-5.910924195535738335e-04
-5.940448124873709546e-04
-5.970041112658419635e-04
-5.999706706266705325e-04
-6.029450968624283647e-04
-6.059278524001010524e-04
-6.089200979108033707e-04
-6.119223114485761172e-04
-6.149358222359291304e-04
-6.179622054560685029e-04
-6.210035108659139880e-04
-6.240622881534818589e-04
-6.271423583643631616e-04
-6.302479492110713011e-04
-6.333858342609799408e-04
-6.365663159544343586e-04
-6.398039614881056991e-04
-6.431221673106612968e-04
-6.465615213372410963e-04
-6.501843908532922711e-04
-6.540668003968130861e-04
-6.581815074493402307e-04
-6.623580168761966647e-04
-6.664736603285703609e-04
-6.704799313769216340e-04
-6.743768880801415122e-04
-6.781840293542673592e-04
-6.819189599960306936e-04
-6.855951200913645849e-04
-6.892244628630139758e-04
-6.928149244144199415e-04
-6.963723802416721398e-04
-6.999019531774841596e-04
-7.034075649082760506e-04
-7.068920482633522795e-04
-7.103586588459442908e-04
-7.138091885388053726e-04
-7.172458903802469976e-04
-7.206696554353797524e-04
-7.240824950620616818e-04
-7.274854948753350925e-04
-7.308795766730602494e-04
-7.342659443621002424e-04
-7.376452455378768036e-04
-7.410183132925407534e-04
-7.443860173764749177e-04
-7.477489203181475474e-04
-7.511076400449345769e-04
-7.544627274110871085e-04
-7.578147921432076828e-04
-7.611643432217096716e-04
-7.645117917184363066e-04
-7.678575897948070050e-04
-7.712020170783651096e-04
-7.745456826590002564e-04
-7.778888225814517554e-04
-7.812316435547028703e-04
-7.845745958210414983e-04
-7.879178131893205261e-04
-7.912614997583888865e-04
-7.946058188833537983e-04
-7.979509018923858221e-04
-8.012968478181559107e-04
-8.046436895640107778e-04
-8.079915790267788722e-04
-8.113405014490426836e-04
-8.146906677702903110e-04
-8.180417309354703903e-04
-8.213938999137582186e-04
-8.247471831994701574e-04
-8.281016175482047714e-04
-8.314572270793352260e-04
-8.348140329124120740e-04
-8.381721889155757665e-04
-8.415314538263718447e-04
-8.448919788929254437e-04
-8.482537285466884569e-04
-8.516166940389924278e-04
-8.549808288746962859e-04
-8.583460541556897638e-04
-8.617124071672588315e-04
-8.650796003032423798e-04
-8.684476548752595448e-04
-8.718164981187381812e-04
-8.751860666557087498e-04
-8.785563196764822891e-04
-8.819272256881394156e-04
-8.852987810458179396e-04
-8.886709983545459934e-04
-8.920439057025220109e-04
-8.954175505299089011e-04
-8.987919827375678850e-04
-9.021672583933160183e-04
-9.055434542150075927e-04
-9.089206444818920261e-04
-9.122989095379230307e-04
-9.156783224134601440e-04
-9.190589571380636258e-04
-9.224409031730607111e-04
-9.258242332113031381e-04
-9.292091215252762382e-04
-9.325954392241930790e-04
-9.359833445927723261e-04
-9.393729222280100544e-04
-9.427642300994243385e-04
-9.461573382927301878e-04
-9.495523074644074413e-04
-9.529491805926326720e-04
-9.563480356618025979e-04
-9.597488821595501207e-04
-9.631518497803526202e-04
-9.665569169075016731e-04
-9.699641523126523168e-04
-9.733739630629623107e-04
-9.767856797371354816e-04
-9.801997276241980472e-04
-9.836161342837712596e-04
-9.870349346305928862e-04
-9.904561856894922300e-04
-9.938799470887715870e-04
-9.973062635930673991e-04
-1.000735195204605077e-03
-1.004166820521401604e-03
-1.007601101275401589e-03
-1.011038144003828521e-03
-1.014477981490680136e-03
-1.017920647954140279e-03
-1.021366404053147825e-03
-1.024814888138214641e-03
-1.028266378375164436e-03
-1.031720996879981200e-03
-1.035178619056775773e-03
-1.038639476977909482e-03
-1.042103713372544149e-03
-1.045571023300162494e-03
-1.049041775735504167e-03
-1.052515905497819482e-03
-1.055993632967933138e-03
-1.059474974249630108e-03
-1.062960047331196201e-03
-1.066449064194507912e-03
-1.069941754296532821e-03
-1.073438603587439921e-03
-1.076939846733071526e-03
-1.080445398291329795e-03
-1.083955638037203961e-03
-1.087470867347284376e-03
-1.090991737865976141e-03
-1.094518547297695932e-03
-1.098052125138915258e-03
-1.101593887309904041e-03
-1.105146041884275121e-03
-1.108713187251586518e-03
-1.112308217569579760e-03
-1.116019750768582064e-03
-1.119631096425766081e-03
-1.123193257747789886e-03
-1.126744828882420002e-03
-1.130293318458264196e-03
-1.133841494193488231e-03
-1.137390790606374047e-03
-1.140942018391544188e-03
-1.144495739710538196e-03
-1.148052301520152696e-03
-1.151611939319230338e-03
-1.155174885284049324e-03
-1.158741353646353112e-03
-1.162311493653200856e-03
-1.165885501610008923e-03
-1.169463419262051218e-03
-1.173045424529894909e-03
-1.176631608762801484e-03
-1.180222101784811350e-03
-1.183816921199731809e-03
-1.187416829981913224e-03
-1.191020840195067265e-03
-1.194629482686115907e-03
-1.198243158248901707e-03
-1.201861521556435441e-03
-1.205484987150007292e-03
-1.209113829317209898e-03
-1.212747569224514876e-03
-1.216386703252747559e-03
-1.220031242658681236e-03
-1.223681640672547033e-03
-1.227337690690499805e-03
-1.230999566258383915e-03
-1.234667827755386860e-03
-1.238341985791535649e-03
-1.242022788534358213e-03
-1.245710353128814951e-03
-1.249404670724763022e-03
-1.253106276664528451e-03
-1.256815347423279050e-03
-1.260532925697166462e-03
-1.264258565096820774e-03
-1.267992986686228285e-03
-1.271737064692191055e-03
-1.275491004415041374e-03
-1.279255768948162064e-03
-1.283032231314540361e-03
-1.286820879740191437e-03
-1.290622331965196601e-03
-1.294436760926664931e-03
-1.298264309918195636e-03
-1.302104244671919986e-03
-1.305955340388020858e-03
-1.309816703679356209e-03
-1.313685703734579491e-03
-1.317561640955311475e-03
-1.321443489250451186e-03
-1.325330569069582687e-03
-1.329222672801666505e-03
-1.333119605738009028e-03
-1.337022205520455032e-03
-1.340929759694020618e-03
-1.344843129626793754e-03
-1.348762602516040410e-03
-1.352688347412867031e-03
-1.356621141561653587e-03
-1.360561468891630099e-03
-1.364509712394879060e-03
-1.368466432248860443e-03
-1.372431916723648726e-03
-1.376407072140373167e-03
-1.380391661132018832e-03
-1.384386716788310601e-03
-1.388392278728778351e-03
-1.392409066424460384e-03
-1.396437479462386833e-03
-1.400477595410620779e-03
-1.404530235066370203e-03
-1.408595132021517315e-03
-1.412672846119789050e-03
-1.416763444152757678e-03
-1.420867081735721627e-03
-1.424983947758806657e-03
-1.429113442901863706e-03
-1.433255776344122268e-03
-1.437410786995774181e-03
-1.441577823963924310e-03
-1.445757111675050055e-03
-1.449947560181574779e-03
-1.454149201527865642e-03
-1.458361917203943037e-03
-1.462585526281978687e-03
-1.466820284654946072e-03
-1.471066235123053012e-03
-1.475324218031537349e-03
-1.479595417287038472e-03
-1.483881730132141641e-03
-1.488186162529214762e-03
-1.492513653680860308e-03
-1.496870180114684423e-03
-1.501266890303942780e-03
-1.505720222614415071e-03
-1.510256548129862431e-03
-1.514913304229370539e-03
-1.519709482313502669e-03
-1.524571069341673635e-03
-1.529379064202252003e-03
-1.534095057890261238e-03
-1.538729833184260265e-03
-1.543302634864907041e-03
-1.547827583378680316e-03
-1.552314452935243949e-03
-1.556770830561937657e-03
-1.561202091162949834e-03
-1.565612453937825777e-03
-1.570004973063698905e-03
-1.574382274931451775e-03
-1.578746220521343169e-03
-1.583098271044303118e-03
-1.587440011008189877e-03
-1.591772502089305874e-03
-1.596096835873583863e-03
-1.600413677243617272e-03
-1.604723964431342687e-03
-1.609027960306486094e-03
-1.613326558138949984e-03
-1.617620310233491843e-03
-1.621909617818273475e-03
-1.626194849501994000e-03
-1.630476243824729998e-03
-1.634754210484867798e-03
-1.639029330638086535e-03
-1.643301689543519295e-03
-1.647571645406964436e-03
-1.651839205640381891e-03
-1.656104898046906193e-03
-1.660368881857055001e-03
-1.664631231525603994e-03
-1.668892322642112624e-03
-1.673152192845139830e-03
-1.677411096899783516e-03
-1.681669136791130725e-03
-1.685926454843000855e-03
-1.690183241574216844e-03
-1.694439537499481396e-03
-1.698695582181053432e-03
-1.702951477957070914e-03
-1.707207304324831476e-03
-1.711463217209829857e-03
-1.715719291592865403e-03
-1.719975633759029954e-03
-1.724232346397180926e-03
-1.728489517938247566e-03
-1.732747246790955487e-03
-1.737005858199136554e-03
-1.741264946102050182e-03
-1.745524836791245704e-03
-1.749785607123577336e-03
-1.754047330657204640e-03
-1.758310080943514819e-03
-1.762573931409439076e-03
-1.766838944309290227e-03
-1.771105188678623321e-03
-1.775372718348156020e-03
-1.779641616470928334e-03
-1.783911921449554683e-03
-1.788183694243605792e-03
-1.792457038994998975e-03
-1.796731912120708152e-03
-1.801008424257899421e-03
-1.805286606945566419e-03
-1.809566574580978582e-03
-1.813848300272535852e-03
-1.818131839808612149e-03
-1.822417348989802122e-03
-1.826704687052926879e-03
-1.830994011593145565e-03
-1.835285395364594230e-03
-1.839578760722715423e-03
-1.843874237018705564e-03
-1.848171990206481929e-03
-1.852471831274016267e-03
-1.856773804234101988e-03
-1.861078000407800914e-03
-1.865384449175278014e-03
-1.869693139263217674e-03
-1.874004203248125222e-03
-1.878317726145328770e-03
-1.882633477488959706e-03
-1.886951641685175041e-03
-1.891272244346930975e-03
-1.895595373970215824e-03
-1.899920916799469062e-03
-1.904248958445431406e-03
-1.908579530372933597e-03
-1.912912642277442288e-03
-1.917248315681518989e-03
-1.921586595300284195e-03
-1.925927463664933725e-03
-1.930270969460967656e-03
-1.934617111690739577e-03
-1.938966147780218918e-03
-1.943317606298733402e-03
-1.947671720671118045e-03
-1.952028537248740037e-03
-1.956388056713831425e-03
-1.960750302101743614e-03
-1.965115261966188243e-03
-1.969482935208266561e-03
-1.973853343652631764e-03
-1.978226520814030387e-03
-1.982602534827848650e-03
-1.986981255394426604e-03
-1.991362744081959235e-03
-1.995747021784288755e-03
-2.000134103474771052e-03
-2.004523991934625826e-03
-2.008916731977006265e-03
-2.013312277590939559e-03
-2.017710648922199645e-03
-2.022111878305699051e-03
-2.026516075672057937e-03
-2.030923007078855314e-03
-2.035332869020911595e-03
-2.039745618193533616e-03
-2.044161173266667575e-03
-2.048579640933856361e-03
-2.053000963025963799e-03
-2.057425359885622917e-03
-2.061852469422920109e-03
-2.066282497855564948e-03
-2.070715512084264631e-03
-2.075151350857673549e-03
-2.079590167977762860e-03
-2.084032602807206480e-03
-2.088477205673178183e-03
-2.092924740517809745e-03
-2.097375157178893446e-03
-2.101828587294796158e-03
-2.106284828783611118e-03
-2.110743974483519914e-03
-2.115206047583972904e-03
-2.119671033026571116e-03
-2.124138952958820603e-03
-2.128609723491603489e-03
-2.133083397182433671e-03
-2.137559988951265311e-03
-2.142039476014656607e-03
-2.146522594855038157e-03
-2.151007859990117232e-03
-2.155495982651078890e-03
-2.159986995138196697e-03
-2.164480880362251725e-03
-2.168977645511382946e-03
-2.173477261631195923e-03
-2.177979711668664997e-03
-2.182485027451663839e-03
-2.186993192354269588e-03
-2.191504261443988355e-03
-2.196018099980268090e-03
-2.200534757818117804e-03
-2.205054243876625186e-03
-2.209576573556359946e-03
-2.214101756624065054e-03
-2.218629756215118043e-03
-2.223160583590400030e-03
-2.227694262982637952e-03
-2.232230735937923427e-03
-2.236770052536307674e-03
-2.241312216098134691e-03
-2.245857207232027086e-03
-2.250405102247721167e-03
-2.254955766898492087e-03
-2.259509304380458161e-03
-2.264065675936954847e-03
-2.268625130353862929e-03
-2.273187327762937748e-03
-2.277752397558785447e-03
-2.282320405321280887e-03
-2.286891318943551354e-03
-2.291465259155467393e-03
-2.296042320120372793e-03
-2.300622202406898964e-03
-2.305205131073573277e-03
-2.309791081160250670e-03
-2.314380240370783604e-03
-2.318972456604173615e-03
-2.323567787618774361e-03
-2.328166486376126443e-03
-2.332768209997393427e-03
-2.337373247119689523e-03
-2.341981539669690804e-03
-2.346593176090538968e-03
-2.351208235441770711e-03
-2.355826753806189444e-03
-2.360449246251894451e-03
-2.365074915879006312e-03
-2.369704136846007003e-03
-2.374337056489594922e-03
-2.378973743316303846e-03
-2.383614288745783405e-03
-2.388258773724172279e-03
-2.392907243907504977e-03
-2.397559826076589573e-03
-2.402216537945811581e-03
-2.406877647211369542e-03
-2.411543094260726328e-03
-2.416213041191883626e-03
-2.420887864294729575e-03
-2.425567206048029334e-03
-2.430251519245807401e-03
-2.434940892628745246e-03
-2.439635522629379771e-03
-2.444335639737893473e-03
-2.449041479537172883e-03
-2.453753270546310539e-03
-2.458471356602931479e-03
-2.463196055824790065e-03
-2.467927717339613025e-03
-2.472666836629056064e-03
-2.477413965610630875e-03
-2.482169681171431108e-03
-2.486934598523227180e-03
-2.491709676396891560e-03
-2.496495745197613303e-03
-2.501294412373455955e-03
-2.506106902055660335e-03
-2.510935971172467696e-03
-2.515784193311665362e-03
-2.520655073589006534e-03
-2.525554183280820375e-03
-2.530489244140787797e-03
-2.535472293451079828e-03
-2.540521777087190181e-03
-2.545667330830170272e-03
-2.550945228844803125e-03
-2.556360035357974070e-03
-2.561801650719952583e-03
-2.567157311880730042e-03
-2.572415807289840650e-03
-2.577598289001947762e-03
-2.582726766253706785e-03
-2.587816107526896836e-03
-2.592875018672557985e-03
-2.597911743402403495e-03
-2.602931123039553540e-03
-2.607936877890737470e-03
-2.612931883538505140e-03
-2.617918483313386169e-03
-2.622898402142026519e-03
-2.627873001716185541e-03
-2.632843508570292812e-03
-2.637810975794518953e-03
-2.642776117553924387e-03
-2.647739764480294689e-03
-2.652702751095525890e-03
-2.657665204210291066e-03
-2.662627811843898407e-03
-2.667591038614691712e-03
-2.672555287756450682e-03
-2.677520931193111409e-03
-2.682488320929321546e-03
-2.687457798922876506e-03
-2.692429715720368044e-03
-2.697404373321887761e-03
-2.702382143654591395e-03
-2.707363303745324856e-03
-2.712348295883848515e-03
-2.717337620836257628e-03
-2.722331761806584538e-03
-2.727331437889612964e-03
-2.732337572377896429e-03
-2.737351690556999451e-03
-2.742376309934568823e-03
-2.747416350963982623e-03
-2.752485648153224496e-03
-2.757644940552972379e-03
-2.762769882499460650e-03
-2.767830023857276167e-03
-2.772873249417440178e-03
-2.777910258352056516e-03
-2.782945252391533231e-03
-2.787980366094733320e-03
-2.793016672368198172e-03
-2.798055013571554284e-03
-2.803095949872269621e-03
-2.808139673400544822e-03
-2.813186635114428569e-03
-2.818236993390565992e-03
-2.823291641219416448e-03
-2.828349538596897084e-03
-2.833411352602621669e-03
-2.838477366597591534e-03
-2.843547450047667624e-03
-2.848621951220264847e-03
-2.853701090180682520e-03
-2.858784426786220578e-03
-2.863872369754494329e-03
-2.868964911657778671e-03
-2.874062214167305562e-03
-2.879164278811630062e-03
-2.884271194698362351e-03
-2.889383073997220386e-03
-2.894499954499751837e-03
-2.899621920507966522e-03
-2.904748982865412721e-03
-2.909881171137440603e-03
-2.915018615963549387e-03
-2.920161345017491250e-03
-2.925309530136921410e-03
-2.930462983948500799e-03
-2.935621876037242117e-03
-2.940786406858242330e-03
-2.945956293399887294e-03
-2.951131789728389521e-03
-2.956312944083716587e-03
-2.961499745381623860e-03
-2.966692295197415064e-03
-2.971890523745024382e-03
-2.977094695729154417e-03
-2.982304584360773170e-03
-2.987520308318392104e-03
-2.992741938685261616e-03
-2.997969577339776315e-03
-3.003203295833811737e-03
-3.008443045134479021e-03
-3.013688834004546457e-03
-3.018940794869306998e-03
-3.024198936135480409e-03
-3.029463851930813689e-03
-3.034734407805328438e-03
-3.040011420200827708e-03
-3.045294854174818155e-03
-3.050584445427051428e-03
-3.055880478276318257e-03
-3.061182858770439275e-03
-3.066492390255137757e-03
-3.071807903167411702e-03
-3.077129869314410016e-03
-3.082458590643599727e-03
-3.087793698680618704e-03
-3.093135632666110801e-03
-3.098484443753157791e-03
-3.103839651139916889e-03
-3.109201645767112332e-03
-3.114570319895926254e-03
-3.119946123661954118e-03
-3.125328594509535485e-03
-3.130717830778007027e-03
-3.136114235668951977e-03
-3.141517221299294782e-03
-3.146927332612903250e-03
-3.152344440710885820e-03
-3.157768368166724571e-03
-3.163199341482014759e-03
-3.168637228763704350e-03
-3.174082345423601126e-03
-3.179534318496712864e-03
-3.184993274550906861e-03
-3.190459327018224656e-03
-3.195932440383630890e-03
-3.201412649771695484e-03
-3.206899871753376985e-03
-3.212394133599860702e-03
-3.217895494359024333e-03
-3.223403751353104418e-03
-3.228919027637111583e-03
-3.234441224797324210e-03
-3.239970278139270299e-03
-3.245506191295821630e-03
-3.251048964894920346e-03
-3.256598544963740238e-03
-3.262154963692864840e-03
-3.267718044935863375e-03
-3.273287837887828289e-03
-3.278864357094679605e-03
-3.284447843510007736e-03
-3.290037645119814336e-03
-3.295634025163751701e-03
-3.301237156187686317e-03
-3.306846585007572337e-03
-3.312462556944395509e-03
-3.318084924958331072e-03
-3.323714149422785091e-03
-3.329349605794340583e-03
-3.334991434948753053e-03
-3.340639895867192344e-03
-3.346294603437827142e-03
-3.351955954158714057e-03
-3.357624126297364953e-03
-3.363298340147924392e-03
-3.368979106851299754e-03
-3.374666314732710504e-03
-3.380360380421332245e-03
-3.386060871488960622e-03
-3.391767880236651322e-03
-3.397481702258509095e-03
-3.403201974618408343e-03
-3.408929136316518616e-03
-3.414663157277564309e-03
-3.420403745475475432e-03
-3.426151215546457962e-03
-3.431905477381702596e-03
-3.437666987547216557e-03
-3.443435338659650569e-03
-3.449210640416922047e-03
-3.454993223383606704e-03
-3.460782747310098273e-03
-3.466579550244652808e-03
-3.472383705285908562e-03
-3.478195206434331332e-03
-3.484014202249752223e-03
-3.489840619403272726e-03
-3.495674830511386055e-03
-3.501516562851136882e-03
-3.507366002735379240e-03
-3.513223361458539529e-03
-3.519088692206739921e-03
-3.524962135932896423e-03
-3.530843713412723517e-03
-3.536733486983467678e-03
-3.542631608751678485e-03
-3.548538283669744331e-03
-3.554454194822920243e-03
-3.560378303191891192e-03
-3.566311208673900168e-03
-3.572253094425992259e-03
-3.578204202781321008e-03
-3.584164727519878468e-03
-3.590134704483438632e-03
-3.596114241612102802e-03
-3.602103568871917183e-03
-3.608102986496497522e-03
-3.614112949121173202e-03
-3.620133018437887706e-03
-3.626163954777661402e-03
-3.632205628567697353e-03
-3.638258602718935641e-03
-3.644323236119406673e-03
-3.650399571167195489e-03
-3.656488516825429080e-03
-3.662589706796559597e-03
-3.668704107395392988e-03
-3.674832834653751767e-03
-3.680975112325568510e-03
-3.687132636499779181e-03
-3.693305665526502857e-03
-3.699495435601551918e-03
-3.705703362924750444e-03
-3.711930847646871534e-03
-3.718180570270179786e-03
-3.724453318801557167e-03
-3.730753068930670047e-03
-3.737084624224285001e-03
-3.743454126304612828e-03
-3.749871478656907620e-03
-3.756350330284874417e-03
-3.762915110468778579e-03
-3.769606871223407651e-03
-3.776478107624048342e-03
-3.783492554281564502e-03
-3.790434426000022228e-03
-3.797226518146512575e-03
-3.803909582122511068e-03
-3.810523600880522110e-03
-3.817093266867632728e-03
-3.823633063298359502e-03
-3.830152960951571650e-03
-3.836659869682845780e-03
-3.843158325331330616e-03
-3.849652166652339780e-03
-3.856143202533690584e-03
-3.862633857593666953e-03
-3.869125900505698823e-03
-3.875620145042946163e-03
-3.882117845193988614e-03
-3.888619883317789849e-03
-3.895126912077606640e-03
-3.901639565413672628e-03
-3.908158239692705038e-03
-3.914683695783849338e-03
-3.921215847299319712e-03
-3.927755157952628196e-03
-3.934302624178487306e-03
-3.940856989310681513e-03
-3.947419255301287677e-03
-3.953989419745673750e-03
-3.960568101913253258e-03
-3.967154833737107644e-03
-3.973749773317325484e-03
-3.980353821472659703e-03
-3.986965507328577019e-03
-3.993585872456240082e-03
-4.000214836940241270e-03
-4.006851961386503902e-03
-4.013497570067747766e-03
-4.020151454612985731e-03
-4.026813994846722977e-03
-4.033484489099348203e-03
-4.040163164445664812e-03
-4.046850019776671026e-03
-4.053544918810270126e-03
-4.060247955409379550e-03
-4.066958771546169693e-03
-4.073677166234745961e-03
-4.080403162748602597e-03
-4.087136468621355156e-03
-4.093877300073489600e-03
-4.100624959381127255e-03
-4.107379537796829183e-03
-4.114140899369456150e-03
-4.120908835557601790e-03
-4.127683174508067765e-03
-4.134463806249266682e-03
-4.141250440613641892e-03
-4.148042968646570294e-03
-4.154841150258103966e-03
-4.161645324965213000e-03
-4.168454250573327968e-03
-4.175268192996628436e-03
-4.182087078091534238e-03
-4.188910439612336667e-03
-4.195738241142721314e-03
-4.202570266214844530e-03
-4.209406276354576981e-03
-4.216246098256548613e-03
-4.223089466991125640e-03
-4.229936261477162951e-03
-4.236786225405908546e-03
-4.243639163524104418e-03
-4.250494916356872821e-03
-4.257353219608517314e-03
-4.264213932880456248e-03
-4.271076858458178194e-03
-4.277941794694317679e-03
-4.284808564223863137e-03
-4.291676993135373763e-03
-4.298546846722928194e-03
-4.305418047940490212e-03
-4.312290358318704442e-03
-4.319163595813524381e-03
-4.326037607479737979e-03
-4.332912195046834114e-03
-4.339787197243150096e-03
-4.346662239833598562e-03
-4.353537429976794826e-03
-4.360412471596131212e-03
-4.367287133027697443e-03
-4.374161354877226238e-03
-4.381034808744521669e-03
-4.387907196725548964e-03
-4.394778623297845854e-03
-4.401648672614499880e-03
-4.408517212308726840e-03
-4.415383964459174138e-03
-4.422248801500661131e-03
-4.429111361613058406e-03
-4.435971623417134246e-03
-4.442829695950334390e-03
-4.449685034045081089e-03
-4.456537471530075400e-03
-4.463387108501026823e-03
-4.470233603963702507e-03
-4.477076938685708996e-03
-4.483916679868138466e-03
-4.490753146504267157e-03
-4.497586102573114530e-03
-4.504415298082098396e-03
-4.511241037499669204e-03
-4.518063036729635940e-03
-4.524881265310254363e-03
-4.531695829599891034e-03
-4.538506631375671674e-03
-4.545313675918816188e-03
-4.552116822756024916e-03
-4.558916410294600041e-03
-4.565712377106567743e-03
-4.572504734367321966e-03
-4.579293472067980098e-03
-4.586078617534350421e-03
-4.592860266699916316e-03
-4.599638546429529740e-03
-4.606413474336989999e-03
-4.613185244195960877e-03
-4.619953523347208879e-03
-4.626719018088421009e-03
-4.633481570771036395e-03
-4.640241117865318010e-03
-4.646998093358334359e-03
-4.653752396005073066e-03
-4.660504241583041107e-03
-4.667253329738829670e-03
-4.674000525604737888e-03
-4.680745575256106683e-03
-4.687488612871382188e-03
-4.694229907075464503e-03
-4.700969491030937419e-03
-4.707706948478773690e-03
-4.714443985605276666e-03
-4.721180037979166855e-03
-4.727915464130094669e-03
-4.734650346729152304e-03
-4.741385260328967455e-03
-4.748120471066097359e-03
-4.754855499557342213e-03
-4.761591864234526739e-03
-4.768328663463439199e-03
-4.775065422855107045e-03
-4.781801116730655110e-03
-4.788534516907638761e-03
-4.795264640108265475e-03
-4.801990114326692982e-03
-4.808712221518129937e-03
-4.815430500449413564e-03
-4.822145103474673178e-03
-4.828856543639847843e-03
-4.835565019239096429e-03
-4.842270793844583032e-03
-4.848974203289113660e-03
-4.855675454698005211e-03
-4.862374810251757218e-03
-4.869072335214608138e-03
-4.875768304707484013e-03
-4.882462846486412822e-03
-4.889155851283799592e-03
-4.895847919093365697e-03
-4.902538888495233671e-03
-4.909228864404036052e-03
-4.915917966444971476e-03
-4.922606254210704080e-03
-4.929293860423955564e-03
-4.935980632419068037e-03
-4.942666999998790445e-03
-4.949352875635137927e-03
-4.956038256470507442e-03
-4.962723338905683512e-03
-4.969408095140126491e-03
-4.976092623526051639e-03
-4.982776867984650693e-03
-4.989461016009388850e-03
-4.996145102372784308e-03
-5.002829082898507806e-03
-5.009513156758793606e-03
-5.016197284797851985e-03
-5.022881395239764402e-03
-5.029565856889073316e-03
-5.036250542030273891e-03
-5.042935537208692587e-03
-5.049620871109938847e-03
-5.056306619930617252e-03
-5.062992750159089894e-03
-5.069679218573708290e-03
-5.076366583607549998e-03
-5.083054579624324276e-03
-5.089743269302449136e-03
-5.096432744292833661e-03
-5.103123036268364388e-03
-5.109814217197805597e-03
-5.116506038686075009e-03
-5.123199159976832284e-03
-5.129893339747781944e-03
-5.136588632134175825e-03
-5.143285092926164204e-03
-5.149982772326922031e-03
-5.156681718404887427e-03
-5.163381969397362603e-03
-5.170083555884774640e-03
-5.176786498843455320e-03
-5.183490809004376310e-03
-5.190196492606657941e-03
-5.196903545470643593e-03
-5.203611964509580190e-03
-5.210321748606139280e-03
-5.217032903762630625e-03
-5.223745447527683439e-03
-5.230459407227439073e-03
-5.237174823253920586e-03
-5.243891747520490476e-03
-5.250610238715647249e-03
-5.257330369212720456e-03
-5.264052203967306554e-03
-5.270775821340611955e-03
-5.277501308495691212e-03
-5.284228752890807179e-03
-5.290958232556874918e-03
-5.297689829998453170e-03
-5.304423639386324218e-03
-5.311159765710615765e-03
-5.317898340165494453e-03
-5.324639372567330220e-03
-5.331383051257687633e-03
-5.338129109813460893e-03
-5.344878292957933041e-03
-5.351630418473751760e-03
-5.358385564255385702e-03
-5.365143952665296645e-03
-5.371905550989986011e-03
-5.378670573736310523e-03
-5.385439136575298491e-03
-5.392211400640389840e-03
-5.398987566013868644e-03
-5.405767685157436553e-03
-5.412551963550282785e-03
-5.419340600232525063e-03
-5.426133757250761747e-03
-5.432931196029611165e-03
-5.439734002875340479e-03
-5.446541938264104488e-03
-5.453355347330157699e-03
-5.460174189719335658e-03
-5.466999030070640586e-03
-5.473830027457160519e-03
-5.480667354232915400e-03
-5.487511496692576429e-03
-5.494362691476406546e-03
-5.501221521621912913e-03
-5.508088294087221115e-03
-5.514963519572702033e-03
-5.521847877575591923e-03
-5.528742042039125337e-03
-5.535646991537301886e-03
-5.542563472799355573e-03
-5.549492692100033153e-03
-5.556436363354455565e-03
-5.563396340517834382e-03
-5.570375297327845310e-03
-5.577377110169701169e-03
-5.584406631131244581e-03
-5.591470949340648922e-03
-5.598582466034618399e-03
-5.605761665444020103e-03
-5.613050183360446255e-03
-5.620546179075369686e-03
-5.628504936596390174e-03
-5.636491054952008639e-03
-5.643960651398827189e-03
-5.651213145004163607e-03
-5.658359500147480681e-03
-5.665443600110231515e-03
-5.672486667097298429e-03
-5.679501254501340135e-03
-5.686494612614390043e-03
-5.693471527133509014e-03
-5.700435917706636602e-03
-5.707390331924355742e-03
-5.714336510312612027e-03
-5.721276410146414193e-03
-5.728210908513720057e-03
-5.735141357249617933e-03
-5.742068464049676635e-03
-5.748992993204860014e-03
-5.755915788165921754e-03
-5.762837158184597186e-03
-5.769758185410478468e-03
-5.776679272485596428e-03
-5.783600968645941087e-03
-5.790523745405451450e-03
-5.797448177065955832e-03
-5.804374808297652066e-03
-5.811304173352627167e-03
-5.818236856312664074e-03
-5.825173407398187564e-03
-5.832114641074692685e-03
-5.839060991911892984e-03
-5.846013180750175842e-03
-5.852972142415535650e-03
-5.859938448602330929e-03
-5.866913230550663272e-03
-5.873897570316977124e-03
-5.880892523547842643e-03
-5.887899805382512675e-03
-5.894919741458837237e-03
-5.901955643850209654e-03
-5.909009519411423383e-03
-5.916082794185428817e-03
-5.923179553594892788e-03
-5.930302479970617213e-03
-5.937456794460005405e-03
-5.944649159210890765e-03
-5.951887233261343724e-03
-5.959182146451524886e-03
-5.966549954904754038e-03
-5.974014866910848376e-03
-5.981618168334534857e-03
-5.989432424716945036e-03
-5.997618556449091365e-03
-6.006671475474845145e-03
-6.019441826830340680e-03
-6.029624190863391853e-03
-6.038206895311981626e-03
-6.046247981625674228e-03
-6.054010127282349885e-03
-6.061600567887626134e-03
-6.069073894317544848e-03
-6.076459114853882681e-03
-6.083778399752604038e-03
-6.091043920562588809e-03
-6.098265655145373998e-03
-6.105451096919067844e-03
-6.112604563580092965e-03
-6.119731476568524009e-03
-6.126835600424929140e-03
-6.133918513762548486e-03
-6.140983895919882585e-03
-6.148032706830175442e-03
-6.155066533800601647e-03
-6.162087717675235332e-03
-6.169096970776277722e-03
-6.176095489506039371e-03
-6.183083580033721383e-03
-6.190062541052920864e-03
-6.197033182854805311e-03
-6.203995601763656609e-03
-6.210951182354595979e-03
-6.217899831384543496e-03
-6.224842372565930759e-03
-6.231779072139231879e-03
-6.238710232981392600e-03
-6.245636250598485262e-03
-6.252557325829521950e-03
-6.259474042083934542e-03
-6.266386562032710827e-03
-6.273295064357364836e-03
-6.280199812297659889e-03
-6.287100922733990238e-03
-6.293998700532599244e-03
-6.300893347106484299e-03
-6.307784941760874453e-03
-6.314673660008041089e-03
-6.321559612941785034e-03
-6.328442977261539149e-03
-6.335323886871857546e-03
-6.342202418575304534e-03
-6.349078619850123673e-03
-6.355952552010712964e-03
-6.362824389034016370e-03
-6.369694184633956091e-03
-6.376561962305071773e-03
-6.383427748093639664e-03
-6.390291615373078216e-03
-6.397153543532096975e-03
-6.404013655301077357e-03
-6.410871959017683253e-03
-6.417728440263670286e-03
-6.424583123669780349e-03
-6.431436075405083663e-03
-6.438287224961425359e-03
-6.445136705444776126e-03
-6.451984457420789631e-03
-6.458830499150303162e-03
-6.465674819500777382e-03
-6.472517376020281432e-03
-6.479358309994798226e-03
-6.486197531364479296e-03
-6.493035024545790179e-03
-6.499870892979653370e-03
-6.506704984809763559e-03
-6.513537525829393715e-03
-6.520368424124955986e-03
-6.527197670937345819e-03
-6.534025286467737281e-03
-6.540851219610899214e-03
-6.547675612070591455e-03
-6.554498413990472727e-03
-6.561319620887906545e-03
-6.568139277202011961e-03
-6.574957245085832902e-03
-6.581773839868909626e-03
-6.588588962048946840e-03
-6.595402603582267709e-03
-6.602214809280360086e-03
-6.609025590912143144e-03
-6.615834980418733302e-03
-6.622643041088616123e-03
-6.629449771607620612e-03
-6.636255269043767058e-03
-6.643059464186196195e-03
-6.649862495779479410e-03
-6.656664374281362484e-03
-6.663465100820831211e-03
-6.670264729899400002e-03
-6.677063270138505757e-03
-6.683860719447043408e-03
-6.690657166526059463e-03
-6.697452629450317829e-03
-6.704247108467287219e-03
-6.711040474973950509e-03
-6.717833083294433294e-03
-6.724624829923753211e-03
-6.731415725505729419e-03
-6.738205780195460903e-03
-6.744995023300726089e-03
-6.751783450118065133e-03
-6.758571133647861551e-03
-6.765358061192716654e-03
-6.772144233055055196e-03
-6.778929622344720407e-03
-6.785714389629604604e-03
-6.792498414183723021e-03
-6.799281684109259594e-03
-6.806064451642002133e-03
-6.812846582056719669e-03
-6.819628143027278711e-03
-6.826409012306355883e-03
-6.833189377733583925e-03
-6.839969237025456117e-03
-6.846748488649412323e-03
-6.853527360665245816e-03
-6.860305711733238887e-03
-6.867083589931932686e-03
-6.873861140714643270e-03
-6.880638305287845036e-03
-6.887415159264942410e-03
-6.894191582794029216e-03
-6.900967870554386430e-03
-6.907743937284660518e-03
-6.914519804955276960e-03
-6.921295525605497545e-03
-6.928071098262322813e-03
-6.934846520394888358e-03
-6.941622066767960675e-03
-6.948397646605042333e-03
-6.955173342947928994e-03
-6.961949141046086531e-03
-6.968725167773248685e-03
-6.975501456203181405e-03
-6.982278019968868321e-03
-6.989055001073607443e-03
-6.995832403786428344e-03
-7.002610290727573350e-03
-7.009388732564736380e-03
-7.016167781297322215e-03
-7.022947518481981177e-03
-7.029727996075596508e-03
-7.036509269464197303e-03
-7.043291416125363469e-03
-7.050074481811385851e-03
-7.056858573538771218e-03
-7.063643734905755700e-03
-7.070430039350483753e-03
-7.077217556390791309e-03
-7.084006354254213100e-03
-7.090796503824048358e-03
-7.097588074599370245e-03
-7.104381148399840917e-03
-7.111175793344082230e-03
-7.117972095659785836e-03
-7.124770105854216773e-03
-7.131569916958624411e-03
-7.138371596412063091e-03
-7.145175258524760764e-03
-7.151980945208080698e-03
-7.158788737947618941e-03
-7.165598779348192338e-03
-7.172411058837258047e-03
-7.179225730376659342e-03
-7.186042880138798772e-03
-7.192862540259303827e-03
-7.199684852051246864e-03
-7.206509879941425112e-03
-7.213337863718360943e-03
-7.220168704908935808e-03
-7.227002560930007036e-03
-7.233839619063875404e-03
-7.240679864925936293e-03
-7.247523549025358669e-03
-7.254370923001962623e-03
-7.261221681101992509e-03
-7.268076207890050711e-03
-7.274934583476722061e-03
-7.281797131418854541e-03
-7.288663799022265799e-03
-7.295534765371369801e-03
-7.302410401951231478e-03
-7.309290544265434342e-03
-7.316175592631202207e-03
-7.323065756821067751e-03
-7.329961203341395226e-03
-7.336862206525629482e-03
-7.343768907697723058e-03
-7.350681834242145385e-03
-7.357600915766426830e-03
-7.364526533373938477e-03
-7.371459121288559402e-03
-7.378398615778825054e-03
-7.385345489003936059e-03
-7.392299992286965882e-03
-7.399262234243364489e-03
-7.406232466403706027e-03
-7.413210727996055738e-03
-7.420197410999529453e-03
-7.427192849610131375e-03
-7.434197401043118880e-03
-7.441211978081896383e-03
-7.448236685174802751e-03
-7.455272898262754744e-03
-7.462321784577508055e-03
-7.469384597429296058e-03
-7.476463023522117446e-03
-7.483559124958460984e-03
-7.490675980553529456e-03
-7.497816717940142262e-03
-7.504986850345174432e-03
-7.512192879114865107e-03
-7.519446480245051134e-03
-7.526765372539823140e-03
-7.534183315865972119e-03
-7.541777044862141288e-03
-7.549759749500006834e-03
-7.558245043139844022e-03
-7.566068498777167584e-03
-7.573576438014928414e-03
-7.580948234097606431e-03
-7.588247520098123644e-03
-7.595503362107347556e-03
-7.602731178801169776e-03
-7.609940557562144825e-03
-7.617137752533365003e-03
-7.624326951582882650e-03
-7.631511273180069388e-03
-7.638693338201107963e-03
-7.645874393417795289e-03
-7.653056040801908821e-03
-7.660239599441287517e-03
-7.667425551128093097e-03
-7.674614748902075512e-03
-7.681807662371920031e-03
-7.689004909048668956e-03
-7.696206357468149406e-03
-7.703412310634538684e-03
-7.710623011615846956e-03
-7.717838027835433046e-03
-7.725057475215235669e-03
-7.732281126178852659e-03
-7.739508721822496717e-03
-7.746740000111440594e-03
-7.753974610653080468e-03
-7.761212213345025646e-03
-7.768452444790407974e-03
-7.775694898345730799e-03
-7.782939208465955438e-03
-7.790185006668837175e-03
-7.797431940268828576e-03
-7.804679662772429083e-03
-7.811927877580671087e-03
-7.819176285287610106e-03
-7.826424645829499482e-03
-7.833672663498325583e-03
-7.840920114407734509e-03
-7.848166785794807865e-03
-7.855412372035575075e-03
-7.862656828670711029e-03
-7.869899821989601030e-03
-7.877141207035753823e-03
-7.884380524361689346e-03
-7.891617864675071203e-03
-7.898852977893722205e-03
-7.906085365844361945e-03
-7.913315327435666013e-03
-7.920542378848094422e-03
-7.927766320468432326e-03
-7.934987368533930052e-03
-7.942205281283531981e-03
-7.949420072052792996e-03
-7.956631367879052341e-03
-7.963839651696003052e-03
-7.971044933694937384e-03
-7.978247263950022372e-03
-7.985446732517109680e-03
-7.992643263656784569e-03
-7.999837027547029855e-03
-8.007027920399867327e-03
-8.014215390056533828e-03
-8.021398879947794214e-03
-8.028577898425037773e-03
-8.035752020899677994e-03
-8.042921237018663128e-03
-8.050085579880073006e-03
-8.057245475584395855e-03
-8.064401014767685894e-03
-8.071552453754904377e-03
-8.078700137442496043e-03
-8.085844268523878497e-03
-8.092985194887547529e-03
-8.100122948974219916e-03
-8.107257938062661928e-03
-8.114390379551195132e-03
-8.121520400802606510e-03
-8.128648193672094457e-03
-8.135773923361400151e-03
-8.142897819098493528e-03
-8.150020072012265082e-03
-8.157140797468653837e-03
-8.164260181630855762e-03
-8.171378207071477995e-03
-8.178495375279370982e-03
-8.185611706086781680e-03
-8.192727276905675815e-03
-8.199842396843348702e-03
-8.206957116212443282e-03
-8.214071553667712244e-03
-8.221185934375485616e-03
-8.228300387361553447e-03
-8.235415073975294042e-03
-8.242530079057175385e-03
-8.249645631097979326e-03
-8.256761803348666717e-03
-8.263878789377954170e-03
-8.270996703311550569e-03
-8.278115691889631478e-03
-8.285235908440991004e-03
-8.292357485937928985e-03
-8.299480583699225811e-03
-8.306605341227180084e-03
-8.313731990861827903e-03
-8.320860510760863527e-03
-8.327991162484393861e-03
-8.335124098901247613e-03
-8.342259425890730107e-03
-8.349397344692532918e-03
-8.356537992610046928e-03
-8.363681682460710753e-03
-8.370828384071882233e-03
-8.377978331760127517e-03
-8.385131801304068766e-03
-8.392288841053474613e-03
-8.399449784195822666e-03
-8.406614815028357057e-03
-8.413784056108375431e-03
-8.420957823832342370e-03
-8.428136363409222120e-03
-8.435320034959170599e-03
-8.442508903884760052e-03
-8.449703338752723170e-03
-8.456903701998474965e-03
-8.464110332902619049e-03
-8.471323631412008837e-03
-8.478544052554881638e-03
-8.485771950453524504e-03
-8.493007934614715815e-03
-8.500252500713734172e-03
-8.507506328416680752e-03
-8.514770001911919906e-03
-8.522044372993864414e-03
-8.529330464434714543e-03
-8.536628985356453647e-03
-8.543941397962329098e-03
-8.551268984962279163e-03
-8.558613290963190678e-03
-8.565976361753158130e-03
-8.573360830246623543e-03
-8.580769551405742490e-03
-8.588206122417618715e-03
-8.595674709163669824e-03
-8.603181520725478038e-03
-8.610734423234789325e-03
-8.618342597461747800e-03
-8.626017664215668290e-03
-8.633774790519188613e-03
-8.641625989512569106e-03
-8.649577672925068406e-03
-8.657608888870571562e-03
-8.665667058156079072e-03
-8.673689032635323315e-03
-8.681637394398755703e-03
-8.689503285793542808e-03
-8.697295318408349019e-03
-8.705025121832909996e-03
-8.712702437498331953e-03
-8.720338259968096750e-03
-8.727940086238894501e-03
-8.735513933388339147e-03
-8.743064373634035213e-03
-8.750594812311329740e-03
-8.758108883884063722e-03
-8.765608966662452595e-03
-8.773097035901344931e-03
-8.780575180021732429e-03
-8.788044615996359887e-03
-8.795506560302368548e-03
-8.802962244501721933e-03
-8.810412519225763184e-03
-8.817858386364840761e-03
-8.825300415929882014e-03
-8.832739340061568356e-03
-8.840175755980284045e-03
-8.847610135984340651e-03
-8.855042986749883660e-03
-8.862474714749879467e-03
-8.869905687451384857e-03
-8.877336338198316135e-03
-8.884766992038439781e-03
-8.892197953728531168e-03
-8.899629517896245900e-03
-8.907061987464270914e-03
-8.914495632854957385e-03
-8.921930704423930436e-03
-8.929367448829661491e-03
-8.936806104570704790e-03
-8.944246898059060591e-03
-8.951690042703686068e-03
-8.959136054950023187e-03
-8.966584548831479928e-03
-8.974036059322454406e-03
-8.981490748994680473e-03
-8.988948871438640076e-03
-8.996410535066168279e-03
-9.003875954353146582e-03
-9.011345713529017587e-03
-9.018819292198720916e-03
-9.026297360546498005e-03
-9.033780097357668737e-03
-9.041267528850926993e-03
-9.048760019311874458e-03
-9.056257705158388127e-03
-9.063761190303054605e-03
-9.071270189316749111e-03
-9.078785082528906258e-03
-9.086306225781881629e-03
-9.093833770959625085e-03
-9.101368240095331075e-03
-9.108909874009474272e-03
-9.116458568032670406e-03
-9.124014952589853955e-03
-9.131579370084907943e-03
-9.139152473684908351e-03
-9.146734054313099271e-03
-9.154324811799563477e-03
-9.161925302815676631e-03
-9.169535976527698473e-03
-9.177157432658566982e-03
-9.184790170438050794e-03
-9.192434907510871334e-03
-9.200092503391155141e-03
-9.207763450988948328e-03
-9.215449212783277666e-03
-9.223150370471389081e-03
-9.230868221226873338e-03
-9.238604561741525778e-03
-9.246360292899824529e-03
-9.254138038109593900e-03
-9.261940376138144693e-03
-9.269770123539800011e-03
-9.277631428798227553e-03
-9.285529428466832158e-03
-9.293472111399081470e-03
-9.301471304186015310e-03
-9.309545499528226742e-03
-9.317731646485527541e-03
-9.326119656134501668e-03
-9.335059352978070102e-03
-9.344893098740647552e-03
-9.353427845882111846e-03
-9.361706576139994240e-03
-9.369892817736591439e-03
-9.378039608368249347e-03
-9.386171525291420181e-03
-9.394300871390370844e-03
-9.402433188224645910e-03
-9.410569996827100603e-03
-9.418709194804031348e-03
-9.426846148182232987e-03
-9.434975442382698141e-03
-9.443091053860763751e-03
-9.451189394711234648e-03
-9.459267960305717260e-03
-9.467325919870761552e-03
-9.475363349999654794e-03
-9.483381825583059310e-03
-9.491382834401540514e-03
-9.499368099918359398e-03
-9.507339551618976259e-03
-9.515298691559648248e-03
-9.523247697050041261e-03
-9.531187976351995772e-03
-9.539120836649539470e-03
-9.547047620442339344e-03
-9.554969310657579484e-03
-9.562887368024797219e-03
-9.570802514887732926e-03
-9.578715642434509903e-03
-9.586627646867462715e-03
-9.594539579503735816e-03
-9.602451379101206719e-03
-9.610364073222243952e-03
-9.618278249419631720e-03
-9.626194476806015921e-03
-9.634113309774150480e-03
-9.642035260990500234e-03
-9.649960851319860922e-03
-9.657890610430985845e-03
-9.665824957746371737e-03
-9.673764515672589326e-03
-9.681709733713961263e-03
-9.689661156426998545e-03
-9.697619974885940408e-03
-9.705585682563522276e-03
-9.713559718236730589e-03
-9.721543200342575020e-03
-9.729537358934670088e-03
-9.737544095216765783e-03
-9.745566826087292966e-03
-9.753611998001732175e-03
-9.761696737485725528e-03
-9.769913046794531652e-03
-9.778183244194438295e-03
-9.786302968896376520e-03
-9.794393992977434849e-03
-9.802475810629096564e-03
-9.810556035085848947e-03
-9.818636866435692667e-03
-9.826721154878925724e-03
-9.834810549476102892e-03
-9.842905501374454857e-03
-9.851007260638033891e-03
-9.859116432527237350e-03
-9.867233048600376755e-03
-9.875357925005157078e-03
-9.883491307162928230e-03
-9.891634125055115412e-03
-9.899786040783897789e-03
-9.907947498650537810e-03
-9.916119568611381219e-03
-9.924301235439747515e-03
-9.932493795422492333e-03
-9.940697698848310893e-03
-9.948912328776926550e-03
-9.957138458897452082e-03
-9.965376285724913963e-03
-9.973627176871113775e-03
-9.981890017236372259e-03
-9.990165562632324914e-03
-9.998454597468287020e-03
-1.000675688098184857e-02
-1.001507322575201364e-02
-1.002340433421622379e-02
-1.003174992804112264e-02
-1.004011081467659494e-02
-1.004848670989177961e-02
-1.005687804851607137e-02
-1.006528500876735510e-02
-1.007370752375769118e-02
-1.008214637700655114e-02
-1.009059942606216342e-02
-1.009906725672671257e-02
-1.010754912903655267e-02
-1.011604397046450554e-02
-1.012455102242471039e-02
-1.013306858277307487e-02
-1.014159573949202642e-02
-1.015013020912014508e-02
-1.015867102242540287e-02
-1.016721706406176207e-02
-1.017576716342283305e-02
-1.018432044047512530e-02
-1.019287618080244595e-02
-1.020143382443017277e-02
-1.020999296182178995e-02
-1.021855341105237791e-02
-1.022711512843843540e-02
-1.023567798468361101e-02
-1.024424212799313061e-02
-1.025280798572358876e-02
-1.026137530492388095e-02
-1.026994457172525355e-02
-1.027851619978292774e-02
-1.028709052240350807e-02
-1.029566783877466918e-02
-1.030424843413013658e-02
-1.031283221967649322e-02
-1.032141857448587441e-02
-1.033000619000135067e-02
-1.033859309365470214e-02
-1.034717716203847893e-02
-1.035575616834583101e-02
-1.036432878847393102e-02
-1.037289391528017912e-02
-1.038145206286000821e-02
-1.039000349933516532e-02
-1.039854862771572019e-02
-1.040708834788350856e-02
-1.041562302410026231e-02
-1.042415365213666956e-02
-1.043268064303393139e-02
-1.044120463922992847e-02
-1.044972634231833286e-02
-1.045824620670199323e-02
-1.046676479625152645e-02
-1.047528267019393056e-02
-1.048380054014119711e-02
-1.049231851557286266e-02
-1.050083728053163856e-02
-1.050935735604019428e-02
-1.051787923995084473e-02
-1.052640343109667587e-02
-1.053493042481079556e-02
-1.054346089675117781e-02
-1.055199504730097715e-02
-1.056053352976216164e-02
-1.056907688343999840e-02
-1.057762567300579715e-02
-1.058618044905457189e-02
-1.059474183901853994e-02
-1.060331035857886572e-02
-1.061188664217782573e-02
-1.062047138990229733e-02
-1.062906547067254959e-02
-1.063766913330366215e-02
-1.064628330862049665e-02
-1.065490927929546583e-02
-1.066354670787938996e-02
-1.067219708537447964e-02
-1.068086103042797941e-02
-1.068954016008549779e-02
-1.069823443449569034e-02
-1.070694548421369241e-02
-1.071567442444054663e-02
-1.072442263779072036e-02
-1.073319172348641271e-02
-1.074198257348757402e-02
-1.075079770548226232e-02
-1.075963931445411692e-02
-1.076850972516829597e-02
-1.077741387791952832e-02
-1.078635540405170623e-02
-1.079534110232049926e-02
-1.080438321931809220e-02
-1.081350040952366864e-02
-1.082272894346714143e-02
-1.083214473394134014e-02
-1.084191374935294938e-02
-1.085193902362369123e-02
-1.086153253065302859e-02
-1.087084555071826664e-02
-1.088001699596885530e-02
-1.088910530292319656e-02
-1.089813816202200858e-02
-1.090713150940847420e-02
-1.091609429798301445e-02
-1.092503231684516241e-02
-1.093395041318667715e-02
-1.094285166248065710e-02
-1.095173863611076381e-02
-1.096061400620018667e-02
-1.096947753750687760e-02
-1.097833232347067423e-02
-1.098717925478032154e-02
-1.099601985900089396e-02
-1.100485505387405194e-02
-1.101368605927754984e-02
-1.102251396953046747e-02
-1.103133961429780818e-02
-1.104016408054664389e-02
-1.104898810991106206e-02
-1.105781253192417157e-02
-1.106663873841839951e-02
-1.107546653581259477e-02
-1.108429681647937759e-02
-1.109313041565440638e-02
-1.110196798451823508e-02
-1.111081005620451201e-02
-1.111965717584273428e-02
-1.112850971766210506e-02
-1.113736829719791377e-02
-1.114623282089222123e-02
-1.115510382286943880e-02
-1.116398124426465355e-02
-1.117286527003857888e-02
-1.118175588192815706e-02
-1.119065280024300613e-02
-1.119955625665558507e-02
-1.120846536097785950e-02
-1.121737997934446618e-02
-1.122629992969048640e-02
-1.123522473752469608e-02
-1.124415435153425236e-02
-1.125308910354727576e-02
-1.126202779062868142e-02
-1.127097113542474549e-02
-1.127991956803020557e-02
-1.128887398053535218e-02
-1.129783523833882697e-02
-1.130680520712157300e-02
-1.131578696904167458e-02
-1.132478454558982772e-02
-1.133380718074661342e-02
-1.134287396137012571e-02
-1.135203876094181830e-02
-1.136134045663483860e-02
-1.137049402248302421e-02
-1.137956656554672819e-02
-1.138860384657247593e-02
-1.139762342775096915e-02
-1.140663336324398980e-02
-1.141563833543701723e-02
-1.142464116463959289e-02
-1.143364378530009606e-02
-1.144264768315428338e-02
-1.145165392154567918e-02
-1.146066332601658466e-02
-1.146967662836839708e-02
-1.147869411751800683e-02
-1.148771619834199065e-02
-1.149222908205993487e-02
