5.663425935809637268e-01
5.662353789190784914e-01
5.661350279521129014e-01
5.660385231260449679e-01
5.659474573192280200e-01
5.658602861239884207e-01
5.657764590990943532e-01
5.656989850691337418e-01
5.656270888054703017e-01
5.655634954993641328e-01
5.655083351529819335e-01
5.654624415970278539e-01
5.654288459703500358e-01
5.654092289781870173e-01
5.654002936665456502e-01
5.653759756605547526e-01
5.653270705498593118e-01
5.652840158005316695e-01
5.652572636174987286e-01
5.652466278680481349e-01
5.652527316422769621e-01
5.652772192412378605e-01
5.653221935502841244e-01
5.653875492082724996e-01
5.654762078771440326e-01
5.655794094280535145e-01
5.656833156761716941e-01
5.657711235911740966e-01
5.658392927257175353e-01
5.659122426320981614e-01
5.660168051272989054e-01
5.661749985520386774e-01
5.664068087893335823e-01
5.667338219373430075e-01
5.671851321618369690e-01
5.677727938181914569e-01
5.684841864799013988e-01
5.691815913584801212e-01
5.694998076085646677e-01
5.691821047328683436e-01
5.684186725762645498e-01
5.675944526900149611e-01
5.668696143605592708e-01
5.662904485616191419e-01
5.658226534833931121e-01
5.654510554618595863e-01
5.651474458398587641e-01
5.648924423632751823e-01
5.646798262033989602e-01
5.644950597777295132e-01
5.643355025912627498e-01
5.641931423984543059e-01
5.640633345239586260e-01
5.639394261561225807e-01
5.638243732893076787e-01
5.637133038784861716e-01
5.636053952965697222e-01
5.635006529610721016e-01
5.633971939962506559e-01
5.633006696919757861e-01
5.632092937708289559e-01
5.631236603114131434e-01
5.630441932221991186e-01
5.629694064831701761e-01
5.629027289369257225e-01
5.628416809683766120e-01
5.627848571734394012e-01
5.627299790638871091e-01
5.626737571798577919e-01
5.626160073144690354e-01
5.625563737155795385e-01
5.624935702904287904e-01
5.624334610887051777e-01
5.623760215934326956e-01
5.623243967915709796e-01
5.622771815840743592e-01
5.622341350870662113e-01
5.621949109059828364e-01
5.621591432749423189e-01
5.621257411626948697e-01
5.620959757954806513e-01
5.620687754412004855e-01
5.620439096134737245e-01
5.620210924110305983e-01
5.619996215392023542e-01
5.619793852921706190e-01
5.619595778368017269e-01
5.619412793462540412e-01
5.619256782234323122e-01
5.619143130330901403e-01
5.619096956316195213e-01
5.619139525383086697e-01
5.619303318602574260e-01
5.619628488450014725e-01
5.620155421890954406e-01
5.620829467866670370e-01
5.621372757615854532e-01
5.621202649426273457e-01
5.620089020656430234e-01
5.618506126800999478e-01
5.616978925445984538e-01
5.615647274379079734e-01
5.614498982283256945e-01
5.613527070760617743e-01
5.612685275113399319e-01
5.611934957135170654e-01
5.611297847981580045e-01
5.610748157829765770e-01
5.610284495853203879e-01
5.609910191729104989e-01
5.609630833089144231e-01
5.609467828719834070e-01
5.609442018872398128e-01
5.609594059290804458e-01
5.609990508535028786e-01
5.610764958225387122e-01
5.612138078988693213e-01
5.614641119065466590e-01
5.619619279064310691e-01
5.628555716978865808e-01
5.626015979504243036e-01
5.617050032168832141e-01
5.612073081467793267e-01
5.609007552658088480e-01
5.606926947227038882e-01
5.605365242297745132e-01
5.604165670296025192e-01
5.603205155142433336e-01
5.602423262912811230e-01
5.601791344515137938e-01
5.601258613722069901e-01
5.600750766800685065e-01
5.600308886330382929e-01
5.599958657396667538e-01
5.599699275023373168e-01
5.599519201131433199e-01
5.599415405330507856e-01
5.599392008716875813e-01
5.599452601706352839e-01
5.599600336821821678e-01
5.599839953316501084e-01
5.600184960189968919e-01
5.600622058869209052e-01
5.601160061622091346e-01
5.601797943451126693e-01
5.602530127771377932e-01
5.603364829962050875e-01
5.604239001008718413e-01
5.605135613285040508e-01
5.606003003707203947e-01
5.606774069042876896e-01
5.607383025783923003e-01
5.607722540993355098e-01
5.607750577647111490e-01
5.607441372366341881e-01
5.606810334484734204e-01
5.605909719239879907e-01
5.604786121496994067e-01
5.603575362490108569e-01
5.602326113524987994e-01
5.601097586158578778e-01
5.599932153754773045e-01
5.598835739839617132e-01
5.597832921612279078e-01
5.596920026965753747e-01
5.596137376946163089e-01
5.595474609347702577e-01
5.594916741340357769e-01
5.594486409415970751e-01
5.594165153301988713e-01
5.593948983191645574e-01
5.593833513825902104e-01
5.593814460718414816e-01
5.593886898769742100e-01
5.594043743375783917e-01
5.594280801250757218e-01
5.594596366853797909e-01
5.595001779839913203e-01
5.595478991625083554e-01
5.596029012350762777e-01
5.596669138012997369e-01
5.597366358736340919e-01
5.598107562904670598e-01
5.598869421171832617e-01
5.599587289445769889e-01
5.600222287081283445e-01
5.600707871847656616e-01
5.601019782270069136e-01
5.601148637173877232e-01
5.601105533564121330e-01
5.600924834105600603e-01
5.600656349470231055e-01
5.600343455718904684e-01
5.600016089616102199e-01
5.599721521366279875e-01
5.599463270541210624e-01
5.599253764251431731e-01
5.599100327475302619e-01
5.598997978344252280e-01
5.598955801284473122e-01
5.598980574125257403e-01
5.599073292802942969e-01
5.599230509525159327e-01
5.599447991409254310e-01
5.599693045184482854e-01
5.599930781783493128e-01
5.600103903322479759e-01
5.600150536391900191e-01
5.600030165417698713e-01
5.599734830161003929e-01
5.599317770425111807e-01
5.598828506292222729e-01
5.598317563233100591e-01
5.597821413025585446e-01
5.597350795167939097e-01
5.596938101810595700e-01
5.596574513483346669e-01
5.596259429147443232e-01
5.595990839554584317e-01
5.595761514535746439e-01
5.595580173143106517e-01
5.595439185971119445e-01
5.595337380436952168e-01
5.595274059532161504e-01
5.595248866079006733e-01
5.595263098997954598e-01
5.595316224739266264e-01
5.595409098282336791e-01
5.595542900096674988e-01
5.595723915330752529e-01
5.595944934861432074e-01
5.596210754133531529e-01
5.596521273616997805e-01
5.596874769148322271e-01
5.597268247780126105e-01
5.597710528306006905e-01
5.598182265267250823e-01
5.598700438113721756e-01
5.599275084199506480e-01
5.599916492351486585e-01
5.600643027947832531e-01
5.601455665994404809e-01
5.602351006835714076e-01
5.603346805293198951e-01
5.604453063689347481e-01
5.605713863688327470e-01
5.607085467690376968e-01
5.608617378794699126e-01
5.610337433716303668e-01
5.612282078074896097e-01
5.614524162414846753e-01
5.617046061728846462e-01
5.619842653878753813e-01
5.622765362950520318e-01
5.625699332825457866e-01
5.628952257576446128e-01
5.632863115345202454e-01
5.637786468542210772e-01
5.644164632050787667e-01
5.652381871727922835e-01
5.663356448514176300e-01
5.678603365300399775e-01
5.699179710412708433e-01
5.723427031795513820e-01
5.737900258472350412e-01
5.728548264197511619e-01
5.709069893835553300e-01
5.688158940788701212e-01
5.670574366759556506e-01
5.657255933684339766e-01
5.647095746624258839e-01
5.639104586138070641e-01
5.632811626313392050e-01
5.627664380693587765e-01
5.623314729029469383e-01
5.619660501911004635e-01
5.616431187835315697e-01
5.613679931061850148e-01
5.611253992475653263e-01
5.609100874400868575e-01
5.607179415503453779e-01
5.605417048066027030e-01
5.603872038031227909e-01
5.602481000105435927e-01
5.601227309087898343e-01
5.600091458254097265e-01
5.599045750909384944e-01
5.598027358485534455e-01
5.597048976447317470e-01
5.596004563773446794e-01
5.594904689255071339e-01
5.593739698515097780e-01
5.592524667331356669e-01
5.591332163323355919e-01
5.590172118562898307e-01
5.589096718091013383e-01
5.588101708327575246e-01
5.587165721486814229e-01
5.586326529589210610e-01
5.585549584220466102e-01
5.584820318802385941e-01
5.584121435464253214e-01
5.583416425507220504e-01
5.582717039621124533e-01
5.581984173805278893e-01
5.581196445277664120e-01
5.580335483054839063e-01
5.579363971747809403e-01
5.578322428964254120e-01
5.577191188810948219e-01
5.575979937968020828e-01
5.574703546051781311e-01
5.573379242124887334e-01
5.571990551709961048e-01
5.570618530461793894e-01
5.569241675745254527e-01
5.567868150642760749e-01
5.566503976771728368e-01
5.565138665673688978e-01
5.563814634217496558e-01
5.562520990177072244e-01
5.561351524816466885e-01
5.560460038546991557e-01
5.561111216498385579e-01
5.560641751754874518e-01
5.556180644468763363e-01
5.553994036219618291e-01
5.552155138995873429e-01
5.550426717685990052e-01
5.548793805958088798e-01
5.547226951533298367e-01
5.545707317902773825e-01
5.544271747423715757e-01
5.542868789610699842e-01
5.541563908848935460e-01
5.540332661534153047e-01
5.539117435400778833e-01
5.537938303515514971e-01
5.536747906231688221e-01
5.535509094319781553e-01
5.534256051647477026e-01
5.532982343183493468e-01
5.531749025429396616e-01
5.530564420620376342e-01
5.529425813826051028e-01
5.528363426938937009e-01
5.527351686157623289e-01
5.526415732137875958e-01
5.525545071893678273e-01
5.524725115079553994e-01
5.524001819803622260e-01
5.523364701346646921e-01
5.522828052023796008e-01
5.522412158432965512e-01
5.522141613351715383e-01
5.522072465324133761e-01
5.522258941502646845e-01
5.522795656716992241e-01
5.523826403778528960e-01
5.525587500614259628e-01
5.528278728354244498e-01
5.531835059476202243e-01
5.534643016302476237e-01
5.533378446082743984e-01
5.528478245044162742e-01
5.523137137836127142e-01
5.518788489625939819e-01
5.515306683465632798e-01
5.512529006103059626e-01
5.510209452358290072e-01
5.508191605997211360e-01
5.506436534678900152e-01
5.504842473943205583e-01
5.503408489324892461e-01
5.502087109892795924e-01
5.500829761361458736e-01
5.499681770785542767e-01
5.498601243672763816e-01
5.497555550870815155e-01
5.496611114012863730e-01
5.495667968612870657e-01
5.494770564835570470e-01
5.493955747828905833e-01
5.493139763330735503e-01
5.492399693883982525e-01
5.491661282827547952e-01
5.490963936600418149e-01
5.490340735922935034e-01
5.489747669787063966e-01
5.489208164223442488e-01
5.488733646683613410e-01
5.488334205162533896e-01
5.488063680275111489e-01
5.487962341566787750e-01
5.488159057651599282e-01
5.488957088169177378e-01
5.491476192949786839e-01
5.506352328476858959e-01
5.497584631923573273e-01
5.488635477210763725e-01
5.485675900998353560e-01
5.483948747593736517e-01
5.482729474971781425e-01
5.481751979400292241e-01
5.480942193943869611e-01
5.480238881386406691e-01
5.479600617502782267e-01
5.479047780820944791e-01
5.478539707344310949e-01
5.478072935075888328e-01
5.477644581834980597e-01
5.477248151764969597e-01
5.476888170395602939e-01
5.476554211119488702e-01
5.476253118329555969e-01
5.475979557512367091e-01
5.475732674921779397e-01
5.475506590429058962e-01
5.475311463033123438e-01
5.475140524814521292e-01
5.474989043934472832e-01
5.474865662174323022e-01
5.474755601968056551e-01
5.474665522212422974e-01
5.474590428115068130e-01
5.474528794680221244e-01
5.474480081491525096e-01
5.474444332939806257e-01
5.474425790094928912e-01
5.474426954447753069e-01
5.474452396742796045e-01
5.474507217061400643e-01
5.474599284543162359e-01
5.474729854719416755e-01
5.474905867293745620e-01
5.475132615468332187e-01
5.475415432872916544e-01
5.475768789639675616e-01
5.476181420037543601e-01
5.476665589235120146e-01
5.477224732269145857e-01
5.477859646126048698e-01
5.478566382243832411e-01
5.479352377590566148e-01
5.480156430221980735e-01
5.480957383784500481e-01
5.481699247965720057e-01
5.482313483638672214e-01
5.482739446753469581e-01
5.482909932583789336e-01
5.482831357377807580e-01
5.482540413433955040e-01
5.482102920482395669e-01
5.481579477208808893e-01
5.481060529087353750e-01
5.480580812837676508e-01
5.480170047115676679e-01
5.479844489172082111e-01
5.479601800784794641e-01
5.479468333231461985e-01
5.479420726874659753e-01
5.479458958708633975e-01
5.479577341397876555e-01
5.479775106691939790e-01
5.480036558612564335e-01
5.480358801380419420e-01
5.480734761518004650e-01
5.481156436929645048e-01
5.481614890461224965e-01
5.482107857653233385e-01
5.482618920854033240e-01
5.483160806392541886e-01
5.483720510850211838e-01
5.484317443311894635e-01
5.484932175869846604e-01
5.485556057023839305e-01
5.486195776416763481e-01
5.486848630462891618e-01
5.487500809682094305e-01
5.488154266474177811e-01
5.488783839702697787e-01
5.489395386314668279e-01
5.489965892378455559e-01
5.490495840512389369e-01
5.490985888034225493e-01
5.491422995691613851e-01
5.491820716688684545e-01
5.492208738057311468e-01
5.492620390565620125e-01
5.493116025658013601e-01
5.493744715687046698e-01
5.494553723425118497e-01
5.495614049106679611e-01
5.497005436160626868e-01
5.498842333783202641e-01
5.501378518079564905e-01
5.504743956075087707e-01
5.509582036501099456e-01
5.516404074716307893e-01
5.526121995198503001e-01
5.539180262711617120e-01
5.551654753839780909e-01
5.551970914474434471e-01
5.538692687853585817e-01
5.523279236011969795e-01
5.510774453377594861e-01
5.501319951122135565e-01
5.493919982100288202e-01
5.487873470354349692e-01
5.482915285608919165e-01
5.478659649331107939e-01
5.474995859030242773e-01
5.471837237808416798e-01
5.469050283867535889e-01
5.466570069462857173e-01
5.464294126461292089e-01
5.462288805627740773e-01
5.460461275310469764e-01
5.458780288990585650e-01
5.457218737100344441e-01
5.455753988328181370e-01
5.454333960798624092e-01
5.453009016469850812e-01
5.451726892884777298e-01
5.450470647642459143e-01
5.449226692724570276e-01
5.447957740080062727e-01
5.446725679473517490e-01
5.445507523868076127e-01
5.444313581445692218e-01
5.443153695880670329e-01
5.442008272878757769e-01
5.440936247467322850e-01
5.439910136251967510e-01
5.438927223179763626e-01
5.437982190452551601e-01
5.437057714563942046e-01
5.436171694028116841e-01
5.435301373727891017e-01
5.434469756373104810e-01
5.433668382167634592e-01
5.432879883250273378e-01
5.432142072572699876e-01
5.431434611984893301e-01
5.430756024111634828e-01
5.430104600496953315e-01
5.429478519682899851e-01
5.428861286205488579e-01
5.428280681791677331e-01
5.427719573374274464e-01
5.427175973447998514e-01
5.426647949213235789e-01
5.426121145672457846e-01
5.425619463243205320e-01
5.425128803017852386e-01
5.424648259986313281e-01
5.424177206601121792e-01
5.423703937694587252e-01
5.423251276814243793e-01
5.422807836151548599e-01
5.422373938773277224e-01
5.421949874756798460e-01
5.421525570689712525e-01
5.421121447786538816e-01
5.420726767615874353e-01
5.420341184096065801e-01
5.419964494298369351e-01
5.419596739178151878e-01
5.419229396937521592e-01
5.418880824890391912e-01
5.418542500709928600e-01
5.418206808020100684e-01
5.417898119896629172e-01
5.417584709298254309e-01
5.417282289963278874e-01
5.417004217494165719e-01
5.416720922002764560e-01
5.416459042366075227e-01
5.416190240886250562e-01
5.415926694267678698e-01
5.415679560229171852e-01
5.415428182249544253e-01
5.415177669714495989e-01
5.414920545064707547e-01
5.414668498486477910e-01
5.414417811971021788e-01
5.414158645507438639e-01
5.413900973541123651e-01
5.413639580590933198e-01
5.413383865436443010e-01
5.413137088757773441e-01
5.412913714358686956e-01
5.412739516559980091e-01
5.412458002554663139e-01
5.412069838065092231e-01
5.411735237502938167e-01
5.411431426371992037e-01
5.411149358276845511e-01
5.410877920946637332e-01
5.410610455064541746e-01
5.410356159020162092e-01
5.410113522114760043e-01
5.409892040169802518e-01
5.409691114152607172e-01
5.409511284622749994e-01
5.409360626786836601e-01
5.409241949465602994e-01
5.409162995594747336e-01
5.409141403116083380e-01
5.409207487427406535e-01
5.409414881575077549e-01
5.409625318507251812e-01
5.409394162899654468e-01
5.409167901018039348e-01
5.409085213082129862e-01
5.409093774169788649e-01
5.409159778179872813e-01
5.409265883025046184e-01
5.409394921714087978e-01
5.409533533078886292e-01
5.409669901476413800e-01
5.409782189328848911e-01
5.409863240621186620e-01
5.409896610823859975e-01
5.409871895016982180e-01
5.409781931183619275e-01
5.409633200790279206e-01
5.409433810554359345e-01
5.409203025771897044e-01
5.408951995270540047e-01
5.408685849337410145e-01
5.408427600535704594e-01
5.408178413920903260e-01
5.407944029499296423e-01
5.407728574252065323e-01
5.407532680276229131e-01
5.407363427291485003e-01
5.407219236720658406e-01
5.407096532007683587e-01
5.406987623890805450e-01
5.406864811439769936e-01
5.406703364831708658e-01
5.406504878705833406e-01
5.406295996144979688e-01
5.406100628955864407e-01
5.405922945511927313e-01
5.405761616940586434e-01
5.405619897262274876e-01
5.405493482164338559e-01
5.405385508010770446e-01
5.405294307212301641e-01
5.405218752392981774e-01
5.405159895835524031e-01
5.405114020813372999e-01
5.405080046898188550e-01
5.405055579456826687e-01
5.405037515993891262e-01
5.405022891040418553e-01
5.405016221156759837e-01
5.405019538239113075e-01
5.405030674619560882e-01
5.405045477263706877e-01
5.405058625746064216e-01
5.405064088661073463e-01
5.405055545028311093e-01
5.405026545433695428e-01
5.404969049149884741e-01
5.404880905014683989e-01
5.404757070016061871e-01
5.404595834458801873e-01
5.404398256712574788e-01
5.404168504541233542e-01
5.403906747349347395e-01
5.403634423100766027e-01
5.403353753789856828e-01
5.403072241375803664e-01
5.402796179858080361e-01
5.402524200728221482e-01
5.402274020616218975e-01
5.402042246367046996e-01
5.401831669765371213e-01
5.401644451360353427e-01
5.401478295353540071e-01
5.401342560069524179e-01
5.401232577451808847e-01
5.401144930902803676e-01
5.401069016975664772e-01
5.400983911245036406e-01
5.400872052300708104e-01
5.400731179312322494e-01
5.400581163265208984e-01
5.400454257677378411e-01
5.400366395095816952e-01
5.400331424458354457e-01
5.400348481835443026e-01
5.400418550146416363e-01
5.400539803712479658e-01
5.400712288814488726e-01
5.400940102557542088e-01
5.401206317338899110e-01
5.401500118644945170e-01
5.401793626212710864e-01
5.402046504473299038e-01
5.402216598197393527e-01
5.402265211637506948e-01
5.402201657260745638e-01
5.402073393089842357e-01
5.401968491263968719e-01
5.402030513320955629e-01
5.402584561390546547e-01
5.404938326208972299e-01
5.406542376052815291e-01
5.402280309306682904e-01
5.400893079762053572e-01
5.400268060138680992e-01
5.399971389199523797e-01
5.399878776531250590e-01
5.399951403835044905e-01
5.400182252423451068e-01
5.400563877634526611e-01
5.401112811139696657e-01
5.401851212870785179e-01
5.402811386002797089e-01
5.404038567034722407e-01
5.405638417371663174e-01
5.407626885293440600e-01
5.410168848269004682e-01
5.413462815775951231e-01
5.417819324885050358e-01
5.423776493055495473e-01
5.432104506783054232e-01
5.443880477143123731e-01
5.459345015789542899e-01
5.472905107454753004e-01
5.470309669743661507e-01
5.454571084839987538e-01
5.439339361105515191e-01
5.427905742238644526e-01
5.419781165082271368e-01
5.413717971559557363e-01
5.409107127563060891e-01
5.405569945165700219e-01
5.402638270598955073e-01
5.400220668143815850e-01
5.398084135044393106e-01
5.396157526783004199e-01
5.394366182941709997e-01
5.392694899637610062e-01
5.391191372503180146e-01
5.389827305497083554e-01
5.388557978047969765e-01
5.387426936744574846e-01
5.386387026912587972e-01
5.385425758430421039e-01
5.384533323998681453e-01
5.383682387319516094e-01
5.382908286610940118e-01
5.382185789536564346e-01
5.381512320066823563e-01
5.380886626877782186e-01
5.380294988058617056e-01
5.379767495781286879e-01
5.379292008901981337e-01
5.378873014391579721e-01
5.378517217468657963e-01
5.378228340385707851e-01
5.378035800650798892e-01
5.377954668565044782e-01
5.378023249455594623e-01
5.378310770272020092e-01
5.378970211303071292e-01
5.380331627468689648e-01
5.383640636330532248e-01
5.395771976399136305e-01
5.392139562930989838e-01
5.382203121325442874e-01
5.378964989495090832e-01
5.377326521783961644e-01
5.376302123239664610e-01
5.375591108179974542e-01
5.375041826294701952e-01
5.374569024038788889e-01
5.374149042870722814e-01
5.373740372499765661e-01
5.373325744546669780e-01
5.372897379015691977e-01
5.372443598513821916e-01
5.371991340886602684e-01
5.371537560311233639e-01
5.371091665971362561e-01
5.370663248987233018e-01
5.370251233362132171e-01
5.369882796345126774e-01
5.369552285676262304e-01
5.369262498601089506e-01
5.369014596542401874e-01
5.368806046484695393e-01
5.368639675000531630e-01
5.368503180636190475e-01
5.368373768626710785e-01
5.368234529295934365e-01
5.368089630575770821e-01
5.367960273807168559e-01
5.367864265780206701e-01
5.367800977672037011e-01
5.367767845195468013e-01
5.367757477138105360e-01
5.367763922295262224e-01
5.367782604081761111e-01
5.367809169312433015e-01
5.367840027025237992e-01
5.367872109636626643e-01
5.367903732443433107e-01
5.367933060154738145e-01
5.367961045546174592e-01
5.367989284210037404e-01
5.368019874713695350e-01
5.368054341376251593e-01
5.368090421152575953e-01
5.368123456981573893e-01
5.368151457179074493e-01
5.368180858336566441e-01
5.368223246054254494e-01
5.368285757546444881e-01
5.368373509929778020e-01
5.368486256036056892e-01
5.368625374470986644e-01
5.368791090423132850e-01
5.368988166540750173e-01
5.369207691841213492e-01
5.369453515114692710e-01
5.369725298673365677e-01
5.370022587166537464e-01
5.370352655281015464e-01
5.370699578001190133e-01
5.371069607540439605e-01
5.371461426293087094e-01
5.371873349925723184e-01
5.372313686350566053e-01
5.372759523641692514e-01
5.373217992829236733e-01
5.373685963409696731e-01
5.374160101396922018e-01
5.374648341489457470e-01
5.375124775305428759e-01
5.375598249084412306e-01
5.376067683711870382e-01
5.376533769998078638e-01
5.377009711977186468e-01
5.377476167567251109e-01
5.377946050008260981e-01
5.378418886462216220e-01
5.378889377918416592e-01
5.379343535747636018e-01
5.379760855940166620e-01
5.380104465641297740e-01
5.380373195533939557e-01
5.380572543222923443e-01
5.380723505551765484e-01
5.380842536665850773e-01
5.380940302496686201e-01
5.381025033846583705e-01
5.381103015955301938e-01
5.381176210792503189e-01
5.381245037260445896e-01
5.381307806173731834e-01
5.381367504086157494e-01
5.381423815138389743e-01
5.381428240893139092e-01
5.381312731688873141e-01
5.381153331866899148e-01
5.381004079779729832e-01
5.380867985032373735e-01
5.380743790980174746e-01
5.380626449651172427e-01
5.380517788264365109e-01
5.380420119675043411e-01
5.380333273085782242e-01
5.380258678131417671e-01
5.380197683670467912e-01
5.380150249179699307e-01
5.380120405313307819e-01
5.380107648311241997e-01
5.380113196667691833e-01
5.380138343843184900e-01
5.380185424515306902e-01
5.380253953415752299e-01
5.380345279286880000e-01
5.380459881522149379e-01
5.380597917901535077e-01
5.380763203207947765e-01
5.380948311947543194e-01
5.381156448082454746e-01
5.381387699411793735e-01
5.381642419422433266e-01
5.381927941656083902e-01
5.382231954195776380e-01
5.382561221616675162e-01
5.382916352807647353e-01
5.383298196016802484e-01
5.383718046311557481e-01
5.384158163527160701e-01
5.384629325906350461e-01
5.385132440140106835e-01
5.385667668062982250e-01
5.386234746073050861e-01
5.386848834607328440e-01
5.387484743941651777e-01
5.388165024143014570e-01
5.388905096104780190e-01
5.389726717183093152e-01
5.390666661644140101e-01
5.391720563895870955e-01
5.392893369045267393e-01
5.394037003347015302e-01
5.394941425919005384e-01
5.395499775516222618e-01
5.395829644945140391e-01
5.396098348181087578e-01
5.396396891257804196e-01
5.396774328441805713e-01
5.397279149169318391e-01
5.397915286403340840e-01
5.398675871404995386e-01
5.399527400152577261e-01
5.400367926979698918e-01
5.401101195734940852e-01
5.401594897717655330e-01
5.401799214111632219e-01
5.401740422040353096e-01
5.401518708751001929e-01
5.401247308501934130e-01
5.401003643032366019e-01
5.400830383949886127e-01
5.400739223390889077e-01
5.400751797198466431e-01
5.400885668296995235e-01
5.401154820852201999e-01
5.401553238425299552e-01
5.402086865634000423e-01
5.402745938923787516e-01
5.403546048719888306e-01
5.404512095764878454e-01
5.405635426336478089e-01
5.406944677455790549e-01
5.408484173299731301e-01
5.410251209409987494e-01
5.412336489599141043e-01
5.414756772799459439e-01
5.417630630702862105e-01
5.421148131307035323e-01
5.425457284551539194e-01
5.431062122448009344e-01
5.438508278911845517e-01
5.449042286594835138e-01
5.464713897238493434e-01
5.486536460825830464e-01
5.502025063859959930e-01
5.489355162401879928e-01
5.467756430734270756e-01
5.452001426372929949e-01
5.441760149323159323e-01
5.434810418379908414e-01
5.429846510789682057e-01
5.426227803853335141e-01
5.423549347812883781e-01
5.421504031805547408e-01
5.419926577321859673e-01
5.418679660982543833e-01
5.417745060544645330e-01
5.417033948130959287e-01
5.416505970323362007e-01
5.416130643066363604e-01
5.415879335223168223e-01
5.415745432561787087e-01
5.415705469279015194e-01
5.415746637109433159e-01
5.415859329277515899e-01
5.416042233751109380e-01
5.416284041517231973e-01
5.416585527804550493e-01
5.416943323842218216e-01
5.417351829459311485e-01
5.417802108910847458e-01
5.418292313194151832e-01
5.418780822099256156e-01
5.419254712110228578e-01
5.419686684317721603e-01
5.420050208999904751e-01
5.420330509630529869e-01
5.420507100928779742e-01
5.420593819728062313e-01
5.420608363137421337e-01
5.420573634466606672e-01
5.420510220650349709e-01
5.420436567272147732e-01
5.420362790065478276e-01
5.420295678358725278e-01
5.420243521948452381e-01
5.420211034771089675e-01
5.420211602040133636e-01
5.420262782075887520e-01
5.420394485641738536e-01
5.420652387705130471e-01
5.421119048503658666e-01
5.421927296924238249e-01
5.423381169459744466e-01
5.426101771636316906e-01
5.429603748700058130e-01
5.427690971210191728e-01
5.423860609067853167e-01
5.421522901273756467e-01
5.420081644015534161e-01
5.419117348867840134e-01
5.418408870166391278e-01
5.417845750478201827e-01
5.417401375581070155e-01
5.417027594521197642e-01
5.416700126912141755e-01
5.416396357915167492e-01
5.416082755130775528e-01
5.415743889059488891e-01
5.415337620920893658e-01
5.414832002880217710e-01
5.414207408382279985e-01
5.413444115428532877e-01
5.412598580536064352e-01
5.411681669516433812e-01
5.410719759106977778e-01
5.409731463616641589e-01
5.408701525889267892e-01
5.407695686170157501e-01
5.406663722869534672e-01
5.405604636516704309e-01
5.404545139910215124e-01
5.403474252285656032e-01
5.402367139916444128e-01
5.401278713235332374e-01
5.400182708511377383e-01
5.399078681842804928e-01
5.397965614788217126e-01
5.396814234501356999e-01
5.395650506537434943e-01
5.394530276134730240e-01
5.393338729892078742e-01
5.392190208861959988e-01
5.390967624892525345e-01
5.389728591551974368e-01
5.388534030640937944e-01
5.387262920835049762e-01
5.386038220317229674e-01
5.384736190341355977e-01
5.383419107778625312e-01
5.382152164136076999e-01
5.380807662364198718e-01
5.379515960676799491e-01
5.378146955797763473e-01
5.376800025292015617e-01
5.375443189123144672e-01
5.374077476564396161e-01
5.372704132649847031e-01
5.371324658895541004e-01
5.369906613088293312e-01
5.368520323422644180e-01
5.367133694641975650e-01
5.365748667495938706e-01
5.364366962015914009e-01
5.362956160343458345e-01
5.361602639864616604e-01
5.360223431060607835e-01
5.358871026089260248e-01
5.357530181153349336e-01
5.356185743411860933e-01
5.354871790151986000e-01
5.353573817391557021e-01
5.352278335948198462e-01
5.351018711255638438e-01
5.349749851639805653e-01
5.348533844335650045e-01
5.347340485651321806e-01
5.346170344076641712e-01
5.345023914460096393e-01
5.343874164888576805e-01
5.342777049419800139e-01
5.341704851351541938e-01
5.340657855761274941e-01
5.339636166473558099e-01
5.338639473305129002e-01
5.337654853730375848e-01
5.336704995026912979e-01
5.335765777289405154e-01
5.334861808005804118e-01
5.333984512898644059e-01
5.333116826602958271e-01
5.332304923279161946e-01
5.331531901899043691e-01
5.330802793090895220e-01
5.330122917078463640e-01
5.329482518196926311e-01
5.328917050079684525e-01
5.328410979289449623e-01
5.327957668328926477e-01
5.327536316314316345e-01
5.327098590117463894e-01
5.326589743470188099e-01
5.325936039795617916e-01
5.325091896671073632e-01
5.324102850023623157e-01
5.322998006649659608e-01
5.321900007571749303e-01
5.320829750118224455e-01
5.319811521581931935e-01
5.318854187923206522e-01
5.317958260634263468e-01
5.317100308099288464e-01
5.316317222480786420e-01
5.315582571439344539e-01
5.314891600781389558e-01
5.314239809886732724e-01
5.313607863668524667e-01
5.313022424736123517e-01
5.312463607665003362e-01
5.311927461193857170e-01
5.311410092100624647e-01
5.310895114348950230e-01
5.310403823872200668e-01
5.309919358774909393e-01
5.309437601527802197e-01
5.308954465658153321e-01
5.308453669539521247e-01
5.307956349455540401e-01
5.307447491000176765e-01
5.306925116647356333e-01
5.306388102377218585e-01
5.305836151699480085e-01
5.305255321263888657e-01
5.304675187442593476e-01
5.304083360563668359e-01
5.303466786819109879e-01
5.302873470272794210e-01
5.302245281118277420e-01
5.301615733634340577e-01
5.301018687008280938e-01
5.300395918353973945e-01
5.299811176798892021e-01
5.299207222458768296e-01
5.298617134370877668e-01
5.298071160072892472e-01
5.297515254053299927e-01
5.297005801008373149e-01
5.296491975514262540e-01
5.296014009871918837e-01
5.295560383523632009e-01
5.295132295401961953e-01
5.294730721213118940e-01
5.294351705693333132e-01
5.294004909839060691e-01
5.293684756617431653e-01
5.293386058442072217e-01
5.293114256702867726e-01
5.292863357684474135e-01
5.292628926789426647e-01
5.292413233875352674e-01
5.292218057596299596e-01
5.292040467595989783e-01
5.291881453238163058e-01
5.291741871209131309e-01
5.291631103147562687e-01
5.291558052065722384e-01
5.291550611874528132e-01
5.291668385960870413e-01
5.292032139140251390e-01
5.292197610563891264e-01
5.291535082953879865e-01
5.291057527017971607e-01
5.290759838611481802e-01
5.290561333187312476e-01
5.290432308189624289e-01
5.290346825836184097e-01
5.290278888891738474e-01
5.290208978389362438e-01
5.290131792563439461e-01
5.290062764792640149e-01
5.290013271774648418e-01
5.289987343929033470e-01
5.289984524182402836e-01
5.290000378332038178e-01
5.290031501284704341e-01
5.290074245375593343e-01
5.290127492239463658e-01
5.290191827142640690e-01
5.290269856146884164e-01
5.290367394982792293e-01
5.290489348151017346e-01
5.290644541427454994e-01
5.290826632597546153e-01
5.291001161036174016e-01
5.291146873277653429e-01
5.291313354191886642e-01
5.291528171337188668e-01
5.291795572262052438e-01
5.292106757988160881e-01
5.292467569695230578e-01
5.292874538426273201e-01
5.293322705022881491e-01
5.293817588258085127e-01
5.294360749990614234e-01
5.294968967389273029e-01
5.295616791399505585e-01
5.296321067415771244e-01
5.297086136404727252e-01
5.297917645736666126e-01
5.298823173499712658e-01
5.299825859347950807e-01
5.300918547891965149e-01
5.302149403655723736e-01
5.303577675432850080e-01
5.305392922582489179e-01
5.307746513955974299e-01
5.308476254059372179e-01
5.309855199138984183e-01
5.311737404448559907e-01
5.314058753156055692e-01
5.316908056541610472e-01
5.320461548087100923e-01
5.324929722642129937e-01
5.331134261824627130e-01
5.340076073233404053e-01
5.354672684487680190e-01
5.382680543686247931e-01
5.445673819803569238e-01
5.455196034281455386e-01
5.387408392374768429e-01
5.357235686926222762e-01
5.341981767311255735e-01
5.332904484059191041e-01
5.326804727517275850e-01
5.322536871847576290e-01
5.319386325061363774e-01
5.316963687978883968e-01
5.315185747131392358e-01
5.313863701518145577e-01
5.312900939152405133e-01
5.312178308899759838e-01
5.311503405833163383e-01
5.310688645878410830e-01
5.309657485079056771e-01
5.308570592686134848e-01
5.307574600870430537e-01
5.306731596110503268e-01
5.306100393002758375e-01
5.305649140367992844e-01
5.305361802972999863e-01
5.305222417938652013e-01
5.305217956898284903e-01
5.305337297071932579e-01
5.305568562784506170e-01
5.305904323370415065e-01
5.306340093333835606e-01
5.306888882903286753e-01
5.307528578486400139e-01
5.308277615887899703e-01
5.309146203693475563e-01
5.310147141244988545e-01
5.311295515134146772e-01
5.312642730660954715e-01
5.314146664438608170e-01
5.315906378701168444e-01
5.317820026289612478e-01
5.320117640270189963e-01
5.322764197371920858e-01
5.325673045088485935e-01
5.329219973925554132e-01
5.333176493401790008e-01
5.337965013631073008e-01
5.343857532527046539e-01
5.350882796707987499e-01
5.359623866698729477e-01
5.370801714434798591e-01
5.385635544631706129e-01
5.406683948358352865e-01
5.438241436179402921e-01
5.492665924791406695e-01
5.614254496326041011e-01
6.064212830212039052e-01
5.748408984179932402e-01
5.537022250443424110e-01
5.460233908447034157e-01
5.419772841432104471e-01
5.394769259012088813e-01
5.377421321757076544e-01
5.364429047930027172e-01
5.354470412085311493e-01
5.346369811173100617e-01
5.339777012691675484e-01
5.334240361927777840e-01
5.329420164950698924e-01
5.325379190099472915e-01
5.321874008242467591e-01
5.318745771305749548e-01
5.316136654452784382e-01
5.313729023071899205e-01
5.311616941953228865e-01
5.309845941445816564e-01
5.308242713050432826e-01
5.306827822555566510e-01
5.305547741930565220e-01
5.304441334484731874e-01
5.303455150483212810e-01
5.302570487740670968e-01
5.301771087099358404e-01
5.301035109033014336e-01
5.300371441230984360e-01
5.299766706491970680e-01
5.299217775698688015e-01
5.298749582015374049e-01
5.298358595969510088e-01
5.297959055367800207e-01
5.297398200683428593e-01
5.296775068504276929e-01
5.296211871083306155e-01
5.295713139311104545e-01
5.295244041438559313e-01
5.294792828364156545e-01
5.294329366220075217e-01
5.293851919906029657e-01
5.293346720185669874e-01
5.292803779762986771e-01
5.292238075526991548e-01
5.291648339529758660e-01
5.291035872994896971e-01
5.290431236619713706e-01
5.289865669177576946e-01
5.289682014642448360e-01
5.288683729673714362e-01
5.287822236126475950e-01
5.287096556494855770e-01
5.286395909354499878e-01
5.285711736619207457e-01
5.285024515348752949e-01
5.284315104827709275e-01
5.283588814246207299e-01
5.282823967466879767e-01
5.281999848199324665e-01
5.281129996162207130e-01
5.280171326458443781e-01
5.279061111841111265e-01
5.277830156529457195e-01
5.276544213950092876e-01
5.275266236271364262e-01
5.273968028363982263e-01
5.272681368223386400e-01
5.271391908428204598e-01
5.270086928173322027e-01
5.268803295023505306e-01
5.267532449127257932e-01
5.266279023800204406e-01
5.265078138915320061e-01
5.264031400905865299e-01
5.263589978333471642e-01
5.261574146389179640e-01
5.260148082588325114e-01
5.258898828182489993e-01
5.257724347943565357e-01
5.256626856668513703e-01
5.255588286565167078e-01
5.254598214833717806e-01
5.253683936025597134e-01
5.252836225559603944e-01
5.252038990400413887e-01
5.251331315764659058e-01
5.250689744512523349e-01
5.250106527139229984e-01
5.249569855497380200e-01
5.249060860848584475e-01
5.248582257205377521e-01
5.248098291134123405e-01
5.247495267244892680e-01
5.246682415844140523e-01
5.245647511492693704e-01
5.244317184871062354e-01
5.242653167039442730e-01
5.240732785334322186e-01
5.238756485027057375e-01
5.236795508771225904e-01
5.234959822036682198e-01
5.233250145766215056e-01
5.231652850537672483e-01
5.230092877672639640e-01
5.228511480572758385e-01
5.227003561547965971e-01
5.225565382540837689e-01
5.224180285550198422e-01
5.222857812594330351e-01
5.221570024045568692e-01
5.220278234499992065e-01
5.219038846013828170e-01
5.217816076501448075e-01
5.216606702580408594e-01
5.215408363322783236e-01
5.214190077886732277e-01
5.213009529536112296e-01
5.211836592467892215e-01
5.210671101548517425e-01
5.209513272152112018e-01
5.208335232552265825e-01
5.207194463371747073e-01
5.206062905485343562e-01
5.204940764686296628e-01
5.203827715372582041e-01
5.202709059938863678e-01
5.201610556370210858e-01
5.200517334047632945e-01
5.199416335725682847e-01
5.198336233760028069e-01
5.197238932937580103e-01
5.196178434593571316e-01
5.195127937450138011e-01
5.194086396502132219e-01
5.193052204780599368e-01
5.192023603592058612e-01
5.190973724123624233e-01
5.189952234583108392e-01
5.188932797084576665e-01
5.187914385113974181e-01
5.186895768120554084e-01
5.185850562019875820e-01
5.184828976867889017e-01
5.183806437182866267e-01
5.182784477999858863e-01
5.181764900288807763e-01
5.180723999390159928e-01
5.179712710289294808e-01
5.178705177776433688e-01
5.177699442157481791e-01
5.176692296118098335e-01
5.175667528628338232e-01
5.174648028275107281e-01
5.173622227091673187e-01
5.172581248526868514e-01
5.171555655329056478e-01
5.170512260156019391e-01
5.169505447499176398e-01
5.168512902766873029e-01
5.167537067314517119e-01
5.166579918652446368e-01
5.165643057005347982e-01
5.164705317588111910e-01
5.163813225269036078e-01
5.162944648879530529e-01
5.162079642270864799e-01
5.161280980369070681e-01
5.160467798950819640e-01
5.159701020034821450e-01
5.158961285381590267e-01
5.158249365034228706e-01
5.157566081901214794e-01
5.156896333360936335e-01
5.156273784551627104e-01
5.155682778366117436e-01
5.155124556235383126e-01
5.154600632176252750e-01
5.154100971075151749e-01
5.153652174127631991e-01
5.153243227785061498e-01
5.152875049353586867e-01
5.152546869055085743e-01
5.152247960228245605e-01
5.151985525841142888e-01
5.151739371734443962e-01
5.151494438864123726e-01
5.151237660124563522e-01
5.150964110582229027e-01
5.150672639291957733e-01
5.150392831230284907e-01
5.150134227759550765e-01
5.149911029320839440e-01
5.149733119221028277e-01
5.149603566531489873e-01
5.149532274614077032e-01
5.149515638760139291e-01
5.149552182279536483e-01
5.149638517553899453e-01
5.149772956059291973e-01
5.149944275740534483e-01
5.150150672743085689e-01
5.150392023837826461e-01
5.150674121487835988e-01
5.151017675048854549e-01
5.151424987037547254e-01
5.151924172031118188e-01
5.152538676589616395e-01
5.153294428708419250e-01
5.154245774812540315e-01
5.155384953037742690e-01
5.156757338368282984e-01
5.158465084598989892e-01
5.160514557608105735e-01
5.163052212331304958e-01
5.166311310506532806e-01
5.170507419976522190e-01
5.176268172518827537e-01
5.184454178371186162e-01
5.197290176539354212e-01
5.220669470425425285e-01
5.273343179350358234e-01
5.346139376837311108e-01
5.261505216832074172e-01
5.216427222223198878e-01
5.196158613643069302e-01
5.184885384713592282e-01
5.177818948662119558e-01
5.172965238436356694e-01
5.169561201523424909e-01
5.167021231669853831e-01
5.165191716986714532e-01
5.163833215658947262e-01
5.162833049024195819e-01
5.162112148611391893e-01
5.161602274834807824e-01
5.161283526315252335e-01
5.161106118749496652e-01
5.161041861347632764e-01
5.161067424230718625e-01
5.161163310403186211e-01
5.161317111635181920e-01
5.161509243016657589e-01
5.161733603896994094e-01
5.161987420704009510e-01
5.162278162844324836e-01
5.162638231182610227e-01
5.163134118791620208e-01
5.163968335924815634e-01
5.165525909667451065e-01
5.166343234194719081e-01
5.164149634669650268e-01
5.162473934576249368e-01
5.161331872863748060e-01
5.160376968336437553e-01
5.159497531907095702e-01
5.158602398781394482e-01
5.157708706914568841e-01
5.156782814325855391e-01
5.155819392698205439e-01
5.154816580914952651e-01
5.153748048316237895e-01
5.152666558932057495e-01
5.151548223726731823e-01
5.150394704775823618e-01
5.149207664603060453e-01
5.147988739387643342e-01
5.146708347260375849e-01
5.145430205786557520e-01
5.144125949212930982e-01
5.142765103033419827e-01
5.141450031230714313e-01
5.140051158703731193e-01
5.138638945943831970e-01
5.137286629060221488e-01
5.135896057227070655e-01
5.134505597664605903e-01
5.133084873549695892e-01
5.131705565872687336e-01
5.130335449776179946e-01
5.128975004761440193e-01
5.127621890201645716e-01
5.126235067475629625e-01
5.124865099047375416e-01
5.123470494560051769e-01
5.121968563498182636e-01
5.120396688070723012e-01
5.118727534699243353e-01
5.117014683595683122e-01
5.115316968112995077e-01
5.113638916434890547e-01
5.111991526956275456e-01
5.110375490197714976e-01
5.108747757818815627e-01
5.107182555567942872e-01
5.105640002956856049e-01
5.104124259474182024e-01
5.102642187734917067e-01
5.101164805126834345e-01
5.099782126013533423e-01
5.098401940719217151e-01
5.097064547121774591e-01
5.095742175426209997e-01
5.094416568780126831e-01
5.093128615534224801e-01
5.091859253494674942e-01
5.090649218516323238e-01
5.089487655406149669e-01
5.088348981532490045e-01
5.087287624652774287e-01
5.086273948607208384e-01
5.085306128367491629e-01
5.084382236290362345e-01
5.083457488878110331e-01
5.082637992740348665e-01
5.081835227900054486e-01
5.081068852282935033e-01
5.080337308800336737e-01
5.079639290626482007e-01
5.078957500605815190e-01
5.078324459435274996e-01
5.077722597750291555e-01
5.077151611328363234e-01
5.076611410203816233e-01
5.076089662576990236e-01
5.075612435609452300e-01
5.075167174076534726e-01
5.074754888064293423e-01
5.074376986054409677e-01
5.074027006041265109e-01
5.073724731769266860e-01
5.073463533894485566e-01
5.073246258491908023e-01
5.073075985745717498e-01
5.072953320625910312e-01
5.072888534624566681e-01
5.072881397867932129e-01
5.072935968619729508e-01
5.073056899475137937e-01
5.073255249360343333e-01
5.073530754702206824e-01
5.073894964741768598e-01
5.074386724676639426e-01
5.075043251456385907e-01
5.076008944016582314e-01
5.077852925174226595e-01
5.089516047603881432e-01
5.079887690853787108e-01
5.078050266037896776e-01
5.077659617761183242e-01
5.077558872261379586e-01
5.077555900002388434e-01
5.077646163052123018e-01
5.077834051231189250e-01
5.078123889364063448e-01
5.078530396731673058e-01
5.079066707444223061e-01
5.079744433129731451e-01
5.080592883003964833e-01
5.081640161823420820e-01
5.082936781963084405e-01
5.084493431156892340e-01
5.086375437985243275e-01
5.088676680414020437e-01
5.091411734635199471e-01
5.094675147006334504e-01
5.098506550921341196e-01
5.103174039592113242e-01
5.108964202613346384e-01
5.116042641595844875e-01
5.124769005681523160e-01
5.135502014121340331e-01
5.147773946392956157e-01
5.160420521396612559e-01
5.169560622394815397e-01
5.170891159391549641e-01
5.163310582158252560e-01
5.150791626289830116e-01
5.137328285929885219e-01
5.125357614739873835e-01
5.115224793410837467e-01
5.106611344470782798e-01
5.099628481007965064e-01
5.093766324935187217e-01
5.088791771643182971e-01
5.084524005090961252e-01
5.080740371093310781e-01
5.077514450572661042e-01
5.074668276950698997e-01
5.072138620385020502e-01
5.069875526529271648e-01
5.067839059576754179e-01
5.065953768696135340e-01
5.064283546527239555e-01
5.062759357905910473e-01
5.061363579089287468e-01
5.060081788508149492e-01
5.058888228366208439e-01
5.057801962434167464e-01
5.056789939079917584e-01
5.055848502426428803e-01
5.054960230288811918e-01
5.054129686288376666e-01
5.053369782604396621e-01
5.052665482786781181e-01
5.052004652564702214e-01
5.051399998168731864e-01
5.050826434114659147e-01
5.050309688217544668e-01
5.049833342824050497e-01
5.049396245283819251e-01
5.048997823075790370e-01
5.048629208039614458e-01
5.048309001114013039e-01
5.048020963145338769e-01
5.047785810425756692e-01
5.047578333823998786e-01
5.047420103927059420e-01
5.047293381570991944e-01
5.047209883201982938e-01
5.047165591080737812e-01
5.047160537770810640e-01
5.047194931081041558e-01
5.047271058253458564e-01
5.047386802172326714e-01
5.047543710524869942e-01
5.047742317260767164e-01
5.047982789464743325e-01
5.048271677779753164e-01
5.048595149494677914e-01
5.048957976906461864e-01
5.049359627551418539e-01
5.049801462538461294e-01
5.050300142400774295e-01
5.050841826884793218e-01
5.051442472108574888e-01
5.052138874464643381e-01
5.052913789493447272e-01
5.053758769473630785e-01
5.054566381919530782e-01
5.055250143849910893e-01
5.055845157441540838e-01
5.056458361060964801e-01
5.057178263338613089e-01
5.058043314323604767e-01
5.059051044918168039e-01
5.060188152259340599e-01
5.061469046846827080e-01
5.062900972333920224e-01
5.064536415233693578e-01
5.066316298213054958e-01
5.068301658829821310e-01
5.070526209613194224e-01
5.073035905972320680e-01
5.075967994760077762e-01
5.079273884202148981e-01
5.083146037424532970e-01
5.087776880310641570e-01
5.093474782305040804e-01
5.100878015859960923e-01
5.110866107789181489e-01
5.125918065738012119e-01
5.153389354297338576e-01
5.228590912472304009e-01
5.361139957143618018e-01
5.188978362620947360e-01
5.152622402521570555e-01
5.137632001153416006e-01
5.130918324371235295e-01
5.128097153864218383e-01
5.127167721357205332e-01
5.127133055390681315e-01
5.127275160518861563e-01
5.127051556950164013e-01
5.126092923739117291e-01
5.124172339428184619e-01
5.121425114315292237e-01
5.118016999336955086e-01
5.114216725777601669e-01
5.110281956188457153e-01
5.106368017105176182e-01
5.102701995003536828e-01
5.099299772483050219e-01
5.096171624453048610e-01
5.093360319114605961e-01
5.090852806844101686e-01
5.088677147138485068e-01
5.086784113998876755e-01
5.085141608612314679e-01
5.083779354337637502e-01
5.082644321357052686e-01
5.081788379692885327e-01
5.081181495533896308e-01
5.080824067273439493e-01
5.080705274014554185e-01
5.080777624755351551e-01
5.080915808955360768e-01
5.080883885454828830e-01
5.080426750397682989e-01
5.079494612808036491e-01
5.078268619652349658e-01
5.076980062392790760e-01
5.075807272732860698e-01
5.074825086693968146e-01
5.074026452835475043e-01
5.073400016232965104e-01
5.072921398184419006e-01
5.072603656126873917e-01
5.072428812470652915e-01
5.072399707241291855e-01
5.072527873381931229e-01
5.072847143959976490e-01
5.073390430810744700e-01
5.074239414210177657e-01
5.075620035342420788e-01
5.077953563062626019e-01
5.082816300612291727e-01
5.101011752534782007e-01
5.106084885475131729e-01
5.083851803250515333e-01
5.078836797785734047e-01
5.076604493700379583e-01
5.075367128545000828e-01
5.074640676447148557e-01
5.074191313014549953e-01
5.073925660625783207e-01
5.073780950207256168e-01
5.073725613973669724e-01
5.073745988625820713e-01
5.073829619828926774e-01
5.073970493389111658e-01
5.074164532679570350e-01
5.074415003652644751e-01
5.074709148121526736e-01
5.075051051105570199e-01
5.075440813357657843e-01
5.075879310849262804e-01
5.076380149445759438e-01
5.076935932311507083e-01
5.077519595323173318e-01
5.078173684933100507e-01
5.078886760803319467e-01
5.079679059038011424e-01
5.080513984678566297e-01
5.081409279937764145e-01
5.082366580196374661e-01
5.083388877280594631e-01
5.084477142958113705e-01
5.085681666820247582e-01
5.086845498813742372e-01
5.088080678290304304e-01
5.089242458595486518e-01
5.090400019082567118e-01
5.091553372466131044e-01
5.092660478878234809e-01
5.093754841430639946e-01
5.094830711571951554e-01
5.095871860717691160e-01
5.096878618922939808e-01
5.097780225371704166e-01
5.098598808925420833e-01
5.099269351361630509e-01
5.099854884012628986e-01
5.100317574184637381e-01
5.100674671191196552e-01
5.100891079879465995e-01
5.100864941640083083e-01
5.100476217934359902e-01
5.099753212305054850e-01
5.098876109250040090e-01
5.097997226715087482e-01
5.097164571365361274e-01
5.096394821857510582e-01
5.095690790948642634e-01
5.095037291824329184e-01
5.094467254939868406e-01
5.093965908906081808e-01
5.093536298565325415e-01
5.093181337932196628e-01
5.092895313478430497e-01
5.092687386459409105e-01
5.092531445000741952e-01
5.092388644326988345e-01
5.092191962174433817e-01
5.091838329069898750e-01
5.091253762346621414e-01
5.090386978483770752e-01
5.089266404478208772e-01
5.087977938836268921e-01
5.086588354149621516e-01
5.085247292958310350e-01
5.083972255974483767e-01
5.082789065471792211e-01
5.081707444108235494e-01
5.080705140823551513e-01
5.079827651958831458e-01
5.079044817106318499e-01
5.078352074657216386e-01
5.077745273232430190e-01
5.077220638131598740e-01
5.076764169019647444e-01
5.076395209588555613e-01
5.076098538863899057e-01
5.075872152723505115e-01
5.075715439473557078e-01
5.075627826538583465e-01
5.075617678777991637e-01
5.075686754904898956e-01
5.075842755226818159e-01
5.076096775756642199e-01
5.076470022355055178e-01
5.076976790443947785e-01
5.077638225101299696e-01
5.078394058530673050e-01
5.078985766841577210e-01
5.079375422640376447e-01
5.079832167686368916e-01
5.080452583494489138e-01
5.081242033398644109e-01
5.082164614336394104e-01
5.083231362826438060e-01
5.084427287121958683e-01
5.085735445847301417e-01
5.087172065298682933e-01
5.088743377387001665e-01
5.090460215783837450e-01
5.092364718737061313e-01
5.094443537211632567e-01
5.096783915991947023e-01
5.099374005212621297e-01
5.101821715513746858e-01
5.104128025972403115e-01
5.106731462830684798e-01
5.109722968299724721e-01
5.113056162473741395e-01
5.116815542194004252e-01
5.121215006054216090e-01
5.126225079279392860e-01
5.132161587997623453e-01
5.139801951765624599e-01
5.149939032484304180e-01
5.164999755840532503e-01
5.190450339603563945e-01
5.238347087045046591e-01
5.275817714279722459e-01
5.221379412497096917e-01
5.182988667690610063e-01
5.162671630144446411e-01
5.150505668774929546e-01
5.142203121287958201e-01
5.136200139922185715e-01
5.131531966405564749e-01
5.127663624069835890e-01
5.124519295429452725e-01
5.121843871668827486e-01
5.119540968056356389e-01
5.117547445702869124e-01
5.115741211358434404e-01
5.114294942494169716e-01
5.112993170621074057e-01
5.111945505910938659e-01
5.111030928648029326e-01
5.110295628930635603e-01
5.109753660981649626e-01
5.109339923474092160e-01
5.109088563669887950e-01
5.108964921705602125e-01
5.108979004649396582e-01
5.109115093102888361e-01
5.109377914544914745e-01
5.109738313029046353e-01
5.110211122171489651e-01
5.110797086247300669e-01
5.111462166903172344e-01
5.112211004564716221e-01
5.113035186316015057e-01
5.113925265864187608e-01
5.114870602624222995e-01
5.115871359907416815e-01
5.116890980910934195e-01
5.117939997060421131e-01
5.118980060153182077e-01
5.120010571307935798e-01
5.121043632789201716e-01
5.122021413721472571e-01
5.122961787672108969e-01
5.123862067213797999e-01
5.124724052888351977e-01
5.125573942168087926e-01
5.126403913747162866e-01
5.127194562211436768e-01
5.128027481594533699e-01
5.128915233054465173e-01
5.129924789264617147e-01
5.131068204534243726e-01
5.132453494052405807e-01
5.134220348007696444e-01
5.136624586608634635e-01
5.140237345198666041e-01
5.146431414412216965e-01
5.159828955048075816e-01
5.178152373991741220e-01
5.158428011301506855e-01
5.147759758276323483e-01
5.143233792176262753e-01
5.141078951841805411e-01
5.140003580372364267e-01
5.139554261379307709e-01
5.139488506286414848e-01
5.139685815301925365e-01
5.140072251785540169e-01
5.140603888063743909e-01
5.141237630809132320e-01
5.141953175148471500e-01
5.142738738188271652e-01
5.143558031636360495e-01
5.144403878853522905e-01
