-3.188492958550170897e-08
-9.565637448805119902e-08
-1.594294066764589957e-07
-2.232040438032711904e-07
-2.869803493732447919e-07
-3.507583822282001051e-07
-4.145381745646048444e-07
-4.783197722346699265e-07
-5.421032244212753426e-07
-6.058885557713722392e-07
-6.696758223512233599e-07
-7.334650778956230965e-07
-7.972563572655744224e-07
-8.610497209682321795e-07
-9.248452035315324338e-07
-9.886428736782804094e-07
-1.052442763715966123e-06
-1.116244940702060262e-06
-1.180049451932063675e-06
-1.243856337818094460e-06
-1.307665666971935536e-06
-1.371477483358418681e-06
-1.435291837825758421e-06
-1.499108786551239803e-06
-1.562928392373486020e-06
-1.626750698369150427e-06
-1.690575768487079245e-06
-1.754403677001192818e-06
-1.818234435013721395e-06
-1.882068132563752272e-06
-1.945904819833366162e-06
-2.009744546671576870e-06
-2.073587818007815997e-06
-2.137433858240278539e-06
-2.201283089031669249e-06
-2.265135619516911447e-06
-2.328991479227937589e-06
-2.392850805388313518e-06
-2.456713591558745691e-06
-2.520579862164140650e-06
-2.584449758313844825e-06
-2.648323275011854605e-06
-2.712200600107905757e-06
-2.776081620470272071e-06
-2.839966499745827377e-06
-2.903855301883417894e-06
-2.967748116144974802e-06
-3.031644959294865771e-06
-3.095545930142939994e-06
-3.159451077983099765e-06
-3.223360508841643934e-06
-3.287274262242512179e-06
-3.351192403799885255e-06
-3.415115180316341537e-06
-3.479042301135493176e-06
-3.542974095549489277e-06
-3.606910566555932007e-06
-3.670851740578129352e-06
-3.734797819343604885e-06
-3.798748697492193571e-06
-3.862704627710655814e-06
-3.926665591125200194e-06
-3.990631642025732617e-06
-4.054603882197582720e-06
-4.118580451129005837e-06
-4.182562369559050808e-06
-4.246549745401395626e-06
-4.310542593310984216e-06
-4.374541140328425115e-06
-4.438545318175002308e-06
-4.502555250973649947e-06
-4.566571054298584897e-06
-4.630592744581107922e-06
-4.694620812206728999e-06
-4.758655394621058576e-06
-4.822695460870995987e-06
-4.886741851173326268e-06
-4.950794550317993981e-06
-5.014853914020456216e-06
-5.078919651735347429e-06
-5.142992081652586478e-06
-5.207071329560442052e-06
-5.271157375363877406e-06
-5.335251276106234286e-06
-5.399351329038459824e-06
-5.463458594756609443e-06
-5.527573210595271291e-06
-5.591695162121546048e-06
-5.655824547701193694e-06
-5.719961575834098255e-06
-5.784106314243864233e-06
-5.848258922136473359e-06
-5.912419442477556686e-06
-5.976587966083357628e-06
-6.040764711667812037e-06
-6.104949764940137413e-06
-6.169143370149399175e-06
-6.233345402506529354e-06
-6.297556159107209339e-06
-6.361776003438457394e-06
-6.426004524051620592e-06
-6.490242353551778365e-06
-6.554489402343932625e-06
-6.618745717945628826e-06
-6.683011626096302393e-06
-6.747287278785485398e-06
-6.811572742848603923e-06
-6.875868179823108051e-06
-6.940173698621876497e-06
-7.004489852691087037e-06
-7.068816286315282582e-06
-7.133153314464735217e-06
-7.197501269540218516e-06
-7.261860292651078908e-06
-7.326231221682633077e-06
-7.390613060431761028e-06
-7.455006383549900306e-06
-7.519411570511280729e-06
-7.583828832147254673e-06
-7.648258738002233770e-06
-7.712700718753850992e-06
-7.777155484611775194e-06
-7.841623164583921834e-06
-7.906104087518350809e-06
-7.970599593010163630e-06
-8.035107819770459514e-06
-8.099630152136327865e-06
-8.164166962032481933e-06
-8.228718475167262625e-06
-8.293284841531800566e-06
-8.357866840724703650e-06
-8.422463849466765851e-06
-8.487076857188746715e-06
-8.551706202286624148e-06
-8.616352081047828904e-06
-8.681015043587869684e-06
-8.745695116552099080e-06
-8.810393455682685726e-06
-8.875109914874279582e-06
-8.939844730604384893e-06
-9.004599152095948966e-06
-9.069372431613764718e-06
-9.134166328195192364e-06
-9.198980702729286918e-06
-9.263815850646395234e-06
-9.328673576947110746e-06
-9.393552878211863799e-06
-9.458454895083789893e-06
-9.523380505194189993e-06
-9.588329825449548593e-06
-9.653304632872838908e-06
-9.718304508576913747e-06
-9.783330449208982316e-06
-9.848383501598334533e-06
-9.913463830835134161e-06
-9.978573910940369274e-06
-1.004371217139254924e-05
-1.010888031638401685e-05
-1.017407958103788701e-05
-1.023931078647510873e-05
-1.030457639117354773e-05
-1.036987449531956429e-05
-1.043520777355144702e-05
-1.050057732587816872e-05
-1.056598306792277953e-05
-1.063142967805408290e-05
-1.069691220145774224e-05
-1.076243440045754340e-05
-1.082799740825812762e-05
-1.089360208139655839e-05
-1.095924867156039539e-05
-1.102493937077397845e-05
-1.109067164672961070e-05
-1.115644796589876364e-05
-1.122226858785158043e-05
-1.128813304074327561e-05
-1.135404403174167243e-05
-1.141999544640448505e-05
-1.148599102662739568e-05
-1.155202829583590329e-05
-1.161810554994868738e-05
-1.168422180086725604e-05
-1.175037527012534611e-05
-1.181656473958625497e-05
-1.188278643560192194e-05
-1.194903882262288164e-05
-1.201532024153184608e-05
-1.208162526344924714e-05
-1.214795271986535141e-05
-1.221429879871838153e-05
-1.228066117542336855e-05
-1.234703744934506631e-05
-1.241342407387602265e-05
-1.247981876284498526e-05
-1.254621930801835816e-05
-1.261262365226389903e-05
-1.267903025681249574e-05
-1.274543687779239320e-05
-1.281184248402844617e-05
-1.287824593787512129e-05
-1.294464633916359020e-05
-1.301104267825703431e-05
-1.307743507783509784e-05
-1.314382288708504376e-05
-1.321020593381128094e-05
-1.327658445671175969e-05
-1.334295884636294005e-05
-1.340933006932498728e-05
-1.347569589627006792e-05
-1.354205825521148654e-05
-1.360841770980947274e-05
-1.367477493408042477e-05
-1.374113042706959220e-05
-1.380748524559827217e-05
-1.387383994977398061e-05
-1.394019540823521197e-05
-1.400655248451343482e-05
-1.407291203303628890e-05
-1.413927501270340059e-05
-1.420564240939281575e-05
-1.427201518744425357e-05
-1.433839440567741264e-05
-1.440478119107968524e-05
-1.447117664177266505e-05
-1.453758205438582252e-05
-1.460399832853287450e-05
-1.467042701064347199e-05
-1.473686939124085882e-05
-1.480332674652640179e-05
-1.486980089526745985e-05
-1.493629280324704212e-05
-1.500280458244240833e-05
-1.506933859929393549e-05
-1.513589551471739014e-05
-1.520247766406690459e-05
-1.526908754145850367e-05
-1.533572729695009684e-05
-1.540239983843783023e-05
-1.546910837757486945e-05
-1.553585554969760807e-05
-1.560264561861757215e-05
-1.566948227038622576e-05
-1.573637162211038998e-05
-1.580331715700378226e-05
-1.587032402328159009e-05
-1.593740045657821014e-05
-1.600455273687018121e-05
-1.607179422313809170e-05
-1.613913293496693768e-05
-1.620658071699310199e-05
-1.627415598615122860e-05
-1.634187890164895407e-05
-1.640977119221620484e-05
-1.647786207570334227e-05
-1.654618741808722149e-05
-1.661479153070022363e-05
-1.668373192664773796e-05
-1.675306208392957075e-05
-1.682284677950729446e-05
-1.689311033814533403e-05
-1.696381812954506074e-05
-1.703481453807498269e-05
-1.710586245251555226e-05
-1.717672856915708479e-05
-1.724727425744809750e-05
-1.731744922306432954e-05
-1.738727017663865837e-05
-1.745676914921556744e-05
-1.752598977233787991e-05
-1.759497270426013671e-05
-1.766375038092515837e-05
-1.773235317215071660e-05
-1.780080142421702760e-05
-1.786911666012969135e-05
-1.793731524313280090e-05
-1.800541223251350686e-05
-1.807341778070625793e-05
-1.814134241429066208e-05
-1.820919368433759900e-05
-1.827697936296335257e-05
-1.834470668893306566e-05
-1.841237990141131320e-05
-1.848000412674188908e-05
-1.854758215058538440e-05
-1.861511947287564084e-05
-1.868261976889495912e-05
-1.875008489848895010e-05
-1.881751842824908039e-05
-1.888492013712994577e-05
-1.895229432657963287e-05
-1.901964359218855094e-05
-1.908696758434746954e-05
-1.915426824083965585e-05
-1.922154820310773005e-05
-1.928880685198031131e-05
-1.935604708325211476e-05
-1.942326934645244307e-05
-1.949047401206271957e-05
-1.955766291694693848e-05
-1.962483538708870157e-05
-1.969199354956430170e-05
-1.975913745755342177e-05
-1.982626774688078797e-05
-1.989338515095973037e-05
-1.996048974017838873e-05
-2.002758236052670782e-05
-2.009466266117421185e-05
-2.016173161700773875e-05
-2.022878979146547351e-05
-2.029583689522329593e-05
-2.036287420836835338e-05
-2.042990136541522617e-05
-2.049691923133867277e-05
-2.056392786053962141e-05
-2.063092778870068145e-05
-2.069791935455089771e-05
-2.076490336688774363e-05
-2.083188045509665187e-05
-2.089885142630976134e-05
-2.096581722099699618e-05
-2.103277993947827440e-05
-2.109974171538020471e-05
-2.116670572605006129e-05
-2.123367761253103225e-05
-2.130066678385222900e-05
-2.136769267324645227e-05
-2.143480176852730068e-05
-2.150213804863465583e-05
-2.156954026844015715e-05
-2.163667060706142564e-05
-2.170367961062957818e-05
-2.177062201336177338e-05
-2.183751990436633150e-05
-2.190438412763562326e-05
-2.197122076075253005e-05
-2.203803318401309497e-05
-2.210482527431611999e-05
-2.217159811812585701e-05
-2.223835296566445408e-05
-2.230509123712920427e-05
-2.237181361008921954e-05
-2.243852116490252513e-05
-2.250521411062411659e-05
-2.257189321663854997e-05
-2.263855904560685417e-05
-2.270521171787720505e-05
-2.277185173482632052e-05
-2.283847921324966279e-05
-2.290509514346616982e-05
-2.297169938436649517e-05
-2.303829139882473953e-05
-2.310487366241620322e-05
-2.317144499885959164e-05
-2.323800629355776692e-05
-2.330455742094450500e-05
-2.337109864147812743e-05
-2.343763045919988741e-05
-2.350415326834998098e-05
-2.357066710689803557e-05
-2.363717233788698024e-05
-2.370366923165612150e-05
-2.377015794197134824e-05
-2.383663895877408123e-05
-2.390311242661535829e-05
-2.396957889416739818e-05
-2.403603797951348042e-05
-2.410249093176553004e-05
-2.416893756995719400e-05
-2.423537811635512185e-05
-2.430181289236887920e-05
-2.436824172369345121e-05
-2.443466572032981787e-05
-2.450108468188272326e-05
-2.456749886370346303e-05
-2.463390880125260196e-05
-2.470031422496798967e-05
-2.476671588935719370e-05
-2.483311433998380835e-05
-2.489950951589658956e-05
-2.496590171319201801e-05
-2.503229130923489976e-05
-2.509867812328092640e-05
-2.516506338312574087e-05
-2.523144685628864181e-05
-2.529782890803300432e-05
-2.536420986987142356e-05
-2.543058997295233326e-05
-2.549696954312619113e-05
-2.556334885350786124e-05
-2.562972834518895127e-05
-2.569610825720047842e-05
-2.576248895713728615e-05
-2.582887073399042777e-05
-2.589525387453051053e-05
-2.596163879420299025e-05
-2.602802579421137352e-05
-2.609441518885979860e-05
-2.616080740258652781e-05
-2.622720274947365482e-05
-2.629360158634685973e-05
-2.636000427025386728e-05
-2.642641119676714112e-05
-2.649282269950870017e-05
-2.655923914895996774e-05
-2.662566093247775711e-05
-2.669208837446923610e-05
-2.675852205369366743e-05
-2.682496218031626967e-05
-2.689140900302700032e-05
-2.695786304762748387e-05
-2.702432458179249153e-05
-2.709079432861027925e-05
-2.715727212931895451e-05
-2.722375857577841174e-05
-2.729025404712981384e-05
-2.735675871268217207e-05
-2.742327335703009794e-05
-2.748979787436933719e-05
-2.755633226236842148e-05
-2.762287708668598185e-05
-2.768943256648004336e-05
-2.775599874882406226e-05
-2.782257539923893574e-05
-2.788916331486479550e-05
-2.795576225789186964e-05
-2.802237209043045851e-05
-2.808899265893671782e-05
-2.815562392910475609e-05
-2.822226565157848199e-05
-2.828891773809516508e-05
-2.835557949221190199e-05
-2.842225064048076177e-05
-2.848893073936764608e-05
-2.855561920256377562e-05
-2.862231556988170667e-05
-2.868901899200082539e-05
-2.875572872484966069e-05
-2.882244423763058450e-05
-2.888916453724910127e-05
-2.895588894313849693e-05
-2.902261669934791399e-05
-2.908934702772203451e-05
-2.915607917075568878e-05
-2.922281238515456181e-05
-2.928954600278643738e-05
-2.935627935007900646e-05
-2.942301190644869280e-05
-2.948974281768990124e-05
-2.955647182523168937e-05
-2.962319868615725937e-05
-2.968992278096216353e-05
-2.975664393611854308e-05
-2.982336145251895942e-05
-2.989007546494448775e-05
-2.995678603157081454e-05
-3.002349274194848761e-05
-3.009019571853510655e-05
-3.015689441521196557e-05
-3.022358944193559438e-05
-3.029028077650153250e-05
-3.035696833486589696e-05
-3.042365230532251275e-05
-3.049033288649027895e-05
-3.055701010656886041e-05
-3.062368418094152389e-05
-3.069035527769603533e-05
-3.075702374988331655e-05
-3.082368977924687670e-05
-3.089035356240721342e-05
-3.095701538136097497e-05
-3.102367534835170915e-05
-3.109033394388394100e-05
-3.115699134526028757e-05
-3.122364779362118981e-05
-3.129030358994810967e-05
-3.135695888689671307e-05
-3.142361409991245580e-05
-3.149026953597200418e-05
-3.155692538014953641e-05
-3.162358189856551149e-05
-3.169023937688031367e-05
-3.175689804102432845e-05
-3.182355816466753140e-05
-3.189021995775309648e-05
-3.195688361368187458e-05
-3.202354937648088651e-05
-3.209021740502304709e-05
-3.215688788793524822e-05
-3.222356099508161265e-05
-3.229023687167931200e-05
-3.235691565683929127e-05
-3.242359746391532127e-05
-3.249028240470686058e-05
-3.255697113735411818e-05
-3.262366258693916166e-05
-3.269035742292647484e-05
-3.275705569050213484e-05
-3.282375742164056476e-05
-3.289046270482653966e-05
-3.295717150375576665e-05
-3.302388389803123658e-05
-3.309059992795404526e-05
-3.315731962427737045e-05
-3.322404303451875762e-05
-3.329077022540261055e-05
-3.335750123767411424e-05
-3.342423615271261639e-05
-3.349097503735354309e-05
-3.355771798985163201e-05
-3.362446506016691927e-05
-3.369121635432570372e-05
-3.375797203419850234e-05
-3.382473213642267496e-05
-3.389149681054526297e-05
-3.395826620533615170e-05
-3.402504043503729037e-05
-3.409181971059105365e-05
-3.415860411504212379e-05
-3.422539375497191116e-05
-3.429218890493856975e-05
-3.435898960435501692e-05
-3.442579604684414818e-05
-3.449260841525969568e-05
-3.455942680852253091e-05
-3.462625185635115344e-05
-3.469308294257178460e-05
-3.475992058621368841e-05
-3.482676499200199061e-05
-3.489361623532083456e-05
-3.496047467799190400e-05
-3.502734024463105555e-05
-3.509421316849614669e-05
-3.516109366619168952e-05
-3.522798188426712329e-05
-3.529487857778512705e-05
-3.536178277008250603e-05
-3.542869524275626958e-05
-3.549561618088059589e-05
-3.556254557035565256e-05
-3.562948394542075903e-05
-3.569643090950425091e-05
-3.576338695543412882e-05
-3.583035227949782353e-05
-3.589732689723845738e-05
-3.596431099872621218e-05
-3.603130477558558198e-05
-3.609830845530126453e-05
-3.616532223615909203e-05
-3.623234614513748397e-05
-3.629938031157742273e-05
-3.636642504201148540e-05
-3.643348044146677012e-05
-3.650054684078973821e-05
-3.656762406711866475e-05
-3.663471242842941678e-05
-3.670181221260282456e-05
-3.676892354764760285e-05
-3.683604688864416943e-05
-3.690318209581544551e-05
-3.697032924931953346e-05
-3.703748900119041565e-05
-3.710466085105057488e-05
-3.717184572482601368e-05
-3.723904346364381723e-05
-3.730625416997757071e-05
-3.737347909893440345e-05
-3.744071692102224347e-05
-3.750796853008164788e-05
-3.757523431680009907e-05
-3.764251426563447467e-05
-3.770980921979916189e-05
-3.777711889574320026e-05
-3.784444374277384782e-05
-3.791178420864405041e-05
-3.797914031655746925e-05
-3.804651472072428930e-05
-3.811390500985112340e-05
-3.818131097610422131e-05
-3.824873441404808005e-05
-3.831617537786158323e-05
-3.838363515262788184e-05
-3.845111297029468744e-05
-3.851861008041801426e-05
-3.858612694807028731e-05
-3.865366445243711979e-05
-3.872122274661826680e-05
-3.878880257501826634e-05
-3.885640490330910524e-05
-3.892403062877303199e-05
-3.899168022281074286e-05
-3.905935443504482407e-05
-3.912705463993138011e-05
-3.919478177760726822e-05
-3.926253778963051388e-05
-3.933032305292183395e-05
-3.939813860309726579e-05
-3.946598790938171675e-05
-3.953386945187986612e-05
-3.960178800133107302e-05
-3.966974450264615371e-05
-3.973774088228410051e-05
-3.980578104645360327e-05
-3.987386654424884824e-05
-3.994200348211851548e-05
-4.001019361721258605e-05
-4.007844203246513359e-05
-4.014675699948178078e-05
-4.021514229823885955e-05
-4.028360518881779484e-05
-4.035215655906476684e-05
-4.042080775057410591e-05
-4.048957258706575857e-05
-4.055847072359508587e-05
-4.062752098399347034e-05
-4.069675025875074681e-05
-4.076619175585882715e-05
-4.083589202485971015e-05
-4.090589429406321642e-05
-4.097625783250347098e-05
-4.104703843144097419e-05
-4.111826054575828948e-05
-4.118988771950604644e-05
-4.126178545382774843e-05
-4.133376616088924038e-05
-4.140565642285487513e-05
-4.147734994730534197e-05
-4.154881089701856212e-05
-4.162003762864241452e-05
-4.169105072326928507e-05
-4.176187657156660293e-05
-4.183253737299885699e-05
-4.190305892826096112e-05
-4.197345816736586244e-05
-4.204375287797379457e-05
-4.211395854369914815e-05
-4.218408610523471935e-05
-4.225414718195263930e-05
-4.232415245053466890e-05
-4.239410746964544785e-05
-4.246401908281072224e-05
-4.253389549768726852e-05
-4.260374273623579455e-05
-4.267356550058387654e-05
-4.274336788634425233e-05
-4.281315354881520818e-05
-4.288292715570740654e-05
-4.295269239673604744e-05
-4.302245328280385195e-05
-4.309221081211234150e-05
-4.316196904052826966e-05
-4.323173062970031566e-05
-4.330149815923167722e-05
-4.337127407871843587e-05
-4.344106081211052128e-05
-4.351086046627816728e-05
-4.358067536314180757e-05
-4.365050747945353748e-05
-4.372036054234307301e-05
-4.379023278155980137e-05
-4.386012778845316262e-05
-4.393004730618432774e-05
-4.399999280679800506e-05
-4.406996707495558496e-05
-4.413996889673921231e-05
-4.421000080823134226e-05
-4.428006394041617000e-05
-4.435015893555771527e-05
-4.442028596596259149e-05
-4.449044646681610260e-05
-4.456063827229517216e-05
-4.463086266448534900e-05
-4.470111913257301950e-05
-4.477140650982480707e-05
-4.484172474428227417e-05
-4.491207033041622054e-05
-4.498244290918052002e-05
-4.505284039590939926e-05
-4.512326024108670453e-05
-4.519369980304777101e-05
-4.526415667083227845e-05
-4.533462824007905567e-05
-4.540511106110312056e-05
-4.547560206868972443e-05
-4.554609841245227386e-05
-4.561659713464560895e-05
-4.568709526808767407e-05
-4.575759023262016001e-05
-4.582807966624358187e-05
-4.589856127790170603e-05
-4.596903265341456546e-05
-4.603949240455929015e-05
-4.610993887266268132e-05
-4.618037126369323175e-05
-4.625078765907453260e-05
-4.632118882130775717e-05
-4.639157390484704990e-05
-4.646194260826685962e-05
-4.653229512496803721e-05
-4.660263061262437390e-05
-4.667295234506152468e-05
-4.674325994935557560e-05
-4.681355454727587073e-05
-4.688383791395800415e-05
-4.695411094390866680e-05
-4.702437733150599541e-05
-4.709464085406178668e-05
-4.716490392164818246e-05
-4.723517178206737555e-05
-4.730544973696737543e-05
-4.737574375623943013e-05
-4.744606482209867693e-05
-4.751642266587197128e-05
-4.758683193295532021e-05
-4.765730578804028283e-05
-4.772785614914898389e-05
-4.779847889924138116e-05
-4.786914615739767953e-05
-4.793980984918455590e-05
-4.801042477187156265e-05
-4.808096573005737895e-05
-4.815142826863905157e-05
-4.822181470132136383e-05
-4.829213451218450359e-05
-4.836239604655290236e-05
-4.843260530740245429e-05
-4.850276955392640588e-05
-4.857289177429002791e-05
-4.864297749251900171e-05
-4.871303038245233807e-05
-4.878305177724584496e-05
-4.885304662138878484e-05
-4.892301628300899097e-05
-4.899296244276207801e-05
-4.906288645245560076e-05
-4.913278931228948210e-05
-4.920267368524466889e-05
-4.927254033015859847e-05
-4.934239005105478526e-05
-4.941222396770417191e-05
-4.948204209598294767e-05
-4.955184687782665520e-05
-4.962163843025280130e-05
-4.969141727184656077e-05
-4.976118418553721057e-05
-4.983093894639356591e-05
-4.990068313903694985e-05
-4.997041785748113085e-05
-5.004014290843628032e-05
-5.010985913411758474e-05
-5.017956556230274145e-05
-5.024926444796573577e-05
-5.031895621265825014e-05
-5.038864065809445236e-05
-5.045831820593704720e-05
-5.052798937477120944e-05
-5.059765416104422542e-05
-5.066731368608135000e-05
-5.073696781066061590e-05
-5.080661698786403946e-05
-5.087626159561153827e-05
-5.094590179754998616e-05
-5.101553794284452437e-05
-5.108517020302461020e-05
-5.115479920270171732e-05
-5.122442506899638204e-05
-5.129404799064651854e-05
-5.136366827873661833e-05
-5.143328608114838829e-05
-5.150290191169304421e-05
-5.157251582577071503e-05
-5.164212755603969640e-05
-5.171173838613984941e-05
-5.178134809358247992e-05
-5.185095686432994455e-05
-5.192056487446361501e-05
-5.199017236479086534e-05
-5.205977945799133977e-05
-5.212938643450737430e-05
-5.219899339237166203e-05
-5.226860055151938411e-05
-5.233820767414076869e-05
-5.240781537663163903e-05
-5.247742416725209580e-05
-5.254703380641601029e-05
-5.261664452271830328e-05
-5.268625624488265657e-05
-5.275586923736419465e-05
-5.282548375973306065e-05
-5.289509990213936419e-05
-5.296471781079947760e-05
-5.303433733738760480e-05
-5.310395889335239872e-05
-5.317358237877378713e-05
-5.324320819655170567e-05
-5.331283623455362886e-05
-5.338246665187451612e-05
-5.345209947749118840e-05
-5.352173485251299212e-05
-5.359137280458448060e-05
-5.366101341208739939e-05
-5.373065675018384724e-05
-5.380030281132430758e-05
-5.386995179190723348e-05
-5.393960365007721691e-05
-5.400925845489013000e-05
-5.407891628128602690e-05
-5.414857713770260261e-05
-5.421824106799366660e-05
-5.428790809891559377e-05
-5.435757827321197055e-05
-5.442725159687800129e-05
-5.449692812464768110e-05
-5.456660784919353802e-05
-5.463629081636778295e-05
-5.470597702339485835e-05
-5.477566648559584195e-05
-5.484535918898192364e-05
-5.491505516630468264e-05
-5.498475442555772474e-05
-5.505445696563082691e-05
-5.512416279185305967e-05
-5.519387266006425818e-05
-5.526358506247053270e-05
-5.533330075591091912e-05
-5.540301976025840958e-05
-5.547274206840757671e-05
-5.554246762962122830e-05
-5.561219655370042148e-05
-5.568192878813160718e-05
-5.575166431714961846e-05
-5.582140319471129430e-05
-5.589114533710581867e-05
-5.596089090054157111e-05
-5.603063982229095075e-05
-5.610039211656481228e-05
-5.617014779168982841e-05
-5.623990687764202079e-05
-5.630966939562664919e-05
-5.637943536052070215e-05
-5.644920481129300782e-05
-5.651897776703940224e-05
-5.658875427150267257e-05
-5.665853435032897067e-05
-5.672831805336731037e-05
-5.679810541514562772e-05
-5.686789648295942357e-05
-5.693769131043247000e-05
-5.700748994819093696e-05
-5.707729244452952599e-05
-5.714709886728286392e-05
-5.721690927906752933e-05
-5.728672374083476626e-05
-5.735654233995912676e-05
-5.742636514172172468e-05
-5.749619221606661057e-05
-5.756602361439711046e-05
-5.763585945339766425e-05
-5.770569985796836221e-05
-5.777554482344626763e-05
-5.784539447817316216e-05
-5.791524892073685038e-05
-5.798510824417402176e-05
-5.805497271937909431e-05
-5.812484210643287241e-05
-5.819471666879127980e-05
-5.826459653157645135e-05
-5.833448178627076430e-05
-5.840437264614806168e-05
-5.847426904237451595e-05
-5.854417119521837520e-05
-5.861407923313244339e-05
-5.868399321684591996e-05
-5.875391404874807932e-05
-5.882384033972787307e-05
-5.889377299761466844e-05
-5.896371215596829529e-05
-5.903365791093406756e-05
-5.910361036776112797e-05
-5.917356967977127624e-05
-5.924353601693965743e-05
-5.931350953025660289e-05
-5.938349035394807629e-05
-5.945347857616578580e-05
-5.952347559556869783e-05
-5.959347902806388930e-05
-5.966349039165930179e-05
-5.973350963794921142e-05
-5.980353697698781446e-05
-5.987357260317516250e-05
-5.994361665717651277e-05
-6.001366938879204582e-05
-6.008373073140838017e-05
-6.015380108859158526e-05
-6.022388047344229278e-05
-6.029396915008256030e-05
-6.036406712650599360e-05
-6.043417459611344356e-05
-6.050429179738081586e-05
-6.057441908902116978e-05
-6.064455629406495518e-05
-6.071470366897369075e-05
-6.078486144378558720e-05
-6.085502964037203810e-05
-6.092520950795599077e-05
-6.099539930715103253e-05
-6.106560008867223388e-05
-6.113581216482533165e-05
-6.120603566872606649e-05
-6.127627109919764337e-05
-6.134651795774992422e-05
-6.141677689319724465e-05
-6.148704813258021318e-05
-6.155733159307619218e-05
-6.162762847294889212e-05
-6.169793726396033406e-05
-6.176825911519134849e-05
-6.183859430008986635e-05
-6.190894284863190933e-05
-6.197930491380621021e-05
-6.204968077994088560e-05
-6.212007079942072352e-05
-6.219047527100673989e-05
-6.226089423222447294e-05
-6.233132785227191164e-05
-6.240177658645151837e-05
-6.247224060740297347e-05
-6.254272032457652841e-05
-6.261321551548348907e-05
-6.268372679940625858e-05
-6.275425449564497882e-05
-6.282479880137525896e-05
-6.289536042103360813e-05
-6.296593894861146623e-05
-6.303653512185203311e-05
-6.310715113544418386e-05
-6.317778331355050625e-05
-6.324843434712956736e-05
-6.331910392942674548e-05
-6.338979290687607460e-05
-6.346050219341314858e-05
-6.353123105873326182e-05
-6.360198023391827604e-05
-6.367275048135834226e-05
-6.374354215399335999e-05
-6.381435710944849404e-05
-6.388519338040854478e-05
-6.395605251607872077e-05
-6.402693533835712714e-05
-6.409784196348411456e-05
-6.416877460990733084e-05
-6.423973325697662773e-05
-6.431071751089589839e-05
-6.438172875045111709e-05
-6.445276720246084778e-05
-6.452383808219774863e-05
-6.459493712107633456e-05
-6.466606532018470688e-05
-6.473722598776543435e-05
-6.480842052836166545e-05
-6.487965006540807877e-05
-6.495091710834177690e-05
-6.502222184201489341e-05
-6.509356769002216936e-05
-6.516495665476185195e-05
-6.523639120592505947e-05
-6.530787509229085686e-05
-6.537941190798424174e-05
-6.545100737109788014e-05
-6.552266405279727479e-05
-6.559438977682408023e-05
-6.566619288894681716e-05
-6.573808220589061335e-05
-6.581007024830665131e-05
-6.588217015857100733e-05
-6.595440344447922598e-05
-6.602679631984020858e-05
-6.609937864232584559e-05
-6.617220130911150022e-05
-6.624532201426891476e-05
-6.631883155361339988e-05
-6.639283106069093776e-05
-6.646742831917240579e-05
-6.654263994065878762e-05
-6.661831085452707413e-05
-6.669412913196115511e-05
-6.676983059650254404e-05
-6.684529131972816174e-05
-6.692049222467577607e-05
-6.699545380228766334e-05
-6.707021456642259238e-05
-6.714480518288379329e-05
-6.721925738184530985e-05
-6.729359509560772779e-05
-6.736783709715421509e-05
-6.744200064545680107e-05
-6.751610068889135619e-05
-6.759014994794920739e-05
-6.766415268422143470e-05
-6.773812032900838886e-05
-6.781206067696388118e-05
-6.788597987916755727e-05
-6.795988296071087120e-05
-6.803377430231183354e-05
-6.810765783027417086e-05
-6.818153735688170514e-05
-6.825541571309212685e-05
-6.832929525979469787e-05
-6.840317804335249718e-05
-6.847706564250266581e-05
-6.855095929869658988e-05
-6.862485980496657589e-05
-6.869876773085703547e-05
-6.877268325589103171e-05
-6.884660648709406416e-05
-6.892053711216039602e-05
-6.899447484443044232e-05
-6.906842307052851737e-05
-6.914237439226145199e-05
-6.921633245904335041e-05
-6.929029728708346880e-05
-6.936426916204219140e-05
-6.943824919514174354e-05
-6.951223762163838416e-05
-6.958623474517811047e-05
-6.966024220611544138e-05
-6.973426099821100621e-05
-6.980829464464655132e-05
-6.988234021909622840e-05
-6.995640098839128740e-05
-7.003047838127773872e-05
-7.010457332201625036e-05
-7.017868835879070843e-05
-7.025282345574090925e-05
-7.032697854969516271e-05
-7.040115577028327465e-05
-7.047535595738896319e-05
-7.054958395436017327e-05
-7.062383212574907532e-05
-7.069810533533171792e-05
-7.077240413277952058e-05
-7.084672845636408312e-05
-7.092107823236659669e-05
-7.099545395250483892e-05
-7.106985582983060823e-05
-7.114428375187831222e-05
-7.121873809479151163e-05
-7.129321819765443990e-05
-7.136772442906114122e-05
-7.144225661315228848e-05
-7.151681487693739570e-05
-7.159139925771995649e-05
-7.166600953811830266e-05
-7.174064670023572177e-05
-7.181530909750044600e-05
-7.188999864904399573e-05
-7.196471472947774117e-05
-7.203945729294947142e-05
-7.211422938746547828e-05
-7.218902630090617834e-05
-7.226385175029825803e-05
-7.233870515743756613e-05
-7.241358653287122138e-05
-7.248849745544738710e-05
-7.256343699768574851e-05
-7.263840581328562251e-05
-7.271340422465577547e-05
-7.278843238989196607e-05
-7.286349095947386445e-05
-7.293858041257372804e-05
-7.301370055201594766e-05
-7.308885218659799676e-05
-7.316403545276628506e-05
-7.323925222713079108e-05
-7.331450103043035682e-05
-7.338978070714485824e-05
-7.346509312289306592e-05
-7.354043856189207418e-05
-7.361581858378318799e-05
-7.369123064049354355e-05
-7.376667647873702549e-05
-7.384215627004309113e-05
-7.391767043196662001e-05
-7.399322029877364315e-05
-7.406880348248545687e-05
-7.414442197994919326e-05
-7.422007611035397190e-05
-7.429576552664407529e-05
-7.437149026612299707e-05
-7.444725116023676037e-05
-7.452304824040467679e-05
-7.459888195349151374e-05
-7.467475211164753546e-05
-7.475065875328645859e-05
-7.482660272783991928e-05
-7.490258405529193197e-05
-7.497860403848921607e-05
-7.505466165080854068e-05
-7.513075668996727075e-05
-7.520689407602976218e-05
-7.528306553472585705e-05
-7.535927688062660224e-05
-7.543552703226374945e-05
-7.551181579923404996e-05
-7.558814516794853944e-05
-7.566451457430289906e-05
-7.574092419260214371e-05
-7.581737388273612765e-05
-7.589386293271882522e-05
-7.597039516094028500e-05
-7.604696600505000958e-05
-7.612357788511214807e-05
-7.620023153331878518e-05
-7.627692625455928521e-05
-7.635366514935348903e-05
-7.643044563321321760e-05
-7.650726679508945693e-05
-7.658413103139860567e-05
-7.666103836989623943e-05
-7.673799409668724536e-05
-7.681498807621256475e-05
-7.689202610083878398e-05
-7.696910819043889518e-05
-7.704623486226580553e-05
-7.712340799659322954e-05
-7.720062415061956784e-05
-7.727788585720762882e-05
-7.735519364204801462e-05
-7.743254702552437863e-05
-7.750994601996019640e-05
-7.758739168206574277e-05
-7.766488403671001350e-05
-7.774242362057481870e-05
-7.782001075418154556e-05
-7.789764515153674296e-05
-7.797532871345325134e-05
-7.805305848207488850e-05
-7.813083803875908728e-05
-7.820866599583808920e-05
-7.828654206620822009e-05
-7.836447092335330211e-05
-7.844244519916721003e-05
-7.852047072132162242e-05
-7.859854607161764761e-05
-7.867667093908181641e-05
-7.875484795383247416e-05
-7.883307507949854909e-05
-7.891135317972253205e-05
-7.898968317554544427e-05
-7.906806414670342065e-05
-7.914650253293409321e-05
-7.922498823265122780e-05
-7.930352616281055589e-05
-7.938211759939139966e-05
-7.946076258502632328e-05
-7.953946369287923090e-05
-7.961821656321532714e-05
-7.969702377863541187e-05
-7.977588610874608577e-05
-7.985480381889065171e-05
-7.993378124493411008e-05
-8.001281144742744544e-05
-8.009189914415237865e-05
-8.017104504864924763e-05
-8.025024803226532555e-05
-8.032951217262773724e-05
-8.040883287219191544e-05
-8.048821396877681167e-05
-8.056765655095610157e-05
-8.064716030287133464e-05
-8.072672567616123729e-05
-8.080635464113861133e-05
-8.088604772971130785e-05
-8.096580630956307090e-05
-8.104563140876042127e-05
-8.112552331196454247e-05
-8.120548563128604513e-05
-8.128551442110332204e-05
-8.136561586924440093e-05
-8.144578863211737740e-05
-8.152603292499449594e-05
-8.160635548937200667e-05
-8.168674761144245622e-05
-8.176721767760852799e-05
-8.184776362374357461e-05
-8.192838492948606444e-05
-8.200908417699270814e-05
-8.208985897240062002e-05
-8.217070885896404775e-05
-8.225163322839179614e-05
-8.233263137225055317e-05
-8.241370319805874090e-05
-8.249484151512387342e-05
-8.257604436301413386e-05
-8.265730922363268007e-05
-8.273863157581828887e-05
-8.282000787973586853e-05
-8.290143111167047607e-05
-8.298289724772978104e-05
-8.306440187189068070e-05
-8.314593989222629489e-05
-8.322750982658888574e-05
-8.330910125486923334e-05
-8.339071330332181731e-05
-8.347234254502122752e-05
-8.355398558068660719e-05
-8.363564108848642320e-05
-8.371730614020744810e-05
-8.379897868560082230e-05
-8.388065867692695576e-05
-8.396234603169627775e-05
-8.404404109729757266e-05
-8.412574763416724721e-05
-8.420746229975684116e-05
-8.428919076919338949e-05
-8.437093810609308520e-05
-8.445271119872366228e-05
-8.453452193835087058e-05
-8.461638779777569397e-05
-8.469833368685009134e-05
-8.478036843173608617e-05
-8.486243393024395232e-05
-8.494445901685576672e-05
-8.502643169661094902e-05
-8.510836375197339265e-05
-8.519026849229671683e-05
-8.527215479958716315e-05
-8.535402960929694416e-05
-8.543589735054979428e-05
-8.551776217335937957e-05
-8.559962704601797867e-05
-8.568149423204829418e-05
-8.576336935739448109e-05
-8.584524707799801035e-05
-8.592713246302619012e-05
-8.600902695699019773e-05
-8.609093181854987620e-05
-8.617284860990004347e-05
-8.625477780810353323e-05
-8.633672065372355320e-05
-8.641867830194716049e-05
-8.650065165849429860e-05
-8.658264469674215036e-05
-8.666465379525423174e-05
-8.674667985575368334e-05
-8.682872529308660603e-05
-8.691079058753548026e-05
-8.699287797309107617e-05
-8.707498707050120856e-05
-8.715711781670520963e-05
-8.723927207332504707e-05
-8.732145068457430881e-05
-8.740365417114759339e-05
-8.748588577278670897e-05
-8.756814135968404855e-05
-8.765042444769388652e-05
-8.773273583884133586e-05
-8.781507601163252019e-05
-8.789744661275022963e-05
-8.797984663710955999e-05
-8.806227874791350274e-05
-8.814474272667016663e-05
-8.822723897528028658e-05
-8.830976962681535980e-05
-8.839233338253649208e-05
-8.847493316699317489e-05
-8.855756860770558347e-05
-8.864024006072224182e-05
-8.872294982364969940e-05
-8.880569628966217266e-05
-8.888848222010636846e-05
-8.897130687945953298e-05
-8.905417203997068043e-05
-8.913708083391203019e-05
-8.922002879474533188e-05
-8.930301887788427706e-05
-8.938605223418605306e-05
-8.946912929541639414e-05
-8.955225234230645981e-05
-8.963541930340213071e-05
-8.971863191431506124e-05
-8.980189119656145635e-05
-8.988519631536462384e-05
-8.996855472809262011e-05
-9.005195759514972309e-05
-9.013540502800232446e-05
-9.021890174432112275e-05
-9.030244520980001965e-05
-9.038603888744667358e-05
-9.046968084291950873e-05
-9.055336971386385159e-05
-9.063710792278634187e-05
-9.072089524397863869e-05
-9.080473176992231998e-05
-9.088861826422878210e-05
-9.097255584966656983e-05
-9.105654548802188941e-05
-9.114058709358552335e-05
-9.122468127820138051e-05
-9.130883003105605411e-05
-9.139303431704437486e-05
-9.147729727876363626e-05
-9.156161876122670407e-05
-9.164599955013841281e-05
-9.173044383381512290e-05
-9.181495458010502375e-05
-9.189953666943750932e-05
-9.198419189304640753e-05
-9.206892723512272170e-05
-9.215374930482411742e-05
-9.223866702734451195e-05
-9.232369178346910843e-05
-9.240883558914170237e-05
-9.249411871037338528e-05
-9.257956475317019596e-05
-9.266520957640356215e-05
-9.275109093587197151e-05
-9.283726868092312401e-05
-9.292380335856886830e-05
-9.301075111611822877e-05
-9.309812277435991490e-05
-9.318583411521697002e-05
-9.327373929646221029e-05
-9.336169245477421441e-05
-9.344960104440414028e-05
-9.353742300777234675e-05
-9.362514706634517125e-05
-9.371277601044614158e-05
-9.380032128114557111e-05
-9.388779676278158348e-05
-9.397521376508510826e-05
-9.406258400468381353e-05
-9.414991836165231831e-05
-9.423722534962486463e-05
-9.432451343815984046e-05
-9.441178888092149890e-05
-9.449905758862620075e-05
-9.458632468506422697e-05
-9.467359457859814142e-05
-9.476087124637988524e-05
-9.484815809901459005e-05
-9.493545804506453578e-05
-9.502277402906322834e-05
-9.511010788032514540e-05
-9.519746109953874935e-05
-9.528483570298007521e-05
-9.537223297917396536e-05
-9.545965434742953448e-05
-9.554709983383702365e-05
-9.563457047401247024e-05
-9.572206661889737234e-05
-9.580958858501631425e-05
-9.589713662072618661e-05
-9.598470986693641294e-05
-9.607230874120187281e-05
-9.615993328337957280e-05
-9.624758197446237062e-05
-9.633525479257887270e-05
-9.642295144951518182e-05
-9.651067077609543077e-05
-9.659841343434560912e-05
-9.668617729874373623e-05
-9.677396239282654022e-05
-9.686176839240889791e-05
-9.694959439510153487e-05
-9.703744227929078647e-05
-9.712530869787627807e-05
-9.721319306821296635e-05
-9.730109622996252483e-05
-9.738901753308937259e-05
-9.747695725537131040e-05
-9.756491463541738796e-05
-9.765288995056131682e-05
-9.774088320302354305e-05
-9.782889415177464798e-05
-9.791692276184260635e-05
-9.800496923284551798e-05
-9.809303387875445424e-05
-9.818111698678411159e-05
-9.826921857714054909e-05
-9.835733902241461379e-05
-9.844547896398214704e-05
-9.853363868594922081e-05
-9.862181873876441074e-05
-9.871001943984047955e-05
-9.879824122382974139e-05
-9.888648496070295835e-05
-9.897475106079856033e-05
-9.906304032902824019e-05
-9.915135278704134691e-05
-9.923968934466564917e-05
-9.932805066559247109e-05
-9.941643750288609027e-05
-9.950485084742055619e-05
-9.959329053643717344e-05
-9.968175779295762595e-05
-9.977025300100805794e-05
-9.985877688245548001e-05
-9.994732954465845864e-05
-1.000359116407611992e-04
-1.001245239593551162e-04
-1.002131675733597405e-04
-1.003018415250966910e-04
-1.003905464610488352e-04
-1.004792830486822552e-04
-1.005680514948315007e-04
-1.006568520693917890e-04
-1.007456846546794793e-04
-1.008345499389218247e-04
-1.009234483213550249e-04
-1.010123792591910430e-04
-1.011013444466302147e-04
-1.011903409506853535e-04
-1.012793702949155161e-04
-1.013684325738006820e-04
-1.014575274400630889e-04
-1.015466543663468002e-04
-1.016358156643581978e-04
-1.017250060618701824e-04
-1.018142281464795573e-04
-1.019034816377439867e-04
-1.019927659138275544e-04
-1.020820817545509129e-04
-1.021714267394058240e-04
-1.022608019538573387e-04
-1.023502068310255808e-04
-1.024396409651240347e-04
-1.025291044266518625e-04
-1.026185969191795166e-04
-1.027081188635925457e-04
-1.027976690376464219e-04
-1.028872480203224526e-04
-1.029768564894117944e-04
-1.030664920581569888e-04
-1.031561562674365717e-04
-1.032458479678366459e-04
-1.033355676869351925e-04
-1.034253172281784927e-04
-1.035150926110839364e-04
-1.036048951525980755e-04
-1.036947249587472086e-04
-1.037845811584503508e-04
-1.038744646254530224e-04
-1.039643737889006658e-04
-1.040543085958356428e-04
-1.041442688861637933e-04
-1.042342536480278525e-04
-1.043242657355891723e-04
-1.044142994646168887e-04
-1.045043555903957255e-04
-1.045944343136540056e-04
-1.046845344933045041e-04
-1.047746564806217862e-04
-1.048647986067186011e-04
-1.049549596078280800e-04
-1.050451392821116769e-04
-1.051353364044382843e-04
-1.052255517384192984e-04
-1.053157838771801025e-04
-1.054060285562430366e-04
-1.054962871758213794e-04
-1.055865585913862148e-04
-1.056768417700970630e-04
-1.057671357902467690e-04
-1.058574395824685155e-04
-1.059477521198060046e-04
-1.060380722942566578e-04
-1.061283990830830248e-04
-1.062187314893048296e-04
-1.063090684614298453e-04
-1.063994089298692103e-04
-1.064897520213214932e-04
-1.065800967031682589e-04
-1.066704418066777293e-04
-1.067607870427478289e-04
-1.068511310553521554e-04
-1.069414733142481921e-04
-1.070318132323500038e-04
-1.071221499372443375e-04
-1.072124829618603670e-04
-1.073028120579522238e-04
-1.073931368686942278e-04
-1.074834570033988967e-04
-1.075737720396263697e-04
-1.076640826118691052e-04
-1.077543886734977363e-04
-1.078446903377550115e-04
-1.079349881062396932e-04
-1.080252824176008986e-04
-1.081155744261375062e-04
-1.082058648460559880e-04
-1.082961546515770479e-04
-1.083864450789340239e-04
-1.084767371674066894e-04
-1.085670328618837388e-04
-1.086573334732054974e-04
-1.087476406474996438e-04
-1.088379560677532609e-04
-1.089282819706216543e-04
-1.090186189492969859e-04
-1.091089695853808550e-04
-1.091993355565312740e-04
-1.092897185012153827e-04
-1.093801201350608210e-04
-1.094705425926933984e-04
-1.095609879261383313e-04
-1.096514589024044639e-04
-1.097419589827230979e-04
-1.098324913529902247e-04
-1.099230612016111053e-04
-1.100136741841728494e-04
-1.101043384583721974e-04
-1.101950612989455180e-04
-1.102858550771079749e-04
-1.103767359657004121e-04
-1.104677236453133204e-04
-1.105588459281436897e-04
-1.106501416029415097e-04
-1.107416742024414091e-04
-1.108335370016977350e-04
-1.109259159041142695e-04
-1.110191735925747381e-04
-1.111143906787903646e-04
-1.112178305270328238e-04
-1.113303210028560031e-04
-1.114320204841368067e-04
-1.115308556378646898e-04
-1.116282932029921682e-04
-1.117248936738368670e-04
-1.118209270960512924e-04
-1.119165429122048749e-04
-1.120118444202233832e-04
-1.121068953444659400e-04
-1.122017455402746222e-04
-1.122964305979579080e-04
-1.123909790470278836e-04
-1.124854125983398845e-04
-1.125797480778789605e-04
-1.126740026444750242e-04
-1.127681841710526101e-04
-1.128623073706203073e-04
-1.129563782984455145e-04
-1.130504046497060600e-04
-1.131443923580999211e-04
-1.132383482316257073e-04
-1.133322769776290428e-04
-1.134261836508443366e-04
-1.135200721306128813e-04
-1.136139472631692016e-04
-1.137078127988466747e-04
-1.138016716570877662e-04
-1.138955289059495612e-04
-1.139893869767094614e-04
-1.140832493758958677e-04
-1.141771194606011619e-04
-1.142709999486513084e-04
-1.143648942061314955e-04
-1.144588051356087988e-04
-1.145527354214914695e-04
-1.146466880900254282e-04
-1.147406648662752104e-04
-1.148346702399827279e-04
-1.149287050266067922e-04
-1.150227710597917508e-04
-1.151168690723958221e-04
-1.152109998432404581e-04
-1.153051627532653001e-04
-1.153993564060318278e-04
-1.154935797670342268e-04
-1.155878312142366582e-04
-1.156821098319271712e-04
-1.157764150793161306e-04
-1.158707472644904257e-04
-1.159651078898038534e-04
-1.160594983675711234e-04
-1.161539218891283198e-04
-1.162483777171763322e-04
-1.163428696334678492e-04
-1.164373999714696239e-04
-1.165319698478439747e-04
-1.166265859061654808e-04
-1.167212420966068365e-04
-1.168159448970973457e-04
-1.169106961449450921e-04
-1.170054987922330980e-04
-1.171003537216996904e-04
-1.171952633838291291e-04
-1.172902307101653108e-04
-1.173852584228640694e-04
-1.174803487434816773e-04
-1.175755035590642095e-04
-1.176707302887880502e-04
-1.177660225704091346e-04
-1.178613899899261241e-04
-1.179568330617053462e-04
-1.180523568565794434e-04
-1.181479666263474115e-04
-1.182436665705388634e-04
-1.183394646625535174e-04
-1.184353631139556384e-04
-1.185313682567912252e-04
-1.186274913040907819e-04
-1.187237347973768564e-04
-1.188201066034677567e-04
-1.189166126706053817e-04
-1.190132537031152182e-04
-1.191100274051670738e-04
-1.192069168617360120e-04
-1.193038961898595929e-04
-1.194009336032975099e-04
-1.194979964225240110e-04
-1.195950619148344884e-04
-1.196921166369824263e-04
-1.197891612284562868e-04
-1.198862020926894090e-04
-1.199832464804373444e-04
-1.200803069428824088e-04
-1.201773880659118277e-04
-1.202745006610994594e-04
-1.203716519889708181e-04
-1.204688489641059235e-04
-1.205661032435134672e-04
-1.206634084522928418e-04
-1.207607754538653211e-04
-1.208582085192588806e-04
-1.209557102687108809e-04
-1.210532843800571356e-04
-1.211509354801520999e-04
-1.212486620995045783e-04
-1.213464702403133089e-04
-1.214443609505178046e-04
-1.215423358936762455e-04
-1.216403981330049788e-04
-1.217385491241174122e-04
-1.218367911339779397e-04
-1.219351258188172693e-04
-1.220335553092644076e-04
-1.221320819847493411e-04
-1.222307066044425738e-04
-1.223294324859125481e-04
-1.224282582567015609e-04
-1.225271865157306905e-04
-1.226262289542034978e-04
-1.227253652102966441e-04
-1.228246113633701952e-04
-1.229239649558344638e-04
-1.230234259950169218e-04
-1.231230011036199556e-04
-1.232226861788143779e-04
-1.233224838589341843e-04
-1.234223967563341517e-04
-1.235224233243625847e-04
-1.236225751571895515e-04
-1.237228368847764770e-04
-1.238232165772235049e-04
-1.239237175616469955e-04
-1.240243402720331289e-04
-1.241250903180057819e-04
-1.242259588780658675e-04
-1.243269530039059489e-04
-1.244280722847435072e-04
-1.245293189505725096e-04
-1.246306975862809807e-04
-1.247322026487474034e-04
-1.248338390861247760e-04
-1.249356087225095280e-04
-1.250375101717882131e-04
-1.251395435646340815e-04
-1.252417106155645499e-04
-1.253440138655470548e-04
-1.254464550014544599e-04
-1.255490323568420052e-04
-1.256517458412265142e-04
-1.257545986689256878e-04
-1.258575906784020759e-04
-1.259607267555251653e-04
-1.260640023277304067e-04
-1.261674161022741103e-04
-1.262709754744628654e-04
-1.263746703829005114e-04
-1.264785098185061685e-04
-1.265824879780330647e-04
-1.266866094069563076e-04
-1.267908845411502838e-04
-1.268952904240894242e-04
-1.269998417813278380e-04
-1.271045326383113405e-04
-1.272093674505869743e-04
-1.273143507595220214e-04
-1.274194721417876153e-04
-1.275247357321873665e-04
-1.276301430285231575e-04
-1.277356931435047471e-04
-1.278413876328876597e-04
-1.279472278646887062e-04
-1.280532115250920810e-04
-1.281593407236325532e-04
-1.282656149639294085e-04
-1.283720416993539004e-04
-1.284786081884314868e-04
-1.285853210761800369e-04
-1.286921822258868531e-04
-1.287991912829467012e-04
-1.289063630683928707e-04
-1.290136913167927446e-04
-1.291211479355069969e-04
-1.292287569218952825e-04
-1.293365163385074013e-04
-1.294444260462324081e-04
-1.295524896605115828e-04
-1.296607071240574172e-04
-1.297690803057083286e-04
-1.298776101940068983e-04
-1.299862958862307849e-04
-1.300951503293568123e-04
-1.302041507238449469e-04
-1.303133120066357620e-04
-1.304226392639940002e-04
-1.305321257253355682e-04
-1.306417744553201032e-04
-1.307515845441198366e-04
-1.308615650577049649e-04
-1.309717109466701501e-04
-1.310820210743690595e-04
-1.311925129535707057e-04
-1.313031577065970623e-04
-1.314139766477318005e-04
-1.315249616684610601e-04
-1.316361136182164771e-04
-1.317474388337069868e-04
-1.318589276976256386e-04
-1.319705805065130022e-04
-1.320823982831065280e-04
-1.321943774362788204e-04
-1.323065201234152610e-04
-1.324188109139701197e-04
-1.325312503727138491e-04
-1.326438354468661984e-04
-1.327565598951974124e-04
-1.328694246053307992e-04
-1.329824116094169284e-04
-1.330955198793892791e-04
-1.332087447467600327e-04
-1.333220795591838481e-04
-1.334355286511934580e-04
-1.335490669064354208e-04
-1.336626989024702894e-04
-1.337764206178482240e-04
-1.338902278321674189e-04
-1.340041160886595861e-04
-1.341180852439949334e-04
-1.342321271863289311e-04
-1.343462438448961294e-04
-1.344604338786581366e-04
-1.345746959001692389e-04
-1.346890341860085272e-04
-1.348034418460208883e-04
-1.349179259697574906e-04
-1.350324914589640102e-04
-1.351471438255646973e-04
-1.352618968790686438e-04
-1.353767611326217590e-04
-1.354917721800852348e-04
-1.356069790077185644e-04
-1.357224899992681699e-04
-1.358385203593659440e-04
-1.359553429985949080e-04
-1.360724217835951322e-04
-1.361891823953298442e-04
-1.363056790329997270e-04
-1.364220136509386450e-04
-1.365382513864865643e-04
-1.366544320728912965e-04
-1.367705822702403040e-04
-1.368867207663937435e-04
-1.370028621316965456e-04
-1.371190185840420739e-04
-1.372352010374777720e-04
-1.373514205549319911e-04
-1.374676885983472374e-04
-1.375840188931887198e-04
-1.377004253124702871e-04
-1.378169281441854466e-04
-1.379335536382253480e-04
-1.380503347500061651e-04
-1.381673216593881648e-04
-1.382845793836962045e-04
-1.384022213815061519e-04
-1.385204147380525441e-04
-1.386393838179733606e-04
-1.387591200870952335e-04
-1.388787055204288023e-04
-1.389973128630428434e-04
-1.391150685626785233e-04
-1.392322513698029951e-04
-1.393490544409070608e-04
-1.394655900408547922e-04
-1.395819332459247164e-04
-1.396981300862965014e-04
-1.398142122249756980e-04
-1.399302066252827714e-04
-1.400461306110267756e-04
-1.401619992869029829e-04
-1.402778221066824926e-04
-1.403936091426416510e-04
-1.405093694775150226e-04
-1.406251075295461561e-04
-1.407408324939352084e-04
-1.408565475683465351e-04
-1.409722583934902573e-04
-1.410879689386357327e-04
-1.412036833762231325e-04
-1.413194055437383412e-04
-1.414351391867407770e-04
-1.415508877531390652e-04
-1.416666547578993018e-04
-1.417824435043790743e-04
-1.418982570344784477e-04
-1.420140984781381732e-04
-1.421299709942758227e-04
-1.422458766803247343e-04
-1.423618197657905426e-04
-1.424778015357563987e-04
-1.425938234750345757e-04
-1.427098887299971253e-04
-1.428259982412249940e-04
-1.429421559586696588e-04
-1.430583633967863477e-04
-1.431746166971059608e-04
-1.432909201991572345e-04
-1.434072734451952158e-04
-1.435236797217021021e-04
-1.436401344989679529e-04
-1.437566402574530500e-04
-1.438731968663731209e-04
-1.439898029871322649e-04
-1.441064583893592044e-04
-1.442231708839170068e-04
-1.443399240937948136e-04
-1.444567272543828551e-04
-1.445735816819615494e-04
-1.446904888078304197e-04
-1.448074537773180737e-04
-1.449244746732913924e-04
-1.450415596286891429e-04
-1.451587099507989365e-04
-1.452759294281458224e-04
-1.453932242616584603e-04
-1.455105986313265376e-04
-1.456280584908320463e-04
-1.457456062592399348e-04
-1.458632493008815700e-04
-1.459809926852573270e-04
-1.460988439431210040e-04
-1.462168060692992100e-04
-1.463348853877333156e-04
-1.464530891819304514e-04
-1.465714295856290761e-04
-1.466898982956932329e-04
-1.468085069132873954e-04
-1.469272623630946129e-04
-1.470461701650327413e-04
-1.471652405247159123e-04
-1.472844706532638881e-04
-1.474038696520629799e-04
-1.475234444494599728e-04
-1.476431989667625899e-04
-1.477631445647720199e-04
-1.478832686732101109e-04
-1.480035810192958934e-04
-1.481240777728709546e-04
-1.482447469096648263e-04
-1.483655753695689583e-04
-1.484865301027982198e-04
-1.486075771824912906e-04
-1.487286702938073191e-04
-1.488497567321278581e-04
-1.489707890537372847e-04
-1.490917257280788277e-04
-1.492125390305520938e-04
-1.493332148811976623e-04
-1.494537459622025111e-04
-1.495741399610839295e-04
-1.496944037772118818e-04
-1.498145510753223775e-04
-1.499345965328968688e-04
-1.500545548515086480e-04
-1.501744395766557716e-04
-1.502942639596271945e-04
-1.504140407622145403e-04
-1.505337803349160453e-04
-1.506534958476413166e-04
-1.507731960799230109e-04
-1.508928919726759688e-04
-1.510125899143455186e-04
-1.511322995865205243e-04
-1.512520287630936267e-04
-1.513717852684726140e-04
-1.514915803123573212e-04
-1.516114133141011067e-04
-1.517312946297533216e-04
-1.518512319168552338e-04
-1.519712317055166295e-04
-1.520913006033408621e-04
-1.522114459461265668e-04
-1.523316742189084749e-04
-1.524519935651724722e-04
-1.525724110393866795e-04
-1.526929397611676009e-04
-1.528135782545847476e-04
-1.529343406322380972e-04
-1.530552367124959900e-04
-1.531762725296426098e-04
-1.532974687905586109e-04
-1.534188282411586002e-04
-1.535403567677340320e-04
-1.536620751413364516e-04
-1.537839955280118076e-04
-1.539061318663881295e-04
-1.540285051946366224e-04
-1.541511311768939407e-04
-1.542740296883726714e-04
-1.543972285505956776e-04
-1.545207478114152266e-04
-1.546446215628938248e-04
-1.547688776727396132e-04
-1.548935558284281200e-04
-1.550186798391361975e-04
-1.551442981265749310e-04
-1.552704570232377179e-04
-1.553972023325966845e-04
-1.555246025388701270e-04
-1.556526735055907551e-04
-1.557814815047464663e-04
-1.559110706697008908e-04
-1.560414607901794426e-04
-1.561726479110125965e-04
-1.563046125595546343e-04
-1.564373041459399261e-04
-1.565706468241723215e-04
-1.567045389276877643e-04
-1.568388445867263670e-04
-1.569734339564865522e-04
-1.571081811695407282e-04
-1.572429775150707698e-04
-1.573777267440679140e-04
-1.575123626351704331e-04
-1.576468320390045363e-04
-1.577811015160968111e-04
-1.579151482030693998e-04
-1.580489686842101449e-04
-1.581825554787252841e-04
-1.583159103588638317e-04
-1.584490479789035788e-04
-1.585819669677190902e-04
-1.587146857880972206e-04
-1.588472173863486603e-04
-1.589795690963846653e-04
-1.591117533451535948e-04
-1.592437836690496766e-04
-1.593756735237539246e-04
-1.595074298825771564e-04
-1.596390616548371000e-04
-1.597705818213723816e-04
-1.599020004419138274e-04
-1.600333252521624061e-04
-1.601645656069683454e-04
-1.602957279541739055e-04
-1.604268251814700008e-04
-1.605578642336347173e-04
-1.606888535784500860e-04
-1.608198030094154518e-04
-1.609507215292182991e-04
-1.610816215927846073e-04
-1.612125174031975305e-04
-1.613434206321207043e-04
-1.614743576449084728e-04
-1.616053523059157726e-04
-1.617364420993805396e-04
-1.618676944274977103e-04
-1.619992243447887503e-04
-1.621313052303507973e-04
-1.622648543437854585e-04
-1.624102101797086917e-04
-1.625449681624813181e-04
-1.626776934243734374e-04
-1.628096545985835419e-04
-1.629411916818090944e-04
-1.630724450084608534e-04
-1.632034948266802843e-04
-1.633343847136092819e-04
-1.634651461772662628e-04
-1.635957986220182292e-04
-1.637263584743919864e-04
-1.638568389134009706e-04
-1.639872456070667894e-04
-1.641175907166614323e-04
-1.642478783833167810e-04
-1.643781138519484486e-04
-1.645083034883532136e-04
-1.646384519939925184e-04
-1.647035050195144734e-04
