4.386097093395296409e-01
4.386393557030390800e-01
4.386833517018947637e-01
4.387468733515447750e-01
4.388248722933933421e-01
4.388858636229474586e-01
4.388729050797245401e-01
4.387973484479557040e-01
4.387150588591942624e-01
4.386470067982766174e-01
4.385925262789677204e-01
4.385509365403030824e-01
4.385196954569427485e-01
4.384972252655007230e-01
4.384813326744638751e-01
4.384711202923357587e-01
4.384655040328936382e-01
4.384647450565327675e-01
4.384697809647896682e-01
4.384823006798870271e-01
4.385029712241862443e-01
4.385235666945007660e-01
4.385267702779186982e-01
4.385222714200504579e-01
4.385243703283572270e-01
4.385343309747103957e-01
4.385509481435938550e-01
4.385726835265781887e-01
4.385994172909822297e-01
4.386304973241861305e-01
4.386651963316678393e-01
4.387037071677483135e-01
4.387470277507605210e-01
4.387929008056458691e-01
4.388423409495710303e-01
4.388954594785534069e-01
4.389526136035292181e-01
4.390162422464691794e-01
4.390837211179469124e-01
4.391618135177782767e-01
4.392515602906618688e-01
4.393587791844283386e-01
4.394856511622692863e-01
4.396084846952152958e-01
4.396619087078275645e-01
4.396311525787021668e-01
4.395807514810457506e-01
4.395453976150557884e-01
4.395252167446612734e-01
4.395149610052243028e-01
4.395092257441296502e-01
4.395042537991672438e-01
4.394977981964931502e-01
4.394881560359715778e-01
4.394743717908264347e-01
4.394554108573596740e-01
4.394320536275017064e-01
4.394039680582985663e-01
4.393714362176379673e-01
4.393349375852478311e-01
4.392941009192755653e-01
4.392518541864463000e-01
4.392081806467779126e-01
4.391640355325163725e-01
4.391191678061149850e-01
4.390765598051523111e-01
4.390356668089583914e-01
4.389969610946335421e-01
4.389608317540028004e-01
4.389268069436969566e-01
4.388969177611699579e-01
4.388706138850761440e-01
4.388482865700454316e-01
4.388300237268684678e-01
4.388173815205669293e-01
4.388106993374439879e-01
4.388111873964307685e-01
4.388206257254372855e-01
4.388420756530567735e-01
4.388791450235598468e-01
4.389385146162814166e-01
4.390217311560340452e-01
4.391083619395180770e-01
4.391272464493973793e-01
4.390558922518657536e-01
4.389672695625052024e-01
4.389007058350110624e-01
4.388550598050900975e-01
4.388256031800189527e-01
4.388069972262142460e-01
4.387967541384329428e-01
4.387923325485925119e-01
4.387915904992404914e-01
4.387924458286036611e-01
4.387936163403338696e-01
4.387951914945433241e-01
4.387980675457316959e-01
4.388028126986342481e-01
4.388097807144323292e-01
4.388187807700311138e-01
4.388297902566141717e-01
4.388430643213037108e-01
4.388578640310570322e-01
4.388744501760091232e-01
4.388927822406907264e-01
4.389133017073324483e-01
4.389347169274009919e-01
4.389566094272565611e-01
4.389786627908399130e-01
4.389984434222610199e-01
4.390152086921826902e-01
4.390286085246589143e-01
4.390403593193413778e-01
4.390519618267015312e-01
4.390653178729187478e-01
4.390828292073449823e-01
4.391058841280714442e-01
4.391397425528282272e-01
4.391888156167593205e-01
4.392596084763124575e-01
4.393452302617955052e-01
4.393919952915524840e-01
4.393386001212983283e-01
4.392352363207810417e-01
4.391426828228349177e-01
4.390733929030260496e-01
4.390205654870167340e-01
4.389801370569376138e-01
4.389469443997044418e-01
4.389203363873693253e-01
4.388980192204687825e-01
4.388791279328393968e-01
4.388630698702760680e-01
4.388490704704276490e-01
4.388374586698406410e-01
4.388275692308571951e-01
4.388191999591570802e-01
4.388120762808762065e-01
4.388065228394952833e-01
4.388023754476714222e-01
4.387997061696526924e-01
4.387986083783991242e-01
4.387992240993175419e-01
4.388016409511406035e-01
4.388059845755252208e-01
4.388124142317111342e-01
4.388213800443508950e-01
4.388326799181072602e-01
4.388468045856288025e-01
4.388641260658321941e-01
4.388851215117215432e-01
4.389111316778126493e-01
4.389417299883441315e-01
4.389787013951322314e-01
4.390237601704633508e-01
4.390794699353503527e-01
4.391507667774859347e-01
4.392411487087166666e-01
4.393531237450551963e-01
4.394560574732768732e-01
4.394752445846749622e-01
4.394142198777645780e-01
4.393476964782947469e-01
4.393047684568432421e-01
4.392828253098144953e-01
4.392762093207256413e-01
4.392808230465447550e-01
4.392934837971471107e-01
4.393122967137835233e-01
4.393366250354264757e-01
4.393642946503633073e-01
4.393951318389464622e-01
4.394285367829690592e-01
4.394639842886094994e-01
4.395019651398241467e-01
4.395401433373087863e-01
4.395790753471171541e-01
4.396184509479276747e-01
4.396590457319387579e-01
4.396986537845183340e-01
4.397381666963583458e-01
4.397774897868835242e-01
4.398165057473472084e-01
4.398554327673230846e-01
4.398925288813919088e-01
4.399269252426475929e-01
4.399550462872601209e-01
4.399759255767984323e-01
4.399911839157065185e-01
4.400029418158996064e-01
4.400133603908552571e-01
4.400235875262409890e-01
4.400358275128922192e-01
4.400519225904502840e-01
4.400770252464270560e-01
4.401161829732902486e-01
4.401745011526764784e-01
4.402395901777015896e-01
4.402472892613417121e-01
4.401549672578098371e-01
4.400293429365807474e-01
4.399192232731678476e-01
4.398318702932285662e-01
4.397598682018621918e-01
4.397003650931354257e-01
4.396492853018078573e-01
4.396036249139958496e-01
4.395644463011303960e-01
4.395298130663644054e-01
4.394993320019430216e-01
4.394722273353928732e-01
4.394499100613492582e-01
4.394318890253942622e-01
4.394185858030401626e-01
4.394106280417452437e-01
4.394089153026602967e-01
4.394146855665949092e-01
4.394296353523109433e-01
4.394552020208976617e-01
4.394942767690774299e-01
4.395511612559713233e-01
4.396317491680623024e-01
4.397450904657049797e-01
4.398924659503355983e-01
4.400651002076905738e-01
4.402025629128891726e-01
4.402172555122598196e-01
4.400968703683179606e-01
4.399270420808087945e-01
4.397726366185924496e-01
4.396584974726285289e-01
4.395830700628056698e-01
4.395459811411617790e-01
4.395457039240872610e-01
4.395836807943695468e-01
4.396543671097654093e-01
4.397115187841036388e-01
4.396831345009368786e-01
4.396003389096114211e-01
4.395317995512586506e-01
4.394943393615940441e-01
4.394844294199297674e-01
4.394966157625588288e-01
4.395266546142095332e-01
4.395726024914217711e-01
4.396335454695181055e-01
4.397093329475776913e-01
4.398029470501408356e-01
4.399106843720155258e-01
4.400361445402026783e-01
4.401813171452797491e-01
4.403534103277962353e-01
4.405471969622261619e-01
4.407707891465651451e-01
4.410290677698897599e-01
4.413272945641217859e-01
4.416744430132565902e-01
4.420614338677187893e-01
4.424851396029068629e-01
4.428963968307183530e-01
4.432295606837792779e-01
4.433795557187021896e-01
4.432926803561862417e-01
4.429972891079841935e-01
4.425996885875271292e-01
4.421829376564075931e-01
4.418097585884649403e-01
4.414914068004920367e-01
4.412396414386473564e-01
4.410442061894682686e-01
4.408874470207360674e-01
4.407470793537511256e-01
4.406202046344133705e-01
4.405289765798445778e-01
4.404617790943189948e-01
4.403467368065403509e-01
4.401573348558059928e-01
4.399632274923761521e-01
4.397998341216178830e-01
4.396629002391839736e-01
4.395492551086878641e-01
4.394511922614252608e-01
4.393682524680165846e-01
4.392954297425865628e-01
4.392348408339812882e-01
4.391833411378149310e-01
4.391399850382027292e-01
4.391040135328090344e-01
4.390741499429693384e-01
4.390513805646489298e-01
4.390344660555652312e-01
4.390228450339557220e-01
4.390167241345181992e-01
4.390157785338151819e-01
4.390197181068679066e-01
4.390280181987218922e-01
4.390414586378479367e-01
4.390596845376741886e-01
4.390814524695293986e-01
4.391091428224065396e-01
4.391401476931551251e-01
4.391779955923719725e-01
4.392204184456069971e-01
4.392688030355770823e-01
4.393238340217034410e-01
4.393864376092700974e-01
4.394598511698821763e-01
4.395422561371158388e-01
4.396380239739444140e-01
4.397511045960902365e-01
4.398871420384921627e-01
4.400531178211413708e-01
4.402414741376771135e-01
4.403976079131973198e-01
4.404615344856265824e-01
4.404881375884366901e-01
4.405385004828122342e-01
4.406231353917761107e-01
4.407405398777649586e-01
4.408845930352576770e-01
4.410605477966258459e-01
4.412608612861905755e-01
4.414923942680874513e-01
4.417594218594111388e-01
4.420728016227078450e-01
4.424379715230999932e-01
4.428984690981558892e-01
4.436034928599667526e-01
4.439478742889069740e-01
4.436605917961826684e-01
4.435535869332205006e-01
4.434333044295107329e-01
4.432545889845732612e-01
4.430231407066347882e-01
4.427676933107422830e-01
4.425162587996631092e-01
4.422817816561480653e-01
4.420727476938529632e-01
4.418879884940919434e-01
4.417365617624406937e-01
4.416116633945431080e-01
4.415109343394442720e-01
4.414320618498672189e-01
4.413718680743415335e-01
4.413268112007540100e-01
4.412830113178254354e-01
4.412214188209404031e-01
4.411313897534950290e-01
4.410339872520054327e-01
4.409550824272208680e-01
4.409081299600918769e-01
4.408577337535860563e-01
4.407309470445656685e-01
4.405445596582455159e-01
4.403672248194108740e-01
4.402225952816963273e-01
4.401029973186439403e-01
4.400050230086823277e-01
4.399212294177090588e-01
4.398504257436999243e-01
4.397892116587402978e-01
4.397347151406645893e-01
4.396884584098482152e-01
4.396480895766828323e-01
4.396129214391703011e-01
4.395820650419480780e-01
4.395558934669652751e-01
4.395336282736760358e-01
4.395146020790291486e-01
4.394978159735420387e-01
4.394823632210607678e-01
4.394683059745490006e-01
4.394555163752000837e-01
4.394441631457494113e-01
4.394342159931571845e-01
4.394256813364394998e-01
4.394191152407458945e-01
4.394143272770952846e-01
4.394113353956661250e-01
4.394101885280433106e-01
4.394110963870210829e-01
4.394143134749747825e-01
4.394203883510356956e-01
4.394302364448753884e-01
4.394455786852000112e-01
4.394684336023148008e-01
4.395032066584966257e-01
4.395541942715718298e-01
4.396253583982832613e-01
4.396985874267827499e-01
4.397080289576227874e-01
4.396250572144240754e-01
4.395156239188915959e-01
4.394219265585432854e-01
4.393492266918267997e-01
4.392906063273271933e-01
4.392431001177378169e-01
4.392019742704553753e-01
4.391673521519894319e-01
4.391369000807148204e-01
4.391098090269002774e-01
4.390855349531461171e-01
4.390631821595389339e-01
4.390436266005489641e-01
4.390261367962782213e-01
4.390106391683638032e-01
4.389967848426869490e-01
4.389852674924319964e-01
4.389757299383796885e-01
4.389681949222780655e-01
4.389626925675794711e-01
4.389592026153624760e-01
4.389579569368176615e-01
4.389589172781765414e-01
4.389621855822007923e-01
4.389678953561164665e-01
4.389764690459819207e-01
4.389877105864652962e-01
4.390021040447972256e-01
4.390200685712642992e-01
4.390428277870832563e-01
4.390701367299120750e-01
4.391038244206196262e-01
4.391459106152040270e-01
4.391995096762156825e-01
4.392701978894704151e-01
4.393610524468232748e-01
4.394686277330441260e-01
4.395471201714596376e-01
4.395327375685703086e-01
4.394610853572858411e-01
4.393951059644262691e-01
4.393489046345054327e-01
4.393199302133240502e-01
4.393018679653207248e-01
4.392917179288879370e-01
4.392863443000196710e-01
4.392839747762304903e-01
4.392833102557247016e-01
4.392833742531061514e-01
4.392833602619362621e-01
4.392826727734013836e-01
4.392808845953656283e-01
4.392776359045786339e-01
4.392729896701345615e-01
4.392669249968302325e-01
4.392595970947556494e-01
4.392510328398602781e-01
4.392420168603890507e-01
4.392327941285384951e-01
4.392238982490737631e-01
4.392159198056790892e-01
4.392093392589823120e-01
4.392051384711690432e-01
4.392037921910243448e-01
4.392060032560525240e-01
4.392125429144623228e-01
4.392246720001555804e-01
4.392428708465362375e-01
4.392687206118536247e-01
4.393040137096028697e-01
4.393519292273176946e-01
4.394148594830771248e-01
4.394997755442797693e-01
4.396117481639251756e-01
4.397572160288383825e-01
4.399203391163765686e-01
4.400256481540889553e-01
4.399771812296841000e-01
4.398250447097457605e-01
4.397018700286415838e-01
4.396258303575010795e-01
4.395832923315168284e-01
4.395627354778721130e-01
4.395579976982409431e-01
4.395649079278244886e-01
4.395804404976029200e-01
4.396028678078707230e-01
4.396309422877307527e-01
4.396646584158868665e-01
4.397016639772630686e-01
4.397422825490147624e-01
4.397861978766592350e-01
4.398331911099093716e-01
4.398837383601342244e-01
4.399363474106944283e-01
4.399920626202882268e-01
4.400490711230448104e-01
4.401076138497395096e-01
4.401676892187655898e-01
4.402285245225813215e-01
4.402896937577374659e-01
4.403528041618536837e-01
4.404207122431247345e-01
4.404970328484426045e-01
4.405876016708363818e-01
4.406979117499092991e-01
4.408388419835481131e-01
4.410221940514815198e-01
4.412433127034164904e-01
4.414408724035062126e-01
4.414901127353985655e-01
4.414588906472691199e-01
4.414763996353129327e-01
4.415711569046114060e-01
4.416974057004706133e-01
4.417763391573475973e-01
4.417277422413677934e-01
4.415096487712569240e-01
4.412709489229635351e-01
4.410927822940036713e-01
4.409702152668760200e-01
4.408888326747321673e-01
4.408348103047486366e-01
4.407998070864125872e-01
4.407790998609770750e-01
4.407678142782031627e-01
4.407632810157133818e-01
4.407628531977690334e-01
4.407652051164321350e-01
4.407699388542152819e-01
4.407767309596413718e-01
4.407857416610482248e-01
4.407970537661040633e-01
4.408107464720846247e-01
4.408273701096322994e-01
4.408462498625361770e-01
4.408679939073396614e-01
4.408929310217435948e-01
4.409215504302640976e-01
4.409550408434852464e-01
4.409935124094581105e-01
4.410377148410658532e-01
4.410818854812648127e-01
4.411166833530471010e-01
4.411482151895494974e-01
4.411863191047736832e-01
4.412328270715756839e-01
4.412892445157109989e-01
4.413586362190520251e-01
4.414430495428270373e-01
4.415496511458782414e-01
4.416750722699213094e-01
4.417892484015099042e-01
4.418221893254472010e-01
4.417832089899840220e-01
4.417403062705839156e-01
4.417198151420745900e-01
4.417199915442475699e-01
4.417355540825622096e-01
4.417621005502432308e-01
4.417943941422531884e-01
4.418279457502568008e-01
4.418567114448884170e-01
4.418786178302097634e-01
4.418954636512857914e-01
4.419105662354259056e-01
4.419276704056577798e-01
4.419474751062998363e-01
4.419708179476590781e-01
4.419976376740439861e-01
4.420277089518137581e-01
4.420616814860074406e-01
4.420976629797785940e-01
4.421363335130156225e-01
4.421776171822381918e-01
4.422226454574238463e-01
4.422691873052062017e-01
4.423184065909331331e-01
4.423704441043041502e-01
4.424255348041580271e-01
4.424855810092570563e-01
4.425480896734625968e-01
4.426151924937445359e-01
4.426878082842258255e-01
4.427693579066303009e-01
4.428576596925260511e-01
4.429574187400431295e-01
4.430727358698913210e-01
4.432092090433388809e-01
4.433722591601388929e-01
4.435476215461626182e-01
4.436754917526006259e-01
4.437192032675203457e-01
4.437392314441561680e-01
4.437746954442728931e-01
4.438181681902881870e-01
4.438531334576780729e-01
4.438769345385207843e-01
4.439015938792437166e-01
4.439357435874499713e-01
4.439834553278651508e-01
4.440433697295296800e-01
4.441169287090517837e-01
4.441994193234655164e-01
4.442918051004777769e-01
4.443936217987448090e-01
4.445045643877795216e-01
4.446274907323649050e-01
4.447556130857224788e-01
4.448905334023964264e-01
4.450296575836100166e-01
4.451688422614923923e-01
4.453062046067982060e-01
4.454288293358650841e-01
4.455436682861299014e-01
4.456494130627989825e-01
4.457566040497615290e-01
4.458654543858119323e-01
4.459889654146792504e-01
4.461273820626979747e-01
4.462861373921813146e-01
4.464742086205342742e-01
4.466868252532286698e-01
4.469339921221065492e-01
4.472227155035757296e-01
4.475659658552212927e-01
4.479634097322462427e-01
4.484223204235212590e-01
4.489273695720342183e-01
4.493936147911274936e-01
4.496813835989042496e-01
4.497336310870895804e-01
4.495805567220637622e-01
4.492954991762619366e-01
4.489563168241308411e-01
4.486334455140382205e-01
4.483485840975889869e-01
4.481165629992243105e-01
4.479308464500932341e-01
4.477836773713598228e-01
4.476720569056928944e-01
4.475869041245813529e-01
4.475252076878529217e-01
4.474815161991111956e-01
4.474520581228603744e-01
4.474345119273471227e-01
4.474265019381664099e-01
4.474259174768462910e-01
4.474316384362203025e-01
4.474424700016676471e-01
4.474579544425937305e-01
4.474778315817100616e-01
4.475020224628009635e-01
4.475313516018154525e-01
4.475644587409892128e-01
4.476021556061385298e-01
4.476445643617067427e-01
4.476929916691100853e-01
4.477441560754078509e-01
4.478008121505732131e-01
4.478602089705426281e-01
4.479227320586455230e-01
4.479902940738786365e-01
4.480642162558647890e-01
4.481513979948683613e-01
4.482556143820855543e-01
4.483812086892022264e-01
4.485061740576792300e-01
4.485645706894766382e-01
4.485399614381577749e-01
4.484979960888784145e-01
4.484737043116752142e-01
4.484688603659982564e-01
4.484780635414104544e-01
4.484966019395639214e-01
4.485221303121013636e-01
4.485512200665037752e-01
4.485829584334921072e-01
4.486162657963843614e-01
4.486503363034710645e-01
4.486854334291732194e-01
4.487193255012746906e-01
4.487525303616503036e-01
4.487847737220397870e-01
4.488158586535168082e-01
4.488464134755364432e-01
4.488748754800888086e-01
4.489020722302056732e-01
4.489281232180944436e-01
4.489538375149996763e-01
4.489781561227985107e-01
4.490019896274174971e-01
4.490256285130640457e-01
4.490494032142747227e-01
4.490743291028647666e-01
4.490996228049614625e-01
4.491264468393506015e-01
4.491554820192057984e-01
4.491884749726550163e-01
4.492249712046361143e-01
4.492673848277051185e-01
4.493180811951385523e-01
4.493805549668901667e-01
4.494608672111781167e-01
4.495617073540423281e-01
4.496770143080589532e-01
4.497548480147242067e-01
4.497406170739544073e-01
4.496829041240703040e-01
4.496361106809831920e-01
4.496108731119483060e-01
4.496035550585968377e-01
4.496097761180943286e-01
4.496265170367351738e-01
4.496523453071246124e-01
4.496866000254357565e-01
4.497303469062431391e-01
4.497816818746033785e-01
4.498422247321359757e-01
4.499129081728394652e-01
4.499948155425388951e-01
4.500899926208907220e-01
4.501951733973456604e-01
4.503076303934891444e-01
4.504109290073388672e-01
4.504862362930894815e-01
4.505210534628892871e-01
4.505229276620832946e-01
4.505121840257367838e-01
4.505041015766837464e-01
4.505050933257737089e-01
4.505164574830665125e-01
4.505375115605411707e-01
4.505672896085518575e-01
4.506049717018696388e-01
4.506512871947218057e-01
4.507037379741322680e-01
4.507635822304340012e-01
4.508314597787626554e-01
4.509096797190893513e-01
4.509984509139020048e-01
4.511021498541770147e-01
4.512268425751820300e-01
4.513687269613131936e-01
4.514997183108799272e-01
4.515485955440388111e-01
4.515183921554051794e-01
4.514767457785098248e-01
4.514487136907419096e-01
4.514329481125901600e-01
4.514238339993429938e-01
4.514177589596786166e-01
4.514130392311717088e-01
4.514088235607526256e-01
4.514053284491530982e-01
4.514027756904575028e-01
4.514016239957699961e-01
4.514023509284376678e-01
4.514055165908128497e-01
4.514113703364446284e-01
4.514203005198248464e-01
4.514325890387380080e-01
4.514489141344122936e-01
4.514686319284828553e-01
4.514922250836609918e-01
4.515197800766738156e-01
4.515513591823289152e-01
4.515874937575797832e-01
4.516273087600155556e-01
4.516718482231122378e-01
4.517199498329584340e-01
4.517726611853602470e-01
4.518283339128280618e-01
4.518875534755305012e-01
4.519515982779467311e-01
4.520194728413134411e-01
4.520936254046148406e-01
4.521732172912066305e-01
4.522621078340650080e-01
4.523610760103136674e-01
4.524772495062836519e-01
4.526111780257209283e-01
4.527512100041118925e-01
4.528391512458483370e-01
4.528335429776629839e-01
4.527945329490269399e-01
4.527688125134752828e-01
4.527620947349839109e-01
4.527697040169572640e-01
4.527876407901248457e-01
4.528120311630181583e-01
4.528413560584679254e-01
4.528744004082546071e-01
4.529103330252585158e-01
4.529495594851634110e-01
4.529907036008582466e-01
4.530312158197192240e-01
4.530750601745464068e-01
4.531176247170046745e-01
4.531631870327889056e-01
4.532093592376693625e-01
4.532536657102060884e-01
4.533006748477377834e-01
4.533480078644887001e-01
4.533932629374425871e-01
4.534400365595165905e-01
4.534872358858965669e-01
4.535350246759756176e-01
4.535849134041646802e-01
4.536347736009586629e-01
4.536863283188546925e-01
4.537402255239478266e-01
4.537988427156550153e-01
4.538604650656184458e-01
4.539273325741206011e-01
4.540049204100733982e-01
4.540951431008236616e-01
4.542087884657693420e-01
4.543664794111062499e-01
4.546116252644613054e-01
4.547502267080415495e-01
4.547366051699838763e-01
4.547049449739923310e-01
4.546419549865544085e-01
4.545952735900855579e-01
4.545772431670106473e-01
4.545816252809253277e-01
4.546019084421210055e-01
4.546340950872491127e-01
4.546745129282293019e-01
4.547216777559546230e-01
4.547757929020817547e-01
4.548333092117839982e-01
4.548949325362166562e-01
4.549602426106278963e-01
4.550298279438618754e-01
4.551016804857633269e-01
4.551774212865841718e-01
4.552549069977716578e-01
4.553348513079315540e-01
4.554182058976742886e-01
4.555029105259237876e-01
4.555904705390947940e-01
4.556806433888137553e-01
4.557759108821702876e-01
4.558763285667047915e-01
4.559830542979273482e-01
4.560842099690568530e-01
4.561682642177927183e-01
4.562460872004358015e-01
4.563296083069927622e-01
4.564210747951019109e-01
4.565180458760322302e-01
4.566228757314562126e-01
4.567337068871710759e-01
4.568537340113774103e-01
4.569881121908829780e-01
4.571382618508121887e-01
4.573093759429708305e-01
4.574808547102570677e-01
4.575869310512353239e-01
4.576069460263446076e-01
4.576078652362913224e-01
4.576253792854586000e-01
4.576608339671119907e-01
4.577098819412072639e-01
4.577670661952293329e-01
4.578310217601993526e-01
4.578983507786774099e-01
4.579696211660203020e-01
4.580423008811775332e-01
4.581167356618440212e-01
4.581925498203515135e-01
4.582675505263703597e-01
4.583409843096057923e-01
4.584142787522939022e-01
4.584890060988876526e-01
4.585640419374761856e-01
4.586414435236903508e-01
4.587194272561702646e-01
4.587992072415710831e-01
4.588821792422657642e-01
4.589667004880951806e-01
4.590555175556081391e-01
4.591470118812970846e-01
4.592443071615376349e-01
4.593460387708638293e-01
4.594548450287035402e-01
4.595739961465776235e-01
4.597025212616948631e-01
4.598482588252831849e-01
4.600073329623699525e-01
4.601876300174747580e-01
4.603949592067487773e-01
4.606400400214025748e-01
4.609253062218675590e-01
4.612614807192022548e-01
4.616535792428257401e-01
4.621100697169266414e-01
4.629745893901178744e-01
4.652524813307137297e-01
4.623456988152317426e-01
4.617395696691984908e-01
4.614683444334171658e-01
4.613220264273696913e-01
4.612395481866975455e-01
4.611968172599402727e-01
4.611823541268953441e-01
4.611883688349551202e-01
4.612097128471022156e-01
4.612431072063059023e-01
4.612863309828398872e-01
4.613378276970692138e-01
4.613972833460513456e-01
4.614622605419694823e-01
4.615330337527191462e-01
4.616047235207878519e-01
4.616741184319096414e-01
4.617401255872607968e-01
4.618072993369883861e-01
4.618773410280775926e-01
4.619518632289267290e-01
4.620317673636274991e-01
4.621144839807570515e-01
4.622012490906831639e-01
4.622891038638039518e-01
4.623805200485287537e-01
4.624745572705813990e-01
4.625740930174538912e-01
4.626821564759124872e-01
4.627976436473805188e-01
4.629255834882219367e-01
4.630656351906643486e-01
4.632256889444343328e-01
4.634069869741658798e-01
4.636137174035824815e-01
4.638162614703122966e-01
4.639492472590940886e-01
4.640099501998622422e-01
4.640623070345853418e-01
4.641279861335345092e-01
4.641978402274911097e-01
4.642616054013988802e-01
4.643099068665368923e-01
4.643427269938565916e-01
4.643647268529695338e-01
4.643811384664325304e-01
4.643965707736006365e-01
4.644126262656190218e-01
4.644306667778322906e-01
4.644511607779141515e-01
4.644757122662201976e-01
4.645045343535980642e-01
4.645383405025919621e-01
4.645783113159914213e-01
4.646223892393434585e-01
4.646713763741648351e-01
4.647251268205546682e-01
4.647850689284684922e-01
4.648497895064007679e-01
4.649156645017333833e-01
4.649896573043030834e-01
4.650644733559798349e-01
4.651481912449664247e-01
4.652350288852784566e-01
4.653274543629102866e-01
4.654260775970394115e-01
4.655345553838431405e-01
4.656486833987039664e-01
4.657728013098742514e-01
4.659094470453174486e-01
4.660623901891371434e-01
4.662392831561833484e-01
4.664402996734144380e-01
4.666587485561513038e-01
4.668385179874311453e-01
4.669386269190470840e-01
4.670162845249144490e-01
4.671195410147003790e-01
4.672554427754544437e-01
4.674170738289634142e-01
4.676051561045338478e-01
4.678145529735086572e-01
4.680538508605952552e-01
4.683238115155999304e-01
4.686376808830952090e-01
4.690141857597307506e-01
4.694597995933885159e-01
4.700021931930050134e-01
4.706339306921946686e-01
4.713396362875051371e-01
4.719880570338806369e-01
4.723967432313549986e-01
4.723672959256176584e-01
4.719004233867352682e-01
4.713505235589966480e-01
4.709043262251390582e-01
4.705695256026760642e-01
4.703248517739407886e-01
4.701390336031108785e-01
4.700011757183281125e-01
4.699001454018802981e-01
4.698301242063223082e-01
4.697889902957068098e-01
4.697723782566211037e-01
4.697785541903128914e-01
4.698049725935202758e-01
4.698505428142702445e-01
4.699160059759071029e-01
4.700006724789940193e-01
4.701077096513972542e-01
4.702423177556960265e-01
4.703980000680683116e-01
4.705410832332967419e-01
4.706049408403047418e-01
4.706094284115547310e-01
4.706161459663938951e-01
4.706420496740011949e-01
4.706844482011192654e-01
4.707371289849839324e-01
4.707978512203871424e-01
4.708630304419728629e-01
4.709341662908588799e-01
4.710072329604981789e-01
4.710838503064855853e-01
4.711641126485079378e-01
4.712482332522267559e-01
4.713388134618274883e-01
4.714316463623734466e-01
4.715292596489124577e-01
4.716346464247790915e-01
4.717427751989957119e-01
4.718563515446715373e-01
4.719753840774443265e-01
4.720997245632329586e-01
4.722290607725097011e-01
4.723664377601209940e-01
4.725044927023866470e-01
4.726462208884859573e-01
4.727914874719298388e-01
4.729443596945019923e-01
4.730976943445733274e-01
4.732538424201220839e-01
4.734196283399405569e-01
4.735894795980621907e-01
4.737685551773305748e-01
4.739536748371369068e-01
4.741519572151213224e-01
4.743619612410753805e-01
4.745937070931626756e-01
4.748416483849319247e-01
4.750952129824747017e-01
4.752878114225868034e-01
4.753917575575207222e-01
4.754657145628238823e-01
4.755397680871942812e-01
4.756138450721167921e-01
4.756787287886017346e-01
4.757307629270343119e-01
4.757694764153120315e-01
4.757942675300210755e-01
4.758090546889879313e-01
4.758170823753900547e-01
4.758214878388408176e-01
4.758246171702852911e-01
4.758285008686266027e-01
4.758344700057609011e-01
4.758434214463626577e-01
4.758563117502641049e-01
4.758728762381194133e-01
4.758936177335972295e-01
4.759186700624654653e-01
4.759489134136693500e-01
4.759828594515801425e-01
4.760206843874119631e-01
4.760639328883022880e-01
4.761110403931435031e-01
4.761632256904195226e-01
4.762192130494515840e-01
4.762805498935321902e-01
4.763458999058431398e-01
4.764182370126382460e-01
4.764944792987069189e-01
4.765760468941259154e-01
4.766674668246522195e-01
4.767673470510660483e-01
4.768813867121196037e-01
4.770112703738376703e-01
4.771636787443861438e-01
4.773299444175437278e-01
4.774637969615065369e-01
4.775148022741816933e-01
4.775220190526662800e-01
4.775409870448245053e-01
4.775826061752671547e-01
4.776439548281276593e-01
4.777182326326554485e-01
4.778021508950584528e-01
4.778877990183263980e-01
4.779705275262022823e-01
4.780488371628679456e-01
4.781229955610682980e-01
4.781989951549534545e-01
4.782776857314231522e-01
4.783633008442928491e-01
4.784516888142360536e-01
4.785446925941466700e-01
4.786420104720730540e-01
4.787433806606718467e-01
4.788513584801850076e-01
4.789604232642998283e-01
4.790731715527385415e-01
4.791896084093893449e-01
4.793160587827476893e-01
4.794370697829934969e-01
4.795685817656168970e-01
4.796976517908271287e-01
4.798345661272526153e-01
4.799799988516912364e-01
4.801270561985464536e-01
4.802797447409097864e-01
4.804385900672155096e-01
4.806086160358502557e-01
4.807800268712537073e-01
4.809629137645588526e-01
4.811600453779319997e-01
4.813695460960868977e-01
4.815946904835184394e-01
4.818087766614612133e-01
4.819466245698825202e-01
4.820021141802259823e-01
4.820373955777222386e-01
4.820795973181272731e-01
4.821277097723949967e-01
4.821794519366523479e-01
4.822315962111325405e-01
4.822850062987025233e-01
4.823384619250878358e-01
4.823933037847889516e-01
4.824476600706469887e-01
4.825016538656519693e-01
4.825567295983421157e-01
4.826111940045339499e-01
4.826680093851128950e-01
4.827286210526433030e-01
4.827957151467814345e-01
4.828663870774217437e-01
4.829423499657060082e-01
4.830235290540103033e-01
4.831097857122841344e-01
4.832033854315950228e-01
4.832995496318883699e-01
4.834005172604229350e-01
4.835063177257748479e-01
4.836199505279656918e-01
4.837358771323963524e-01
4.838569987046592580e-01
4.839832997907126400e-01
4.841144331663915779e-01
4.842513489735348342e-01
4.843896392601110268e-01
4.845328401069916580e-01
4.846792270213102771e-01
4.848361399579852460e-01
4.850037567442312958e-01
4.851871607389356966e-01
4.853793084249813927e-01
4.855314531875505879e-01
4.856026494378262170e-01
4.856446995293101643e-01
4.857042079625133457e-01
4.857854653749505425e-01
4.858829034053471219e-01
4.859904229197639092e-01
4.860976371348526004e-01
4.862003352217156293e-01
4.862924986301936925e-01
4.863781521722024270e-01
4.864598611943499185e-01
4.865443181530961780e-01
4.866321135205592396e-01
4.867253842076398329e-01
4.868268884778999550e-01
4.869312855359562708e-01
4.870406676691571568e-01
4.871546849900977305e-01
4.872761512716543564e-01
4.873987987201263139e-01
4.875254982697294071e-01
4.876562077040251797e-01
4.877909383577319624e-01
4.879333456428497362e-01
4.880763444430761266e-01
4.882233798751804965e-01
4.883741128253195618e-01
4.885295581699340417e-01
4.886836276835119230e-01
4.888345220162123583e-01
4.889791233094434864e-01
4.891099882318979963e-01
4.892309222594475870e-01
4.893447086697795267e-01
4.894634560169055515e-01
4.895927662374502942e-01
4.897354145044593987e-01
4.898632827154161262e-01
4.899146651820368015e-01
4.899035707115417804e-01
4.898899026343705998e-01
4.898925614328814571e-01
4.899090031422200786e-01
4.899347138806883772e-01
4.899652787005462917e-01
4.899983721391117930e-01
4.900330503382539504e-01
4.900663576306952263e-01
4.900985354894162316e-01
4.901295740015818581e-01
4.901608897779312635e-01
4.901921764915049828e-01
4.902259455251016251e-01
4.902643238362728861e-01
4.903098625795058174e-01
4.903665612140011287e-01
4.904374009701832349e-01
4.905307560681260171e-01
4.906530870704883251e-01
4.908108972579814933e-01
4.909638785231493774e-01
4.910001511886330494e-01
4.909311966661879523e-01
4.908661705575189660e-01
4.908365690171217488e-01
4.908369823635365115e-01
4.908592245520867481e-01
4.908974772286577304e-01
4.909505144148212374e-01
4.910144267538066876e-01
4.910904318740030861e-01
4.911798304836312301e-01
4.912853637954867070e-01
4.914129198329530990e-01
4.915618229599421074e-01
4.917193386153937973e-01
4.918254921903423837e-01
4.918490695335334673e-01
4.918480648089340601e-01
4.918620415726295825e-01
4.918963969579942530e-01
4.919461002535084337e-01
4.920086329921566914e-01
4.920772754570210128e-01
4.921508702974262128e-01
4.922275646925042825e-01
4.923061532044027411e-01
4.923880648654214709e-01
4.924690361716650422e-01
4.925512478597914856e-01
4.926350017802025305e-01
4.927228600375966328e-01
4.928107453640231950e-01
4.929010769684197824e-01
4.929940354360096144e-01
4.930897268515188614e-01
4.931907311405636651e-01
4.932919157411012612e-01
4.933955781608933000e-01
4.935014255655476578e-01
4.936118830108462974e-01
4.937210717583673247e-01
4.938314850716550852e-01
4.939430760030218415e-01
4.940560732280694367e-01
4.941740064913834884e-01
4.942918935935718960e-01
4.944139068569674555e-01
4.945416912039424240e-01
4.946773839130611528e-01
4.948257462989897326e-01
4.949866209751195290e-01
4.951675726768298702e-01
4.953595245513405243e-01
4.955278642082147078e-01
4.956156791372767212e-01
4.956535950705319715e-01
4.956957793481802099e-01
4.957551409067583736e-01
4.958306878080239177e-01
4.959181075852593379e-01
4.960134839985031463e-01
4.961161705249223508e-01
4.962279124329007640e-01
4.963423736742932357e-01
4.964618198587049114e-01
4.965892602258761279e-01
4.967148931454253291e-01
4.968520140787148209e-01
4.969906884875650577e-01
4.971344935605242488e-01
4.972836304201788127e-01
4.974402309616592910e-01
4.976002505322069114e-01
4.977652157477988060e-01
4.979363833373885440e-01
4.981078343497379324e-01
4.982817182632309216e-01
4.984510308821044067e-01
4.986175460326551234e-01
4.987753711895865361e-01
4.989304735327974027e-01
4.990772877351491443e-01
4.992219056663884658e-01
4.993751986711115198e-01
4.995368317673840597e-01
4.997147899676289695e-01
4.999027751663595587e-01
5.000974603087273707e-01
5.003033387046690317e-01
5.005373587645844946e-01
5.008086560164486389e-01
5.011057314577305188e-01
5.013768805882203861e-01
5.016164169339061285e-01
5.018915336663593019e-01
5.022304950304476989e-01
5.026448481846148564e-01
5.031074669360874330e-01
5.035725788475812204e-01
5.039436829709085242e-01
5.040978828679207879e-01
5.040124469502023086e-01
5.037749607186011724e-01
5.034877172735303663e-01
5.032228374787841574e-01
5.030018799137896401e-01
5.028280397851827566e-01
5.027027334091214161e-01
5.026169596149239194e-01
5.025672996905761192e-01
5.025485435238047360e-01
5.025604853290831509e-01
5.026099596126285540e-01
5.027356691363875640e-01
5.031016233016644135e-01
5.028314885355953390e-01
5.027926896897191300e-01
5.028261131370007631e-01
5.028873519736387632e-01
5.029659291406821664e-01
5.030562108213577632e-01
5.031601846239452946e-01
5.032720439550240066e-01
5.033926656875744587e-01
5.035275166881452158e-01
5.036728031292884156e-01
5.038342475562341827e-01
5.040111182818610702e-01
5.042103184418205153e-01
5.044239494906689325e-01
5.046067630991277753e-01
5.047159973632251440e-01
5.047921457456164829e-01
5.048800195329815610e-01
5.049839863093366077e-01
5.051015445165978335e-01
5.052260070064842346e-01
5.053516650508431685e-01
5.054772632675489374e-01
5.056008969638952077e-01
5.057244541942670368e-01
5.058412628141168987e-01
5.059545625549766168e-01
5.060649569090703848e-01
5.061762104404851081e-01
5.062840756094066919e-01
5.063928291373106516e-01
5.065040669607696611e-01
5.066194928324507796e-01
5.067425879092880558e-01
5.068724455582285238e-01
5.070151545472746379e-01
5.071705525251377633e-01
5.073471856711769812e-01
5.075463743242499826e-01
5.077768262287081225e-01
5.080458089056437698e-01
5.083321288961806239e-01
5.085805539101202477e-01
5.087099755184695260e-01
5.087397852781145868e-01
5.087567034236472052e-01
5.088083173875137533e-01
5.089065097646945368e-01
5.090487929550102653e-01
5.092388744551549218e-01
5.094736137189083136e-01
5.097564741101062724e-01
5.100744041493711078e-01
5.104574279324729513e-01
5.103516940209205099e-01
5.101894221553753273e-01
5.101101188279398846e-01
5.100697280853235815e-01
5.100624168921420454e-01
5.100852857567668153e-01
5.101361444571563819e-01
5.102114411259282001e-01
5.103103507149868712e-01
5.104346855735292232e-01
5.105835592406491319e-01
5.107668673103393786e-01
5.109927866903217764e-01
5.112929721723075138e-01
5.117356187122904521e-01
5.125608399251687652e-01
5.151319582242110950e-01
5.160030892980583817e-01
5.129542720430924074e-01
5.123364027019232658e-01
5.121084257833167230e-01
5.120243755985782741e-01
5.120098621405095862e-01
5.120366332713405244e-01
5.120919673077830581e-01
5.121653257780117707e-01
5.122533105418255461e-01
5.123531972484424157e-01
5.124633823358877294e-01
5.125862598901860245e-01
5.127155711576075747e-01
5.128548442785249017e-01
5.130054764565873393e-01
5.131699447298342376e-01
5.133543557643606148e-01
5.135567480884950520e-01
5.137694717608620731e-01
5.139415990408093826e-01
5.140411360806340646e-01
5.141169898097969204e-01
5.142045979409799461e-01
5.143043729185823310e-01
5.144117000963164266e-01
5.145226272363224718e-01
5.146309961241651854e-01
5.147390516439181996e-01
5.148458033260796540e-01
5.149578245714838687e-01
5.150713240305104801e-01
5.151900149600694423e-01
5.153142610965948389e-01
5.154440851103194721e-01
5.155828734130650792e-01
5.157234534624386413e-01
5.158689688856078481e-01
5.160191576877498632e-01
5.161777824564256489e-01
5.163366597065769392e-01
5.164994636176420961e-01
5.166659717222313875e-01
5.168359765890500057e-01
5.170137767820445207e-01
5.171903248328496572e-01
5.173699199270476168e-01
5.175525314189172166e-01
5.177382244882686724e-01
5.179320703013948757e-01
5.181247060152034400e-01
5.183214435345901983e-01
5.185230834192402494e-01
5.187336491224908697e-01
5.189500299139109263e-01
5.191813656207747707e-01
5.194260814492620559e-01
5.196853834286738749e-01
5.199305281586455996e-01
5.201084974318753718e-01
5.202418945474014400e-01
5.203814833307475185e-01
5.205419333772265400e-01
5.207179818845422137e-01
5.209109023309408393e-01
5.211139369303985358e-01
5.213286470527344063e-01
5.215604996842992946e-01
5.217966287195144881e-01
5.220389259829366635e-01
5.222787254435884430e-01
5.225052721952884172e-01
5.226812794654618344e-01
5.227921008139809755e-01
5.228190000712464869e-01
5.227648282423222881e-01
5.226500119800437938e-01
5.225053001375076223e-01
5.223509057459742033e-01
5.222059395676557081e-01
5.220746586937562439e-01
5.219632051216308577e-01
5.218692186034507019e-01
5.217895036244912799e-01
5.217231381445542882e-01
5.216705471695578522e-01
5.216328626640357458e-01
5.216085912711497796e-01
5.215976843124368045e-01
5.215992272469415214e-01
5.216134659325295519e-01
5.216394121175214060e-01
5.216793090916367337e-01
5.217336617293601986e-01
5.218066415650971512e-01
5.218970104983288172e-01
5.219890715773970458e-01
5.220286986229774051e-01
5.219992730518976387e-01
5.219517977856896751e-01
5.219153784873884483e-01
5.218920489118112904e-01
5.218814062146134303e-01
5.218834736265876018e-01
5.218998933376939320e-01
5.219333380282429324e-01
5.219884008344967130e-01
5.220687485629370572e-01
5.221825499383171421e-01
5.223395001357296064e-01
5.225582672768257497e-01
5.228650233554079652e-01
5.233341625246631379e-01
5.241136122336395031e-01
5.257758467356991039e-01
5.320001903687150424e-01
5.330902995162376534e-01
5.259283348090304511e-01
5.241336373434944962e-01
5.232939721238556441e-01
5.228093528122368383e-01
5.224928257484453553e-01
5.222716444645072453e-01
5.221167451093944312e-01
5.220049972344852351e-01
5.219281839520425459e-01
5.218772074003398265e-01
5.218483578023717095e-01
5.218380922339337369e-01
5.218431473816189659e-01
5.218611740723935188e-01
5.218910874564274271e-01
5.219323628593434128e-01
5.219870962609658438e-01
5.220487479616710003e-01
5.220790507607334652e-01
5.220337964540440190e-01
5.219487430320240984e-01
5.218696112523303343e-01
5.218071035104997479e-01
5.217585453810441587e-01
5.217222535544123740e-01
5.216966346321134651e-01
5.216798898829075881e-01
5.216708645093629526e-01
5.216690387971520959e-01
5.216731236522660353e-01
5.216821458041955850e-01
5.216952335759511561e-01
5.217120101867529502e-01
5.217317980748236161e-01
5.217551474937538458e-01
5.217816115414101175e-01
5.218123178679975327e-01
5.218455360222044037e-01
5.218814955233967989e-01
5.219193849920964468e-01
5.219581160982716961e-01
5.219969377768833851e-01
5.220336941370110617e-01
5.220684276688141168e-01
5.220997652052983273e-01
5.221282409051839490e-01
5.221552614913015367e-01
5.221821462265432423e-01
5.222118019815176204e-01
5.222454661189582792e-01
5.222858810015734710e-01
5.223337564449287429e-01
5.223919718635048337e-01
5.224610016972222049e-01
5.225444976410443809e-01
5.226439242300272570e-01
5.227385413232833455e-01
5.227760464211010927e-01
5.227564411965032187e-01
5.227328968558934141e-01
5.227276329579622072e-01
5.227405053805312951e-01
5.227689706402262049e-01
5.228100134119626485e-01
5.228639750219945537e-01
5.229272754340495988e-01
5.230005825107755246e-01
5.230835422696025194e-01
5.231771512262372026e-01
5.232788873699512067e-01
5.233899301148580152e-01
5.235123582151051114e-01
5.236440802416417739e-01
5.237918809918878926e-01
5.239500712234823609e-01
5.241239086576697792e-01
5.243150171654060721e-01
5.245302131286051495e-01
5.247587893386849167e-01
5.250034630963368310e-01
5.252572969905900946e-01
5.255064121131005628e-01
5.257315391901270507e-01
5.259007071389478760e-01
5.259980944029780670e-01
5.260193474674522696e-01
5.259834987022985464e-01
5.259150624243167371e-01
5.258420188323691402e-01
5.257794235227826185e-01
5.257368542469280648e-01
5.257196110741159112e-01
5.257317347870491542e-01
5.257749601321506372e-01
5.258386449917619165e-01
5.258787968910063615e-01
5.258598943434420470e-01
5.258246854456388730e-01
5.258090375663314608e-01
5.258168413457079415e-01
5.258437116920638976e-01
5.258852820972039765e-01
5.259369930440473961e-01
5.259995567682496098e-01
5.260696418446363376e-01
5.261487053402340575e-01
5.262355897196298038e-01
5.263348034045706170e-01
5.264448354880261194e-01
5.265289064747917802e-01
5.265998955377059199e-01
5.266833835565012389e-01
5.267760705864936721e-01
5.268729495168806842e-01
5.269749027942539632e-01
5.270798433499856994e-01
5.271859017263148539e-01
5.272941423365874458e-01
5.274044876635204382e-01
5.275199007439489440e-01
5.276347514311405806e-01
5.277520828093947847e-01
5.278721006462676613e-01
5.279982071216582362e-01
5.281243257796772728e-01
5.282538489095516265e-01
5.283872041862928137e-01
5.285251379813230566e-01
5.286708614406921969e-01
5.288229435391632594e-01
5.289888230667828539e-01
5.291684303675872059e-01
5.293639749158589591e-01
5.295468003007787194e-01
5.296659548022909503e-01
5.297366034145539748e-01
5.298083240058274468e-01
5.298957969613942165e-01
5.299958295366431482e-01
5.301081113975287806e-01
5.302278643212466891e-01
5.303567598096698976e-01
5.304902369834346709e-01
5.306283198986656569e-01
5.307710123405369185e-01
5.309135860913475335e-01
5.310604075499051335e-01
5.312096684488772924e-01
5.313670874151737999e-01
5.315301988586945692e-01
5.317069392177720122e-01
5.318901353806754218e-01
5.320860092441053180e-01
5.322967102678353157e-01
5.325241634600430540e-01
5.327719925740361795e-01
5.330296390944242457e-01
5.332891722331385420e-01
5.335159527658038803e-01
5.336814080315130937e-01
5.337758533406824490e-01
5.338192146970752727e-01
5.338469268278932534e-01
5.338817459215677852e-01
5.339343575425299360e-01
5.340063253404722099e-01
5.340950561570305677e-01
5.341933376264923483e-01
5.343019486036100218e-01
5.344309911881419684e-01
5.345832482145229658e-01
5.347448934228703488e-01
5.348676310009804480e-01
5.349319699071386491e-01
5.349858151246553728e-01
5.350562010735337992e-01
5.351458727398946680e-01
5.352484719234525956e-01
5.353645197625360730e-01
5.354839174279115710e-01
5.356119155452921943e-01
5.357417731509159786e-01
5.358759052807314793e-01
5.360111579751812849e-01
5.361513622945816016e-01
5.362929442878311415e-01
5.364373857051175642e-01
5.365881467987317910e-01
5.367373634902771196e-01
5.368884937777075317e-01
5.370412929175831795e-01
5.371955378395819602e-01
5.373590149668042715e-01
5.375115263263746668e-01
5.376688220342853430e-01
5.378266666540520990e-01
5.379888735069442429e-01
5.381470777468362332e-01
5.383050745398709758e-01
5.384625902460894453e-01
5.386193089325715944e-01
5.387788169898755086e-01
5.389307622754997418e-01
5.390847984696648387e-01
5.392353219558914112e-01
5.393873491131889741e-01
5.395392255281711291e-01
5.396982074080802771e-01
5.398636755093703110e-01
5.400335957007613708e-01
5.401759151848750662e-01
5.402468617485914892e-01
5.402756137594554309e-01
5.403035354568399562e-01
5.403378477213373055e-01
5.403715509350954793e-01
5.403981975062757126e-01
5.404155377257282566e-01
5.404255167977437546e-01
5.404320342272587174e-01
5.404373441642442710e-01
5.404425138234029147e-01
5.404481170006091295e-01
5.404546642177991966e-01
5.404621754027917335e-01
5.404711976794944750e-01
5.404821884579390501e-01
5.404956642286237178e-01
5.405126704593886666e-01
5.405330200861523382e-01
5.405578476422858714e-01
5.405880676525250950e-01
5.406248631756738199e-01
5.406711422523403643e-01
5.407270224674201042e-01
5.407972030339931457e-01
5.408875850083579850e-01
5.410101430090638042e-01
5.411809445406768893e-01
5.414409641362361025e-01
5.418517654001147044e-01
5.423406194726810847e-01
5.422232403017476221e-01
5.417972853867092375e-01
5.415351781045429913e-01
5.414009696403874194e-01
5.413417910066203875e-01
5.413322066025163526e-01
5.413416629890457354e-01
5.413166507546655071e-01
5.412536023139277175e-01
5.412028705919301741e-01
5.411892671322212633e-01
5.412139258446366785e-01
5.412595126265801193e-01
5.412851163929264242e-01
5.412927557374846987e-01
5.413271787866177354e-01
5.414118197158310775e-01
5.415548207294982319e-01
5.417719104676405051e-01
5.420853296138122834e-01
5.425457315361642552e-01
5.432460435342952865e-01
5.442830756302394768e-01
5.454008085376205184e-01
5.453941511535790321e-01
5.442192912551220285e-01
5.431105984877412363e-01
5.423307574580429335e-01
5.417975463508519773e-01
5.414074955601403394e-01
5.411171534978234110e-01
5.408902866109192020e-01
5.407045051022006943e-01
5.405574183352597206e-01
5.404362511603526542e-01
5.403356831172249075e-01
5.402499904629041172e-01
5.401808092821711593e-01
5.401241860178466192e-01
5.400794228867779045e-01
5.400467989804873525e-01
5.400276186139310042e-01
5.400251312944008841e-01
5.400416066250955938e-01
5.400689680355379441e-01
5.400667132292343853e-01
5.400027135852150106e-01
5.399181151175591609e-01
5.398467478333007774e-01
5.397955800598814857e-01
5.397601093067632139e-01
5.397377787292512163e-01
5.397263573397294012e-01
5.397240190680603344e-01
5.397300287000735830e-01
5.397433939590438046e-01
5.397636766390895291e-01
5.397905088392356276e-01
5.398235984669388365e-01
5.398637754090241936e-01
5.399087914736936389e-01
5.399593217290338254e-01
5.400150613643891484e-01
5.400756176855454616e-01
5.401413446785318095e-01
5.402099811513418892e-01
5.402826583527788884e-01
5.403569407497463839e-01
5.404341213381049780e-01
5.405126354128215738e-01
5.405909238593854527e-01
5.406696320321320304e-01
5.407486665828460382e-01
5.408301751771115162e-01
5.409102706584570930e-01
5.409911525399815346e-01
5.410729704219318092e-01
5.411581088851160626e-01
5.412417883257449880e-01
5.413295570903475795e-01
5.414240207937111027e-01
5.415261454016689902e-01
5.416367435331861380e-01
5.417300339763695405e-01
5.417599494623778211e-01
5.417425676655052147e-01
5.417250540591403984e-01
5.417226011511300232e-01
5.417343487595072116e-01
5.417583765757051362e-01
5.417924821341770780e-01
5.418361363721018176e-01
5.418880557754804927e-01
5.419463818503884589e-01
5.420093755553366810e-01
5.420746667149008990e-01
5.421412679919214161e-01
5.422090460532987821e-01
5.422815021152717074e-01
5.423601363422859700e-01
5.424504443062226899e-01
5.425524782933572876e-01
5.426683848805869959e-01
5.427891637405001246e-01
5.429046041809846290e-01
5.430063142914902663e-01
5.430850578129946538e-01
5.431320407750089840e-01
5.431358003082769059e-01
5.430949146196730748e-01
5.430181461417102895e-01
5.429153714781083107e-01
5.428006257822474145e-01
5.426823515988150604e-01
5.425667972853895904e-01
5.424628197094047977e-01
5.423724444301758485e-01
5.423020352508441944e-01
5.422545383230026328e-01
5.422349381106238431e-01
5.422380725339946972e-01
5.422374077773718382e-01
5.421982995878970035e-01
5.421127419347319121e-01
5.420260811443127213e-01
5.419625580624894967e-01
5.419235474536934216e-01
5.419037138837755618e-01
5.419000164731013758e-01
5.419097070865656063e-01
5.419315568715837861e-01
5.419640280054387471e-01
5.420075884074745387e-01
5.420615458781264939e-01
5.421286301086214454e-01
5.422096156785566334e-01
5.423082721909358028e-01
5.424198372891149145e-01
5.425073653084107050e-01
5.425621896653718412e-01
5.426241254922283819e-01
5.427048221677014395e-01
5.428000093735962928e-01
5.429093565162858015e-01
5.430285377055912299e-01
5.431581635449136414e-01
5.433018637280984109e-01
5.434528205486977015e-01
5.436151830215064651e-01
5.437898748418655837e-01
5.439805053944734015e-01
5.441835324430085441e-01
5.444055943691455957e-01
5.446406788965315604e-01
5.448951652581788263e-01
5.451593447040161688e-01
5.454316410178187136e-01
5.457264180689084254e-01
5.460472858664031648e-01
5.463972792544586898e-01
5.467417185247660516e-01
5.470423084092117527e-01
5.473337133763324092e-01
5.476505819053137936e-01
5.480002689284959594e-01
5.483690614896679083e-01
5.487567747546208130e-01
5.491423705673484923e-01
5.495267209346554882e-01
5.498746268116312397e-01
5.501786884011985457e-01
5.504219687396741945e-01
5.505904295903479850e-01
5.506767493772189992e-01
5.506758343103472786e-01
5.505979569170303956e-01
5.504561930850795370e-01
5.502669279024060556e-01
5.500410776737315599e-01
5.498081965182540776e-01
5.495650104665357194e-01
5.493281047936042771e-01
5.490971405939024663e-01
5.488837772691992356e-01
5.486871985494636839e-01
5.485145540311758827e-01
5.483636067728436814e-01
5.482307167860200892e-01
5.481213920801237816e-01
5.480305804037718387e-01
5.479565593710390425e-01
5.478961368072516880e-01
5.478506406492994474e-01
5.478178475016886040e-01
5.477971986909192514e-01
5.477917989546916555e-01
5.478046767025825936e-01
5.478355292148828770e-01
5.478652166594930595e-01
5.478464927277088004e-01
5.477794639844174585e-01
5.477103360867908721e-01
5.476578771639072363e-01
5.476207849375567260e-01
5.475968863902427319e-01
5.475833982579556558e-01
5.475802919253127676e-01
5.475875446746441000e-01
5.476066834341771772e-01
5.476416446917928837e-01
5.476956511340416167e-01
5.477766539191509798e-01
5.479049286095329929e-01
5.481127475240091806e-01
5.485042255209147122e-01
5.495020616347592313e-01
5.567971665336530762e-01
5.498149765870782302e-01
5.485848811884929122e-01
5.481446173371601338e-01
5.479267280574332544e-01
5.478126653463473161e-01
5.477664930345861327e-01
5.477728375678998507e-01
5.478202340956136451e-01
5.478785560412648969e-01
5.478789173163527426e-01
5.477699687661947703e-01
5.475893075387689990e-01
5.474084426487848543e-01
5.472534114050424670e-01
5.471323480584718846e-01
5.470392009491589214e-01
5.469737364472995189e-01
5.469341060504299135e-01
