-3.336945463283669255e-07
-1.001154537827453339e-06
-1.668683763167422285e-06
-2.336283896675617200e-06
-3.003956415725816953e-06
-3.671703127761105634e-06
-4.339525407126565426e-06
-5.007424862535359011e-06
-5.675403176086390999e-06
-6.343461644853221060e-06
-7.011601921735888254e-06
-7.679825199780054845e-06
-8.348133291313786231e-06
-9.016527593330714296e-06
-9.685009523585641489e-06
-1.035358033796285326e-05
-1.102224170823618010e-05
-1.169099507292159501e-05
-1.235984188840966169e-05
-1.302878346187696934e-05
-1.369782133786578981e-05
-1.436695707590640581e-05
-1.503619195253325103e-05
-1.570552853513706992e-05
-1.637496689055328858e-05
-1.704450940887003441e-05
-1.771415685958288577e-05
-1.838391821706863993e-05
-1.905378058997264645e-05
-1.972375304370999061e-05
-2.039383593677168705e-05
-2.106403209378715502e-05
-2.173433964036686206e-05
-2.240476187065354452e-05
-2.307530050649209130e-05
-2.374595543475077619e-05
-2.441672994724086720e-05
-2.508762147424015154e-05
-2.575863320486426744e-05
-2.642976463795854158e-05
-2.710102445502293733e-05
-2.777239858697821973e-05
-2.844389695322302458e-05
-2.911552394169181213e-05
-2.978726722047131403e-05
-3.045914200550114970e-05
-3.113113258312871778e-05
-3.180324969265235779e-05
-3.247549939144889208e-05
-3.314786958119597671e-05
-3.382036457333370549e-05
-3.449298878233086896e-05
-3.516574007589312600e-05
-3.583862021594441671e-05
-3.651163041806793075e-05
-3.718476972824902305e-05
-3.785804131739567424e-05
-3.853144498988658739e-05
-3.920498305809427819e-05
-3.987865363042075728e-05
-4.055245971901211277e-05
-4.122640232939733806e-05
-4.190048215546582355e-05
-4.257470019231046621e-05
-4.324905741071027876e-05
-4.392355667093283955e-05
-4.459819678515053454e-05
-4.527298014211922350e-05
-4.594790863576836415e-05
-4.662298289703770138e-05
-4.729820453630573240e-05
-4.797357989705375303e-05
-4.864910136381794814e-05
-4.932477558527992301e-05
-5.000060066728817532e-05
-5.067658095558869036e-05
-5.135272314382710590e-05
-5.202901891687705671e-05
-5.270547609415032753e-05
-5.338209432592666559e-05
-5.405887909215589815e-05
-5.473582703752200018e-05
-5.541294376310013092e-05
-5.609022888242165550e-05
-5.676768394535791629e-05
-5.744531148743625693e-05
-5.812311434283401468e-05
-5.880109576539283012e-05
-5.947925525273678460e-05
-6.015759890576344304e-05
-6.083612318619202597e-05
-6.151483430694160148e-05
-6.219373170912589899e-05
-6.287282265404758874e-05
-6.355210173636383075e-05
-6.423157333257378809e-05
-6.491124127128156118e-05
-6.559110654325017720e-05
-6.627117406066140859e-05
-6.695144363733085413e-05
-6.763192032299691903e-05
-6.831260414774664724e-05
-6.899350581779373215e-05
-6.967461464379987035e-05
-7.035594180537785292e-05
-7.103748577774737782e-05
-7.171925048343741338e-05
-7.240124737806219457e-05
-7.308347096768308404e-05
-7.376593169794443128e-05
-7.444863105710020079e-05
-7.513157413585602740e-05
-7.581476820661681160e-05
-7.649822118827032114e-05
-7.718193970307485330e-05
-7.786593218495063695e-05
-7.855020836500248294e-05
-7.923478262317207310e-05
-7.991966932396898926e-05
-8.060487919470116225e-05
-8.129045209981367037e-05
-8.197637181961425767e-05
-8.266268639345319968e-05
-8.334941974941223464e-05
-8.403661884082147537e-05
-8.472431429673576986e-05
-8.541256780159045547e-05
-8.610142593634684260e-05
-8.679097385699829914e-05
-8.748129280800043261e-05
-8.817243823810994030e-05
-8.886444109001967462e-05
-8.955722071979366206e-05
-9.025059727252315867e-05
-9.094427854394737665e-05
-9.163797644329285674e-05
-9.233150171683579543e-05
-9.302479928807727561e-05
-9.371787630163552762e-05
-9.441077941640951821e-05
-9.510358594189138870e-05
-9.579636109646738618e-05
-9.648918051274879559e-05
-9.718210290421414044e-05
-9.787520233062174668e-05
-9.856854704526352151e-05
-9.926222728950939711e-05
-9.995635917348089095e-05
-1.006510962384687957e-04
-1.013466338448676396e-04
-1.020428768712111633e-04
-1.027390034641362249e-04
-1.034346392010387916e-04
-1.041300933850575205e-04
-1.048256972434602474e-04
-1.055218665171331338e-04
-1.062196132481929567e-04
-1.069157197696180006e-04
-1.076113338875916980e-04
-1.083070164246136002e-04
-1.090029407250225901e-04
-1.096991678006808968e-04
-1.103957693713297772e-04
-1.110927866135869024e-04
-1.117902856014874047e-04
-1.124882720873188191e-04
-1.131868090001875160e-04
-1.138859292327820683e-04
-1.145856325517335961e-04
-1.152858761175323821e-04
-1.159866140709731042e-04
-1.166878330560727761e-04
-1.173895549618775291e-04
-1.180918491795468483e-04
-1.187947745086015416e-04
-1.194984289510925279e-04
-1.202028932812959638e-04
-1.209082891638901813e-04
-1.216147175552295678e-04
-1.223223315749422113e-04
-1.230312261342181301e-04
-1.237415958579290987e-04
-1.244536200244450441e-04
-1.251674191323770557e-04
-1.258831393319281844e-04
-1.266008349800618049e-04
-1.273205168659252706e-04
-1.280420962648243233e-04
-1.287653714885372835e-04
-1.294900574954072070e-04
-1.302158147721277359e-04
-1.309423321091962578e-04
-1.316693002743063445e-04
-1.323964794839316284e-04
-1.331236837451843513e-04
-1.338507858525961325e-04
-1.345776963930234160e-04
-1.353043626184380344e-04
-1.360307650957182091e-04
-1.367568894303783367e-04
-1.374827429421188185e-04
-1.382083377381437828e-04
-1.389336857686718218e-04
-1.396588090115669090e-04
-1.403837231429561072e-04
-1.411084498426085077e-04
-1.418330087127328554e-04
-1.425574239010130029e-04
-1.432817105956329939e-04
-1.440058873738436773e-04
-1.447299719469219426e-04
-1.454539827097089955e-04
-1.461779331507484514e-04
-1.469018369507635313e-04
-1.476257129749969366e-04
-1.483495713977545094e-04
-1.490734280846783832e-04
-1.497972937033464902e-04
-1.505211794109451162e-04
-1.512450963913058999e-04
-1.519690549875996055e-04
-1.526930647963720133e-04
-1.534171353427815632e-04
-1.541412757298799008e-04
-1.548654946798011522e-04
-1.555898011629253119e-04
-1.563142076232981736e-04
-1.570387126570427228e-04
-1.577633281532042631e-04
-1.584880610081551566e-04
-1.592129187224511355e-04
-1.599379078028873025e-04
-1.606630346390192088e-04
-1.613883075738398176e-04
-1.621137309258946502e-04
-1.628393126176241879e-04
-1.635650563471813257e-04
-1.642909687405991193e-04
-1.650170558932240183e-04
-1.657433245026984636e-04
-1.664697794195868497e-04
-1.671964273630699438e-04
-1.679232733501345720e-04
-1.686503223397028961e-04
-1.693775835719391054e-04
-1.701050580235063947e-04
-1.708327523460839714e-04
-1.715606742408448682e-04
-1.722888337701844463e-04
-1.730172247286221321e-04
-1.737458594954777169e-04
-1.744747428726878269e-04
-1.752038811757561376e-04
-1.759332796300583368e-04
-1.766629458119783891e-04
-1.773928823518566844e-04
-1.781230951972689880e-04
-1.788535882628616847e-04
-1.795843693871423952e-04
-1.803154440098708733e-04
-1.810468123664144002e-04
-1.817784814517331426e-04
-1.825104568620172785e-04
-1.832427442679529506e-04
-1.839753475817440531e-04
-1.847082759122153917e-04
-1.854415390043495648e-04
-1.861751340305195512e-04
-1.869090769932579832e-04
-1.876433718136505391e-04
-1.883780404773327533e-04
-1.891131028256554103e-04
-1.898485875968525249e-04
-1.905845375520520690e-04
-1.913210114398156136e-04
-1.920581250883790503e-04
-1.927959909228116331e-04
-1.935348084700638793e-04
-1.942746127802097433e-04
-1.950149724562200149e-04
-1.957554075124878779e-04
-1.964958362273838688e-04
-1.972363647622099592e-04
-1.979771659529339090e-04
-1.987187133350998280e-04
-1.994620633113397545e-04
-2.002038615650514330e-04
-2.009456035693135689e-04
-2.016874940146129447e-04
-2.024295791323016402e-04
-2.031719132595810606e-04
-2.039145130084962787e-04
-2.046573983767174809e-04
-2.054005821782167729e-04
-2.061440731778718671e-04
-2.068878767418347309e-04
-2.076319973545182052e-04
-2.083764497839979413e-04
-2.091212219730298472e-04
-2.098663236264064480e-04
-2.106117594922185532e-04
-2.113575481953455792e-04
-2.121036487778837909e-04
-2.128500883292749890e-04
-2.135968661405307500e-04
-2.143439804328517440e-04
-2.150914256651148548e-04
-2.158392094885330792e-04
-2.165873330318701662e-04
-2.173357915034035415e-04
-2.180845933760222621e-04
-2.188337252013727863e-04
-2.195831961998573334e-04
-2.203330004092451944e-04
-2.210831548239422517e-04
-2.218336308948964941e-04
-2.225844456956727058e-04
-2.233355881411380750e-04
-2.240870670296990497e-04
-2.248388987365901315e-04
-2.255910507195091341e-04
-2.263435381881784281e-04
-2.270963639176004634e-04
-2.278495309583350448e-04
-2.286030375870939935e-04
-2.293568871779561036e-04
-2.301110807079176368e-04
-2.308656153832133739e-04
-2.316205043967345389e-04
-2.323757300788376057e-04
-2.331313028597348236e-04
-2.338872154893367750e-04
-2.346434764344262902e-04
-2.354000650285348328e-04
-2.361569868593038635e-04
-2.369142289393444401e-04
-2.376717935151928529e-04
-2.384296554808207347e-04
-2.391878105293399059e-04
-2.399462510195293774e-04
-2.407049652787263128e-04
-2.414639543657504106e-04
-2.422231979580802275e-04
-2.429826977461413406e-04
-2.437424470013160871e-04
-2.445024467966350201e-04
-2.452626956198633579e-04
-2.460231947156721333e-04
-2.467839455462250697e-04
-2.475449535542795232e-04
-2.483062306258831953e-04
-2.490677603929070116e-04
-2.498295612261003384e-04
-2.505916385231454768e-04
-2.513540018757032257e-04
-2.521166598526969338e-04
-2.528796229650520644e-04
-2.536429020113528665e-04
-2.544065110694493370e-04
-2.551704665926246562e-04
-2.559347892783225831e-04
-2.566995029498198022e-04
-2.574646390346435609e-04
-2.582302508242761974e-04
-2.589963348235135854e-04
-2.597629642531185112e-04
-2.605301930609371652e-04
-2.612980790764884986e-04
-2.620666724802989123e-04
-2.628360029514054119e-04
-2.636060954288588221e-04
-2.643769098750192725e-04
-2.651483445773594738e-04
-2.659202364421187070e-04
-2.666924090586331175e-04
-2.674646917243395094e-04
-2.682369515877303101e-04
-2.690091016661622092e-04
-2.697810961053148660e-04
-2.705529180326848859e-04
-2.713245718459766920e-04
-2.720960690703044804e-04
-2.728674209703241260e-04
-2.736386481381192226e-04
-2.744097751534724239e-04
-2.751808190637472507e-04
-2.759517985263526541e-04
-2.767227279317774347e-04
-2.774936223253199330e-04
-2.782644960528379841e-04
-2.790353619478436187e-04
-2.798062302393766743e-04
-2.805771118847832923e-04
-2.813480188650352432e-04
-2.821189676368573984e-04
-2.828899529978556870e-04
-2.836609917489241184e-04
-2.844320941265410241e-04
-2.852032697240325376e-04
-2.859745295343829596e-04
-2.867458861245397728e-04
-2.875173544840681217e-04
-2.882889548700973137e-04
-2.890607161122327184e-04
-2.898326837547093859e-04
-2.906049509805441744e-04
-2.913777702879816189e-04
-2.921519067917710544e-04
-2.929249580888582116e-04
-2.936975089775639702e-04
-2.944699674262141187e-04
-2.952424564949263086e-04
-2.960150385089566072e-04
-2.967877415552822029e-04
-2.975606009923970063e-04
-2.983336417553550390e-04
-2.991068969240284758e-04
-2.998803929407101165e-04
-3.006541709550392127e-04
-3.014282749956853635e-04
-3.022027711371277903e-04
-3.029777460884508500e-04
-3.037533202998599080e-04
-3.045297028475557610e-04
-3.053072373853105148e-04
-3.060866304392950710e-04
-3.068697468519010485e-04
-3.076641664115919994e-04
-3.084725243355235236e-04
-3.092647911182577758e-04
-3.100518124848905543e-04
-3.108364197093038683e-04
-3.116196894493716840e-04
-3.124021239028218488e-04
-3.131840145786934926e-04
-3.139655361612536666e-04
-3.147468168295253221e-04
-3.155279371355179663e-04
-3.163089617789216490e-04
-3.170899307241015208e-04
-3.178708820845699279e-04
-3.186518539353144774e-04
-3.194328794141609862e-04
-3.202140057833036124e-04
-3.209952948179939369e-04
-3.217768424580436104e-04
-3.225588265354240036e-04
-3.233415597240218986e-04
-3.241254746240151974e-04
-3.249099302634617104e-04
-3.256935613454858824e-04
-3.264764475063852700e-04
-3.272588816662924671e-04
-3.280410513567533215e-04
-3.288230713938133931e-04
-3.296050090496605023e-04
-3.303869254268620992e-04
-3.311688402524159969e-04
-3.319507918712050198e-04
-3.327328065619861164e-04
-3.335149060629261086e-04
-3.342971109382419925e-04
-3.350794411148827479e-04
-3.358619163343901093e-04
-3.366445557417829804e-04
-3.374273822045470439e-04
-3.382104177971356762e-04
-3.389936899280687754e-04
-3.397772235779195071e-04
-3.405610619851007215e-04
-3.413452308995701401e-04
-3.421297945338519497e-04
-3.429148251506974887e-04
-3.437004236355178932e-04
-3.444867391104722287e-04
-3.452739968478057975e-04
-3.460626155735724296e-04
-3.468533775441429157e-04
-3.476480013617777587e-04
-3.484482581194159323e-04
-3.492457528125880728e-04
-3.500382823622416595e-04
-3.508282997141121129e-04
-3.516169933890367361e-04
-3.524049315322130838e-04
-3.531924206513492592e-04
-3.539796334539602185e-04
-3.547667011185584585e-04
-3.555536890524901850e-04
-3.563406681609260218e-04
-3.571276823670643807e-04
-3.579147695097484316e-04
-3.587019595047147291e-04
-3.594892777907254811e-04
-3.602767462438372092e-04
-3.610643840359362144e-04
-3.618522071033858367e-04
-3.626402325117572545e-04
-3.634284744611360196e-04
-3.642169437113595976e-04
-3.650056541677493271e-04
-3.657946173410975277e-04
-3.665838444276703356e-04
-3.673733432352221939e-04
-3.681631203964474963e-04
-3.689531811706947551e-04
-3.697435284768513242e-04
-3.705341733005740323e-04
-3.713251187501542816e-04
-3.721163786802872409e-04
-3.729079511991528761e-04
-3.736998508221400783e-04
-3.744920757967618030e-04
-3.752846357935046839e-04
-3.760775369808788682e-04
-3.768707861138143045e-04
-3.776643846339355903e-04
-3.784583353128034844e-04
-3.792526537593765568e-04
-3.800472959728518063e-04
-3.808422888116336225e-04
-3.816376231777773853e-04
-3.824333039815774882e-04
-3.832293127566943625e-04
-3.840256517358975330e-04
-3.848223065002764898e-04
-3.856192730365970434e-04
-3.864165418979714772e-04
-3.872141063605560873e-04
-3.880119507304602422e-04
-3.888100461841847988e-04
-3.896083562968666314e-04
-3.904068383056014113e-04
-3.912054543263598916e-04
-3.920041805071106111e-04
-3.928030041688845841e-04
-3.936019201502549691e-04
-3.944009274093884798e-04
-3.952000277747114154e-04
-3.959992251200139535e-04
-3.967985292094855510e-04
-3.975979389236883321e-04
-3.983974670219714298e-04
-3.991971232063518116e-04
-3.999969591924612544e-04
-4.007969049308890419e-04
-4.015970145732072893e-04
-4.023972988792534622e-04
-4.031977708011114103e-04
-4.039984476995606144e-04
-4.047993351633527581e-04
-4.056004525627709967e-04
-4.064018100266020284e-04
-4.072034278495006987e-04
-4.080053056045862547e-04
-4.088074625737680989e-04
-4.096099124375474076e-04
-4.104126677406672030e-04
-4.112157409329464386e-04
-4.120191416193685896e-04
-4.128228888961027465e-04
-4.136269881246379398e-04
-4.144314759253475700e-04
-4.152363212868159792e-04
-4.160415612621815029e-04
-4.168472015715352086e-04
-4.176532675802535621e-04
-4.184597518538391014e-04
-4.192666804626599131e-04
-4.200740499594735056e-04
-4.208818847368789307e-04
-4.216902088948204508e-04
-4.224990127583705402e-04
-4.233083250908542539e-04
-4.241181510793445852e-04
-4.249285130943913913e-04
-4.257394167637151838e-04
-4.265508852960842034e-04
-4.273629246368537693e-04
-4.281755618900096039e-04
-4.289887795986269126e-04
-4.298026145453937019e-04
-4.306170778447526715e-04
-4.314321617149285970e-04
-4.322478719679390124e-04
-4.330642160947917318e-04
-4.338812054224261416e-04
-4.346988494192682850e-04
-4.355171640643140663e-04
-4.363361759922579353e-04
-4.371559114267897783e-04
-4.379763648706402890e-04
-4.387975851186665111e-04
-4.396196032235843987e-04
-4.404424538684281742e-04
-4.412661834151121454e-04
-4.420908083128116672e-04
-4.429163877692765539e-04
-4.437429706217743686e-04
-4.445706091688039763e-04
-4.453993467302685971e-04
-4.462292106586218665e-04
-4.470602280124413852e-04
-4.478923181673311049e-04
-4.487254016831698777e-04
-4.495593296788280568e-04
-4.503939558098135620e-04
-4.512291311289384765e-04
-4.520647241392783400e-04
-4.529006406991387124e-04
-4.537368199638569521e-04
-4.545732294909399229e-04
-4.554098557535413150e-04
-4.562466957126476430e-04
-4.570837534916272205e-04
-4.579210544326528520e-04
-4.587586050671665916e-04
-4.595964355185166994e-04
-4.604345774812390601e-04
-4.612730757058702835e-04
-4.621119934935524753e-04
-4.629514353465813414e-04
-4.637915972700579204e-04
-4.646329901148993358e-04
-4.654769652850943018e-04
-4.663202100193553079e-04
-4.671619060655496369e-04
-4.680031902613013273e-04
-4.688444408447178802e-04
-4.696858267286829758e-04
-4.705274522652791447e-04
-4.713693898756865508e-04
-4.722117067139652846e-04
-4.730544657470803216e-04
-4.738977371936403671e-04
-4.747415644196228968e-04
-4.755859390398464726e-04
-4.764307567617365180e-04
-4.772758311275548948e-04
-4.781210076530983955e-04
-4.789662241847514323e-04
-4.798114891962912409e-04
-4.806568395080423883e-04
-4.815023181007349606e-04
-4.823479612664494098e-04
-4.831937993274859622e-04
-4.840398696904779641e-04
-4.848861816472149755e-04
-4.857327661615951087e-04
-4.865796363333618757e-04
-4.874268267343051519e-04
-4.882743245120391151e-04
-4.891221625895614267e-04
-4.899703513996378490e-04
-4.908189103497440087e-04
-4.916678652557848750e-04
-4.925172055891824385e-04
-4.933669714121124983e-04
-4.942171765183189791e-04
-4.950678522340767884e-04
-4.959190083457798437e-04
-4.967706848473252279e-04
-4.976229115778441070e-04
-4.984757232195935472e-04
-4.993291585787540399e-04
-5.001832602514744153e-04
-5.010380508333467375e-04
-5.018935276032143733e-04
-5.027496735271475004e-04
-5.036063547587676936e-04
-5.044634456438101822e-04
-5.053207824098349121e-04
-5.061782362686395587e-04
-5.070357280736459415e-04
-5.078932303147487559e-04
-5.087507543558578149e-04
-5.096083266645790033e-04
-5.104659910813991175e-04
-5.113237651919178006e-04
-5.121816939857026796e-04
-5.130398011097270228e-04
-5.138981331918035522e-04
-5.147566777552459172e-04
-5.156154736517537529e-04
-5.164745334313991521e-04
-5.173338724903109309e-04
-5.181935163055539917e-04
-5.190534599446294806e-04
-5.199137232059225511e-04
-5.207743102723094708e-04
-5.216352352176434337e-04
-5.224965046696228299e-04
-5.233581279089349891e-04
-5.242201114825650876e-04
-5.250824619583704944e-04
-5.259451856141073023e-04
-5.268082851809241518e-04
-5.276717739800540485e-04
-5.285356499776794337e-04
-5.293999212425681833e-04
-5.302645927663940384e-04
-5.311296693003564329e-04
-5.319951502515962716e-04
-5.328610452706161738e-04
-5.337273587036062139e-04
-5.345940947923955022e-04
-5.354612540019454414e-04
-5.363288459294679456e-04
-5.371968837848406508e-04
-5.380653492821352302e-04
-5.389342611473724176e-04
-5.398036137606032625e-04
-5.406734116860656414e-04
-5.415436644167215263e-04
-5.424143746635134988e-04
-5.432855460520968904e-04
-5.441571821841462153e-04
-5.450292825140978792e-04
-5.459018567178786085e-04
-5.467749104204333577e-04
-5.476484388492464106e-04
-5.485224617516326617e-04
-5.493969541023879799e-04
-5.502719379698595148e-04
-5.511474168782282135e-04
-5.520234050256922487e-04
-5.528998803213669433e-04
-5.537768726642244843e-04
-5.546543849641594193e-04
-5.555323859390837171e-04
-5.564109338979106312e-04
-5.572899595372993176e-04
-5.581695076883885775e-04
-5.590495777272330713e-04
-5.599301918772781050e-04
-5.608113277889570369e-04
-5.616930079672677323e-04
-5.625752229198033305e-04
-5.634579796496286264e-04
-5.643413049563061890e-04
-5.652251782950479253e-04
-5.661096186360126126e-04
-5.669946217726762328e-04
-5.678802015067763165e-04
-5.687663690588928844e-04
-5.696531290184658758e-04
-5.705404889556620063e-04
-5.714284616902265412e-04
-5.723170613692873943e-04
-5.732062997879650013e-04
-5.740962057436682642e-04
-5.749867929411012213e-04
-5.758781102429555432e-04
-5.767701878029996010e-04
-5.776631145907318299e-04
-5.785570427609965094e-04
-5.794522963163961649e-04
-5.803495425462656954e-04
-5.812480896557614685e-04
-5.821458737151896656e-04
-5.830434002649376168e-04
-5.839411341374001196e-04
-5.848391906370098425e-04
-5.857377197528990109e-04
-5.866367591604859655e-04
-5.875363327652038947e-04
-5.884364395084551447e-04
-5.893370670764230823e-04
-5.902382083923241041e-04
-5.911398711434534547e-04
-5.920420540258541919e-04
-5.929447774843943364e-04
-5.938480599784190517e-04
-5.947519034017467732e-04
-5.956563596005715056e-04
-5.965613635896538369e-04
-5.974669640883556454e-04
-5.983731557127613954e-04
-5.992799635992085427e-04
-6.001873538152846521e-04
-6.010953413634334552e-04
-6.020039444400993034e-04
-6.029131493424655375e-04
-6.038229767589831098e-04
-6.047333958167921963e-04
-6.056444202989785808e-04
-6.065560400866365498e-04
-6.074682667887021381e-04
-6.083810948965817644e-04
-6.092945236026992006e-04
-6.102085337045259905e-04
-6.111231237709846553e-04
-6.120383051223532433e-04
-6.129540576946812536e-04
-6.138703803548750670e-04
-6.147872700758005848e-04
-6.157047206485355417e-04
-6.166227295093529293e-04
-6.175412885048858769e-04
-6.184603888851336606e-04
-6.193800252149994634e-04
-6.203001898675841730e-04
-6.212208822694575971e-04
-6.221420962239099239e-04
-6.230638181680125953e-04
-6.239860588875822955e-04
-6.249087866654345902e-04
-6.258320128551542183e-04
-6.267557207050300505e-04
-6.276799114925957213e-04
-6.286045832453179827e-04
-6.295297325298321311e-04
-6.304553526257361540e-04
-6.313814474564471979e-04
-6.323080221773969001e-04
-6.332350607328729453e-04
-6.341625754237023571e-04
-6.350905627310332591e-04
-6.360190404375298812e-04
-6.369479945050882108e-04
-6.378774488214888905e-04
-6.388074106700170063e-04
-6.397379013147741489e-04
-6.406689635393147952e-04
-6.416006113334482563e-04
-6.425329366677168252e-04
-6.434660634160316306e-04
-6.444002720549235619e-04
-6.453363434416603539e-04
-6.462764808259358063e-04
-6.472123355133474476e-04
-6.481471587574949567e-04
-6.490819524672675200e-04
-6.500170014138717534e-04
-6.509524419490153591e-04
-6.518883421650079057e-04
-6.528247689661093034e-04
-6.537617565093301053e-04
-6.546993598904871092e-04
-6.556376312140121954e-04
-6.565766190386179701e-04
-6.575163756348256783e-04
-6.584569550220908951e-04
-6.593984024606536209e-04
-6.603407820607865020e-04
-6.612841436737237899e-04
-6.622285065525090886e-04
-6.631739068817532612e-04
-6.641203774663262394e-04
-6.650679522244296038e-04
-6.660166966814262679e-04
-6.669667026040215774e-04
-6.679181072184459111e-04
-6.688710436670852744e-04
-6.698254493674449250e-04
-6.707807380929020624e-04
-6.717355945206060497e-04
-6.726888165559108401e-04
-6.736400920902552159e-04
-6.745897116324783838e-04
-6.755380551701772873e-04
-6.764854648371176893e-04
-6.774322009081013007e-04
-6.783784573182183308e-04
-6.793243843483676159e-04
-6.802700866681554714e-04
-6.812156560148663331e-04
-6.821611690527307204e-04
-6.831066763218762716e-04
-6.840522354283340434e-04
-6.849979084356805359e-04
-6.859438214330548789e-04
-6.868901106014124736e-04
-6.878363492766048637e-04
-6.887827280775971062e-04
-6.897292921537179211e-04
-6.906760707902082075e-04
-6.916230786765398264e-04
-6.925703355525891780e-04
-6.935178517836204648e-04
-6.944656484969558008e-04
-6.954137183725617177e-04
-6.963620825367611289e-04
-6.973107512985299294e-04
-6.982597347426899859e-04
-6.992090426559682825e-04
-7.001586820462035732e-04
-7.011086686651291089e-04
-7.020590050871300392e-04
-7.030097115202638136e-04
-7.039607825246596562e-04
-7.049122393312234891e-04
-7.058640862005471917e-04
-7.068163505782321110e-04
-7.077690148035165052e-04
-7.087221047049618861e-04
-7.096756143849525245e-04
-7.106295570323828414e-04
-7.115839479885366359e-04
-7.125387460507059956e-04
-7.134939601688428112e-04
-7.144495707038789334e-04
-7.154055745781651154e-04
-7.163619696253231695e-04
-7.173187552049764548e-04
-7.182759345851774668e-04
-7.192335164233343292e-04
-7.201915053890450835e-04
-7.211499121242415100e-04
-7.221087448019414268e-04
-7.230680050445137397e-04
-7.240277258920846393e-04
-7.249878691262257036e-04
-7.259484641678470851e-04
-7.269095141322345910e-04
-7.278710318843195637e-04
-7.288330235588613704e-04
-7.297954966470898697e-04
-7.307584693148072574e-04
-7.317219387029672006e-04
-7.326859235256000247e-04
-7.336504304764623896e-04
-7.346154734410026421e-04
-7.355810707924126390e-04
-7.365472388207727761e-04
-7.375139987849665957e-04
-7.384813778709142795e-04
-7.394494128217798945e-04
-7.404181502006501603e-04
-7.413876999132762435e-04
-7.423581801310197292e-04
-7.433299307396667999e-04
-7.443038080096053832e-04
-7.452811413846127664e-04
-7.462560658538786029e-04
-7.472295311570231746e-04
-7.482026557421583846e-04
-7.491758077131649429e-04
-7.501491421380013236e-04
-7.511227356111760400e-04
-7.520966273669715818e-04
-7.530708319170020815e-04
-7.540453729607543565e-04
-7.550202374866366029e-04
-7.559954396914037034e-04
-7.569709820247627619e-04
-7.579468835219316247e-04
-7.589231304678811796e-04
-7.598997466559120895e-04
-7.608767347411227178e-04
-7.618541195160144497e-04
-7.628319203933919823e-04
-7.638101589415580150e-04
-7.647888618017573137e-04
-7.657680434015601278e-04
-7.667477350449258822e-04
-7.677279633359068711e-04
-7.687087536760728312e-04
-7.696901343242634752e-04
-7.706721259304050164e-04
-7.716547625535863375e-04
-7.726380436117175066e-04
-7.736219956190337754e-04
-7.746066164346920857e-04
-7.755919228765728590e-04
-7.765778891932750838e-04
-7.775645177761081328e-04
-7.785517964795651835e-04
-7.795397099248368988e-04
-7.805282292734361249e-04
-7.815173175144130013e-04
-7.825069475440038502e-04
-7.834970815746578054e-04
-7.844877217617618470e-04
-7.854787749366209937e-04
-7.864702446761517862e-04
-7.874620962916578648e-04
-7.884543223640738674e-04
-7.894468754859884640e-04
-7.904397486141467866e-04
-7.914329206241133008e-04
-7.924263863232638982e-04
-7.934201453032585505e-04
-7.944141753003508555e-04
-7.954084830913421555e-04
-7.964030641868236060e-04
-7.973979328017577473e-04
-7.983930680993678308e-04
-7.993884870743928062e-04
-8.003841908025277618e-04
-8.013801923618668610e-04
-8.023764821157852722e-04
-8.033730765604207846e-04
-8.043699852960939367e-04
-8.053672119191501722e-04
-8.063647709380949991e-04
-8.073626653425369781e-04
-8.083609116228407387e-04
-8.093595148424004293e-04
-8.103584919167960976e-04
-8.113578591595338452e-04
-8.123576297882628694e-04
-8.133578286186882167e-04
-8.143584680375681728e-04
-8.153595882698372321e-04
-8.163611676943460793e-04
-8.173632364532057437e-04
-8.183657954721201833e-04
-8.193688429859458111e-04
-8.203723571715837437e-04
-8.213762991144957226e-04
-8.223806153297985588e-04
-8.233852400946206629e-04
-8.243901131093078760e-04
-8.253951752855703816e-04
-8.264003824930421516e-04
-8.274057002116697035e-04
-8.284111074351452331e-04
-8.294165909306094875e-04
-8.304221435579961508e-04
-8.314277629620780985e-04
-8.324334496599972155e-04
-8.334392059302642153e-04
-8.344450355531884966e-04
-8.354509409184140978e-04
-8.364569271668287342e-04
-8.374629989964521570e-04
-8.384691576316383177e-04
-8.394754075835564322e-04
-8.404817531516561857e-04
-8.414882161176251429e-04
-8.424947619549705280e-04
-8.435014124544837344e-04
-8.445081713431834558e-04
-8.455150410683343054e-04
-8.465220286507646463e-04
-8.475291290851449943e-04
-8.485363494965536546e-04
-8.495436930689992394e-04
-8.505511631198281464e-04
-8.515587629799314939e-04
-8.525664964604828810e-04
-8.535743670093909330e-04
-8.545823793806306412e-04
-8.555905361163906875e-04
-8.565988427133852667e-04
-8.576073046629995034e-04
-8.586159257211178897e-04
-8.596247090985054129e-04
-8.606336650476276162e-04
-8.616427979328822317e-04
-8.626521141074094956e-04
-8.636616204523717144e-04
-8.646713243030124119e-04
-8.656812324895346578e-04
-8.666913556721889123e-04
-8.677016999654174612e-04
-8.687122792286894324e-04
-8.697230948695455766e-04
-8.707341593637840660e-04
-8.717454860341922185e-04
-8.727570873776624438e-04
-8.737689753949284821e-04
-8.747811636070634833e-04
-8.757936656176301682e-04
-8.768064931854446797e-04
-8.778196976338970003e-04
-8.788332294986656024e-04
-8.798471390184525731e-04
-8.808614452541219109e-04
-8.818761744815439840e-04
-8.828913327306731063e-04
-8.839069543540301055e-04
-8.849230655538775636e-04
-8.859397009949310231e-04
-8.869568951118678157e-04
-8.879747001476756552e-04
-8.889931774231918382e-04
-8.900124058476288624e-04
-8.910325557223153226e-04
-8.920539037602370769e-04
-8.930777081029850351e-04
-8.941086660241293060e-04
-8.951326205387521995e-04
-8.961562376522680395e-04
-8.971801592737582709e-04
-8.982046155666667531e-04
-8.992297452617981079e-04
-9.002556610011591687e-04
-9.012824008738373749e-04
-9.023100681692097780e-04
-9.033387187079577885e-04
-9.043684891986147889e-04
-9.053993483951749965e-04
-9.064314449619415015e-04
-9.074648446425470638e-04
-9.084996484792773330e-04
-9.095360237506566747e-04
-9.105739730018713729e-04
-9.116136894590232131e-04
-9.126553010293525503e-04
-9.136990233824526797e-04
-9.147449497608484137e-04
-9.157933322984090907e-04
-9.168444031277811490e-04
-9.178984362150366394e-04
-9.189557629293299001e-04
-9.200166856191405174e-04
-9.210816605912386379e-04
-9.221510954835476781e-04
-9.232254513560356202e-04
-9.243051232077359458e-04
-9.253904631140175141e-04
-9.264815127397740824e-04
-9.275777694269793372e-04
-9.286781838862001592e-04
-9.297812880679767744e-04
-9.308856248875230222e-04
-9.319900545076142961e-04
-9.330938835689916999e-04
-9.341967765258418765e-04
-9.352987461405115610e-04
-9.363999071499984339e-04
-9.375005201578412439e-04
-9.386007870202384140e-04
-9.397009895956154324e-04
-9.408013789932168081e-04
-9.419021975567432037e-04
-9.430036577748879267e-04
-9.441059539274654355e-04
-9.452092360624497758e-04
-9.463135991376603329e-04
-9.474191289353672829e-04
-9.485257744938913049e-04
-9.496335196276239898e-04
-9.507422730081760420e-04
-9.518518906829198656e-04
-9.529621912979235887e-04
-9.540729671573267012e-04
-9.551840145458623255e-04
-9.562951215762449664e-04
-9.574061348535112259e-04
-9.585168545971356480e-04
-9.596271903777875423e-04
-9.607370810923443472e-04
-9.618464891103517544e-04
-9.629554084965574745e-04
-9.640638599583972734e-04
-9.651719104845080111e-04
-9.662796188599775959e-04
-9.673870593921440886e-04
-9.684943018604119658e-04
-9.696014454364521029e-04
-9.707085927321834617e-04
-9.718158363606343997e-04
-9.729232759434491840e-04
-9.740310128395490707e-04
-9.751391483732163579e-04
-9.762477840354888414e-04
-9.773570213782445393e-04
-9.784669552560520955e-04
-9.795777053073217999e-04
-9.806893493371493520e-04
-9.818019936415067761e-04
-9.829157472330818379e-04
-9.840307171410378473e-04
-9.851470160083808381e-04
-9.862647400862289970e-04
-9.873839702305708954e-04
-9.885047785942457921e-04
-9.896272178752107962e-04
-9.907513600775352813e-04
-9.918772931606367749e-04
-9.930051121217475796e-04
-9.941349039270797050e-04
-9.952667557940886311e-04
-9.964007341091152270e-04
-9.975369082072527149e-04
-9.986752913050400693e-04
-9.998158418901281763e-04
-1.000958677006336117e-03
-1.002103771907791874e-03
-1.003251420783835002e-03
-1.004401882715666439e-03
-1.005555414067327291e-03
-1.006712225361972024e-03
-1.007872206141624538e-03
-1.009034924371765563e-03
-1.010199390049537627e-03
-1.011364249096979862e-03
-1.012528270449286616e-03
-1.013690736038075357e-03
-1.014851393667637325e-03
-1.016010355973651080e-03
-1.017167901636306659e-03
-1.018324303056261648e-03
-1.019479855344340713e-03
-1.020634794375752108e-03
-1.021789369796022307e-03
-1.022943680953236623e-03
-1.024097916116351037e-03
-1.025252214905125747e-03
-1.026406700356807811e-03
-1.027561485183903223e-03
-1.028716623964864851e-03
-1.029872234291073774e-03
-1.031028392063038090e-03
-1.032185192151868769e-03
-1.033342677497439688e-03
-1.034500938933202718e-03
-1.035660030263119147e-03
-1.036820027764062679e-03
-1.037980963275453306e-03
-1.039142931189340757e-03
-1.040305990900547428e-03
-1.041470201061822642e-03
-1.042635620870369095e-03
-1.043802323945186572e-03
-1.044970389230792662e-03
-1.046139883794983128e-03
-1.047310880998408855e-03
-1.048483451730586324e-03
-1.049657656502001046e-03
-1.050833516754612340e-03
-1.052011070940439552e-03
-1.053190375524537536e-03
-1.054371338118142987e-03
-1.055554079088638630e-03
-1.056738610601626327e-03
-1.057925058955633268e-03
-1.059113500806674324e-03
-1.060304007197698795e-03
-1.061496659427341172e-03
-1.062691541090177161e-03
-1.063888847592231457e-03
-1.065088470010966404e-03
-1.066290598879859886e-03
-1.067495263202489220e-03
-1.068702593757686614e-03
-1.069912584321652815e-03
-1.071125379964898983e-03
-1.072341022279932332e-03
-1.073559579848781809e-03
-1.074781131757740482e-03
-1.076005704318316880e-03
-1.077233430170854156e-03
-1.078464272650681011e-03
-1.079698429244935198e-03
-1.080935658970605395e-03
-1.082176099438281192e-03
-1.083419687796682851e-03
-1.084666439771231339e-03
-1.085916276314380369e-03
-1.087169110396968286e-03
-1.088424803096676996e-03
-1.089683220229176186e-03
-1.090944197102428070e-03
-1.092207352556551214e-03
-1.093472508320370018e-03
-1.094739336692795995e-03
-1.096007609427296359e-03
-1.097276959340365288e-03
-1.098547176304198736e-03
-1.099818011859543532e-03
-1.101089237669161669e-03
-1.102360647088573842e-03
-1.103632054065939450e-03
-1.104903289200431793e-03
-1.106174213691524244e-03
-1.107444703355997540e-03
-1.108714647928610297e-03
-1.109983952738979873e-03
-1.111252551986185999e-03
-1.112520395004756857e-03
-1.113787438193236667e-03
-1.115053676494670576e-03
-1.116319106977403663e-03
-1.117583753690309933e-03
-1.118847626976116061e-03
-1.120110691661846403e-03
-1.121372943229892449e-03
-1.122634337230365986e-03
-1.123894799255564791e-03
-1.125154251481297329e-03
-1.126412623692729653e-03
-1.127669904249728461e-03
-1.128926098144300560e-03
-1.130181182542266960e-03
-1.131435204255515359e-03
-1.132688208925980433e-03
-1.133940229002039501e-03
-1.135191315174033377e-03
-1.136441519534514555e-03
-1.137690908482813512e-03
-1.138939546461381624e-03
-1.140187499736211585e-03
-1.141434844124766812e-03
-1.142681634714648453e-03
-1.143927937111266502e-03
-1.145173834134927127e-03
-1.146419381749197441e-03
-1.147664655329450056e-03
-1.148909709457579531e-03
-1.150154619636856168e-03
-1.151399433872546396e-03
-1.152644194673757561e-03
-1.153888941139769031e-03
-1.155133679629716248e-03
-1.156378402100144420e-03
-1.157623142087671475e-03
-1.158867724226020357e-03
-1.160112157689519030e-03
-1.161356365456223116e-03
-1.162600293570070775e-03
-1.163843844910972258e-03
-1.165086990535635358e-03
-1.166329703261581585e-03
-1.167572036063435625e-03
-1.168813957988512620e-03
-1.170055538474157331e-03
-1.171296838620827785e-03
-1.172537926652172935e-03
-1.173778860536489610e-03
-1.175019701327939536e-03
-1.176260508284787676e-03
-1.177501341476427932e-03
-1.178742256504494712e-03
-1.179983305348963896e-03
-1.181224535250491314e-03
-1.182465990020364899e-03
-1.183707706157499651e-03
-1.184949712635940955e-03
-1.186192039848599222e-03
-1.187434705451240191e-03
-1.188677718851338660e-03
-1.189921093160850596e-03
-1.191164832537450202e-03
-1.192408947812584330e-03
-1.193653458978372051e-03
-1.194898399088595298e-03
-1.196143833377849575e-03
-1.197389864738052090e-03
-1.198636671365216344e-03
-1.199884572165021979e-03
-1.201134189571462230e-03
-1.202387036514540597e-03
-1.203647860459233776e-03
-1.204923628158938165e-03
-1.206189659384016011e-03
-1.207449797086423970e-03
-1.208707245496820626e-03
-1.209963253419710227e-03
-1.211218433143534945e-03
-1.212473125340673974e-03
-1.213727549803311767e-03
-1.214981856582419972e-03
-1.216236161224015788e-03
-1.217490552715472241e-03
-1.218745103225171711e-03
-1.219999873149135716e-03
-1.221254912877056675e-03
-1.222510269469290201e-03
-1.223765992125147584e-03
-1.225022098735428777e-03
-1.226278634365418618e-03
-1.227535624088171851e-03
-1.228793188576160489e-03
-1.230051169887502738e-03
-1.231309683926484766e-03
-1.232568755090146517e-03
-1.233828399727299185e-03
-1.235088748313017959e-03
-1.236349609097797675e-03
-1.237611105860403349e-03
-1.238873242069060687e-03
-1.240136043161976787e-03
-1.241399522462938165e-03
-1.242663697418988633e-03
-1.243928579055197936e-03
-1.245194179567588044e-03
-1.246460516593939083e-03
-1.247727590680702825e-03
-1.248995414500075896e-03
-1.250263989709843315e-03
-1.251533351994127408e-03
-1.252803461920914962e-03
-1.254074354552825454e-03
-1.255346016020397748e-03
-1.256618481859428371e-03
-1.257891700817359570e-03
-1.259165706146037067e-03
-1.260440468433432493e-03
-1.261716010192426296e-03
-1.262992362402459712e-03
-1.264269476314971996e-03
-1.265547398393573886e-03
-1.266826124017739197e-03
-1.268105671023644909e-03
-1.269386061814037348e-03
-1.270667317035845123e-03
-1.271949461316812524e-03
-1.273232517674527386e-03
-1.274516510912371281e-03
-1.275801476225635334e-03
-1.277087438524837637e-03
-1.278374400721760118e-03
-1.279662416838078798e-03
-1.280951444764144576e-03
-1.282241522025384661e-03
-1.283532616696447803e-03
-1.284824769158143809e-03
-1.286117804650266372e-03
-1.287411705926833072e-03
-1.288706397869376907e-03
-1.290001783927130496e-03
-1.291297850489203647e-03
-1.292594409674108213e-03
-1.293891487877507629e-03
-1.295189051787271062e-03
-1.296487112400601660e-03
-1.297785690218322685e-03
-1.299084814688655776e-03
-1.300384519395181293e-03
-1.301684842088701721e-03
-1.302985847127402508e-03
-1.304287537837178768e-03
-1.305589972546372657e-03
-1.306893180084811590e-03
-1.308197207477324042e-03
-1.309502096559778117e-03
-1.310807882243136824e-03
-1.312114601502156752e-03
-1.313422300235678186e-03
-1.314730992245438657e-03
-1.316040728436940199e-03
-1.317351556213375297e-03
-1.318663494129457270e-03
-1.319976618155194181e-03
-1.321290913791961508e-03
-1.322606448582397398e-03
-1.323923246300151568e-03
-1.325241379723784974e-03
-1.326560885586802740e-03
-1.327881813639963937e-03
-1.329204151283569502e-03
-1.330527981172946461e-03
-1.331853382099401628e-03
-1.333180313010884355e-03
-1.334508858648386642e-03
-1.335838989455551129e-03
-1.337170721773417448e-03
-1.338504019600006423e-03
-1.339838807153270750e-03
-1.341175012996909111e-03
-1.342512608198620505e-03
-1.343851595455580750e-03
-1.345192036767750565e-03
-1.346533989585396718e-03
-1.347877464669133829e-03
-1.349222593843957263e-03
-1.350569257792311184e-03
-1.351917576308148128e-03
-1.353267535201041483e-03
-1.354619218367214550e-03
-1.355972535522109723e-03
-1.357327523041518269e-03
-1.358684190957082372e-03
-1.360042506155845210e-03
-1.361402517968235415e-03
-1.362764105468539100e-03
-1.364127337901810400e-03
-1.365492185161798488e-03
-1.366858711385865455e-03
-1.368226980430153894e-03
-1.369597060226768193e-03
-1.370969026799340185e-03
-1.372342940108128850e-03
-1.373718971978576953e-03
-1.375097053448737228e-03
-1.376477303254519668e-03
-1.377859786574342493e-03
-1.379244523672884526e-03
-1.380631532208687062e-03
-1.382020794063687497e-03
-1.383412313263887583e-03
-1.384806084400280746e-03
-1.386202014872051080e-03
-1.387600191736781952e-03
-1.389000680628083018e-03
-1.390403467050993491e-03
-1.391808572611674677e-03
-1.393215953152782127e-03
-1.394625614936528812e-03
-1.396037600719490790e-03
-1.397451980426400731e-03
-1.398868825902011004e-03
-1.400288238849967115e-03
-1.401710235729880516e-03
-1.403134954895191022e-03
-1.404562533316222606e-03
-1.405993069177324806e-03
-1.407426774368558675e-03
-1.408863765773538113e-03
-1.410304292725594877e-03
-1.411748532931467182e-03
-1.413196774431857428e-03
-1.414649176940674380e-03
-1.416106071724709814e-03
-1.417567544586773032e-03
-1.419034007746011739e-03
-1.420505808084615573e-03
-1.421983144235028362e-03
-1.423466581417898169e-03
-1.424956114193798307e-03
-1.426452377812359451e-03
-1.427955574135109096e-03
-1.429466269645573995e-03
-1.430985012316421390e-03
-1.432512273669916958e-03
-1.434048923729336344e-03
-1.435595437067949121e-03
-1.437153077986419447e-03
-1.438722037298778567e-03
-1.440303706913947934e-03
-1.441899072302632590e-03
-1.443509706347989585e-03
-1.445137201803059490e-03
-1.446783420393282782e-03
-1.448450314555427276e-03
-1.450140832935264967e-03
-1.451858296678043558e-03
-1.453605820873615784e-03
-1.455388294421378070e-03
-1.457216937758576414e-03
-1.459089025770632375e-03
-1.461019728013823737e-03
-1.463021856451751646e-03
-1.465113721567545824e-03
-1.467321711578928323e-03
-1.469683410955213709e-03
-1.472255000050770590e-03
-1.475107884178039619e-03
-1.478284353466308154e-03
-1.481635191949548513e-03
-1.484792834853809751e-03
-1.487584245387307824e-03
-1.490061561512212585e-03
-1.492312349413937866e-03
-1.494400747347635061e-03
-1.496370735615593084e-03
-1.498249041116617164e-03
-1.500056271543148689e-03
-1.501806630230473338e-03
-1.503510471280833372e-03
-1.505175734273667132e-03
-1.506808562804051732e-03
-1.508413488849558171e-03
-1.509995130272390185e-03
-1.511556234590871739e-03
-1.513099611552992663e-03
-1.514626795262263848e-03
-1.516138586530324517e-03
-1.517636306148095748e-03
-1.519120623045711049e-03
-1.520592821647515080e-03
-1.522053563272396381e-03
-1.523504273776898899e-03
-1.524945448481584975e-03
-1.526377848407922677e-03
-1.527802152725410423e-03
-1.529219049888341786e-03
-1.530628955431878602e-03
-1.532032332215549353e-03
-1.533429789009610467e-03
-1.534821504256211888e-03
-1.536208284826034998e-03
-1.537590282340239867e-03
-1.538967808957902861e-03
-1.540341217916796346e-03
-1.541710836122311967e-03
-1.543076981411983795e-03
-1.544440000082469844e-03
-1.545800139676534180e-03
-1.547157608184690503e-03
-1.548512894626097314e-03
-1.549866099242014350e-03
-1.551217488826472923e-03
-1.552567081221201128e-03
-1.553915004153361146e-03
-1.555261098228122307e-03
-1.556605296351043499e-03
-1.557947409234650138e-03
-1.559287378133822344e-03
-1.560625123161130112e-03
-1.561960572256770874e-03
-1.563293798894638265e-03
-1.564624775025169612e-03
-1.565953702721500918e-03
-1.567280593913755737e-03
-1.568605530774203061e-03
-1.569928591890201730e-03
-1.571249845421895941e-03
-1.572569402197632193e-03
-1.573887299224585590e-03
-1.575203671463021315e-03
-1.576518527084402876e-03
-1.577832054923011817e-03
-1.579144266528720308e-03
-1.580455293419102958e-03
-1.581765194503037542e-03
-1.583074048382204779e-03
-1.584381932920209124e-03
-1.585688960436981709e-03
-1.586995240328792356e-03
-1.588300812175202914e-03
-1.589605883841493927e-03
-1.590910534443934488e-03
-1.592214890904442015e-03
-1.593519083094907529e-03
-1.594823278415424817e-03
-1.596127602695340819e-03
-1.597432177943725051e-03
-1.598737077157963427e-03
-1.600042274092161598e-03
-1.601347608309877657e-03
-1.602652782932478814e-03
-1.603957469946792891e-03
-1.605261420247861004e-03
-1.606564577879332489e-03
-1.607867109763572167e-03
-1.609169428558265835e-03
-1.610472272388419057e-03
-1.611776944897669317e-03
-1.613085056127894212e-03
-1.614390620931049902e-03
-1.615686171377195279e-03
-1.616976080961007867e-03
-1.618262907315037857e-03
-1.619547725901449020e-03
-1.620831146067369666e-03
-1.622113492709020832e-03
-1.623395008715777799e-03
-1.624675893980298547e-03
-1.625956327474198382e-03
-1.627236486954397598e-03
-1.628516529159851345e-03
-1.629796671162919708e-03
-1.631077088732113545e-03
-1.632358014756696285e-03
-1.633639618007887151e-03
-1.634922147930373271e-03
-1.636205695514703073e-03
-1.637490304480015979e-03
-1.638775817099369370e-03
-1.640062024399480123e-03
-1.641348527260833023e-03
-1.642634961697364560e-03
-1.643921013603777403e-03
-1.645206431981072193e-03
-1.646491123245552579e-03
-1.647775005174101359e-03
-1.649058083167620481e-03
-1.650340369647729233e-03
-1.651621924102397720e-03
-1.652902766864805528e-03
-1.654182945175053376e-03
-1.655462479238645201e-03
-1.656741392628058307e-03
-1.658019744091632219e-03
-1.659297548511240450e-03
-1.660574857190955100e-03
-1.661851672463909857e-03
-1.663128107654454624e-03
-1.664404162051602576e-03
-1.665679896242333591e-03
-1.666955343781695298e-03
-1.668230566281070359e-03
-1.669505590803588291e-03
-1.670780453391418341e-03
-1.672055200004463060e-03
-1.673329857279970412e-03
-1.674604473525964643e-03
-1.675879074470199015e-03
-1.677153697670297205e-03
-1.678428371225448856e-03
-1.679703129346177271e-03
-1.680978000302091324e-03
-1.682253012733281317e-03
-1.683528194838967984e-03
-1.684803576632254440e-03
-1.686079178304988879e-03
-1.687355029461934386e-03
-1.688631153499819959e-03
-1.689907576304383596e-03
-1.691184322373917581e-03
-1.692461416976542843e-03
-1.693738886173856706e-03
-1.695016757729428392e-03
-1.696295068079667345e-03
-1.697573844933630838e-03
-1.698853134028732725e-03
-1.700132990350766704e-03
-1.701413490160619268e-03
-1.702694722964581686e-03
-1.703976822220676368e-03
-1.705259985583129634e-03
-1.706544491514971895e-03
-1.707830684043565306e-03
-1.709118949933641218e-03
-1.710409332100648605e-03
-1.711701038597079894e-03
-1.712992799765666874e-03
-1.714283937625293852e-03
-1.715574666687147420e-03
-1.716866027733798816e-03
-1.718155008324284694e-03
-1.719442251121083842e-03
-1.720728624199807655e-03
-1.722014457084974914e-03
-1.723299914642151265e-03
-1.724585122411137483e-03
-1.725870154026587500e-03
-1.727155084493836590e-03
-1.728439969521877728e-03
-1.729724854452885374e-03
-1.731009782829695531e-03
-1.732294786443988599e-03
-1.733579898038128952e-03
-1.734865150883169171e-03
-1.736150552756776655e-03
-1.737436137660974822e-03
-1.738721924929409468e-03
-1.740007934261322831e-03
-1.741294185812147788e-03
-1.742580696980966515e-03
-1.743867487151828932e-03
-1.745154570960361085e-03
-1.746441967607093027e-03
-1.747729688044374896e-03
-1.749017746504044624e-03
-1.750306157922487671e-03
-1.751594932318134568e-03
-1.752884084887496030e-03
-1.754173620652776933e-03
-1.755463552769231939e-03
-1.756753883576100961e-03
-1.758044622637955356e-03
-1.759335771757797318e-03
-1.760627337761166977e-03
-1.761919319227422953e-03
-1.763211720849255926e-03
-1.764504546621692427e-03
-1.765797794539669674e-03
-1.767091488193428539e-03
-1.768385659568605384e-03
-1.769680458546529778e-03
-1.770979494932656273e-03
-1.772275355426122800e-03
-1.773571322792766303e-03
-1.774867573599347992e-03
-1.776164165614879664e-03
-1.777461140201830325e-03
-1.778758536429836390e-03
-1.780056392822637612e-03
-1.781354779498811602e-03
-1.782653737431361129e-03
-1.783953374512203816e-03
-1.785253817382037589e-03
-1.786555229052022575e-03
-1.787857841468953879e-03
-1.789161980101705574e-03
-1.790468099231667942e-03
-1.791776901075681216e-03
-1.793089377613354962e-03
-1.794406896195810397e-03
-1.795730713856746874e-03
-1.797060101381031672e-03
-1.798386400756801784e-03
-1.799704032608984150e-03
-1.801015922800353053e-03
-1.802324210048666941e-03
-1.803630116953391926e-03
-1.804934325669749207e-03
-1.806237302170443648e-03
-1.807539359132692702e-03
-1.808840707938630388e-03
-1.810141531521702873e-03
-1.811441955844816931e-03
-1.812742094281505345e-03
-1.814042041936025917e-03
-1.815341901435729710e-03
-1.816641684937558843e-03
-1.817941466859651634e-03
-1.819241280188954590e-03
-1.820541141101861271e-03
-1.821841061631634950e-03
-1.823140961924263337e-03
-1.824440824715334308e-03
-1.825740606982817482e-03
-1.827040268348345542e-03
-1.828339785735266787e-03
-1.829639153464679424e-03
-1.830938377721080812e-03
-1.832237466255604019e-03
-1.833536440477012697e-03
-1.834835326590233961e-03
-1.836134147704782116e-03
-1.837432926718562953e-03
-1.838731687874073373e-03
-1.840030451336072126e-03
-1.841329237323496848e-03
-1.842628064728790704e-03
-1.843926951166308115e-03
-1.845225914143822088e-03
-1.846524967330287481e-03
-1.847824124892594178e-03
-1.849123402243191272e-03
-1.850422810244722882e-03
-1.851722363361951729e-03
-1.853022071709675700e-03
-1.854321947148962479e-03
-1.855621999762191443e-03
-1.856922240046299244e-03
-1.858222677222909347e-03
-1.859523321260048156e-03
-1.860824180847431286e-03
-1.862125265903125104e-03
-1.863426584083782700e-03
-1.864728145409055848e-03
-1.866029957270032291e-03
-1.867332031731394615e-03
-1.868634371682165174e-03
-1.869936990967380197e-03
-1.871239901105048453e-03
-1.872543115167935035e-03
-1.873846659537603543e-03
-1.875150570527561733e-03
-1.876455008583577388e-03
-1.877761161735436168e-03
-1.879066334471657385e-03
-1.880371649177869919e-03
-1.881677218292798770e-03
-1.882983082521105800e-03
-1.884289264590055524e-03
-1.885595778602366934e-03
-1.886902639969822992e-03
-1.888209861253820065e-03
-1.889517448753541551e-03
-1.890825416858921137e-03
-1.892133769624271267e-03
-1.893442516352705773e-03
-1.894751667521843430e-03
-1.896061228442658120e-03
-1.897371207960074635e-03
-1.898681617536923660e-03
-1.899992462533584003e-03
-1.901303755083016966e-03
-1.902615509204785837e-03
-1.903927718444387018e-03
-1.905240399799223994e-03
-1.906553553393308675e-03
-1.907867194961831991e-03
-1.909181311248731028e-03
-1.910495915594112581e-03
-1.911811003322494429e-03
-1.913126594159542115e-03
-1.914442667402926901e-03
-1.915759230835645255e-03
-1.917076304573939183e-03
-1.918393888475478093e-03
-1.919712003937812383e-03
-1.921030634854381525e-03
-1.922349800195566338e-03
-1.923669506613046032e-03
-1.924989761123319099e-03
-1.926310568820976954e-03
-1.927631933129614339e-03
-1.928953866210725288e-03
-1.930276356928439796e-03
-1.931599419942031659e-03
-1.932923031627620247e-03
-1.934247203970618223e-03
-1.935571925494983248e-03
-1.936897290602312971e-03
-1.938223110317549569e-03
-1.939549482052216334e-03
-1.940876401865687662e-03
-1.942203884124915625e-03
-1.943532025153960063e-03
-1.944860664906178371e-03
-1.946189941835374526e-03
-1.947519919270890298e-03
-1.948850776147703634e-03
-1.950183262423799135e-03
-1.951517137614322550e-03
-1.952849700459835525e-03
-1.954182492746814326e-03
-1.955515736051238740e-03
-1.956849523805370694e-03
-1.958183909410826651e-03
-1.959518917153180162e-03
-1.960854581721682699e-03
-1.962190933837648643e-03
-1.963528006426185080e-03
-1.964865827081552219e-03
-1.966204432554685688e-03
-1.967543851628561491e-03
-1.968884122988012741e-03
-1.970225254248503255e-03
-1.971567310852018196e-03
-1.972910361965007908e-03
-1.974254427013488744e-03
-1.975599602302646751e-03
-1.976945964325960148e-03
-1.978293707693867809e-03
-1.979642845313822619e-03
-1.980993671029107617e-03
-1.982346541282820063e-03
-1.983702052083091694e-03
-1.985061381147401605e-03
-1.986425753688236817e-03
-1.987792177260305770e-03
-1.989153964118250961e-03
-1.990512380683373550e-03
-1.991869335956075737e-03
-1.993225810446030977e-03
-1.994582332139449576e-03
-1.995939209333941200e-03
-1.997296640675827462e-03
-1.998654762357610082e-03
-2.000013682523005265e-03
-2.001373478831225405e-03
-2.002734294475172483e-03
-2.004096081644979321e-03
-2.005458972924589744e-03
-2.006823012291603092e-03
-2.008188304754354725e-03
-2.009554854301209836e-03
-2.010922775615764380e-03
-2.012292091362777313e-03
-2.013662926270920472e-03
-2.015035402716525148e-03
-2.016409580423816905e-03
-2.017785633962043690e-03
-2.019163660926692749e-03
-2.020543873313629391e-03
-2.021926504072069086e-03
-2.023311806720773376e-03
-2.024700105606624945e-03
-2.026091770634397271e-03
-2.027487162404861820e-03
-2.028886650540462355e-03
-2.030290327031503139e-03
-2.031697852998948228e-03
-2.033108514074233319e-03
-2.034521131940358885e-03
-2.035934757057988875e-03
-2.037348721110165961e-03
-2.038762763220902663e-03
-2.040176714858898954e-03
-2.041590731415077187e-03
-2.043004937048009673e-03
-2.044419480913939324e-03
-2.045834601045237733e-03
-2.047250348354734406e-03
-2.048666937619958439e-03
-2.050084496278636870e-03
-2.051503180221292411e-03
-2.052923142619844654e-03
-2.054344539335617448e-03
-2.055767529054230991e-03
-2.057192287914122453e-03
-2.058619077758394589e-03
-2.060048029883909670e-03
-2.061479421014644764e-03
-2.062913540119226674e-03
-2.064350661360125905e-03
-2.065791091119151268e-03
-2.067235050400184626e-03
-2.068682648314945638e-03
-2.070133823846687093e-03
-2.071588520083711416e-03
-2.073047353516099811e-03
-2.074513538661615364e-03
-2.076005769254374300e-03
-2.077518196260452754e-03
-2.078978063942638066e-03
-2.080426118763467613e-03
-2.081867917131829948e-03
-2.083305569093307774e-03
-2.084740201787060876e-03
-2.086172510909922728e-03
-2.087602997883797329e-03
-2.089031976260979917e-03
-2.090459714990222650e-03
-2.091886370644280291e-03
-2.093312061044239059e-03
-2.094736859187595890e-03
-2.096160831453253159e-03
-2.097584058744605962e-03
-2.098295281380058164e-03
