4.565519104557472785e-01
4.565795528219190325e-01
4.566196566222142095e-01
4.566718797829010246e-01
4.567364268842113439e-01
4.568141617306066271e-01
4.569068751535196315e-01
4.570177403740364741e-01
4.571521287645755605e-01
4.573193226937821709e-01
4.575336772731009582e-01
4.578306446628245263e-01
4.582970619783817701e-01
4.591802160181078785e-01
4.613424061103495455e-01
4.613122870573467815e-01
4.593582415688448051e-01
4.586495810906207060e-01
4.583392516925760551e-01
4.581845947044317913e-01
4.581031694713808555e-01
4.580677473372095632e-01
4.580638480047179439e-01
4.580818540039379161e-01
4.581158938639707801e-01
4.581621304084382840e-01
4.582179378555780169e-01
4.582814110383068851e-01
4.583510920066137251e-01
4.584258070207824498e-01
4.585045631440553549e-01
4.585864790365669630e-01
4.586688457344946235e-01
4.587546282458433988e-01
4.588412018204590659e-01
4.589278214722568583e-01
4.590138343170505064e-01
4.590987268940790456e-01
4.591821240215726574e-01
4.592637798518062753e-01
4.593435864004787872e-01
4.594215804241734702e-01
4.594996126020035598e-01
4.595729322073098810e-01
4.596453090680783227e-01
4.597204024031344982e-01
4.597921536488180916e-01
4.598676179631990824e-01
4.599407977231926292e-01
4.600190008127909569e-01
4.600961487093676028e-01
4.601801452563566985e-01
4.602647277455985675e-01
4.603547344196518565e-01
4.604541398007988562e-01
4.605634377750533193e-01
4.606862188340229980e-01
4.608279951284902642e-01
4.609957024670903736e-01
4.612089066205446453e-01
4.614972125731441888e-01
4.619319603630386850e-01
4.627061689551548729e-01
4.644379823326793555e-01
4.651292745857643074e-01
4.632026843087763135e-01
4.623974839786360036e-01
4.620249839979407303e-01
4.618311153252128709e-01
4.617251972695944340e-01
4.616670017085305888e-01
4.616404295039526762e-01
4.616343608062355441e-01
4.616428607529987627e-01
4.616618437982183965e-01
4.616900119585998219e-01
4.617256363766485960e-01
4.617677674148121802e-01
4.618157190431443349e-01
4.618689496156473950e-01
4.619269898475859004e-01
4.619894005867641873e-01
4.620557553029148168e-01
4.621256523908081060e-01
4.621987614522212184e-01
4.622731644091033765e-01
4.623522157864609627e-01
4.624343912607595808e-01
4.625199257113776774e-01
4.626091054681245041e-01
4.627022465160678943e-01
4.627996985750402748e-01
4.629018554950033448e-01
4.630091492988464563e-01
4.631220020257940106e-01
4.632380019340106014e-01
4.633623452771262752e-01
4.634916957700737083e-01
4.636243350017820730e-01
4.637579043702843573e-01
4.638906485733923502e-01
4.640228954115622750e-01
4.641574464787931453e-01
4.642987374137670376e-01
4.644515722903958532e-01
4.646177980577357869e-01
4.647998635353903230e-01
4.649951680253114339e-01
4.651914552100916977e-01
4.653861592195026042e-01
4.656007678361518964e-01
4.658760550472299533e-01
4.662902580650839512e-01
4.670011455787732024e-01
4.683838367710315698e-01
4.692479025289739702e-01
4.677881989680559016e-01
4.670094434045193865e-01
4.666761619666027205e-01
4.665357751812868048e-01
4.664939449115990122e-01
4.665102092862836725e-01
4.665646095583367292e-01
4.666465653251278822e-01
4.667506629381954486e-01
4.668745329197693805e-01
4.670174150515561950e-01
4.671754267954571493e-01
4.673557311574688677e-01
4.675543016494692616e-01
4.677685919224720545e-01
4.679921113744106576e-01
4.682102147468681363e-01
4.684118255533556430e-01
4.685832600617080290e-01
4.687275246899625936e-01
4.688610123278447728e-01
4.689941095471101828e-01
4.691455923807250072e-01
4.693192414276252111e-01
4.695193627364330213e-01
4.697500009303850477e-01
4.700165055334244446e-01
4.703270041544349578e-01
4.706944427070047232e-01
4.711346373517260600e-01
4.716934116993392045e-01
4.724300485968001007e-01
4.734401360158903005e-01
4.748604767648570979e-01
4.762717000254256261e-01
4.761745190446936005e-01
4.751452151731672124e-01
4.744749862160651532e-01
4.743447370673536390e-01
4.749936946677732474e-01
4.781893586554305520e-01
4.757250735752515114e-01
4.740489953472579732e-01
4.734919244405670358e-01
4.732668810759702027e-01
4.732062457595109795e-01
4.732557916132946740e-01
4.734014066129055287e-01
4.736509358723092755e-01
4.740539600828922451e-01
4.747254388978701112e-01
4.760264755541886994e-01
4.772814233792684879e-01
4.755007944941235798e-01
4.742006982123838088e-01
4.733219063164766371e-01
4.726415811545852108e-01
4.720907109737529916e-01
4.716348574129030635e-01
4.712517313701790611e-01
4.709263146755570117e-01
4.706485567354425914e-01
4.704116644347958731e-01
4.702107719357905280e-01
4.700453948456447817e-01
4.699043714675026906e-01
4.697876507839254812e-01
4.696900082959431511e-01
4.696046420061921745e-01
4.695236724044266619e-01
4.694335732172430498e-01
4.693191205157884460e-01
4.691673436196126534e-01
4.689811568076787673e-01
4.687731635067876046e-01
4.685475470515171326e-01
4.683147196464907958e-01
4.680821041108577663e-01
4.678556366502568120e-01
4.676395076427994901e-01
4.674364324567376050e-01
4.672480888620085815e-01
4.670754233144198131e-01
4.669187953633127108e-01
4.667780714810289000e-01
4.666553561376989290e-01
4.665442889038132201e-01
4.664468963150379399e-01
4.663622874783890926e-01
4.662898116529069492e-01
4.662295503780046757e-01
4.661794250575472809e-01
4.661399995300411492e-01
4.661103793164578790e-01
4.660882805718558064e-01
4.660752884269726559e-01
4.660782938758847860e-01
4.661067092196679584e-01
4.661714526816179704e-01
4.662900113013955239e-01
4.664941961146025773e-01
4.668689241901157194e-01
4.676391774799887324e-01
4.693211668725563168e-01
4.691019600061078765e-01
4.674809055157804760e-01
4.667485323507084005e-01
4.663659972836828316e-01
4.661360683278786277e-01
4.659848211788240047e-01
4.658800376800274479e-01
4.658055921148486767e-01
4.657530586139769224e-01
4.657159661247072813e-01
4.656916074651382131e-01
4.656776589255302023e-01
4.656719782136017338e-01
4.656733258492072314e-01
4.656815943455561713e-01
4.656968768187828012e-01
4.657195278374403058e-01
4.657506677784027382e-01
4.657873337509497169e-01
4.658234613613320141e-01
4.658658035372404971e-01
4.659154799795087176e-01
4.659560211134659569e-01
4.659748714087958432e-01
4.659704600476348157e-01
4.659246994526820562e-01
4.658750508120104716e-01
4.658483375733174503e-01
4.658411070841859125e-01
4.658473535267955712e-01
4.658708646504493012e-01
4.659270578400142582e-01
4.660474198259403344e-01
4.662590557534050939e-01
4.663062469422141199e-01
4.662626570934685910e-01
4.662261314885229879e-01
4.661100978602508160e-01
4.660140994695194383e-01
4.659696586877130620e-01
4.659640130073307573e-01
4.659883795067622514e-01
4.660378646547590487e-01
4.661108001440523729e-01
4.662117891368814937e-01
4.663517132018117350e-01
4.665478255815088682e-01
4.668370539531890295e-01
4.673031431045358008e-01
4.681899579904259534e-01
4.700808977519184695e-01
4.698078871999899486e-01
4.683596873957763806e-01
4.678660817518919268e-01
4.678000327807014802e-01
4.680050749223099715e-01
4.684618311289902026e-01
4.691315059394950970e-01
4.696919151747186993e-01
4.695013138916550033e-01
4.687457186893944083e-01
4.680377353342857760e-01
4.675828820712798484e-01
4.674354405610690044e-01
4.680234738838664477e-01
4.696503643172166287e-01
4.669422095364344494e-01
4.663826856579327829e-01
4.661074851020300946e-01
4.659533193058876810e-01
4.658799495245055655e-01
4.658783757172441642e-01
4.659575338612414463e-01
4.661473779213863300e-01
4.665128887504196298e-01
4.671628214463249273e-01
4.680062883736703649e-01
4.678562805814990289e-01
4.669031842480365624e-01
4.661947974287186103e-01
4.657539941424639895e-01
4.654665605003945883e-01
4.652632484657895917e-01
4.651132984119466518e-01
4.650013767093342243e-01
4.649151582990747045e-01
4.648462646018117761e-01
4.647901374038472255e-01
4.647451111191429618e-01
4.647095787403192624e-01
4.646829848751822811e-01
4.646659021766018083e-01
4.646599520957478413e-01
4.646677408479020221e-01
4.646930494615649221e-01
4.647415281537208287e-01
4.648223013579106389e-01
4.649479669934861170e-01
4.651553664314316272e-01
4.655140489167611251e-01
4.662158334426569350e-01
4.678086984746125943e-01
4.682155064736828187e-01
4.664234178963970745e-01
4.656106272646187150e-01
4.652071160729408517e-01
4.649795290064371867e-01
4.648407280908926076e-01
4.647511001992901680e-01
4.646937648378277608e-01
4.646576255731916794e-01
4.646352826607565989e-01
4.646215196711040996e-01
4.646129775575911225e-01
4.646081299218684513e-01
4.646068590312245616e-01
4.646095179683111809e-01
4.646157852624744899e-01
4.646233619866098619e-01
4.646279664277164767e-01
4.646230400802562888e-01
4.646041770660664372e-01
4.645728689591528404e-01
4.645362677525340933e-01
4.645014926082867701e-01
4.644761372054304616e-01
4.644681137730923282e-01
4.644912668674949230e-01
4.645698222284693757e-01
4.648496104145076191e-01
4.653338277744611950e-01
4.645394658943527988e-01
4.643547605870105288e-01
4.642653846175079924e-01
4.642104116299429206e-01
4.641738020994164438e-01
4.641511945029366260e-01
4.641478020444648744e-01
4.641928297125195724e-01
4.651764935397084688e-01
4.641704197742837490e-01
4.641031530834788255e-01
4.640855182074711260e-01
4.640896544379133903e-01
4.641098910001751343e-01
4.641466797164955360e-01
4.642004325555565414e-01
4.642741824528677785e-01
4.643724290592252113e-01
4.644993875959381180e-01
4.646747637278953458e-01
4.649275046821070845e-01
4.653350180708811235e-01
4.661329766828219423e-01
4.677590605503594290e-01
4.672970806596591919e-01
4.657405837951104077e-01
4.649791915131459286e-01
4.645498316030469144e-01
4.642691430945526387e-01
4.640705901868835137e-01
4.639193739413920992e-01
4.638022046477520144e-01
4.637098820494731655e-01
4.636366682890404323e-01
4.635794152228659981e-01
4.635344399941654925e-01
4.635010851723923575e-01
4.634786944507504614e-01
4.634668624135620529e-01
4.634642667831495033e-01
4.634686064081256496e-01
4.634808554589494589e-01
4.635032860210037131e-01
4.635369621514744964e-01
4.635831838834865160e-01
4.636434760997774629e-01
4.637231465511444384e-01
4.638285609483116523e-01
4.639690975165570164e-01
4.641392333143238846e-01
4.642607224544690325e-01
4.643600641398613615e-01
4.645312283056630687e-01
4.648211665309653351e-01
4.653306651154694995e-01
4.664493793429387858e-01
4.696332460347194537e-01
4.673204734232764834e-01
4.658876366637794697e-01
4.654089814369627987e-01
4.652199575119830843e-01
4.651264372765851474e-01
4.650875651139794176e-01
4.651042015078796221e-01
4.651645807394096943e-01
4.652603553242597445e-01
4.653877690281775226e-01
4.655442961469272167e-01
4.657354280824584358e-01
4.659644701762755692e-01
4.662405292293966830e-01
4.665756757184278958e-01
4.670072224619781776e-01
4.675929560133411100e-01
4.684721777825558986e-01
4.700642418319728177e-01
4.729669561329027938e-01
4.727930907280983863e-01
4.701140939270624930e-01
4.692519424434244413e-01
4.689249558618235336e-01
4.688269347190663350e-01
4.688444455681907153e-01
4.689292001847911173e-01
4.690531721560103340e-01
4.691985275810882650e-01
4.693531905235092117e-01
4.695093227475955477e-01
4.696630607843892413e-01
4.698148158144276887e-01
4.699698788730344301e-01
4.701394543313265895e-01
4.703376952761546548e-01
4.706048821777172875e-01
4.709923719961033872e-01
4.716042083928128070e-01
4.726233963836069529e-01
4.741104911478143391e-01
4.743853817222599134e-01
4.727844967556230626e-01
4.714695877542253166e-01
4.706235815683572632e-01
4.700577639474989300e-01
4.696499434139370099e-01
4.693302346497750799e-01
4.690713027721625239e-01
4.688548937846060416e-01
4.686704122305569431e-01
4.685132836411965984e-01
4.683763700146768016e-01
4.682589493474015874e-01
4.681565923540633722e-01
4.680605054320736702e-01
4.679671589961459377e-01
4.678817238049299276e-01
4.678125883647398231e-01
4.677623102813787681e-01
4.677314464625823565e-01
4.677192912389392943e-01
4.677209951727271386e-01
4.677291669408997765e-01
4.677470348085868146e-01
4.677923329746052628e-01
4.678869974239353025e-01
4.680533857828550470e-01
4.683363507757162258e-01
4.688284327536366702e-01
4.697886692061233327e-01
4.716033049354184659e-01
4.719174201322053341e-01
4.698046659439042427e-01
4.686182343419809104e-01
4.679810634501360700e-01
4.675912232415082026e-01
4.673342412739300844e-01
4.671527954122779991e-01
4.670236572198598890e-01
4.669315100781369909e-01
4.668667688022009044e-01
4.668235924139865767e-01
4.667971977857081622e-01
4.667860825999017305e-01
4.667892129618521624e-01
4.668057332718776875e-01
4.668333716767631980e-01
4.668654186826339814e-01
4.668899675101962909e-01
4.668921395261149132e-01
4.669058598811529626e-01
4.667764276349402053e-01
4.666551911100108585e-01
4.665501975214816355e-01
4.664587124401280427e-01
4.663805071135039282e-01
4.663137767204965645e-01
4.662583071538241031e-01
4.662137635197236007e-01
4.661821182471143077e-01
4.661634159069831251e-01
4.661555509675575082e-01
4.661568874512322380e-01
4.661686055029040654e-01
4.661920055639576232e-01
4.662268348452837663e-01
4.662732041713358866e-01
4.663297974970528337e-01
4.663954279589674901e-01
4.664733606714377978e-01
4.665629051537524274e-01
4.666652288504991586e-01
4.667821433259862762e-01
4.669163666915657207e-01
4.670719813838967172e-01
4.672552596966411675e-01
4.674735276297034559e-01
4.677486040169285264e-01
4.681056796645172158e-01
4.686219978225316662e-01
4.694752774957057229e-01
4.710180492862200974e-01
4.712002098752127166e-01
4.697594141886344832e-01
4.690172739932906287e-01
4.686151265395295251e-01
4.683705843005517844e-01
4.682114979648392405e-01
4.681087822691894496e-01
4.680438544073888818e-01
4.680029326036255211e-01
4.679801029200396645e-01
4.679693301404557748e-01
4.679656678059739838e-01
4.679653775554440398e-01
4.679664399672608943e-01
4.679688371367168309e-01
4.679741696812106944e-01
4.679847909401039785e-01
4.680024556163971394e-01
4.680294146747450146e-01
4.680653377604891419e-01
4.681080186220036854e-01
4.681543502090901310e-01
4.682037893679992790e-01
4.682573029664287012e-01
4.683157207333017436e-01
4.683752856324959191e-01
4.684329882606174111e-01
4.684891416251343310e-01
4.685465064166683957e-01
4.686103370743405216e-01
4.686830051507705486e-01
4.687664447957055058e-01
4.688619461150245193e-01
4.689704419164902882e-01
4.690926357003241676e-01
4.692290507928184584e-01
4.693800303698619225e-01
4.695456887146937097e-01
4.697216599804505677e-01
4.699152816082929340e-01
4.701214862500925351e-01
4.703385150870427189e-01
4.705643954874794144e-01
4.707974486911648548e-01
4.710369109251671960e-01
4.712838830111595323e-01
4.715427655675447638e-01
4.718232648601916601e-01
4.721399644908584881e-01
4.725300819412398545e-01
4.730744575573936905e-01
4.739554901675170906e-01
4.753942126659229661e-01
4.753347060128541579e-01
4.741845244728486453e-01
4.736224173242992719e-01
4.733819809554248859e-01
4.733074303176817432e-01
4.733418567764899332e-01
4.734631267361349427e-01
4.736609333936176447e-01
4.739501088558296660e-01
4.743440540997565513e-01
4.748759026238565939e-01
4.756086673937892639e-01
4.766584316956621326e-01
4.783494649474677174e-01
4.814755402476492141e-01
4.885244150136602292e-01
4.922165231810453623e-01
4.836630218874421461e-01
4.797099382904521092e-01
4.778197324361145859e-01
4.767951666520643950e-01
4.762859027417378210e-01
4.756818893196969600e-01
4.751489758149101128e-01
4.748057869904094286e-01
4.745647213077316406e-01
4.743937065003500653e-01
4.742771289440332882e-01
4.742109626131995048e-01
4.741869697319739396e-01
4.742060800800226295e-01
4.742693941680449776e-01
4.743799160553534566e-01
4.745399981753690155e-01
4.747582635259653960e-01
4.750386591916543333e-01
4.753930201038965020e-01
4.758678129102865140e-01
4.766152765131033697e-01
4.781855933969825223e-01
4.820613166978994779e-01
4.805218694978142246e-01
4.773279843073003348e-01
4.760146207834893839e-01
4.753408739541477024e-01
4.749565054860558355e-01
4.747373730698403738e-01
4.746433378371888168e-01
4.746615387577013401e-01
4.748171774933580558e-01
4.751989834160628146e-01
4.760147650153404575e-01
4.771251178934250992e-01
4.762520107547402737e-01
4.751690493151208283e-01
4.745630961457145136e-01
4.741955763070779262e-01
4.739514091020884390e-01
4.737794392737338933e-01
4.736609302552293732e-01
4.735747913893915695e-01
4.735158930002668631e-01
4.734789580597899006e-01
4.734605165341945199e-01
4.734582643936683932e-01
4.734707170430827450e-01
4.734970058706777785e-01
4.735367574313950612e-01
4.735900563330308066e-01
4.736574942283955370e-01
4.737382752794437324e-01
4.738380723073343237e-01
4.739584792451365103e-01
4.741047369556178337e-01
4.742857500455527342e-01
4.745150988117309843e-01
4.748326597405793104e-01
4.753289345766565921e-01
4.763744141938970333e-01
4.871254445925403687e-01
4.769835314424064054e-01
4.759781828221102962e-01
4.757072689171344959e-01
4.756396143041135560e-01
4.756534785152919387e-01
4.756968178464894281e-01
4.757402950767861127e-01
4.757719496277881266e-01
4.757915568852674748e-01
4.758069872186376226e-01
4.758276688921582176e-01
4.758594329984653371e-01
4.759083615479089979e-01
4.759765379658122408e-01
4.760655499107533939e-01
4.761766912369193583e-01
4.763116122216358161e-01
4.764729547806617616e-01
4.766651289812907644e-01
4.768955278608223991e-01
4.771733834802769358e-01
4.775233182553325628e-01
4.779957610129751400e-01
4.786898501750434520e-01
4.798291049574600620e-01
4.811858975074099209e-01
4.805940638211576577e-01
4.799873682927044971e-01
4.799092971857685241e-01
4.801379305135042297e-01
4.805724172425922536e-01
4.811419896719084655e-01
4.817000326318760517e-01
4.820076841307909254e-01
4.818806355827046639e-01
4.814491708446718143e-01
4.809656261114635956e-01
4.805690380812893125e-01
4.802606159119909290e-01
4.799944340511561602e-01
4.797470436386186421e-01
4.795423953731224875e-01
4.793956990532455831e-01
4.792991329604003314e-01
4.792452913970695616e-01
4.792256308727169678e-01
4.792327298254430157e-01
4.792586290562461104e-01
4.792957840365420497e-01
4.793417748776822584e-01
4.793978527129281186e-01
4.794648048118242412e-01
4.795419803443154438e-01
4.796272002937761458e-01
4.797212402156952327e-01
4.798222518651344415e-01
4.799295282710470678e-01
4.800425821450547414e-01
4.801597731051480134e-01
4.802849934550306732e-01
4.804141829665038999e-01
4.805487480084247864e-01
4.806888272844818677e-01
4.808379492316738890e-01
4.809865409459104235e-01
4.811414285244522415e-01
4.813108463177095397e-01
4.814811491141212096e-01
4.816652392889620438e-01
4.818616555369490406e-01
4.820737477270641835e-01
4.823064892695382855e-01
4.825675717902493944e-01
4.828659923769182405e-01
4.832262328651621974e-01
4.836974420426078392e-01
4.843774211721216250e-01
4.855066838803462348e-01
4.869948591655666736e-01
4.863262831777728779e-01
4.855714886390753993e-01
4.853949889388558536e-01
4.859840914923647670e-01
4.855031246309441384e-01
4.852052686421825523e-01
4.852044617259247405e-01
4.853112769409348437e-01
4.854919043673570633e-01
4.857446179076916337e-01
4.860864413623668390e-01
4.865533266152272662e-01
4.872478154402324901e-01
4.883616428927868847e-01
4.902248287310946862e-01
4.910222381895388288e-01
4.893205688630684613e-01
4.883437068108985590e-01
4.879369370545642015e-01
4.877998436022923934e-01
4.877924352147238185e-01
4.878417200446579782e-01
4.879091536103475901e-01
4.879606036654526302e-01
4.879797853427868537e-01
4.879747904266963920e-01
4.879651895739535172e-01
4.879673867256831832e-01
4.879894486258359865e-01
4.880336649093137136e-01
4.880991181688782987e-01
4.881839927300067328e-01
4.882866214989780573e-01
4.884057226826518106e-01
4.885403075596597700e-01
4.886895776777937517e-01
4.888509279469960278e-01
4.890249958864099633e-01
4.892118826644954455e-01
4.894053121138204898e-01
4.895997704436876874e-01
4.897940959016249818e-01
4.899907286061492284e-01
4.901993729978598724e-01
4.904239849085887393e-01
4.906628946145465409e-01
4.909236313092055770e-01
4.912125606569314185e-01
4.915511498923443856e-01
4.919833709095098873e-01
4.925927670111456824e-01
4.936153444056742834e-01
4.950846664319386581e-01
4.944443976480417668e-01
4.935527712603564043e-01
4.932036145023974139e-01
4.930970878013335446e-01
4.931061104667091022e-01
4.931757175948831562e-01
4.932848607589652712e-01
4.934281225203577814e-01
4.936025112498854672e-01
4.938080783960536735e-01
4.940467073021527766e-01
4.943212074394146005e-01
4.946299796677952609e-01
4.949758130945358658e-01
4.953300546263395554e-01
4.956260425909388978e-01
4.957830271269755285e-01
4.958057497634742461e-01
4.957694197639390676e-01
4.957358431935045551e-01
4.957285329364600202e-01
4.957528506696744497e-01
4.958094113222992760e-01
4.958985739087204414e-01
4.960217183408009989e-01
4.961819329231986209e-01
4.963799317746478978e-01
4.966346604671929565e-01
4.969604359037507746e-01
4.973929827666559444e-01
4.980111183973903732e-01
4.990201769806018595e-01
5.012237656767920546e-01
5.076678399343743653e-01
5.022224437930868923e-01
5.000479351590484400e-01
4.993726372076597864e-01
4.991617218137894829e-01
4.991646933770295669e-01
4.992961959343509282e-01
4.995169358774476098e-01
4.998093152858155697e-01
5.001335451673137866e-01
5.004529226801139874e-01
5.008082733050543967e-01
5.012209573208769031e-01
5.017116950034680167e-01
5.022990343997344453e-01
5.030306160387801873e-01
5.039594041716373152e-01
5.052025677161315897e-01
5.070739623505433613e-01
5.092874797118899233e-01
5.094761528971651909e-01
5.102653867688143885e-01
5.119305697962562851e-01
5.143156904935445306e-01
5.173607438829124217e-01
5.207080089451574523e-01
5.233762047017929131e-01
5.237280515969653383e-01
5.214964000295673197e-01
5.181499473785360355e-01
5.149779890874512933e-01
5.123241266132311234e-01
5.102307249816818713e-01
5.085969432024258774e-01
5.073217974916029993e-01
5.063360911767221806e-01
5.055614661054759207e-01
5.049729503416205967e-01
5.045516713467665948e-01
5.043033162236461031e-01
5.042838884912218544e-01
5.047197167607384571e-01
5.072257164835813903e-01
5.083043152785452490e-01
5.041469206748129261e-01
5.030613272309422124e-01
5.024835035060298827e-01
5.021024150516520956e-01
5.018330029218560639e-01
5.016402516124734978e-01
5.015091950217623884e-01
5.014351087403922103e-01
5.014162886469369917e-01
5.014544401080479608e-01
5.015402942309071799e-01
5.016324971094218155e-01
5.016436531179858660e-01
5.015136023725195180e-01
5.012906276168899167e-01
5.010650392596724956e-01
5.008806568763818357e-01
5.007447544866547862e-01
5.006522166624137737e-01
5.005960238147101338e-01
5.005699999282513524e-01
5.005690089711102297e-01
5.005883760209260958e-01
5.006221820997059924e-01
5.006662172446222359e-01
5.007140670459866438e-01
5.007634603186537081e-01
5.008226200576786358e-01
5.009206671613550821e-01
5.011416805042925304e-01
5.017549367418796535e-01
5.042055282329732657e-01
5.030280576067559517e-01
5.010626333122651932e-01
5.003401837932324181e-01
4.999278195108634026e-01
4.996476800190565171e-01
4.994412303750876414e-01
4.992842390309693013e-01
4.991650897947973453e-01
4.990786226449647756e-01
4.990198880216346611e-01
4.989887711011353755e-01
4.989851975466733092e-01
4.990098686105755577e-01
4.990642683149123515e-01
4.991477995629028386e-01
4.992613677110167014e-01
4.994034676489309543e-01
4.995343093663660583e-01
4.996070712433891003e-01
4.996602259541305102e-01
4.997254029977903911e-01
4.998224101354100113e-01
4.999783980224877800e-01
5.002274424543494691e-01
5.006351857691568874e-01
5.013217875508089172e-01
5.025857816215796303e-01
5.054032239378993818e-01
5.108201160960280651e-01
5.062707079120817300e-01
5.028840365371195498e-01
5.014103299780242606e-01
5.006166810081869034e-01
5.001346511012878526e-01
4.998124972308458092e-01
4.995908948519780512e-01
4.994344165670477897e-01
4.993225710092423220e-01
4.992442574994147009e-01
4.991944474876817694e-01
4.991691513089408505e-01
4.991684839591796763e-01
4.991922060619068402e-01
4.992414863186015461e-01
4.993157453833806381e-01
4.994182535840771542e-01
4.995432574346208576e-01
4.996834913872352235e-01
4.998487189658162300e-01
5.001072764429088657e-01
5.007145069639148405e-01
5.031354818578400723e-01
5.026536504988670107e-01
5.004504696211153902e-01
4.997943407624747536e-01
4.994707773451692590e-01
4.992803281929358850e-01
4.991594706021543204e-01
4.990814060415131315e-01
4.990323602142086035e-01
4.990045640424200513e-01
4.989925998469916801e-01
4.989938065912338794e-01
4.990060924793174313e-01
4.990272231211240195e-01
4.990547994902430617e-01
4.990884101707440124e-01
4.991258751572402175e-01
4.991656029040681952e-01
4.992060645561245402e-01
4.992458717713069150e-01
4.992839036549968079e-01
4.993202125403340963e-01
4.993523767501223398e-01
4.993831197234824826e-01
4.994120750338439385e-01
4.994420240277018808e-01
4.994740882899624257e-01
4.995101268897938485e-01
4.995518580815390131e-01
4.996006465409668085e-01
4.996572909086207104e-01
4.997218083337938710e-01
4.997932353763963609e-01
4.998695120803445247e-01
4.999475748094889815e-01
5.000221706518930276e-01
5.000934753997378079e-01
5.001579249188657927e-01
5.002158700301356786e-01
5.002697747616992041e-01
5.003234082089990098e-01
5.003809243119056172e-01
5.004455249480637136e-01
5.005221656967530075e-01
5.006131191880577314e-01
5.007198272825509333e-01
5.008489870878375383e-01
5.010088822125589036e-01
5.012189971059446414e-01
5.015213845997280595e-01
5.020272337540250263e-01
5.032192334371796694e-01
5.075791854490715460e-01
5.033312145468075149e-01
5.023266792582955498e-01
5.019890339106246602e-01
5.018635349269241486e-01
5.018501150940301025e-01
5.019443148751745465e-01
5.022161343782115539e-01
5.030100449494886439e-01
5.054445010289770890e-01
5.029459514489060812e-01
5.020120059502326537e-01
5.016135952591770364e-01
5.013809310206255310e-01
5.012221890743859820e-01
5.011051275094902113e-01
5.010119360537179656e-01
5.009358823306775399e-01
5.008719439014427399e-01
5.008167002470995666e-01
5.007676660599218454e-01
5.007230861208642470e-01
5.006818901222365170e-01
5.006435817996456317e-01
5.006080353747981437e-01
5.005760102938886513e-01
5.005461758862194133e-01
5.005194498995894081e-01
5.004959733632591279e-01
5.004758792498381625e-01
5.004593461335642424e-01
5.004466710859096779e-01
5.004382998612272315e-01
5.004347919157380309e-01
5.004367646286475013e-01
5.004448670829473311e-01
5.004593886402912695e-01
5.004817518863079462e-01
5.005125703756795330e-01
5.005523193797026815e-01
5.005995079989905561e-01
5.006534610853025091e-01
5.007177388315382505e-01
5.007940256451007821e-01
5.008795269017081164e-01
5.009660952066566919e-01
5.010458131644511814e-01
5.011308938352472264e-01
5.012573956851844592e-01
5.014973263578481610e-01
5.020386978775159825e-01
5.039018639987318249e-01
5.050328467380250652e-01
5.021909674649684963e-01
5.014683733467815152e-01
5.011395222481588307e-01
5.009600864956285093e-01
5.008562691908887698e-01
5.007975911135396085e-01
5.007725373055660345e-01
5.007751249782266267e-01
5.008037638592611751e-01
5.008608595221091253e-01
5.009617790648193125e-01
5.011588859211822955e-01
5.013062126629099780e-01
5.012433278857830743e-01
5.013056005772926760e-01
5.014357858969874515e-01
5.016282467456301131e-01
5.019064835446150896e-01
5.023355070162193181e-01
5.031028985881738080e-01
5.052679770115464652e-01
5.129834039598816231e-01
5.042385614784072878e-01
5.030880780305644340e-01
5.026452305634063755e-01
5.024331997692275120e-01
5.023246654227422336e-01
5.022790220758308610e-01
5.022763426028068467e-01
5.023059609389920466e-01
5.023616265183720175e-01
5.024395922122202318e-01
5.025376515365512775e-01
5.026545723518125453e-01
5.027897649560163496e-01
5.029395026285354842e-01
5.031148497030500932e-01
5.033011719296038855e-01
5.035115083408621128e-01
5.037432491828448544e-01
5.039982466154667717e-01
5.042754507322919633e-01
5.045830583819834736e-01
5.049172620398353351e-01
5.052863943573375760e-01
5.057016554761265548e-01
5.061670958838700995e-01
5.067183289594413553e-01
5.074004648258229055e-01
5.083581056023335210e-01
5.104282658639696102e-01
5.131267898978638664e-01
5.101008752186200201e-01
5.097164269484131260e-01
5.096345978763540119e-01
5.095764070214999775e-01
5.094505580418212665e-01
5.092853222027463600e-01
5.091286888316171044e-01
5.089983006089017215e-01
5.089079975066438388e-01
5.088649403998317666e-01
5.088723951809039914e-01
5.089292415592943097e-01
5.090248292096479776e-01
5.091208511427970373e-01
5.091915504880778487e-01
5.092658187560433758e-01
5.093701262805273577e-01
5.095047429051060561e-01
5.096630388457326077e-01
5.098378923517260519e-01
5.100207969165988509e-01
5.102100499789324894e-01
5.103980484808511298e-01
5.105800880368723815e-01
5.107538535559281723e-01
5.109171835986082710e-01
5.110742372776263531e-01
5.112245185261444780e-01
5.113703656358482563e-01
5.115148437927957703e-01
5.116614020290169984e-01
5.118135533928377390e-01
5.119746433776983796e-01
5.121477235879947632e-01
5.123355212537020753e-01
5.125381089972289583e-01
5.127597013418807581e-01
5.130054224830162823e-01
5.132757684624161820e-01
5.135739177145476342e-01
5.139141795227697429e-01
5.142580625089349100e-01
5.146110593212179785e-01
5.150141933722683918e-01
5.154624298377443736e-01
5.159597695444932963e-01
5.165161129943356411e-01
5.171422876443531047e-01
5.178892524670127839e-01
5.188385703448438191e-01
5.203615349575640980e-01
5.259748046665361221e-01
5.222636908484034057e-01
5.220167607102984553e-01
5.226304169415729728e-01
5.236374017002520809e-01
5.252253298346657440e-01
5.283820754252873675e-01
5.279348139251356375e-01
5.270057168330978259e-01
5.272466779272089177e-01
5.279250906634496143e-01
5.288363706288393695e-01
5.299485729919182209e-01
5.312534406352954486e-01
5.327283770747468505e-01
5.344083578004528157e-01
5.363272381579534676e-01
5.384728739944057985e-01
5.409793329267800210e-01
5.438212444848625760e-01
5.469737769126830074e-01
5.503163465010184607e-01
5.535273872414889773e-01
5.561880621011510151e-01
5.576664014003841485e-01
5.575915733033594002e-01
5.560989976778618615e-01
5.537497941100580912e-01
5.510565336429972261e-01
5.484267399551019384e-01
5.460434948154928581e-01
5.439576783923141257e-01
5.421531986276295623e-01
5.405871772162489375e-01
5.392109326788189216e-01
5.379800394584686174e-01
5.368587118911708478e-01
5.358211371800803979e-01
5.348718672710967015e-01
5.339592185373707167e-01
5.331021918426399608e-01
5.323007870078300119e-01
5.315566306050321099e-01
5.308719528790957209e-01
5.302491358337712013e-01
5.296907659020153591e-01
5.292002107182229853e-01
5.287871593959510008e-01
5.284558671508232663e-01
5.282259697100903928e-01
5.281568948309195433e-01
5.284320268834854506e-01
5.303209776482832316e-01
5.300732736257084410e-01
5.278344947607990223e-01
5.271797769603093764e-01
5.268678298638299617e-01
5.267080009736195834e-01
5.266282445099993437e-01
5.265752630530041722e-01
5.265041494385590548e-01
5.264033643307460819e-01
5.262979564859304737e-01
5.262237235382348777e-01
5.262041107996443534e-01
5.262510921065503000e-01
5.263688085924224103e-01
5.265580472435126280e-01
5.268714028349311684e-01
5.270976389341088808e-01
5.268475336130455933e-01
5.267598720412708380e-01
5.267250969296906060e-01
5.267401093035615212e-01
5.268043741880857889e-01
5.269119910055739542e-01
5.270615495015082974e-01
5.272410796683554279e-01
5.274512058334718256e-01
5.276857339634282162e-01
5.279378316029083029e-01
5.282098797617309494e-01
5.284965730161439446e-01
5.287959927612699840e-01
5.291070243054419864e-01
5.294266389995651023e-01
5.297665994090486885e-01
5.301276902644155298e-01
5.304361936879296024e-01
5.306491327371795075e-01
5.308615181724039012e-01
5.310778164674765378e-01
5.312845060375073203e-01
5.314746448880288687e-01
5.316418221736380900e-01
5.317745065377539326e-01
5.318625119456840133e-01
5.319174674372429967e-01
5.319561144676141495e-01
5.319909508499509609e-01
5.320329206212836004e-01
5.320982977594804764e-01
5.322247702097175903e-01
5.325125129444372440e-01
5.333983810283280391e-01
5.382364567865722815e-01
5.330844409795237882e-01
5.320697665628381090e-01
5.316140859292470822e-01
5.313305443489667601e-01
5.311301018110139438e-01
5.309893864552277520e-01
5.308842647318052776e-01
5.308045271420823719e-01
5.307309484412569001e-01
5.306361884102575033e-01
5.304888037091929354e-01
5.302687866668485128e-01
5.299704773986945172e-01
5.296194721279123829e-01
5.292487947183511787e-01
5.289103221349963357e-01
5.286396854721275851e-01
5.285175199250907729e-01
5.288738139905165836e-01
5.375687851364354675e-01
5.281630688504310722e-01
5.271231579409975110e-01
5.265419187343057805e-01
5.261044340934225572e-01
5.257381426095589783e-01
5.254211411679401422e-01
5.251476169885730405e-01
5.249062403731890036e-01
5.246969190959023255e-01
5.245175123523367899e-01
5.243666250111059801e-01
5.242431359961795545e-01
5.241456251400022914e-01
5.240723367876194416e-01
5.240172845966459825e-01
5.239736647868764585e-01
5.239312057354639229e-01
5.238768715951134247e-01
5.237959645639267414e-01
5.236845371570926222e-01
5.235474373750335086e-01
5.233955476972846910e-01
5.232398877347412824e-01
5.230886525098422668e-01
5.229479601137621003e-01
5.228241013768092360e-01
5.227256380829612414e-01
5.226662994742218293e-01
5.226681461306952325e-01
5.227861917311059647e-01
5.231907878118606803e-01
5.249659431113808949e-01
5.255758174376182756e-01
5.229985265729303334e-01
5.223054607536059546e-01
5.219502794588675165e-01
5.217222149735647463e-01
5.215581274138404444e-01
5.214385709103702693e-01
5.213434638682737932e-01
5.212683541047707925e-01
5.212082361807065523e-01
5.211594789966508268e-01
5.211192864259129864e-01
5.210854533582992554e-01
5.210562849663155083e-01
5.210306425677155850e-01
5.210083351547414310e-01
5.209893056241657883e-01
5.209753105460117606e-01
5.209681893870531377e-01
5.209717221874822224e-01
5.209936928702315617e-01
5.210501002133768322e-01
5.211702016507735458e-01
5.214283925539180409e-01
5.220589003478623980e-01
5.229246595692362831e-01
5.217472861107087523e-01
5.211664529537165524e-01
5.208952364947126989e-01
5.207407264826313664e-01
5.206348577584934967e-01
5.205566228671749673e-01
5.205047348985228917e-01
5.204738974952853869e-01
5.204598393538887313e-01
5.204583217881617596e-01
5.204647349113949995e-01
5.204752700795683973e-01
5.204893548905710210e-01
5.205099759627048739e-01
5.205399127579214413e-01
5.205809934254821414e-01
5.206343743741762564e-01
5.207012015396969007e-01
5.207830894376904718e-01
5.208813386803317069e-01
5.210021902004846606e-01
5.211518467527070930e-01
5.213421461509306631e-01
5.216087461282703508e-01
5.220367553364211322e-01
5.229869645160208913e-01
5.281814826879150937e-01
5.234473421827245954e-01
5.224282742945125513e-01
5.221091090025714587e-01
5.219845755599195058e-01
5.219455318824637313e-01
5.219547489674991603e-01
5.219943613399542492e-01
5.220577220694172516e-01
5.221391084560675910e-01
5.222348885592364987e-01
5.223420293291465288e-01
5.224576083093551704e-01
5.225785649125955779e-01
5.227016543256929326e-01
5.228236066626725798e-01
5.229414749747023361e-01
5.230507015697265505e-01
5.231553150533281293e-01
5.232532546039662114e-01
5.233462853759378586e-01
5.234369163251868518e-01
5.235278990180218806e-01
5.236211033681870131e-01
5.237219314631814671e-01
5.238332800752337759e-01
5.239716825228669661e-01
5.240928193477990549e-01
5.241169774246994262e-01
5.241621045969621084e-01
5.242033011252090757e-01
5.242406132735935032e-01
5.242780802808841845e-01
5.243182158517738500e-01
5.243615824109179036e-01
5.244075309935388729e-01
5.244548569367385449e-01
5.245022211785480559e-01
5.245475000108694719e-01
5.245922703356125094e-01
5.246361100360407148e-01
5.246810927535212610e-01
5.247308484083824665e-01
5.247904765005495520e-01
5.248655696490206468e-01
5.249660182037859668e-01
5.251013505895024691e-01
5.252810702996389969e-01
5.254975752586614757e-01
5.257216906025808933e-01
5.260038983451086336e-01
5.266086869382661240e-01
5.290028626491588559e-01
5.284839755618849777e-01
5.265772985752832369e-01
5.260861950825514999e-01
5.258954921713289155e-01
5.258261776956681954e-01
5.258229850307442055e-01
5.258614921513712348e-01
5.259319062942980905e-01
5.260274366530492962e-01
5.261443072924252284e-01
5.262801546701518784e-01
5.264334678379739563e-01
5.266013578490366109e-01
5.267872343606815333e-01
5.269919276773158412e-01
5.272119441026886788e-01
5.274511298865506292e-01
5.277058656839586082e-01
5.279908786885414429e-01
5.283045027915181935e-01
5.286503937448030488e-01
5.290292928752198254e-01
5.294280885653063207e-01
5.298272102611071288e-01
5.301654564201679909e-01
5.303775880296243139e-01
5.304437059468904980e-01
5.304119111153421384e-01
5.303539498821823184e-01
5.303177693889338240e-01
5.303264303723411732e-01
5.303860501568129493e-01
5.304958500278639244e-01
5.306527560194611581e-01
5.308528727754557863e-01
5.310912808136525332e-01
5.313608269701266540e-01
5.316503009874792296e-01
5.319364335762506446e-01
5.322104910019683777e-01
5.324431963429341330e-01
5.326201015753581069e-01
5.327429125178632097e-01
5.328292747198087875e-01
5.329034691235970955e-01
5.329897519046701282e-01
5.331032270852374966e-01
5.332577560714902853e-01
5.334779806992347995e-01
5.338210484844702064e-01
5.345045466485400798e-01
5.370686502588147837e-01
5.363285036430522901e-01
5.347342487478420336e-01
5.343957670267155402e-01
5.343215565212832141e-01
5.343537870154120295e-01
5.344458080837960479e-01
5.345794463519744077e-01
5.347478934141660645e-01
5.349612680909971996e-01
5.352190204964186737e-01
5.355074278489905248e-01
5.357728129542985718e-01
5.359518942686438692e-01
5.360889013853473717e-01
5.362434975602579090e-01
5.364290625661375378e-01
5.366391114609742052e-01
5.368677760780442565e-01
5.370983890413486561e-01
5.373402825869663113e-01
5.375870778374540748e-01
5.378395048029792624e-01
5.380996141217830875e-01
5.383701250356616175e-01
5.386539191106806124e-01
5.389536775263047419e-01
5.392716004432203114e-01
5.396092205435739642e-01
5.399591559706495847e-01
5.403375192550581296e-01
5.407368105830030469e-01
5.411580213721342014e-01
5.416031809393783147e-01
5.420749395357389311e-01
5.425760696852108822e-01
5.431092544773921116e-01
5.436705604672043002e-01
5.442749997483138369e-01
5.449185271093568428e-01
5.455945442125723632e-01
5.463182724194971529e-01
5.470823144012620931e-01
5.478903655266630368e-01
5.487533871562799703e-01
5.496768080428722225e-01
5.506994236639187745e-01
5.518317412923605669e-01
5.530983110907387035e-01
5.545294428495515238e-01
5.561434468822462618e-01
5.580128048894867909e-01
5.601115182312949026e-01
5.623441689177507419e-01
5.648248079620119544e-01
5.728331904442118816e-01
5.707049755375697142e-01
5.746351985620511416e-01
5.803142593093053581e-01
5.872818666793088171e-01
5.923984009446117138e-01
6.012777506027843222e-01
6.134051993489528787e-01
6.290526974810690675e-01
6.461850399643682685e-01
6.560660207663941978e-01
6.489575566615854996e-01
6.319012582832037594e-01
6.152672154287776030e-01
6.019530566987321141e-01
5.916661591065459636e-01
5.837246045427392227e-01
5.773301627744658049e-01
5.721398549525330557e-01
5.678482979801137143e-01
5.642440173723496377e-01
5.611779211857731431e-01
5.585422526621650618e-01
5.562563690957009754e-01
5.542560790357256018e-01
5.525030400670127850e-01
5.509016075213568620e-01
5.494333674982970761e-01
5.480257632064310380e-01
5.466838624108090183e-01
5.454168970763842994e-01
5.442372827212647035e-01
5.431615986376943095e-01
5.421643213621362145e-01
5.412544362827182987e-01
5.404288124191752862e-01
5.396865202251028837e-01
5.390371701368781299e-01
5.384732559601009827e-01
5.380092108888858693e-01
5.376244276120778487e-01
5.372085069652452471e-01
5.365941249168250105e-01
5.358350076204900780e-01
5.350863642671641607e-01
5.344180535008967725e-01
5.338300637174778762e-01
5.333087101003926023e-01
5.328464175048284179e-01
5.324232801506116886e-01
5.320372836047122522e-01
5.316818723219015608e-01
5.313502499680059499e-01
5.310346806015854293e-01
5.307266912651392721e-01
5.304184019941446948e-01
5.301046293777422758e-01
5.297845419509540354e-01
5.294687577303026638e-01
5.291487035300652675e-01
5.288376504634910713e-01
5.285403847930172372e-01
5.282599108778650576e-01
5.279976014096912085e-01
5.277560984343639960e-01
5.275288100345755238e-01
5.273167346163787350e-01
5.271157899123193324e-01
5.269279014117851379e-01
5.267579325832774106e-01
5.266017102888194135e-01
5.264620346639173887e-01
5.263396848098401692e-01
5.262353856214565528e-01
5.261497938896717574e-01
5.260840961339364741e-01
5.260373109654236101e-01
5.260113852968247850e-01
5.260087520745950762e-01
5.260324199622209429e-01
5.260862478963885813e-01
5.261761595078204845e-01
5.263094136046780891e-01
5.264986546374252896e-01
5.267576250125478587e-01
5.270900915962648536e-01
5.274710518535560277e-01
5.277507110564626513e-01
5.277690804084992360e-01
5.276104233059094595e-01
5.274260628484335189e-01
5.272338602427855125e-01
5.270061037894612221e-01
5.267248468789580418e-01
5.264022849616303290e-01
5.260707457364272033e-01
5.257693683379851546e-01
5.255245380194664140e-01
5.253785812201446914e-01
5.253995214668103486e-01
5.256998182357777161e-01
5.257906156351648264e-01
5.250732682746345192e-01
5.245566437636229873e-01
5.242475711523038040e-01
5.240476738176912397e-01
5.239008959427909895e-01
5.237695086088628438e-01
5.236350088558618943e-01
5.234941569901466751e-01
5.233546098244978850e-01
5.232285459385843662e-01
5.231225372901663340e-01
5.230441884220174975e-01
5.229962526877609541e-01
5.229789101717550182e-01
5.229899268436346560e-01
5.230241378508442285e-01
5.230729770480536667e-01
5.231249703261273698e-01
5.231681561489570642e-01
5.231943747767919817e-01
5.232031060023223379e-01
5.232021381848138697e-01
5.232033347754019292e-01
5.232193494215149343e-01
5.232606083517522544e-01
5.233349162170221058e-01
5.234484926905832447e-01
5.236055185683412549e-01
5.238165530710959805e-01
5.240826485991398886e-01
5.243653061059081466e-01
5.245238429408943803e-01
5.243873979392998930e-01
5.240620711098076256e-01
5.237322762299410073e-01
5.234585302639049864e-01
5.232430395786875632e-01
5.230700872323186257e-01
5.229393202565434384e-01
5.228440017848303700e-01
5.227797693768412302e-01
5.227420924509376121e-01
5.227238297106273635e-01
5.227218429935371891e-01
5.227346640830373703e-01
5.227633845678556490e-01
5.228100381063558455e-01
5.228763763207430193e-01
5.229636646728267335e-01
5.230730133313190588e-01
5.232057076182927702e-01
5.233593094576831639e-01
5.235405700438440224e-01
5.237394701076257819e-01
5.239366109469278943e-01
5.241126395890561840e-01
5.242718996638568996e-01
5.244295215718490777e-01
5.246075801460045041e-01
5.248336934953340416e-01
5.253378396835949316e-01
5.253348343581171198e-01
5.254488944344409829e-01
5.256701732877152589e-01
5.259323675775449125e-01
5.262253934496031738e-01
5.265487748246551192e-01
5.269071599152811425e-01
5.273107407526012036e-01
5.277718103695978602e-01
5.283300834956159431e-01
5.290265647404123195e-01
5.298924396829439720e-01
5.307997965391612061e-01
5.312040365866890212e-01
5.311700304695107233e-01
5.311337377346083688e-01
5.313584325387210594e-01
5.322829220520122195e-01
5.351631084045899156e-01
5.332689454255518102e-01
5.313231010718446612e-01
5.305535642325348578e-01
5.301611628384045316e-01
5.299177433221166078e-01
5.297511659072747792e-01
5.296268739979224094e-01
5.295278687010528396e-01
5.294457000063195196e-01
5.293765409685803336e-01
5.293190614693124019e-01
5.292731721902497188e-01
5.292393061372082652e-01
5.292183630605784561e-01
5.292098631046939783e-01
5.292147659321827513e-01
5.292332058761857194e-01
5.292650983779199070e-01
5.293102047002666843e-01
5.293682758224897977e-01
5.294391257071939805e-01
5.295225627029636062e-01
5.296183045449757154e-01
5.297259632243908056e-01
5.298423061346817509e-01
5.299720954268478668e-01
5.301122789482283215e-01
5.302623662128939097e-01
5.304220168992165307e-01
5.305911894759532954e-01
5.307703454666311549e-01
5.309607308617720900e-01
5.311647757603205067e-01
5.313866760673359169e-01
5.316332674416934800e-01
5.319086414981059052e-01
5.322420544389606656e-01
5.326549759913563609e-01
5.331912693354656785e-01
5.338968897610822939e-01
5.346906800690726103e-01
5.387347604860076578e-01
5.338215822607809136e-01
5.329425568030838889e-01
5.323582729395919255e-01
5.319215153101152227e-01
5.315693735566916489e-01
5.312822023362063772e-01
5.310439282438735864e-01
5.308429580006269743e-01
5.306735425498670944e-01
5.305303859444782111e-01
5.304204582527403122e-01
5.303428197163687630e-01
5.302792781278865553e-01
5.302604663356864645e-01
5.303134828909290555e-01
5.304575775786499747e-01
5.307184693212603221e-01
5.311176635316973149e-01
5.316210319460253908e-01
5.320675500822138471e-01
5.318254823624417593e-01
5.309598383332263527e-01
5.302814737946650592e-01
5.297943034897906189e-01
5.294353801285498484e-01
5.291491467039745045e-01
5.289165709968295381e-01
5.287236580892923365e-01
5.285636157023273496e-01
5.284357985037511085e-01
5.283316457458165916e-01
5.282515138023203827e-01
5.281907824682976482e-01
5.281464596848668425e-01
5.281161338089159774e-01
5.280983947402785317e-01
5.280914069806107447e-01
5.280952161959857616e-01
5.281100469451078805e-01
5.281375867117903411e-01
5.281817034898501628e-01
5.282523932933189670e-01
5.283656784333902179e-01
5.285500648581777927e-01
5.288494676076157530e-01
5.292956528889019019e-01
5.296395571578729200e-01
5.293568316070927926e-01
5.288594705454984224e-01
5.284968020782110365e-01
5.282693530284605643e-01
5.281234319441703295e-01
5.280324338846578147e-01
5.279785602525625121e-01
5.279503673263942209e-01
5.279397301515619256e-01
5.279395440405776352e-01
5.279430010315153687e-01
5.279447518172939446e-01
5.279427975248929261e-01
5.279390698836168294e-01
5.279378636462985774e-01
5.279436015731687748e-01
5.279594860103583587e-01
5.279872445884765675e-01
5.280274221119400924e-01
5.280784822708847193e-01
5.281420099371660903e-01
5.282159575354147263e-01
5.282991308419883181e-01
5.283902857978143297e-01
5.284883131425168745e-01
5.285925491081852057e-01
5.287019991566854760e-01
5.288210200483899337e-01
5.289528568477663839e-01
5.291043923673679483e-01
5.292760166218570816e-01
5.294495502628961958e-01
5.296210460560581978e-01
5.300501344461661102e-01
5.321995689968112009e-01
5.298382355380281128e-01
5.295473604463505346e-01
5.294572674646166321e-01
5.294406564507883051e-01
5.294678460825251731e-01
5.295294506620775721e-01
5.296268755089829083e-01
5.297662661444813015e-01
5.299635013874924860e-01
5.302522741533669537e-01
5.306950576810498532e-01
5.313191537226128469e-01
5.315732922623539469e-01
5.310642025944668498e-01
5.305879162432057816e-01
5.303063705745709733e-01
5.301515652626850317e-01
5.300685118917096705e-01
5.300329424165460823e-01
5.300302115393032976e-01
5.300514177318144116e-01
5.300903356789786747e-01
5.301418659446288650e-01
5.302014535658883254e-01
5.302653351778292556e-01
5.303312417790202460e-01
5.303972499996955081e-01
5.304673424595397480e-01
5.305416631917242443e-01
5.306218577554736582e-01
5.307094075148831580e-01
5.308056616831815511e-01
5.309107295244537283e-01
5.310286591855603033e-01
5.311612041250843852e-01
5.313251145063611069e-01
5.314651235698127918e-01
5.315920350525897842e-01
5.317447145691456267e-01
5.319066955800096919e-01
5.320712966536600419e-01
5.322330027106201289e-01
5.323867653344859230e-01
5.325287962619078552e-01
5.326576326345746626e-01
5.327747615884161902e-01
5.328844384534958678e-01
5.329929036643533680e-01
5.331049606981073108e-01
5.332341770430544248e-01
5.333892086300325852e-01
5.335876583250643845e-01
5.338660890835761341e-01
5.343261156851667470e-01
5.356256406350877741e-01
5.369010399203875128e-01
5.350793501688693166e-01
5.350008189217303478e-01
5.353113200933500293e-01
5.359440783939353192e-01
5.364122566731740482e-01
5.359665089733987031e-01
5.355065941575752886e-01
5.352894075657098627e-01
5.352179180461165142e-01
5.352289271046910546e-01
5.352898937048145012e-01
5.353825941629464236e-01
5.354997228611864113e-01
5.356348639599711747e-01
5.357929083937795767e-01
5.359701262932760057e-01
5.361654356531070365e-01
5.363775637864728330e-01
5.366053937872069524e-01
5.368486879522482713e-01
5.371092741839514906e-01
5.373894606831551846e-01
5.377075047033338384e-01
5.380798553869584611e-01
5.385620052699736648e-01
5.392042654372023458e-01
5.396757196742739682e-01
5.395627994582979925e-01
5.394916722382633312e-01
5.395737763843795332e-01
5.397486262677813063e-01
5.399806574761356615e-01
5.402559649264028208e-01
5.405598381754004311e-01
5.408829566971181668e-01
5.412375755719168735e-01
5.416153206810371268e-01
5.420155263565120674e-01
5.424378948193675498e-01
5.428823378472477090e-01
5.433489507370677929e-01
5.438381174152520092e-01
5.443507297332198513e-01
5.448885392003681716e-01
5.454416598357396673e-01
5.460399156282598199e-01
5.466786124794440482e-01
5.473701501146954751e-01
5.481359941241501499e-01
5.490051333977171710e-01
5.500703192677229847e-01
5.513862850956132711e-01
5.524052436428830148e-01
5.526346448600442107e-01
5.529705222105500972e-01
5.535481921202273226e-01
5.542716904079014739e-01
5.550545283571616251e-01
5.558244663800387952e-01
5.565250373854646604e-01
5.571310688090579388e-01
5.576801240599122966e-01
5.582141259819479728e-01
5.587574309916970572e-01
5.593349439933843481e-01
5.599383640311372812e-01
5.605939320387476332e-01
5.612846966059026332e-01
5.620074001774207906e-01
5.627611976261603921e-01
5.635489700215486897e-01
5.643685909906771547e-01
5.652504670142552978e-01
5.662026692786121806e-01
5.672474634709424590e-01
5.684062237368979753e-01
5.697187832364940530e-01
5.712023470486656818e-01
5.726389632565531684e-01
5.740437594792198173e-01
5.755698783184919343e-01
5.772139530816980946e-01
5.789889622042082573e-01
5.808277678800702892e-01
5.825712131106346447e-01
5.839209222372766517e-01
5.845209105510010827e-01
5.842760238025600517e-01
5.835748939747424924e-01
5.839863667521217883e-01
5.842746023376285125e-01
5.778222875649572376e-01
5.749409823138490472e-01
5.727076710417903227e-01
5.708591068655775036e-01
5.693162307701479241e-01
5.680498670531871630e-01
5.670685994234930805e-01
5.663712237050705367e-01
5.658793016664527276e-01
5.649596999387953566e-01
5.635842672216562210e-01
5.623435465161099600e-01
5.612807798901786605e-01
5.603599520304032300e-01
5.595515102031618504e-01
