0.0016	150.	100	-8.89	-8.81	-8.287
0.0080  150.    100	-8.17	-8.1	-7.62
0.0400	150.	100	-7.17	-7.325	-7.08
0.0800  150.    100	-6.91	-6.99	-6.75
0.16	150.	100	-6.705	-6.705	-6.48
0.24	150.	100.	-6.33	-6.33	-6.33
0.32	150.	100.	-6.2	-6.2	-6.2
0.4	150.	100.	-6.1	-6.1	-6.1
7.4377	150.	100.	-4.76	-4.76	-4.76
0.0032	125.	100.	-8.58	-8.58	-8.07
0.0158	125.	100.	-7.89	-7.89	-7.54
0.0790	125.	100.	-7.08	-7.08	-6.837
0.1580	125.	100.	-6.79	-6.79	-6.574
0.316	125.	100.	-6.45	-6.45	-6.34
0.474	125.	100.	-6.10	-6.10	-6.10
0.632	125.	100.	-5.96	-5.96	-5.96
0.79	125.	100.	-5.86	-5.86	-5.86
11.46	125.	100.	-4.63	-4.63	-4.63
0.0065	100.	100	-8.43	-8.37	-7.885
0.0326  100.    100	-7.43	-7.55	-7.33
0.1629	100.	100	-6.68	-6.87	-6.67
0.3260  100.    100	-6.5	-7.01	-6.5
0.652	100.	100.	-6.225	-6.225	-6.05
0.978	100.	100.	-5.86	-5.86	-5.86
1.304	100.	100.	-5.7	-5.7	-5.7
1.63	100.	100.	-5.616	-5.616	-5.616
18.394	100.	100.	-4.49	-4.49	-4.49
0.00884	90.	100.	-8.28	-8.28	-7.878
0.04421	90.	100.	-7.46	-7.46	-7.23
0.22104	90.	100.	-6.74	-6.74	-6.6
0.44210	90.	100.	-6.43	-6.43	-6.29
0.8842	90.	100.	-6.146	-6.146	-5.95
1.3263	90.	100.	-5.76	-5.76	-5.76
1.7684	90.	100.	-5.625	-5.625	-5.625
2.2105	90.	100.	-5.51	-5.51	-5.51
22.587	90.	100.	-4.43	-4.43	-4.43
0.0143  75.     100	-8.22	-8.16	-7.865
0.0716  75.     100	-7.25	-7.35	-7.105
0.3580	75.	100	-6.825	-7.27	-6.46
0.7161	75.	100	-6.4	-6.99	-6.13
1.4322	75.	100	-6.03	-6.03	-5.798
2.148	75.	100	-5.614	-5.614	-5.614
2.864	75.	100.	-5.48	-5.48	-5.48
3.58	75.	100.	-5.38	-5.38	-5.38
31.491	75.	100.	-4.34	-4.34	-4.34
0.02417	60.	100.	-7.92	-7.92	-7.70
0.12083	60.	100.	-7.21	-7.21	-7.1
0.60415	60.	100.	-6.74	-6.74	-6.76
1.20830	60.	100.	-6.43	-6.43	-5.96
2.4166	60.	100.	-5.91	-5.91	-5.8
3.6249	60.	100.	-5.46	-5.46	-5.46
4.8332	60.	100.	-5.33	-5.33	-5.33
6.0415	60.	100.	-5.23	-5.23	-5.23
45.734	60.	100.	-4.28	-4.28	-4.28
0.0354	50.	100	-7.833	-7.88	-7.74
0.1771  50.     100	-7.33	-7.39	-7.24
0.8855	50.	100	-6.72	-7.2	-7.128
1.7710	50.	100	-6.55	-7.05	-6.00
3.542	50.	100	-5.85	-5.85	-5.70
5.313	50.	100.	-5.74	-5.74	-5.74
7.084	50.	100.	-5.3	-5.3	-5.3
8.855	50.	100.	-5.28	-5.28	-5.28
60.653	50.	100.	-4.285	-4.285	-4.285	
0.0540	40.	100	-7.98	-8.00	-7.917
0.2704	40.	100	-7.68	-7.65	-7.55
1.3520	40.	100	-7.06	-7.45	-7.8
2.7040	40.	100	-6.62	-7.45	-6.965
5.408	40.	100.	-6.18	-6.18	-6.18
8.1119	40.	100.	-6.4	-6.4	-6.4
10.816	40.	100.	-6.4	-6.4	-6.4
13.52	40.	100.	-6.4	-6.4	-6.4
83.79	40.	100.	-4.51	-4.51	-4.51
0.0881	30.	100	-8.245	-8.26	-8.18
0.4403	30.	100	-8.00	-8.00	-7.92
2.2015	30.	100	-7.844	-7.7	-7.484
4.4030	30.	100	-7.46	-7.47	-7.25
8.806	30.	100.	-6.88	-6.88	-6.88
13.209	30.	100.	-6.96	-6.96	-6.96
17.612	30.	100.	-6.45	-6.45	-6.45
22.015	30.	100.	-6.32	-6.32	-6.32
123.47	30.	100.	-5.32	-5.32	-5.32 
0.1613	20.	100	-8.84	-8.85	-8.74
0.80673	20.	100	-8.37	-8.58	-8.48
4.03365	20.	100.	-8.35	-8.37	-8.28
8.0673	20.	100.	-8.3	-8.265	-8.18
16.1346	20.	100.	-8.152	-8.152	-8.15
24.2019	20.	100.	-8.18	-8.18	-8.18
32.2692	20.	100.	-7.9	-7.9	-7.9
40.3365	20.	100.	-7.9	-7.9	-7.9
204.68	20.	100.	-7.14	-7.14	-7.14
0.23775	15.	100.	-9.52	-9.55	-9.408
1.18876	15.	100.	-9.22	-9.25	-9.13
5.94383	15.	100.	-8.89	-8.925	-8.82
11.8876	15.	100.	-8.80	-8.82	-8.734
23.7752	15.	100.	-8.71	-8.71	-8.71
35.6628	15.	100.	-8.6	-8.6	-8.6
47.5504	15.	100.	-8.5	-8.5	-8.5
0.3941	10.	100.	-10.0	-11.4	-11.1
1.9707	10.	100.	-10.0	-10.58	-10.35
9.8534	10.	100.	-10.05	-10.065	-9.974
19.707	10.	100.	-10.00	-10.0	-9.90
39.414	10.	100.	-9.86	-10.0	-9.78
59.12	10.	100.	-9.744	-9.744	-9.744
78.828	10.	100.	-9.7	-9.7	-9.7
0.8712	5.	100.	-10.9	-11.72	-13.0
4.3559	5.	100.	-10.88	-12.8	-13.0
21.779	5.	100.	-11.54	-12.05	-13.0
43.559	5.	100.	-12.2	-12.05	-13.0
87.118	5.	100.	-11.	-11.	-13.0
130.67	5.	100.	-11.	-11.	-11.
174.236	5.	100.	-11.	-11.	-11.
217.795	5.	100.	-11.	-11.	-11.
1.5112	3.	100.	-10.24	-10.46	-13.0
7.5561	3.	100.	-10.4	-12.7	-13.0
37.780	3.	100.	-10.59	-11.0	-13.0
75.561	3.	100.	-11.8	-11.5	-13.0
151.122	3.	100.	-11.5	-11.5	-13.0
226.683	3.	100.	-11.5	-11.5	-13.0
302.244	3.	100.	-11.5	-11.5	-13.0
377.805	3.	100.	-11.5	-11.5	-13.0
4.7186	1.	100.	-10.07	-11.5	-13.0
23.59	1.	100.	-10.22	-11.57	-13.0
117.97	1.	100.	-11.08	-12.37	-13.0
235.934	1.	100.	-11.22	-12.0	-13.0
471.868	1.	100.	-11.5	-11.5	-13.0
707.7	1.	100.	-11.5	-11.5	-13.0
943.6	1.	100.	-11.5	-11.5	-13.0
1179.5	1.	100.	-11.5	-11.5	-13.0