-1.199528156126117295e-05
-3.691304426445274345e-05
-6.131619620675099469e-05
-8.552080132240291732e-05
-1.097497476278963546e-04
-1.343553507872075059e-04
-1.593535160526737826e-04
-1.853266227129779509e-04
-2.113652891707618053e-04
-2.386280387564054806e-04
-2.693825222421786236e-04
-2.980850664442424858e-04
-3.282016726984249289e-04
-3.562488044840383949e-04
-3.852759729235932795e-04
-4.149056046687249477e-04
-4.454672032454531916e-04
-4.752691613364445899e-04
-5.052349156137170283e-04
-5.354113162185925034e-04
-5.652728711885712798e-04
-5.953502168710711473e-04
-6.269801698738364237e-04
-6.600090103198175129e-04
-6.942038445838516481e-04
-7.293849581407885196e-04
-7.627775131273661913e-04
-7.966316290527464261e-04
-8.305838091194894801e-04
-8.630830711823245238e-04
-8.949797593283959074e-04
-9.271245567880059824e-04
-9.603140608347437990e-04
-9.937527491095110577e-04
-1.028541319766929085e-03
-1.061455189418913925e-03
-1.093422075161720741e-03
-1.124646720811917078e-03
-1.156705816297454170e-03
-1.189174286507443945e-03
-1.223937998019897222e-03
-1.258622704000567083e-03
-1.294402810399164494e-03
-1.329430639167905603e-03
-1.371259124005375085e-03
-1.406161376109937855e-03
-1.442108074245052052e-03
-1.479520999727257369e-03
-1.517833777905708281e-03
-1.556794913594172769e-03
-1.596620860290220989e-03
-1.639044642990361567e-03
-1.682795350295140935e-03
-1.719945103108577733e-03
-1.754735234089088713e-03
-1.790268892954527402e-03
-1.825325998676019523e-03
-1.860739872951544527e-03
-1.898650967688819691e-03
-1.935014902409659676e-03
-1.969416464160378410e-03
-2.003581974970414237e-03
-2.038442579396115839e-03
-2.073459251192066866e-03
-2.109216472295227796e-03
-2.147253235447066366e-03
-2.194623832503905803e-03
-2.236215647592576516e-03
-2.274029330671112348e-03
-2.311177252295348872e-03
-2.350414120873889345e-03
-2.387065682812217204e-03
-2.430476661733238508e-03
-2.465840631118987325e-03
-2.501115752421845251e-03
-2.536905340101758277e-03
-2.572265505492166149e-03
-2.607054073174852604e-03
-2.645111881609096827e-03
-2.683835202937578934e-03
-2.720100739573294568e-03
-2.756103295497802641e-03
-2.794087371469577974e-03
-2.835411386169051084e-03
-2.880571570666234926e-03
-2.924812653586461586e-03
-2.966488435969916182e-03
-3.005387405880632912e-03
-3.045184770213427150e-03
-3.087672488205739363e-03
-3.140039954887430262e-03
-3.195391034989558676e-03
-3.242039902590310163e-03
-3.287364546335491688e-03
-3.346037441771088083e-03
-3.387063042438298588e-03
-3.425474500587721849e-03
-3.462317851607110697e-03
-3.498567711528011159e-03
-3.534756091192248206e-03
-3.571445161306363580e-03
-3.608810589585842443e-03
-3.648871839575962284e-03
-3.686429856535777816e-03
-3.723996267678053584e-03
-3.761710495759240658e-03
-3.799332127455645747e-03
-3.838879950979534605e-03
-3.880132343682674012e-03
-3.923162043745431760e-03
-3.969570737997751841e-03
-4.036569361772102127e-03
-4.089248009247592464e-03
-4.139495950035487759e-03
-4.187060133201137013e-03
-4.235483408844165076e-03
-4.280803063467897296e-03
-4.326762412044105055e-03
-4.370500761528783862e-03
-4.414153507971030344e-03
-4.459201297549841847e-03
-4.508625631973739445e-03
-4.569754400791325999e-03
-4.620606891873824118e-03
-4.665908095417670154e-03
-4.709130599848676546e-03
-4.752177788592493179e-03
-4.793867232617210483e-03
-4.835776495008436981e-03
-4.879264015302919866e-03
-4.925677128717498299e-03
-4.976964086614077409e-03
-5.037109924492133572e-03
-5.096294483387553420e-03
-5.147273760562565137e-03
-5.196839928710783596e-03
-5.246489743410243101e-03
-5.298757232235384862e-03
-5.358989348237641615e-03
-5.419154213773369477e-03
-5.469915523390267431e-03
-5.517842841427200717e-03
-5.565408005704264305e-03
-5.614406234510371796e-03
-5.668639345431381038e-03
-5.734628093150173633e-03
-5.790282895000276042e-03
-5.840533130735403589e-03
-5.889507169787533414e-03
-5.940560085016421965e-03
-6.002730009562085023e-03
-6.064332175118813950e-03
-6.118009532079415891e-03
-6.170346150717098688e-03
-6.225587457786896373e-03
-6.287925601137778209e-03
-6.355460772302090611e-03
-6.410355099390807609e-03
-6.461943835243566525e-03
-6.515447318556577549e-03
-6.576486650971435921e-03
-6.636049002220478776e-03
-6.687309151081843872e-03
-6.738107500267820349e-03
-6.792226769212872384e-03
-6.855186400330337548e-03
-6.913312856069331325e-03
-6.966576756715636698e-03
-7.017635400799804302e-03
-7.072784614150506854e-03
-7.137942772876937347e-03
-7.194418454938067420e-03
-7.245759931162498724e-03
-7.296662011042287510e-03
-7.351260816997773340e-03
-7.416293604523782612e-03
-7.481419409163359013e-03
-7.537286002981091748e-03
-7.590350709652748940e-03
-7.646112429999907256e-03
-7.711909260891935958e-03
-7.776343289490172950e-03
-7.829993374853572163e-03
-7.882985211900228606e-03
-7.945797989709846298e-03
-8.013700443243787497e-03
-8.068998256436588079e-03
-8.124070565804553112e-03
-8.181303022867458807e-03
-8.247562036414524123e-03
-8.306871443157448631e-03
-8.357287116410261341e-03
-8.408493986473364323e-03
-8.465474342077672354e-03
-8.532674372225268478e-03
-8.586441489874974131e-03
-8.638983322647120211e-03
-8.694581205579754446e-03
-8.767503887350813763e-03
-8.827514326507523990e-03
-8.883440108120921330e-03
-8.940477078460795646e-03
-9.012193945180380084e-03
-9.075199781469089899e-03
-9.132550540948081164e-03
-9.192582264154092186e-03
-9.288768257481039292e-03
-9.351872617624379380e-03
-9.411733469149363707e-03
-9.479638206328244721e-03
-9.545890456904349008e-03
-9.602814151758232164e-03
-9.660810436265432344e-03
-9.742444175164344244e-03
-9.803089793395725060e-03
-9.858098123193714812e-03
-9.921292193579622776e-03
-9.985130773151329464e-03
-1.003834814319137791e-02
-1.010004409955267413e-02
-1.016283743311041654e-02
-1.021495653844184393e-02
-1.027722635617511759e-02
-1.033882707150446389e-02
-1.039183586250314040e-02
-1.045412268006729040e-02
-1.051389567833005412e-02
-1.056483135746943969e-02
-1.062574900431612068e-02
-1.068684770217043223e-02
-1.073857026519486890e-02
-1.079884712770584621e-02
-1.086520101018673135e-02
-1.091913239999930951e-02
-1.098191005187831859e-02
-1.105083431313158560e-02
-1.111053463014521903e-02
-1.118371682268404221e-02
-1.124355756472650292e-02
-1.130254164149335772e-02
-1.139754808757886817e-02
-1.145677962854640963e-02
-1.152514418581651601e-02
-1.158995778850369085e-02
-1.165114026905667011e-02
-1.175645332377439622e-02
-1.182253667159427479e-02
-1.189266435552160939e-02
-1.196148723990186902e-02
-1.202185066440897288e-02
-1.213058307001757541e-02
-1.219203172825700232e-02
-1.225805393247447750e-02
-1.232863403050388218e-02
-1.238825231787354930e-02
-1.250026822745475830e-02
-1.255752965016243561e-02
-1.262233246916422136e-02
-1.268478051985721944e-02
-1.274218145091110532e-02
-1.284050083026011535e-02
-1.289967762169330623e-02
-1.297954546444723967e-02
-1.304381180237268456e-02
-1.311652800319429435e-02
-1.319420655145220334e-02
-1.326474662769971946e-02
-1.333147960378167074e-02
-1.340079803857363583e-02
-1.346561592511741345e-02
-1.353417336616669076e-02
-1.359868252316476234e-02
-1.366723034208949805e-02
-1.373133496041245571e-02
-1.380128535253244415e-02
-1.386741605404107069e-02
-1.394242633634190653e-02
-1.400854911220761334e-02
-1.409404747274856096e-02
-1.416234180992392844e-02
-1.426479029003513421e-02
-1.432858585550345065e-02
-1.440769011248543841e-02
-1.447407987687321373e-02
-1.454586791633694087e-02
-1.461622340716461910e-02
-1.468007775729329722e-02
-1.476742859471347202e-02
-1.483025940611282234e-02
-1.493665912071229229e-02
-1.500339501770597828e-02
-1.507685397806557415e-02
-1.515204743403031351e-02
-1.521985888027743705e-02
-1.530184404334566928e-02
-1.536584532810691961e-02
-1.546981220274146196e-02
-1.553415670101054857e-02
-1.565197887787850295e-02
-1.571421368169434452e-02
-1.581969935980986897e-02
-1.588106845550718571e-02
-1.596373388795435666e-02
-1.602913940174710561e-02
-1.610737416150165302e-02
-1.617744841149770796e-02
-1.625146870164584367e-02
-1.632842752086016702e-02
-1.639881634176076908e-02
-1.647760895189653851e-02
-1.654320003402520722e-02
-1.663784319751770990e-02
-1.670284965158819190e-02
-1.678844467718110245e-02
-1.685760490351673191e-02
-1.693087560688222304e-02
-1.701667060513578633e-02
-1.708139790876939124e-02
-1.717567791066609839e-02
-1.724420253743164100e-02
-1.735417689007079378e-02
-1.743265167468077692e-02
-1.752626992449102250e-02
-1.759406168078336830e-02
-1.768908294939031123e-02
-1.775128373768797285e-02
-1.785179904077094371e-02
-1.791425415372294161e-02
-1.799211153719282308e-02
-1.805733658057939728e-02
-1.813141290648134785e-02
-1.820272496838781784e-02
-1.829593897055670215e-02
-1.837165567206389127e-02
-1.845461727118979933e-02
-1.855057730518272496e-02
-1.862760812443087222e-02
-1.872220851010697462e-02
-1.881440017126412290e-02
-1.888818945468573318e-02
-1.897050368364805450e-02
-1.906292558801792048e-02
-1.913379373380263981e-02
-1.921206949027631783e-02
-1.930735213085243984e-02
-1.937732303610451012e-02
-1.945486833903320445e-02
-1.954916570846676471e-02
-1.961943942814259323e-02
-1.970378193360355912e-02
-1.978397683261656770e-02
-1.985663481364685623e-02
-1.995584245204240492e-02
-2.003524684192592442e-02
-2.011264199845108624e-02
-2.024422772194489628e-02
-2.031028614093222107e-02
-2.038764703095696795e-02
-2.048489226966776489e-02
-2.056180012591091177e-02
-2.063136422562206196e-02
-2.072204226429197327e-02
-2.079154288985762822e-02
-2.088080381493628845e-02
-2.095255578546251218e-02
-2.103664463693488695e-02
-2.111786389108116779e-02
-2.122492541752496464e-02
-2.130670502781140119e-02
-2.138588627130133535e-02
-2.148546974220577610e-02
-2.158628809371532231e-02
-2.166333709713452738e-02
-2.173966959479978200e-02
-2.183536081550740970e-02
-2.193742526269848447e-02
-2.201789958271405112e-02
-2.209602556679335361e-02
-2.219216258659251206e-02
-2.228512618913991439e-02
-2.236114501136099442e-02
-2.243941956339090549e-02
-2.255317902528386487e-02
-2.263906399018622562e-02
-2.271566747383491069e-02
-2.280001020796251776e-02
-2.292783621379779202e-02
-2.300911941025907126e-02
-2.308512457891864766e-02
-2.317554837551116798e-02
-2.328771931172524123e-02
-2.337080830835791545e-02
-2.346403011485531653e-02
-2.357657209706209844e-02
-2.370675101029384724e-02
-2.380318642177092769e-02
-2.388433806540057880e-02
-2.396357330992948675e-02
-2.405138388968885987e-02
-2.417643262370527957e-02
-2.425318503740891973e-02
-2.434353474683892404e-02
-2.443265402566463518e-02
-2.452189734967868961e-02
-2.460967583294815242e-02
-2.469863384008841312e-02
-2.478578056275604347e-02
-2.487225569838857897e-02
-2.495742117443477959e-02
-2.504214264066895179e-02
-2.512662786625685651e-02
-2.521097011406459032e-02
-2.529560452038581708e-02
-2.538065885109197506e-02
-2.546620299013824251e-02
-2.555216611545008121e-02
-2.563844962747419132e-02
-2.572478186615057005e-02
-2.581102570338633662e-02
-2.589709549949903433e-02
-2.598266993794073887e-02
-2.606743452925452953e-02
-2.615159885991302779e-02
-2.623532686862306562e-02
-2.631888779427482561e-02
-2.640246961345427135e-02
-2.648674898881719919e-02
-2.657111471543061043e-02
-2.665611355113217673e-02
-2.674122675295798057e-02
-2.682645868168131997e-02
-2.691212938297671275e-02
-2.699732509163388361e-02
-2.708200774358171525e-02
-2.716622629471654449e-02
-2.725001946279936860e-02
-2.733334210377968976e-02
-2.741636089549626121e-02
-2.749927679882602227e-02
-2.758235007835307950e-02
-2.766556168833256280e-02
-2.774936891909973724e-02
-2.783363816422868009e-02
-2.791844772341456338e-02
-2.800376913216273689e-02
-2.808954834647725551e-02
-2.817561284438308000e-02
-2.826194892377653645e-02
-2.834856369704719103e-02
-2.843542259765852176e-02
-2.852256969770938788e-02
-2.860972586689047858e-02
-2.869686010201422111e-02
-2.878412027324184219e-02
-2.887186079944381589e-02
-2.896042499804940551e-02
-2.905013829882230336e-02
-2.914135113805227384e-02
-2.923411729305014362e-02
-2.932842889007480913e-02
-2.942434859706843930e-02
-2.952188584986015218e-02
-2.962110716883259443e-02
-2.972409188910007938e-02
-2.982885556842751473e-02
-2.993586136574211132e-02
-3.004521456596509488e-02
-3.015730071268163393e-02
-3.027246407391870342e-02
-3.039061558781475103e-02
-3.051149851679424430e-02
-3.063438872797963342e-02
-3.075831956544805568e-02
-3.088216983153513340e-02
-3.100485773215222451e-02
-3.112568019168138189e-02
-3.124435317369778087e-02
-3.136125917777732308e-02
-3.147687753695671553e-02
-3.158758583738463521e-02
-3.169478647663270809e-02
-3.179924542480627725e-02
-3.190148720631758028e-02
-3.200166218632594095e-02
-3.209955683944376581e-02
-3.219562120749830392e-02
-3.229005812228935568e-02
-3.238296598475343124e-02
-3.247486370623542395e-02
-3.256613738174951589e-02
-3.265717032960346877e-02
-3.274805319593732111e-02
-3.283864169579953085e-02
-3.292839300342886855e-02
-3.301745771484443370e-02
-3.310587032020739784e-02
-3.319403541364884802e-02
-3.328537075335513684e-02
-3.337389403922441655e-02
-3.346551666657737734e-02
-3.355673190214814028e-02
-3.365051489590242806e-02
-3.374928806035470963e-02
-3.385654725140618826e-02
-3.397597173585131802e-02
-3.410884226464683255e-02
-3.424029554612140203e-02
-3.435693926030314316e-02
-3.446295458424675218e-02
-3.456167110880159488e-02
-3.465600597405904537e-02
-3.474824220194883129e-02
-3.483848133830391713e-02
-3.492779682047997269e-02
-3.501793449967338656e-02
-3.511045032617221562e-02
-3.520843700388276432e-02
-3.531533262710973009e-02
-3.543686425169501053e-02
-3.557139756948768383e-02
-3.569714057004258478e-02
-3.580762055552344503e-02
-3.590707201767573409e-02
-3.599974910016501273e-02
-3.608943749730109118e-02
-3.617868170895877089e-02
-3.626984150349554792e-02
-3.636583032585571917e-02
-3.647148243788989053e-02
-3.659466268470257244e-02
-3.673573256908335694e-02
-3.687011281977092825e-02
-3.697616478637999471e-02
-3.707078202501457032e-02
-3.716089673098788015e-02
-3.725040663662171347e-02
-3.734295551615240960e-02
-3.744444768835453186e-02
-3.756354501979386473e-02
-3.770058291583044952e-02
-3.781712732517972242e-02
-3.791674441075421065e-02
-3.800950262823599157e-02
-3.809852783652778463e-02
-3.818721634297050915e-02
-3.827920425446063035e-02
-3.837982335720835358e-02
-3.849906635159550117e-02
-3.863656057674125233e-02
-3.875391302607911204e-02
-3.885456679564280869e-02
-3.894771506069316658e-02
-3.903824792751464656e-02
-3.912913683595520276e-02
-3.922360162412652507e-02
-3.932762754537078020e-02
-3.945107997812968836e-02
-3.959349950265633744e-02
-3.970284355642972329e-02
-3.980904182625555343e-02
-3.992255566568136960e-02
-4.001962145578397134e-02
-4.011030827942796417e-02
-4.019828236921507703e-02
-4.028611607156429297e-02
-4.037645334731676527e-02
-4.047311438885892176e-02
-4.058272491884939992e-02
-4.071792334010082559e-02
-4.085378328044675378e-02
-4.096394409618053789e-02
-4.106061146941997198e-02
-4.115123273316767527e-02
-4.123955711544113889e-02
-4.132829951001681934e-02
-4.142035065374505276e-02
-4.152020220424323949e-02
-4.163530274722493374e-02
-4.177720639227533450e-02
-4.191030112474369851e-02
-4.202256418461325360e-02
-4.212209581875725473e-02
-4.221707654914519381e-02
-4.230470967711885688e-02
-4.239115992923281340e-02
-4.247791536932898904e-02
-4.256625289600368678e-02
-4.266004507999665574e-02
-4.274648836563599286e-02
-4.284643573804436389e-02
-4.297403576158809191e-02
-4.312074930260789696e-02
-4.322316562194949974e-02
-4.331546227438975993e-02
-4.340755054382305911e-02
-4.350739207710274670e-02
-4.363863908628207167e-02
-4.378259990763577747e-02
-4.388516018658783491e-02
-4.397748492532127518e-02
-4.406844788825325931e-02
-4.416589172936113972e-02
-4.429114700918423964e-02
-4.444156562887491280e-02
-4.454432845861455714e-02
-4.463743648738538461e-02
-4.472685375743634673e-02
-4.482297363261555923e-02
-4.494891645687759674e-02
-4.509398068459058440e-02
-4.519384738842979754e-02
-4.528314846016123774e-02
-4.537150148209279088e-02
-4.546731034694584395e-02
-4.559705549840686878e-02
-4.573222573747715014e-02
-4.582950414839437325e-02
-4.591870378672202602e-02
-4.600868801852031620e-02
-4.610737176692503159e-02
-4.624519458443288045e-02
-4.637943048168691185e-02
-4.647805662580950514e-02
-4.656810988829440667e-02
-4.665853879774561896e-02
-4.675940337428263760e-02
-4.689777754562418632e-02
-4.703312928503899926e-02
-4.713208219064524140e-02
-4.722248618879754112e-02
-4.731253810692259698e-02
-4.741100652177654418e-02
-4.754440471476195640e-02
-4.768096710834013319e-02
-4.777746330761212246e-02
-4.786591412777996268e-02
-4.795552446867468177e-02
-4.805774555087816147e-02
-4.822056659540774337e-02
-4.833406703433118512e-02
-4.842890762083751355e-02
-4.851876116310127607e-02
-4.861359349211491487e-02
-4.873548954803341715e-02
-4.888771119807489018e-02
-4.898923572994540176e-02
-4.908064458963568022e-02
-4.917289870683694275e-02
-4.927803135649355681e-02
-4.944404595434948035e-02
-4.956174539327773410e-02
-4.965697889775388951e-02
-4.974849747513465648e-02
-4.984513192416784033e-02
-4.997261806405173257e-02
-5.014011721486888451e-02
-5.024894482829855846e-02
-5.034286787475150682e-02
-5.043291464040366989e-02
-5.052455933312660630e-02
-5.062552321759061780e-02
-5.076221669055014374e-02
-5.090593621349448483e-02
-5.100816144871445079e-02
-5.110299939913709455e-02
-5.120155120209168853e-02
-5.135871475282527410e-02
-5.147033345676543803e-02
-5.156414913402707079e-02
-5.166223390998014864e-02
-5.182224864945816911e-02
-5.193082543283333852e-02
-5.202415625359535500e-02
-5.212677736990323218e-02
-5.230803752342216839e-02
-5.241369017921160278e-02
-5.250838196249918433e-02
-5.262418188966222488e-02
-5.275287960718322289e-02
-5.284661486350339388e-02
-5.294485318822272912e-02
-5.313206728678354640e-02
-5.323262997734778956e-02
-5.332685831943806409e-02
-5.345182152609928572e-02
-5.357034499953861051e-02
-5.366428454559657446e-02
-5.376965793309262942e-02
-5.392379702659888530e-02
-5.402003264842536456e-02
-5.411943157665866089e-02
-5.430895369803645512e-02
-5.440627460106883806e-02
-5.450392488518618350e-02
-5.469664809817098572e-02
-5.479346632692594365e-02
-5.488868460386142623e-02
-5.506598035444387751e-02
-5.516657079269460251e-02
-5.526256646027860597e-02
-5.542703108600066653e-02
-5.552847579249731158e-02
-5.562255633044110859e-02
-5.577198373131275755e-02
-5.587617168311342919e-02
-5.596944717357776877e-02
-5.608467008628237327e-02
-5.621482808995315050e-02
-5.630793891246410610e-02
-5.640964378910728882e-02
-5.657087051761389151e-02
-5.666603256371449682e-02
-5.676505851425206473e-02
-5.696046987108982496e-02
-5.705953040482070193e-02
-5.715900740615764697e-02
-5.731993260808632140e-02
-5.742349377647260056e-02
-5.751557996430034514e-02
-5.762805759209055356e-02
-5.775771567737264522e-02
-5.785219873539027002e-02
-5.795315833466430089e-02
-5.813982871579448375e-02
-5.824293998538343509e-02
-5.833825706582129733e-02
-5.845712039835748719e-02
-5.859121923755417072e-02
-5.869074944064145427e-02
-5.878990472446965487e-02
-5.894151479486009482e-02
-5.905388808363210007e-02
-5.914708801808343797e-02
-5.924838283073163847e-02
-5.942125236043971359e-02
-5.952019346126680155e-02
-5.962984389582259848e-02
-5.976485805585862732e-02
-5.986404820236124191e-02
-5.998038320825960223e-02
-6.010328091547711971e-02
-6.020013173287885877e-02
-6.031928746303349964e-02
-6.043415021288778277e-02
-6.053103316289631941e-02
-6.067656652995545574e-02
-6.078321442673284558e-02
-6.088276531923331181e-02
-6.107750138491252478e-02
-6.117780425602314942e-02
-6.128223992693282440e-02
-6.143799252131154631e-02
-6.153527029222671807e-02
-6.164914132478960251e-02
-6.177297219793576044e-02
-6.186972854202688055e-02
-6.197791442349842583e-02
-6.212903033427041866e-02
-6.222802248506165146e-02
-6.233638400689178738e-02
-6.248369818422505606e-02
-6.258109698678837596e-02
-6.269377935252629097e-02
-6.282053414575095029e-02
-6.291936546666421215e-02
-6.304805973344529413e-02
-6.316005633444443657e-02
-6.325763828360908558e-02
-6.341949786754874641e-02
-6.352272899642430470e-02
-6.362372974412422444e-02
-6.382213391774715916e-02
-6.392489305932047561e-02
-6.403510812407486874e-02
-6.417474938362910386e-02
-6.427084630489754424e-02
-6.438783714953599802e-02
-6.450689080697502575e-02
-6.460310781873468411e-02
-6.470054102928224360e-02
-6.480458447961989776e-02
-6.498040281571770826e-02
-6.507892118682057081e-02
-6.519101301823038153e-02
-6.531250396278354131e-02
-6.540974620919715043e-02
-6.555914525124084680e-02
-6.566543105730970886e-02
-6.577085371873381270e-02
-6.590553975605617509e-02
-6.600286097389473916e-02
-6.617126681048235426e-02
-6.627247892435195187e-02
-6.638213892040500941e-02
-6.650124831417647542e-02
-6.660115170264091500e-02
-6.680564279717104981e-02
-6.690499188538345798e-02
-6.702816216925278070e-02
-6.713541069710948772e-02
-6.723807899784650655e-02
-6.738808154497832881e-02
-6.748716614123928537e-02
-6.764562348365310562e-02
-6.774844240111788096e-02
-6.786074357371674193e-02
-6.798667813530656634e-02
-6.808861256368758941e-02
-6.828067833317208457e-02
-6.838080721927619621e-02
-6.852259853664000033e-02
-6.862863878812741625e-02
-6.873848975393759275e-02
-6.886294818651828020e-02
-6.896397889832794892e-02
-6.916178100300529596e-02
-6.926159141691901056e-02
-6.939764125511171944e-02
-6.950237224713584627e-02
-6.961203335598764586e-02
-6.973607206436271966e-02
-6.983653620241014881e-02
-7.002467234160758558e-02
-7.012436391262055757e-02
-7.026831165383973232e-02
-7.037347520475678575e-02
-7.048378451145875800e-02
-7.060537250918241803e-02
-7.070435972434985228e-02
-7.086806647117804836e-02
-7.097941205889557459e-02
-7.109560572385742461e-02
-7.121072297488895142e-02
-7.132055871692699611e-02
-7.145233706544296126e-02
-7.156187429427784963e-02
-7.170146541761168724e-02
-7.181036421772801770e-02
-7.195873886435510958e-02
-7.206418678249837395e-02
-7.222131079829130496e-02
-7.232696454041132039e-02
-7.249164287465670320e-02
-7.259563326175644260e-02
-7.277542652261703715e-02
-7.287950503863604990e-02
-7.306951495429026000e-02
-7.317248418578436997e-02
-7.337255377032070314e-02
-7.347572555339076938e-02
-7.366678724786190902e-02
-7.377000894489604832e-02
-7.394781249252913025e-02
-7.405118427614509891e-02
-7.421159955389833307e-02
-7.431597357381303226e-02
-7.446391871055479950e-02
-7.456921126837934288e-02
-7.470712693991654607e-02
-7.481425240035521895e-02
-7.494458458462271988e-02
-7.505477040946229028e-02
-7.517771963850683470e-02
-7.528863062649449045e-02
-7.540638892198259224e-02
-7.551981903396665086e-02
-7.563165542715866163e-02
-7.575000251935581908e-02
-7.585980334217379273e-02
-7.598282474447815016e-02
-7.608917401527748314e-02
-7.622204581120672895e-02
-7.632768539841716660e-02
-7.646927036398620814e-02
-7.657353707234271223e-02
-7.673236777457426161e-02
-7.683572693174356427e-02
-7.701079407270394750e-02
-7.711359223287472808e-02
-7.731027819921787447e-02
-7.741243277159715053e-02
-7.760909596721710102e-02
-7.771241767880021634e-02
-7.789565113894258985e-02
-7.799919482246642222e-02
-7.816141979296065134e-02
-7.826903219209069285e-02
-7.841906185759239811e-02
-7.852398787731573737e-02
-7.866253102357301241e-02
-7.877000449618087874e-02
-7.889738578105964795e-02
-7.900500957904355026e-02
-7.912896862073448556e-02
-7.923841769183126438e-02
-7.935398287238526471e-02
-7.946749678487152746e-02
-7.958190776164131286e-02
-7.969692728841337725e-02
-7.980633958647365134e-02
-7.992876737286114253e-02
-8.003685415980732465e-02
-8.016335252728579164e-02
-8.026938758986401634e-02
-8.040717593268642549e-02
-8.051131067663364060e-02
-8.066005568213929777e-02
-8.076393562962891348e-02
-8.093110156854110837e-02
-8.103342736714869154e-02
-8.122068207893107239e-02
-8.132377495587284066e-02
-8.152243142033632761e-02
-8.162483563569133960e-02
-8.181234705616724501e-02
-8.191618934672051378e-02
-8.208190401611414888e-02
-8.218615414433849686e-02
-8.233516638482907268e-02
-8.244200379162403003e-02
-8.257699413855612569e-02
-8.268789183330438330e-02
-8.282183269084752997e-02
-8.293002038412222721e-02
-8.306642150021348314e-02
-8.317377858789520850e-02
-8.332084131380901315e-02
-8.342646658763286371e-02
-8.357985336594098147e-02
-8.368686992435181438e-02
-8.385524176446146338e-02
-8.396111295406760711e-02
-8.414503420632857278e-02
-8.425275845048052492e-02
-8.444675904786769216e-02
-8.455235546700079485e-02
-8.475826861989199656e-02
-8.486231972244207000e-02
-8.505440566100774813e-02
-8.516007291886562580e-02
-8.533427733242282542e-02
-8.543879674913656963e-02
-8.559941370058421484e-02
-8.570606874722830337e-02
-8.585197432914815074e-02
-8.595950747665848102e-02
-8.610001956780777288e-02
-8.620926922893290545e-02
-8.633880310961161708e-02
-8.644857256196258888e-02
-8.657391201986153195e-02
-8.668521025914766032e-02
-8.680509299514471699e-02
-8.691967794316601825e-02
-8.703658691760407518e-02
-8.715281979108158161e-02
-8.726655875614375280e-02
-8.738870619901206727e-02
-8.749867216486639787e-02
-8.762512410364176052e-02
-8.773439678317118684e-02
-8.786857841731077201e-02
-8.797501931121243235e-02
-8.811841307296552905e-02
-8.822472621939458914e-02
-8.837861434047800113e-02
-8.848382729125292556e-02
-8.865558266113704455e-02
-8.876018567360099976e-02
-8.894603955620272728e-02
-8.905131947279310012e-02
-8.925270810759233786e-02
-8.935690968791132338e-02
-8.956040702671341780e-02
-8.966567291138161089e-02
-8.985553351986663717e-02
-8.996081950247258874e-02
-9.013612010082983073e-02
-9.024167034414964927e-02
-9.040061935224597001e-02
-9.050786047894177067e-02
-9.065541700907286948e-02
-9.076332283118004884e-02
-9.090271999722276952e-02
-9.101294656467950883e-02
-9.114428614642133830e-02
-9.125669978596684384e-02
-9.138277182149656674e-02
-9.149734469249393154e-02
-9.162030507144036662e-02
-9.173689162543929854e-02
-9.185593426723770438e-02
-9.197662385709703958e-02
-9.209119993834380402e-02
-9.221403740949318806e-02
-9.232726353940845510e-02
-9.245411182522855764e-02
-9.256422786801288272e-02
-9.269784486207122143e-02
-9.280669288326726107e-02
-9.294539167294690873e-02
-9.305368443952477531e-02
-9.320360209303835131e-02
-9.331019533557960433e-02
-9.347025305278444662e-02
-9.357763257912665722e-02
-9.375127864375287778e-02
-9.385765844625848509e-02
-9.404818419524230144e-02
-9.415485335406548195e-02
-9.435619655901172909e-02
-9.446304423935925065e-02
-9.467087773025983921e-02
-9.477813272671942180e-02
-9.497545448825284176e-02
-9.508384762664778833e-02
-9.526932793446041270e-02
-9.537749916309234965e-02
-9.554783490880514041e-02
-9.565719348642720554e-02
-9.581008883539954279e-02
-9.591891637619676114e-02
-9.606533473088263442e-02
-9.617532622661983943e-02
-9.631135410206748126e-02
-9.642412415684809002e-02
-9.655644192978385387e-02
-9.666885421556681290e-02
-9.679638543628377167e-02
-9.691394888557525178e-02
-9.703396069511061039e-02
-9.715011771895587511e-02
-9.727095060746315802e-02
-9.739074576305151165e-02
-9.750524717371800154e-02
-9.762972397828484361e-02
-9.774383977318212846e-02
-9.786890304641249205e-02
-9.798154226539945721e-02
-9.811568621515875943e-02
-9.822524537818877466e-02
-9.836154300396193761e-02
-9.847235266490828032e-02
-9.861795042977317127e-02
-9.872593350499858644e-02
-9.888066691111085937e-02
-9.898964591309766803e-02
-9.915324850559203984e-02
-9.926079410924948387e-02
-9.944047171570835619e-02
-9.954750844277604482e-02
-9.973761304708905762e-02
-9.984505581799318907e-02
-1.000500245367571539e-01
-1.001566018490221976e-01
-1.003637199191246276e-01
-1.004712590090960367e-01
-1.006694012347790768e-01
-1.007771511756428984e-01
-1.009487504815990144e-01
-1.010582971963557286e-01
-1.011996750438621806e-01
-1.013118628930985698e-01
-1.014411392356687758e-01
-1.015566369411317060e-01
-1.016768552295733707e-01
-1.018028499924085173e-01
-1.019156053503699200e-01
-1.020517262223935573e-01
-1.021642256163787232e-01
-1.023248408624322092e-01
-1.024328187775455090e-01
-1.026319918162801326e-01
-1.027393988420702842e-01
-1.029399582753359743e-01
-1.030480985996347076e-01
-1.032145449445506236e-01
-1.033232779894743825e-01
-1.034657346478395912e-01
-1.035794033964451133e-01
-1.037038764631773580e-01
-1.038230952204589608e-01
-1.039402928112753699e-01
-1.040600972873496621e-01
-1.041757217457226492e-01
-1.043020825600792234e-01
-1.044156010369137189e-01
-1.045491204090075454e-01
-1.046602618728548206e-01
-1.047996359887413131e-01
-1.049102978433265054e-01
-1.050629740822413005e-01
-1.051716980955990088e-01
-1.053603407733627595e-01
-1.054677255515164003e-01
-1.056793861212502739e-01
-1.057885961285225385e-01
-1.059684917751179123e-01
-1.060777318118514279e-01
-1.062299511491828774e-01
-1.063418627278794881e-01
-1.064739228286105677e-01
-1.065886491201051278e-01
-1.067128191441826246e-01
-1.068334852598031848e-01
-1.069499356138698953e-01
-1.070815890051434183e-01
-1.071941747334889117e-01
-1.073408231143215819e-01
-1.074511293688454883e-01
-1.076312162410739681e-01
-1.077392144579305544e-01
-1.079534279471034974e-01
-1.080624983793002647e-01
-1.082514730569947847e-01
-1.083611914776666518e-01
-1.085186245541863714e-01
-1.086324545351479154e-01
-1.087705257753891486e-01
-1.088855873224173765e-01
-1.090167333690903462e-01
-1.091353172263332949e-01
-1.092576029036861351e-01
-1.093799851985884919e-01
-1.094983872554506910e-01
-1.096300070666426096e-01
-1.097451536734009858e-01
-1.098843460269789407e-01
-1.099976497859751490e-01
-1.101414853958357920e-01
-1.102559254027973834e-01
-1.104095289454382067e-01
-1.105206075962188450e-01
-1.106774678466789785e-01
-1.107911261457463770e-01
-1.109624305043026560e-01
-1.110727331614684843e-01
-1.112806394045036118e-01
-1.113901130309183918e-01
-1.115853830224222687e-01
-1.116963686728715821e-01
-1.118576829855304489e-01
-1.119686564298630893e-01
-1.121104967074724179e-01
-1.122263903161575538e-01
-1.123527266313324446e-01
-1.124742724601824895e-01
-1.125979266232555176e-01
-1.127333615123887745e-01
-1.128481911290395434e-01
-1.130181115784664181e-01
-1.131284433406309908e-01
-1.133427387083582039e-01
-1.134537086450551069e-01
-1.136225913434472101e-01
-1.137352121590057275e-01
-1.138728119142221606e-01
-1.139925022460114290e-01
-1.141141787108432837e-01
-1.142438089794749478e-01
-1.143589473630809428e-01
-1.145100864159530607e-01
-1.146219629212548163e-01
-1.148199444477351339e-01
-1.149322010075612965e-01
-1.151329578030021450e-01
-1.152450360544804431e-01
-1.153983767798184568e-01
-1.155125756270507509e-01
-1.156429591457086570e-01
-1.157661561987087806e-01
-1.158843959181293792e-01
-1.160201709069228482e-01
-1.161351184762100530e-01
-1.163027196532788743e-01
-1.164135348352391963e-01
-1.166377721902722708e-01
-1.167497341106839004e-01
-1.169244080404404640e-01
-1.170419041711786567e-01
-1.171836623008621903e-01
-1.173034567021583596e-01
-1.174327229623425284e-01
-1.175631014393511142e-01
-1.176788720532525589e-01
-1.178305906585359608e-01
-1.179438123288220064e-01
-1.181390234941867012e-01
-1.182522859818132543e-01
-1.184586031718964927e-01
-1.185710503057639809e-01
-1.187266611451072151e-01
-1.188465364878537045e-01
-1.189755349123320372e-01
-1.190997323861351376e-01
-1.192191013555449208e-01
-1.193596864386431422e-01
-1.194724749856354018e-01
-1.196569663243617354e-01
-1.197680978308548472e-01
-1.199834035297081547e-01
-1.200959745799242695e-01
-1.202542712228167332e-01
-1.203679629616269953e-01
-1.205024383241271035e-01
-1.206229869844058777e-01
-1.207451454787853429e-01
-1.208761697340328123e-01
-1.209932406961385931e-01
-1.211408007725983671e-01
-1.212537612781307006e-01
-1.214358675857455383e-01
-1.215479872119302751e-01
-1.217721887116053336e-01
-1.218837129957234255e-01
-1.220663662081864498e-01
-1.221795464633057549e-01
-1.223277884585368680e-01
-1.224450317737653116e-01
-1.225771772003834137e-01
-1.226992555694841336e-01
-1.228216993143765867e-01
-1.229529239133707597e-01
-1.230709553769890885e-01
-1.232196871323372189e-01
-1.233334559817683695e-01
-1.235111395399257628e-01
-1.236242498209499940e-01
-1.238504497199185428e-01
-1.239616188552237208e-01
-1.241748039286559857e-01
-1.242872996670540964e-01
-1.244976742789465352e-01
-1.246086528027728901e-01
-1.248359124379821994e-01
-1.249491414460816019e-01
-1.251254246903593659e-01
-1.252390677270871500e-01
-1.253882122531425614e-01
-1.255049322688494007e-01
-1.256319210299710054e-01
-1.257585089444376303e-01
-1.258767392443578270e-01
-1.260107547350020063e-01
-1.261271194968217602e-01
-1.262944469973408257e-01
-1.264047138460718811e-01
-1.266228688361785704e-01
-1.267356284554894685e-01
-1.269221539073380756e-01
-1.270347787496104441e-01
-1.271824430961787655e-01
-1.272980923052456914e-01
-1.274247602852315309e-01
-1.275491543060965904e-01
-1.276681938002866001e-01
-1.278008519374443930e-01
-1.279169077955625289e-01
-1.280738969709486197e-01
-1.281852908233295230e-01
-1.283590495908605300e-01
-1.284715392718753790e-01
-1.286850431182995358e-01
-1.287969164505587960e-01
-1.289626336693312503e-01
-1.290783180195622659e-01
-1.292066436517955719e-01
-1.293385263093046467e-01
-1.294547804879352393e-01
-1.296360358873156482e-01
-1.297496705103057257e-01
-1.299218107424326973e-01
-1.300383211988462850e-01
-1.301662609165090689e-01
-1.303027155094045320e-01
-1.304166437771908660e-01
-1.306333666955314943e-01
-1.307460869820680216e-01
-1.308990950199644399e-01
-1.310209210534234447e-01
-1.311414013836195158e-01
-1.312902070238889385e-01
-1.314040640242932767e-01
-1.316189120947840463e-01
-1.317325770437846044e-01
-1.318715270658070704e-01
-1.319973920765828979e-01
-1.321145828251301113e-01
-1.322890681519983680e-01
-1.324018922560152856e-01
-1.325862548019230980e-01
-1.327036236524249402e-01
-1.328329034626931637e-01
-1.329656662777440879e-01
-1.330822492764492937e-01
-1.332834340836104303e-01
-1.333974185250151878e-01
-1.335622704862324817e-01
-1.336825081071756349e-01
-1.338080601423331517e-01
-1.339500171118529481e-01
-1.340663976108912303e-01
-1.342830155226477640e-01
-1.343980932486539270e-01
-1.345571121078333876e-01
-1.346783063376454370e-01
-1.348040454085052131e-01
-1.349487273629629280e-01
-1.350664676468321668e-01
-1.352893412317237587e-01
-1.354074989040686683e-01
-1.355459229091874329e-01
-1.356801133920572111e-01
-1.357980996857578448e-01
-1.360192249646514639e-01
-1.361348782124885970e-01
-1.362814425986221822e-01
-1.364100637030316587e-01
-1.365276056680709837e-01
-1.367141191516750842e-01
-1.368292818606678951e-01
-1.369871023371905805e-01
-1.371089942165044651e-01
-1.372309506518534228e-01
-1.373899286245261475e-01
-1.375041683617500565e-01
-1.376880075788837754e-01
-1.378044271829130807e-01
-1.379314922198021653e-01
-1.380778513724183476e-01
-1.381906341832762619e-01
-1.384101741166724464e-01
-1.385258913408481396e-01
-1.386573131426861449e-01
-1.387934143044102786e-01
-1.389092870097557997e-01
-1.391258680027152028e-01
-1.392419518322157712e-01
-1.393848060601972083e-01
-1.395094337700306664e-01
-1.396294698418504288e-01
-1.398105946179200032e-01
-1.399239592598580106e-01
-1.400912280651581687e-01
-1.402105645396998224e-01
-1.403337730769531611e-01
-1.404918240597430312e-01
-1.406051881061137765e-01
-1.408087357044813803e-01
-1.409273224707066063e-01
-1.410573728495801982e-01
-1.411944285469388660e-01
-1.413115452169465547e-01
-1.415265062917465677e-01
-1.416416537940186071e-01
-1.417921393514890438e-01
-1.419148078777717759e-01
-1.420363214390615303e-01
-1.422004893493954425e-01
-1.423140704197181083e-01
-1.425112040837596128e-01
-1.426291216823633023e-01
-1.427593713135119069e-01
-1.428958567862738116e-01
-1.430130374211054933e-01
-1.432258294549361155e-01
-1.433418605311215233e-01
-1.434969038963248567e-01
-1.436207586576189188e-01
-1.437454089076959374e-01
-1.439067694658682228e-01
-1.440224775609679764e-01
-1.442321159618999982e-01
-1.443515130895347554e-01
-1.444865519156182110e-01
-1.446210779796349710e-01
-1.447415763820250056e-01
-1.449414755403529709e-01
-1.450587045122831986e-01
-1.452268793422237803e-01
-1.453506901787523509e-01
-1.454780808820205218e-01
-1.456287422226973938e-01
-1.457476373879348364e-01
-1.459724661374759425e-01
-1.460911444192002362e-01
-1.462344267056495672e-01
-1.463659111243520439e-01
-1.464862360136146568e-01
-1.466857086438932978e-01
-1.468013774530132487e-01
-1.469643148988024617e-01
-1.470888893175810175e-01
-1.472123383907101291e-01
-1.473706356966918429e-01
-1.474874930769728421e-01
-1.476894457087606360e-01
-1.478086565236997885e-01
-1.479429046936713288e-01
-1.480809050323261822e-01
-1.481995566664499053e-01
-1.484242582397787835e-01
-1.485413280321634666e-01
-1.486926384940008283e-01
-1.488203584617218134e-01
-1.489427411845030136e-01
-1.491135853845425574e-01
-1.492305881004414303e-01
-1.494203225715400318e-01
-1.495412499292021469e-01
-1.496733832639599582e-01
-1.498142025169516556e-01
-1.499328799631878262e-01
-1.501596452090242506e-01
-1.502777278948751460e-01
-1.504287192063699097e-01
-1.505562588522184608e-01
-1.506791672319676145e-01
-1.508506295365742433e-01
-1.509672093209561972e-01
-1.511583942072464160e-01
-1.512793412815239824e-01
-1.514111511773658103e-01
-1.515511972886515180e-01
-1.516703139967205960e-01
-1.518943354788949707e-01
-1.520115593081212690e-01
-1.521656517755016758e-01
-1.522928906673792770e-01
-1.524168320194861925e-01
-1.525861896288981390e-01
-1.527029851499261959e-01
-1.528996598392743378e-01
-1.530209348482115539e-01
-1.531526578693369611e-01
-1.532924729120229701e-01
-1.534116103341121029e-01
-1.536324321550429639e-01
-1.537503340853009215e-01
-1.539028157024104893e-01
-1.540318564734074469e-01
-1.541537944658195602e-01
-1.543564875082443777e-01
-1.544741338446306012e-01
-1.546289089448730225e-01
-1.547592705801219548e-01
-1.548819806370681507e-01
-1.550807711619849316e-01
-1.552009270831369303e-01
-1.553589856238913880e-01
-1.554922227105457466e-01
-1.556244716199588485e-01
-1.558279956126095156e-01
-1.559505512290643159e-01
-1.561127150939064512e-01
-1.562450868088313127e-01
-1.563667067020269030e-01
-1.565521850245353841e-01
-1.566710969487306038e-01
-1.568293744725134387e-01
-1.569561232042168131e-01
-1.570799754742814303e-01
-1.572566864125252151e-01
-1.573743681740933376e-01
-1.575386591960081795e-01
-1.576620830375136117e-01
-1.577868660892164376e-01
-1.579625798126909064e-01
-1.580782837194065760e-01
-1.582499244909091329e-01
-1.583733907377020689e-01
-1.584978028999447508e-01
-1.586704266426260945e-01
-1.587862264133120815e-01
-1.589624810585267278e-01
-1.590865956173858065e-01
-1.592108251106005845e-01
-1.593753561755699710e-01
-1.594922420814240960e-01
-1.596743817952736011e-01
-1.597972817027978332e-01
-1.599241596345005734e-01
-1.600810486637477270e-01
-1.601988010764611170e-01
-1.603933391742558001e-01
-1.605146538341756246e-01
-1.606456228708418310e-01
-1.607991610821742912e-01
-1.609173031472975746e-01
-1.611183558044936293e-01
-1.612409366875693362e-01
-1.613713555954123802e-01
-1.615275230654819039e-01
-1.616463555370963867e-01
-1.618446295430516768e-01
-1.619683708922982079e-01
-1.620991859995039031e-01
-1.622563352634269762e-01
-1.623759770691350912e-01
-1.625740261590268299e-01
-1.626977601030178411e-01
-1.628299455603852142e-01
-1.629877814130908931e-01
-1.631087454741312337e-01
-1.633145607968121693e-01
-1.634434643685037658e-01
-1.635984007100486082e-01
-1.638381559014252531e-01
-1.639644758524863022e-01
-1.640975986428254707e-01
-1.642579133975275996e-01
-1.643784928611942142e-01
-1.645382903700151056e-01
-1.646721738908598631e-01
-1.647945441452536297e-01
-1.650312580624514469e-01
-1.651545117053925260e-01
-1.652841187010605228e-01
-1.654551405633453154e-01
-1.655748127728590147e-01
-1.657252470592380789e-01
-1.658600288592363414e-01
-1.659804859322766557e-01
-1.662001805397109733e-01
-1.663226809718860721e-01
-1.664498887206450339e-01
-1.666324453916080417e-01
-1.667509598020731065e-01
-1.668969045516009997e-01
-1.670338873744975361e-01
-1.671533264771957183e-01
-1.673617590622842322e-01
-1.674843875452867170e-01
-1.676107589199756775e-01
-1.678028408458340781e-01
-1.679214361507821440e-01
-1.680667618468553171e-01
-1.682067948833311233e-01
-1.683272630712908668e-01
-1.685298696806095675e-01
-1.686539648093322574e-01
-1.687795870006891796e-01
-1.689871085713863241e-01
-1.691059107046930521e-01
-1.692472032276896021e-01
-1.693929311027364548e-01
-1.695112724877898547e-01
-1.696995076767310318e-01
-1.698254499928795180e-01
-1.699487617322754662e-01
-1.701724512018200075e-01
-1.702914435386619907e-01
-1.704291943732585413e-01
-1.705802902069116778e-01
-1.706981117894089683e-01
-1.708791172377878143e-01
-1.710073104581040226e-01
-1.711294123055020489e-01
-1.713602798630201596e-01
-1.714803635921859915e-01
-1.716160046877589496e-01
-1.717692385629340235e-01
-1.718878200376015020e-01
-1.720654742188982844e-01
-1.721953615387844527e-01
-1.723183382812395470e-01
-1.725472646784652619e-01
-1.726693184499282774e-01
-1.728054472158018218e-01
-1.729574104864086692e-01
-1.730780587663296455e-01
-1.732568322221512691e-01
-1.733875352419556037e-01
-1.735162449866722856e-01
-1.737149920856824181e-01
-1.738365857050939711e-01
-1.739961439429429380e-01
-1.741261538258950248e-01
-1.742557169534413308e-01
-1.744279838366583624e-01
-1.745483096415313407e-01
-1.747758198824208575e-01
-1.749043612790681657e-01
-1.750513224298367865e-01
-1.751906191709533545e-01
-1.753693660182502612e-01
-1.754886982573069520e-01
-1.756287515508808683e-01
-1.757711232601922857e-01
-1.758858059621405401e-01
-1.760159972541139872e-01
-1.761926852846256164e-01
-1.763096872497176282e-01
-1.764270855433531793e-01
-1.765897072525173250e-01
-1.767279034528691506e-01
-1.768390937191759438e-01
-1.769610549710525227e-01
-1.771777726492632654e-01
-1.773018744588471529e-01
-1.774896201186693112e-01
-1.776183631227234994e-01
-1.777487002722895060e-01
-1.779586817235844221e-01
-1.781037902699083020e-01
-1.782271230483759572e-01
-1.783558537238749686e-01
-1.785239279816543956e-01
-1.788837157814463508e-01
-1.790460455454604416e-01
-1.791795685535744198e-01
-1.793034788597731577e-01
-1.794262425106002423e-01
-1.795552030365684670e-01
-1.797035327031111240e-01
-1.799546240264174868e-01
-1.801348134432770864e-01
-1.802727692172320095e-01
-1.803979922828347071e-01
-1.805196777493874860e-01
-1.806441234048418165e-01
-1.807824658105573468e-01
-1.809705960014444948e-01
-1.812096452386798839e-01
-1.813544694377846600e-01
-1.814839339638306681e-01
-1.816082204765194774e-01
-1.817343177833548040e-01
-1.818707824032930187e-01
-1.820414837485135884e-01
-1.823804587030837254e-01
-1.825340546171122513e-01
-1.826649296966403879e-01
-1.827879958713063413e-01
-1.829107744305961125e-01
-1.830411970420626755e-01
-1.832035015171858960e-01
-1.835454567986307683e-01
-1.836967394303178347e-01
-1.838243600501910935e-01
-1.839459277208581600e-01
-1.840683423729593260e-01
-1.841991954085550054e-01
-1.843635207604051862e-01
-1.846613775362754284e-01
-1.848098317074841068e-01
-1.849359024630317094e-01
-1.850563769410783488e-01
-1.851786759103835056e-01
-1.853122472017810773e-01
-1.854875676728369172e-01
-1.857293148303955643e-01
-1.858723494142833221e-01
-1.859978469438398063e-01
-1.861185289157221145e-01
-1.862417165417424858e-01
-1.863789281476218029e-01
-1.865781045236808433e-01
-1.867816170143149490e-01
-1.869195324433929883e-01
-1.870453623012987565e-01
-1.871696193606041669e-01
-1.872981253840870774e-01
-1.874400320106828222e-01
-1.876514224715906121e-01
-1.878545068337642565e-01
-1.879932672677182559e-01
-1.881182208722111948e-01
-1.882395035593579236e-01
-1.883632730941595668e-01
-1.884982566359978406e-01
-1.886811055666751669e-01
-1.889238825326008397e-01
-1.890681470596939917e-01
-1.891940679389345625e-01
-1.893156553924945085e-01
-1.894387652077823558e-01
-1.895728861576827518e-01
-1.897574500339903603e-01
-1.899723277364564478e-01
-1.901061534763240912e-01
-1.902289766460054654e-01
-1.903519865572248504e-01
-1.904853317207410024e-01
-1.906538596665210417e-01
-1.909980859672095743e-01
-1.911569995735746819e-01
-1.912902640355548245e-01
-1.914142188773030329e-01
-1.915368974054678652e-01
-1.916656274958798978e-01
-1.918162646828543982e-01
-1.921473568034288704e-01
-1.922971507724127171e-01
-1.924231187391876041e-01
-1.925447651781944103e-01
-1.926722678272791978e-01
-1.928332888086602415e-01
-1.930722250199246037e-01
-1.932108660057502147e-01
-1.933349527514102162e-01
-1.934566652508737938e-01
-1.935837625216206836e-01
-1.937326944885175983e-01
-1.940429064132341841e-01
-1.942103004073124639e-01
-1.943438695907635516e-01
-1.944684631608316616e-01
-1.945909181472170735e-01
-1.947186207239796074e-01
-1.948651809732440121e-01
-1.951202960445572732e-01
-1.952996910376024742e-01
-1.954348661365635786e-01
-1.955591993620242608e-01
-1.956813495378515455e-01
-1.958070110783536322e-01
-1.959466624804431234e-01
-1.961484849504239181e-01
-1.963669365900667652e-01
-1.965094443465891239e-01
-1.966358532722564112e-01
-1.967579558472521972e-01
-1.968818203956376189e-01
-1.970151287486023861e-01
-1.971834903296652008e-01
-1.975149418486747965e-01
-1.976685316554573912e-01
-1.977980327092443424e-01
-1.979208366440838862e-01
-1.980439132505565913e-01
-1.981746605006943218e-01
-1.983349441255325418e-01
-1.986913817842049790e-01
-1.988501369445204725e-01
-1.989803899922243380e-01
-1.991045494798959758e-01
-1.992293196028596114e-01
-1.993601155952683390e-01
-1.995173406008511341e-01
-1.998786554028912921e-01
-2.000404906579692499e-01
-2.001730107418950855e-01
-2.003011658424478370e-01
-2.004306496281090810e-01
-2.005709177356380657e-01
-2.007871116380732790e-01
-2.009837836505334874e-01
-2.011224657087806733e-01
-2.012489985772109025e-01
-2.013721546135641693e-01
-2.014983090813313726e-01
-2.016359650883065013e-01
-2.018184857303492175e-01
-2.020865801463354039e-01
-2.022374814833848289e-01
-2.023671348183413432e-01
-2.024904036174857147e-01
-2.026134616526499288e-01
-2.027425383336310949e-01
-2.028907121227278010e-01
-2.031387336595517068e-01
-2.033291059709975146e-01
-2.034699663165197014e-01
-2.035973528278027800e-01
-2.037207196849227797e-01
-2.038460182780925667e-01
-2.039810630769248734e-01
-2.041493325578365159e-01
-2.044932498284743883e-01
-2.046552730610244897e-01
-2.047898378221484350e-01
-2.049154234629895210e-01
-2.050386835110176165e-01
-2.051643516403617307e-01
-2.052990214304774019e-01
-2.054619457686417405e-01
-2.058113454789948227e-01
-2.059848820446158468e-01
-2.061225390719404471e-01
-2.062491306712401773e-01
-2.063721249494712140e-01
-2.064966176106457496e-01
-2.066291918712916953e-01
-2.067856441488470365e-01
-2.070763007808891221e-01
-2.072605751969306409e-01
-2.074015578255692382e-01
-2.075292111183912880e-01
-2.076526864408142492e-01
-2.077775069882389358e-01
-2.079101650464217910e-01
-2.080641253626104303e-01
-2.083311614425789049e-01
-2.085236969477453073e-01
-2.086673333357308424e-01
-2.087964171011438275e-01
-2.089221008850360439e-01
-2.090505111415137396e-01
-2.091878898774329754e-01
-2.093448694355145578e-01
-2.096069003750543613e-01
-2.098053968171383898e-01
-2.099499088329231933e-01
-2.100799045168345591e-01
-2.102047911531341740e-01
-2.103300169046417034e-01
-2.104617724237697329e-01
-2.106130576513991493e-01
-2.108543010930092887e-01
-2.110566315589609276e-01
-2.112009192585286854e-01
-2.113299489186870606e-01
-2.114540652557070910e-01
-2.115787951192735772e-01
-2.117102350722060988e-01
-2.118622868078365862e-01
-2.121211758945938941e-01
-2.123151841142153495e-01
-2.124577872454717076e-01
-2.125863908326586227e-01
-2.127104761065322647e-01
-2.128356298138289748e-01
-2.129682217689440327e-01
-2.131234040895551018e-01
-2.134077403564414999e-01
-2.135937486551239273e-01
-2.137342098856969130e-01
-2.138621109810774357e-01
-2.139862131757381825e-01
-2.141118136151736184e-01
-2.142454994936837664e-01
-2.144058461865361309e-01
-2.147388792701964144e-01
-2.149148263412358206e-01
-2.150530603962141907e-01
-2.151803503669365014e-01
-2.153045211719527563e-01
-2.154311261261898647e-01
-2.155685421609615515e-01
-2.157448969080072443e-01
-2.160647882222629379e-01
-2.162215893454690896e-01
-2.163555194171851159e-01
-2.164821807298915601e-01
-2.166094246508885046e-01
-2.167408999054067920e-01
-2.168910480147875353e-01
-2.171259056501378959e-01
-2.173296955552584953e-01
-2.174744413553931777e-01
-2.176058778767488988e-01
-2.177324248651220095e-01
-2.178595672317656939e-01
-2.179943396108039444e-01
-2.181589184423300409e-01
-2.185260675496880634e-01
-2.186934584009069260e-01
-2.188299936987530003e-01
-2.189578976589344750e-01
-2.190841735854228700e-01
-2.192140029935862877e-01
-2.193604948202907412e-01
-2.195902032738391574e-01
-2.197424736189260708e-01
-2.198654968437873114e-01
-2.199895206536601755e-01
-2.201540038855345216e-01
-2.203152472985969723e-01
-2.204387391613090719e-01
-2.205620844905681333e-01
-2.207206601467509577e-01
-2.208474911452530387e-01
-2.209714745433288829e-01
-2.211174515778443483e-01
-2.212370034607497038e-01
-2.213886642642478586e-01
-2.215228472539059190e-01
-2.216485870973718963e-01
-2.217735440026108451e-01
-2.219184461535723685e-01
-2.222983833097507134e-01
-2.224393088798165552e-01
-2.225625222823637284e-01
-2.226845545369970925e-01
-2.228196755971181275e-01
-2.230679624567633024e-01
-2.232219489025507597e-01
-2.233477961297203329e-01
-2.234693890306292952e-01
-2.235991302037723116e-01
-2.237786218379326231e-01
-2.239583608921825730e-01
-2.240882028228790013e-01
-2.242107073493539993e-01
-2.243381352856771427e-01
-2.244947980107274699e-01
-2.247841040843550076e-01
-2.251792962471315107e-01
-2.255443816749607144e-01
-2.258121398894434861e-01
-2.260320657525981547e-01
-2.262257740651320015e-01
-2.264041691594618211e-01
-2.265720161293619528e-01
-2.267316491496477182e-01
-2.268849146213716139e-01
-2.270330108824886173e-01
-2.271770580997632960e-01
-2.273181675139933633e-01
-2.274572868222352051e-01
-2.275947339665477243e-01
-2.277301371490563220e-01
-2.278634855539689585e-01
-2.279954623918423184e-01
-2.281268299503040886e-01
-2.282578884346087023e-01
-2.283885175790308919e-01
-2.285187365847900498e-01
-2.286487871805619188e-01
-2.287791198030427742e-01
-2.289100182036953868e-01
-2.290413288367649791e-01
-2.291729252491196966e-01
-2.293051747483527691e-01
-2.294389399490170955e-01
-2.295750538679228736e-01
-2.297138028345183658e-01
-2.298552501811016446e-01
-2.299989319401152255e-01
-2.301455841301934813e-01
-2.302967401012622206e-01
-2.304525625567743763e-01
-2.306154840673716455e-01
-2.307868859266004602e-01
-2.309675717873813650e-01
-2.311612758622502151e-01
-2.313771404695552647e-01
-2.316315755335749405e-01
-2.319538078262778358e-01
-2.323641650562423555e-01
-2.327318532387799843e-01
-2.330162752597042530e-01
-2.332537674638083258e-01
-2.334655593822569930e-01
-2.336613267758984591e-01
-2.338448355580342586e-01
-2.340177317770300025e-01
-2.341816153160733993e-01
-2.343390276235969294e-01
-2.344922742805547466e-01
-2.346426081293987442e-01
-2.347903686009473745e-01
-2.349351681623286225e-01
-2.350766378774178378e-01
-2.352153832789949384e-01
-2.353525061405979946e-01
-2.354888282347324946e-01
-2.356243881246098404e-01
-2.357588279445895774e-01
-2.358919409190877170e-01
-2.360239705563472734e-01
-2.361553826170178505e-01
-2.362866369920639809e-01
-2.364177955859702029e-01
-2.365487285636469483e-01
-2.366793532147393186e-01
-2.368098119864220363e-01
-2.369403806148469016e-01
-2.370712406896358093e-01
-2.372023095945250404e-01
-2.373333739189386060e-01
-2.374645423842690617e-01
-2.375961565475542825e-01
-2.377287310755868965e-01
-2.378624114282184010e-01
-2.379968326417193358e-01
-2.381317464783514470e-01
-2.382672339531524131e-01
-2.384038339004752594e-01
-2.385423147208187711e-01
-2.386828609452126271e-01
-2.388250743058911718e-01
-2.389685697600181236e-01
-2.391135957187773275e-01
-2.392613058340823384e-01
-2.394128757232600879e-01
-2.395690383093581621e-01
-2.397292323232000921e-01
-2.398931255474653357e-01
-2.400611896512008236e-01
-2.402358759903112650e-01
-2.404195723183576439e-01
-2.406144475804576910e-01
-2.408220175669477658e-01
-2.410443151453554034e-01
-2.412872316150859175e-01
-2.415616736089027938e-01
-2.418814534937967498e-01
-2.422624246185433039e-01
-2.424702829638661905e-01
