4.034165202879975154e-01
4.103379107563615569e-01
4.018216449385784150e-01
3.995145207271122434e-01
3.990127722994327719e-01
4.019372191121673987e-01
4.049720060158675250e-01
4.145813513546843243e-01
4.164724470694220471e-01
4.292267527381128378e-01
4.596518802765651723e-01
4.479756302197360762e-01
4.663580114533795173e-01
4.508954483573132666e-01
4.616183755676467326e-01
4.693556298535432880e-01
4.867807874616399411e-01
4.823804441127209630e-01
4.843558173086539576e-01
4.837316801712260306e-01
4.814977740746469448e-01
4.856379342984750713e-01
5.010734114106053516e-01
5.110957852802634482e-01
5.163696709295461096e-01
5.215663249900065468e-01
5.113731344425911374e-01
5.154962787061595497e-01
5.195006946164782979e-01
5.083545141711116599e-01
5.015564822004209278e-01
5.014035748433461892e-01
5.068858967256737458e-01
5.064213724630157731e-01
5.141322543893515062e-01
5.028520498886763779e-01
4.903412693532476219e-01
4.842867448656362761e-01
4.893264448051372062e-01
4.901332433159830693e-01
5.028082028806613035e-01
4.993897323101155195e-01
5.074131628778915104e-01
5.027836078985841173e-01
5.491710729098350230e-01
5.059404268681545469e-01
5.126884322517913928e-01
5.210401379737036320e-01
5.254489048072976676e-01
5.327832627569335511e-01
5.421633827585037313e-01
5.551985581270341141e-01
5.818379937100182087e-01
5.622489438441339304e-01
5.385155060109703129e-01
5.287837349067218140e-01
5.223925842817849219e-01
5.137591326920163404e-01
5.200907125028341182e-01
5.104995878732349057e-01
4.963054040378233056e-01
4.938982659748640813e-01
4.999195957409206525e-01
5.041349121088548602e-01
5.084413471268061091e-01
5.266287604678205891e-01
5.847760370393322304e-01
5.531033584539579717e-01
5.260994202973400258e-01
5.167658007017210675e-01
5.289077418717285095e-01
5.094903533278952734e-01
5.573028081532099831e-01
5.023980040665849689e-01
5.016909311072916822e-01
5.277664873264339418e-01
5.047478584009167379e-01
5.020038358754580488e-01
5.226310422454210070e-01
5.326700527988884604e-01
5.107311992659675504e-01
5.084297237701534966e-01
5.178347831332082984e-01
5.386794186937410300e-01
5.592115121241454379e-01
5.588420499806032726e-01
5.474154036466372109e-01
5.326178953072452371e-01
5.368170201643120976e-01
5.591824610770068649e-01
6.064648842704125631e-01
6.193147936762442018e-01
5.735023570335923138e-01
5.517952410292051857e-01
6.026736636606557784e-01
5.349022137853157721e-01
5.126181800855161841e-01
4.948479147146351287e-01
4.848016151674375274e-01
4.807727357479249508e-01
4.812815546554899404e-01
4.884694353885871143e-01
5.112204139908130829e-01
4.911349513711825709e-01
4.942747516552864484e-01
4.999469206554129075e-01
5.001083483564574550e-01
5.176371095652481102e-01
5.315787053056729716e-01
5.346231788278847930e-01
5.460190904522060906e-01
6.414542326731752508e-01
5.861600675713949382e-01
5.727058392590250735e-01
5.479751982991294401e-01
5.516055913217307038e-01
5.368450324021390996e-01
5.374986131875375550e-01
5.232864317668873833e-01
5.128170158174967241e-01
5.182032865443381153e-01
5.510392065173231879e-01
6.178026281924128282e-01
5.540739711109322618e-01
5.137073828107158180e-01
4.933879542323302836e-01
4.924454590720186431e-01
4.797400019979560781e-01
4.801227470855051749e-01
4.936914095798725088e-01
5.223013140946567434e-01
5.417225303845421003e-01
5.936775736009146653e-01
5.829828559716369041e-01
5.369014131448687221e-01
5.281286457810322466e-01
5.270959738882926571e-01
5.386041135412080738e-01
5.801275183194678498e-01
5.874553591702983413e-01
5.348284762827231198e-01
5.131519900223783237e-01
5.086721900461547152e-01
5.164321196350778465e-01
5.456679919010930524e-01
6.039939460619863087e-01
5.449932242660506798e-01
5.149658128564866821e-01
5.090605936988640279e-01
5.291925338574806625e-01
5.930790792152622615e-01
5.829368629263078638e-01
5.501352842379784169e-01
5.525309428530402744e-01
5.728180894671667245e-01
5.963223026405631844e-01
6.189671626110168079e-01
5.589257948552536215e-01
5.263657547450653063e-01
5.280211967931857098e-01
5.658774650957834051e-01
5.699788168721795500e-01
5.181723999469084463e-01
5.098156586627630160e-01
5.246697355840158616e-01
5.734312644766595968e-01
5.552379478988350714e-01
5.218867599605481189e-01
5.011959502558211987e-01
5.255084942329776299e-01
5.831560230275312229e-01
5.443448205876685320e-01
5.089442816388105584e-01
5.093060211591273756e-01
5.349324719742335477e-01
5.942593752958376108e-01
5.858128055568376791e-01
5.414381760388861098e-01
5.270067493370138578e-01
5.461605560018014671e-01
5.937455082479096147e-01
5.965233683135260367e-01
5.389058922556652087e-01
5.227149323533610836e-01
5.664979486096946015e-01
6.019386105823323341e-01
5.327149278105361985e-01
5.268300457246284374e-01
5.343694107323395670e-01
5.796784202760796312e-01
5.559890168147817446e-01
4.958068766783628734e-01
4.931536564412066226e-01
5.307965544871268149e-01
5.978894448044785870e-01
5.207012860891643280e-01
5.062006478404939003e-01
5.256661254878836065e-01
6.184207919858391023e-01
5.474291730003278955e-01
5.241295409256879756e-01
5.354785254362334213e-01
6.138905237322115349e-01
5.600702518867389790e-01
5.319089669811790655e-01
5.549988745354549335e-01
6.969135304472600101e-01
5.532660533727068453e-01
5.374796261995624658e-01
5.877142121057510327e-01
5.721843073658888779e-01
5.165616471783918140e-01
5.275374544601236781e-01
6.484004770565853226e-01
5.318848209382809333e-01
4.984842856247255760e-01
5.525097618006823419e-01
5.466451037339019603e-01
4.724757196756306232e-01
5.276712730435823007e-01
5.368356378122731698e-01
4.572626959351029918e-01
5.261923995696601297e-01
5.276751201109168843e-01
4.610437015530051141e-01
5.259018934182791982e-01
5.148088304851456964e-01
4.418856936710681693e-01
5.116578142383724215e-01
5.230200040471665313e-01
4.490304381142421475e-01
5.141432241724273045e-01
5.615591629955173358e-01
4.717328590132314758e-01
5.259185776122449196e-01
5.667785890630639978e-01
4.998080369323431582e-01
5.763124003348888413e-01
4.999813440227502959e-01
4.948983077887045834e-01
6.666850527204720711e-01
4.906508846580469041e-01
5.492955019804194317e-01
5.372881948401815322e-01
5.058490884668604970e-01
7.027777311280574146e-01
5.431629371174274690e-01
5.599288540881010023e-01
5.579134233368668871e-01
4.974529279063744647e-01
7.130508303536724490e-01
5.066099118304603355e-01
5.357616400508725674e-01
5.618989796632685163e-01
4.845030532125062517e-01
7.128893005103955627e-01
4.628324330688944332e-01
5.228270128912730907e-01
4.988665821668721856e-01
4.660615278607753154e-01
6.712826318890701138e-01
4.722324352302634254e-01
6.072744373772738236e-01
5.076189351244817516e-01
5.730105513859982125e-01
5.942635580387138905e-01
5.437319150045460958e-01
5.238229538076074610e-01
5.340506173621936137e-01
5.088622180245545579e-01
5.287597426197347961e-01
5.050974179473629588e-01
5.282717920412974832e-01
5.005001600871075151e-01
5.366979488629389783e-01
5.055376808044185211e-01
5.602343896772404852e-01
5.008589923847974745e-01
6.106183706172516601e-01
5.132234813340635915e-01
6.829609750961311843e-01
4.929398468099955299e-01
5.898092919935831180e-01
5.248314079035776292e-01
5.487553312686398455e-01
5.525131345986520337e-01
5.098700805420718352e-01
6.293135366142318388e-01
5.124271636914327077e-01
6.897015465572124970e-01
5.412460040021366270e-01
5.715905331358042130e-01
5.718337739540350073e-01
5.183187890413379906e-01
6.072221719026562603e-01
4.896152006612831120e-01
6.894825329786133938e-01
5.006932702994517648e-01
7.165121862528897045e-01
4.850711919868834210e-01
6.863081336540725053e-01
4.708606020686093019e-01
6.148565594991690642e-01
4.957627033058765176e-01
5.932038183785405261e-01
5.334316020427447569e-01
5.624131948669320868e-01
5.797847857828167806e-01
5.326330281340835304e-01
5.864381577297314019e-01
4.993849299711777268e-01
6.517770778005578247e-01
5.111119734140675552e-01
6.175819638615258622e-01
5.456485075813042318e-01
5.400736818311989706e-01
6.121568340488405813e-01
4.845542785176444878e-01
6.489059603585130009e-01
5.146694082393863390e-01
7.012416995390823304e-01
5.801841998867853789e-01
6.472792188575708927e-01
5.133381863446913052e-01
6.462420520570095750e-01
4.703031381149966883e-01
6.635912798654409750e-01
4.647489148734706976e-01
5.745319046307325594e-01
4.849675943897518438e-01
5.512509374456728839e-01
5.231679632376696754e-01
6.238756570557950631e-01
5.350499802610642064e-01
5.778874243280736067e-01
6.308660283430093108e-01
5.611446762497471763e-01
6.239806957740077209e-01
6.187075018229231116e-01
5.073877876704512291e-01
5.636150471349093971e-01
6.115110740068877559e-01
4.828574565209949321e-01
5.396044844689397157e-01
6.212957260898609446e-01
4.761876623419281640e-01
5.313503604422201709e-01
6.225144231094243974e-01
4.836232834078813547e-01
5.775242166723602022e-01
5.594367420013164338e-01
4.975114270313567566e-01
6.491826041568080630e-01
5.418432277071540959e-01
5.407691720670960711e-01
7.476435590503940354e-01
5.029695779521742294e-01
5.809037190934589479e-01
6.875141812640421790e-01
5.530539561657262793e-01
4.930018919160503721e-01
6.150146098414522866e-01
4.929501981902353336e-01
6.835257355122724698e-01
5.439088822331232809e-01
5.885620353174835229e-01
5.762739523944582221e-01
6.640249201222530040e-01
5.520248930586741931e-01
5.447252520683028010e-01
6.355286748126627305e-01
6.335852966574790912e-01
5.191736363816970012e-01
5.131288823463916460e-01
6.119045348650559157e-01
6.407958059876730506e-01
5.327419218842975868e-01
5.214991235217593113e-01
6.144904002837059398e-01
6.065942792018392815e-01
5.050703977829822389e-01
5.229335956621490311e-01
6.813284594000827976e-01
5.658982011601410012e-01
5.171832878080407925e-01
5.618243761120562674e-01
7.152046968918194247e-01
5.422090202244125301e-01
5.119976876971683577e-01
5.883059584724553703e-01
6.841718984555068550e-01
5.669327505684492730e-01
6.085592488524645960e-01
6.802391320404811426e-01
7.138972722396481618e-01
6.098435540173918756e-01
5.402636528760607071e-01
5.301607232025115080e-01
5.685345936479034856e-01
7.096981817410331628e-01
5.286404462168328156e-01
5.646111450320697722e-01
5.509545023579123235e-01
5.495105027923390395e-01
5.428466546740796650e-01
5.518454414288848087e-01
5.431367877318886705e-01
5.434686633920401411e-01
5.398377848037633209e-01
5.532327883027331472e-01
5.385489655253186125e-01
5.343008259436186069e-01
5.324158168983199602e-01
5.308587936652064965e-01
5.296140317808479825e-01
5.285845815790597424e-01
5.283744456441553661e-01
5.269034931308608227e-01
5.259537406438268281e-01
5.258986533253796614e-01
5.240388626988822240e-01
5.215026651355507692e-01
5.204094238659237037e-01
5.195505448334625243e-01
5.192380684652577738e-01
5.190761195759832081e-01
5.223365323798480064e-01
5.200729300263122745e-01
5.213801894570262441e-01
5.199704084331756571e-01
5.192155952795571849e-01
5.231978416550571165e-01
5.175881997928595268e-01
5.150610499813994547e-01
5.169254778420168117e-01
5.241019046919569435e-01
5.120818441271016708e-01
5.099609897773935696e-01
5.094301750890426472e-01
5.098462495065384514e-01
5.097138982852461586e-01
5.122300422569173728e-01
5.117325621482403664e-01
5.106211638298612243e-01
5.108257815006574942e-01
5.117920540645489735e-01
5.125347091733337690e-01
5.145763171953204873e-01
5.176278340212592255e-01
5.215428169925165891e-01
5.261549108959667764e-01
5.281111833828981972e-01
5.292774519516653120e-01
5.309651843445397645e-01
5.337807145655915075e-01
5.376022676536643674e-01
5.423470622462596147e-01
5.484053551466562260e-01
5.542587436995755068e-01
5.600955950484254320e-01
5.668132562710164191e-01
5.748110732742954809e-01
5.845792654086228168e-01
6.035877364623277730e-01
6.127667119232187432e-01
6.233612574810851736e-01
6.336071991023096706e-01
6.448315110360857139e-01
6.567170750726897266e-01
6.676833826815767869e-01
6.769437440608708778e-01
6.832650378544133929e-01
6.863047869021875469e-01
6.858015092463477513e-01
6.818072198122989702e-01
6.751340673212612442e-01
6.667733601502144891e-01
6.586658840836232542e-01
6.504912632059037803e-01
6.311354479336198642e-01
6.158214309060208169e-01
6.030287659140075585e-01
5.928123977644164100e-01
5.835333344203745831e-01
5.742784828931962737e-01
5.676533840625704874e-01
5.627184512353783363e-01
5.592248039451166441e-01
5.576587331575580953e-01
5.559714916722534594e-01
5.523326186846387875e-01
5.465585775978191174e-01
5.406235097868770101e-01
5.324914292732474408e-01
5.272252922746518689e-01
5.228916558223734024e-01
5.213780691000056144e-01
5.413869617542952373e-01
5.257301133155133366e-01
5.410198830579820983e-01
5.370585471560745949e-01
5.520258667871990044e-01
5.786655608214312796e-01
6.176019248311912513e-01
6.620292822546495204e-01
7.005819997111922826e-01
6.970646060434253499e-01
6.534809860241691526e-01
6.116456390715379055e-01
5.765907326005476063e-01
5.523230041034216109e-01
5.376071919521047127e-01
5.244235209186138835e-01
5.182215680569903782e-01
5.235109791801919599e-01
5.371586170038661345e-01
5.664747731495144434e-01
6.089233669455771381e-01
6.631590426565427965e-01
7.002254797707634371e-01
6.760902313674743702e-01
6.232928821202061709e-01
5.714338468465890442e-01
5.337194967820636515e-01
5.147830287042812758e-01
5.115619163451274876e-01
5.236637632513104768e-01
5.520336244551378169e-01
6.000060758828520413e-01
6.649965197251564986e-01
7.124860192232969069e-01
6.985503221658487805e-01
6.059798982861309691e-01
5.477487058228737160e-01
5.190569944831108229e-01
5.147499686331352686e-01
5.341035930875674964e-01
5.836964166527329745e-01
6.565768816402433039e-01
7.087685134589449820e-01
6.486129784225500572e-01
5.754921628855426130e-01
5.351837685769116337e-01
5.131809209040962827e-01
5.109645985829204262e-01
5.324475445859739864e-01
5.810797081001496389e-01
6.575216447330114455e-01
7.079900367126801264e-01
6.469893587066665175e-01
5.754962962703282781e-01
5.336279054098039820e-01
5.177911931323160299e-01
5.205641509964999969e-01
5.420334595991850302e-01
5.923492205781436537e-01
6.667529951883970352e-01
7.161257461431628224e-01
6.196062489967352205e-01
6.083112803317561879e-01
6.306747641400245463e-01
5.549141255070300094e-01
5.154914241433751210e-01
4.965603090680442699e-01
4.952728896371192402e-01
5.131065014302307326e-01
5.515961418772992175e-01
6.147404418586845942e-01
6.987758395608014705e-01
7.002898241779396127e-01
6.168122381249956376e-01
5.511263757507465222e-01
5.135002684711736931e-01
4.977832589747683278e-01
5.009842749308300869e-01
5.234812148236079876e-01
5.687759962428386995e-01
6.371579094618782246e-01
7.160660454334357716e-01
6.951838517604195244e-01
6.274381609604618992e-01
5.684382636389064825e-01
5.419057523699771783e-01
5.001361724064395942e-01
4.931590586318939096e-01
4.961572964536272723e-01
5.070629885365388612e-01
5.444419713842645336e-01
4.996494506506206079e-01
5.576421741316829328e-01
6.707022813211449552e-01
7.216951504359562231e-01
5.741421806452035037e-01
5.144258541256824246e-01
5.144719104746239280e-01
5.613500311969151779e-01
6.852487686661619115e-01
7.135864364330337661e-01
5.721640563851047023e-01
5.134399035398038436e-01
5.022388946010377664e-01
5.418768112250447189e-01
6.607658492782471082e-01
7.253256182026273091e-01
5.698044714701832048e-01
5.130386010051993795e-01
4.863463458154188568e-01
5.308865792808163953e-01
6.623772149951687727e-01
7.162021193265031282e-01
5.592179177599205797e-01
4.932601329454989192e-01
4.869287059424537989e-01
5.382493312195991697e-01
6.812487342488189324e-01
6.933883669548230877e-01
5.423585319618436928e-01
4.874463880215986200e-01
4.916619118007019007e-01
5.476996226037164073e-01
6.961299679848269584e-01
6.820788213642628994e-01
5.406739520995482717e-01
4.858370789531945011e-01
4.878711122015900736e-01
5.521848312195328790e-01
6.926261965631244077e-01
6.873433113979340314e-01
5.472157013231918610e-01
4.944964373695205362e-01
4.929938363856475880e-01
5.471706296311265039e-01
6.870137672011412677e-01
7.003543991543894620e-01
5.431804090351161074e-01
4.870874897064772502e-01
4.953719126141125639e-01
5.738608798009330325e-01
7.543460926277986145e-01
6.198330719558821089e-01
5.239943348620652586e-01
4.876778237082503020e-01
5.206124215953994439e-01
6.464991187506990977e-01
7.226411342491544376e-01
5.524745346726329664e-01
4.911018399639622278e-01
4.965981773363510321e-01
5.707999319813898964e-01
7.492497690920676412e-01
6.314491590025980150e-01
5.230301774600376596e-01
4.983256801174197337e-01
5.319602271496151058e-01
6.710051047834094673e-01
7.614132602293685048e-01
6.065453628040319289e-01
5.273122850910174630e-01
5.012520397279560669e-01
5.120161647308841824e-01
5.670269569027163170e-01
6.985516324049972914e-01
7.166680526998436829e-01
5.710676276385662220e-01
5.123808837778619507e-01
5.349361421481119150e-01
7.345557210706152862e-01
6.003017720660378531e-01
5.031729058611787986e-01
5.301330636527945561e-01
7.397049139008439189e-01
5.840519811867120881e-01
4.964918684438555663e-01
5.532857967481128458e-01
7.737903539584579660e-01
5.620756471704307922e-01
4.949410598983967069e-01
6.082374040342983790e-01
6.607154637819331322e-01
4.940070178534541334e-01
5.247383214241340132e-01
7.816733713707518794e-01
5.320523518507860317e-01
4.888819280771202758e-01
6.411217477501541806e-01
6.194713592371172695e-01
4.878344345936114768e-01
5.599174375548992000e-01
7.268403008076680383e-01
5.065778968104204250e-01
5.231220577692407003e-01
7.785193701257649979e-01
5.002786240811903928e-01
5.042212482184896816e-01
7.866367202348801824e-01
5.059983468604813961e-01
4.930346422109710969e-01
7.635054837012785756e-01
5.188937387653240751e-01
4.890999396428064028e-01
7.389099299266802534e-01
5.303417002562673677e-01
4.837439444070635308e-01
7.144143785264198687e-01
5.444245869534523052e-01
4.747903166382246298e-01
5.991786809985509832e-01
6.544494560919689174e-01
4.721327611556293546e-01
5.328350913220563090e-01
7.374547085008247294e-01
4.873596580927580524e-01
5.106542429843846653e-01
7.854420375463243564e-01
5.078048970537789586e-01
5.120782205361684714e-01
7.346081020037154019e-01
5.485409573628154956e-01
4.706031893193139970e-01
5.925657373786750171e-01
6.521720200084539787e-01
4.790325097517096342e-01
5.220550060139792503e-01
7.745000198877316500e-01
5.424713240262243330e-01
4.927650914014428118e-01
6.202323892332674005e-01
6.675866760934495714e-01
5.176932014592917630e-01
5.205619082688320853e-01
7.118068498335003991e-01
5.843068000485317492e-01
4.850228518270118250e-01
5.308294919590061944e-01
7.596140855134966285e-01
5.071841817704293431e-01
5.673762747021132702e-01
6.628679855178774005e-01
5.017198928644016620e-01
5.998386592280443574e-01
6.302122821914705186e-01
4.959483750472547525e-01
6.137994967817780312e-01
5.889839216164216573e-01
4.852154469650078461e-01
6.928097927557003155e-01
5.487861175023039939e-01
5.108691748465378213e-01
7.867473773336840503e-01
5.082095126727282919e-01
5.312929185726424919e-01
7.176863272220567191e-01
4.914055693349625997e-01
5.905390986626812833e-01
6.362984412125042288e-01
4.967437650205756561e-01
5.642824290358963157e-01
7.048843533514866921e-01
5.009539231261543879e-01
5.584148181648397324e-01
7.076701569352162879e-01
5.027827092065141334e-01
5.913204444756654521e-01
6.391201304769148495e-01
5.008588953436661217e-01
6.442020331247827469e-01
5.795741249706499731e-01
4.956588699332199477e-01
7.333064320112629986e-01
5.312235972112858695e-01
5.176042288009109482e-01
7.881566027608860603e-01
5.214357249520584769e-01
5.636991387227242578e-01
6.829508723641906087e-01
4.909256345632254659e-01
6.082993618750072162e-01
6.131763797741214272e-01
5.036169100576249891e-01
5.152789943483080393e-01
5.648583390425966355e-01
7.552130703196174855e-01
4.945567256354724828e-01
5.762853090702397818e-01
6.209007791405040111e-01
4.860484948251089787e-01
7.002132238185867497e-01
5.346770184593601094e-01
5.304275094805350754e-01
6.633476624114190701e-01
4.793301473957100045e-01
7.385550032154081235e-01
4.993952902292293494e-01
5.551610491549391346e-01
6.044352654339621989e-01
4.943124880854414260e-01
7.914912856900342408e-01
4.869521990376802778e-01
6.167564885036533884e-01
5.438735779090957401e-01
5.130305525180018922e-01
6.964785862316703602e-01
4.854760568978844226e-01
7.217320308686367980e-01
5.190010713777561957e-01
5.670997223415009669e-01
6.203315650743745913e-01
5.081716199512558152e-01
7.821842495221182912e-01
4.958690953001942403e-01
6.742903004537182943e-01
5.263658452827418843e-01
5.536063565425051181e-01
6.217447519389043276e-01
4.968732473810150152e-01
7.807386981661308401e-01
4.876429459453012760e-01
6.634315065124067878e-01
5.229125822939673096e-01
5.465068481154538027e-01
6.135693830319015607e-01
4.951444507924214755e-01
7.739453527367925467e-01
4.869112736121005702e-01
6.778974562367818812e-01
5.218429051042088318e-01
5.596893996119806092e-01
6.102506370706516359e-01
4.945490772170101357e-01
7.280883271119584776e-01
5.518262530303426061e-01
5.842832724636141117e-01
5.794673612799514650e-01
5.447424063090779978e-01
6.397683550557307086e-01
5.457517213759508490e-01
6.701058813639371170e-01
5.332798085712324720e-01
6.926946267102730426e-01
5.216083603750728548e-01
7.091883306881726634e-01
5.130059086958044245e-01
7.303927939926382340e-01
5.096661861796026871e-01
7.523317724215998759e-01
5.035731482617651356e-01
7.729053827315116587e-01
4.999700815268651177e-01
7.819410528141085281e-01
4.989742370642966662e-01
7.735902810293356913e-01
4.984446762149487564e-01
7.498515353365531322e-01
5.006757482623312994e-01
7.193410883105805231e-01
5.054794205285423336e-01
6.883266337190736550e-01
5.129525498828805263e-01
6.590584035335693702e-01
5.239611977491370753e-01
6.357019950995905777e-01
5.411867556420258962e-01
6.072295682676823736e-01
5.470014463985043429e-01
5.777378686186467327e-01
5.602887050134233160e-01
5.548178381264923242e-01
5.805364797867720306e-01
5.350717377446784218e-01
6.072199167874190451e-01
5.200160051444379095e-01
6.371894840635352608e-01
5.110133547967513623e-01
6.732304524756493880e-01
5.036729406276294618e-01
7.102029771035981431e-01
4.959717758368137330e-01
7.471511681259174198e-01
4.902065400859627053e-01
7.761670199748341714e-01
4.887067680116576884e-01
7.794476087934124608e-01
4.906947875928425185e-01
7.567009328751458375e-01
4.980436487244734312e-01
7.220801094691902122e-01
5.163095281329119768e-01
6.907131606127978607e-01
5.151259856298702200e-01
6.567313313417360021e-01
5.175066458559113292e-01
6.264601818526458477e-01
5.243957115659528823e-01
5.985195204550367576e-01
5.354471969677440102e-01
5.748732580039057627e-01
5.507617546170937572e-01
5.544334448468845045e-01
5.694188190637552438e-01
5.368334707017899943e-01
5.921724809444844917e-01
5.228838665174954103e-01
6.204626726494072431e-01
5.114471255909359693e-01
6.518839408707810534e-01
5.005674891583953290e-01
6.887845825528035038e-01
4.933465571092777169e-01
7.281426978634182312e-01
4.883969521059111085e-01
7.636438610732267929e-01
4.864400959469705188e-01
7.796693091287473232e-01
4.877892731482032507e-01
7.634796482205659096e-01
4.917601432574087994e-01
7.266418682277119290e-01
4.992648098472959317e-01
6.861647977667796328e-01
5.124723797439927342e-01
6.479816311058358425e-01
5.384124407218995323e-01
6.358319357980687370e-01
5.204790816396950293e-01
6.532723129771332848e-01
5.120524274191768921e-01
6.760472929111045470e-01
5.073213760633068503e-01
7.012416666075289573e-01
5.075567700885307287e-01
7.288439460701010564e-01
5.194238584982237006e-01
7.553372413871138891e-01
5.155766233190619552e-01
7.779680209101029753e-01
5.002145933561846780e-01
7.842701838317691632e-01
4.959811839218323803e-01
7.699651911062486143e-01
4.958362533173799047e-01
7.415098906489583364e-01
4.979721442183888680e-01
7.092601814839157859e-01
5.036040700536813519e-01
6.789068203124366541e-01
5.144313236025482849e-01
6.556349439069204532e-01
5.201286649483427560e-01
6.242014177928066898e-01
5.254211131822947856e-01
6.003595362457520013e-01
5.356979134121409025e-01
5.801328347153433818e-01
5.489183833624021736e-01
5.644651172166761377e-01
5.649192702689999068e-01
5.442391851849790463e-01
5.854299292656820475e-01
5.284921541588704086e-01
6.100283940728090659e-01
5.157634963394863714e-01
6.362117454092389712e-01
5.055226702422128682e-01
6.653640279776614763e-01
4.979677885983621599e-01
6.978746483465221306e-01
4.927853542848171786e-01
7.307307809330728654e-01
4.901931801851921455e-01
7.605017734554390119e-01
4.889744173644791636e-01
7.796397311865356228e-01
4.889464344640505611e-01
7.815922176309015867e-01
4.908912617983407500e-01
7.660596921331639386e-01
4.926503147222317525e-01
7.379082335025205497e-01
4.964979774386074629e-01
7.072673410462436694e-01
5.030392139355482906e-01
6.786815610930956311e-01
5.131186807538379302e-01
6.506996981726830276e-01
5.240460332854925962e-01
6.262612002821413837e-01
5.361064772581758398e-01
6.052293218874901237e-01
5.499112890243739171e-01
5.889886000987822889e-01
5.644466192374311131e-01
5.718096274246555755e-01
5.782250850410651788e-01
5.554911578604242450e-01
5.934704794152823037e-01
5.396943029663250346e-01
6.105414956366124191e-01
5.279451156581908000e-01
6.316711764197064927e-01
5.185394391163190564e-01
6.559203871257452967e-01
5.115580838705791056e-01
6.820891940026365674e-01
5.067312078964726352e-01
7.104842523987237035e-01
5.043609708389832358e-01
7.377045616539290585e-01
5.035159309988789245e-01
7.634553272715611794e-01
5.018288737826214208e-01
7.811737107463866403e-01
5.023572402673529558e-01
7.864214436515661877e-01
5.065398879981057867e-01
7.753746164132604424e-01
5.107208612128830705e-01
7.557173964687522449e-01
5.178653895809017804e-01
7.271025739556199463e-01
5.147969596026513717e-01
6.964542559892362705e-01
5.171818091131039630e-01
6.684481726697580894e-01
5.237611778587715206e-01
6.446995578153424944e-01
5.340320266602450738e-01
6.263041861134949206e-01
5.468179855833842362e-01
6.062734456082995438e-01
5.558167875068333874e-01
5.873305363019820646e-01
5.650916354689123899e-01
5.703332697143292940e-01
5.765804768427965632e-01
5.555298476782177808e-01
5.908081407413789954e-01
5.436065709762319953e-01
6.074433289827658733e-01
5.333178122134895061e-01
6.263096867235855569e-01
5.249057146024095344e-01
6.465479330549535053e-01
5.173678294441338421e-01
6.687501060200695679e-01
5.132488510080561728e-01
6.932424422294569677e-01
5.084667842837242713e-01
7.180950570772297592e-01
5.041287769668572061e-01
7.424583129773566492e-01
5.001134366182733437e-01
7.642096995588670838e-01
4.982529255096889709e-01
7.814041224546968145e-01
4.974678343474230324e-01
7.852883288946728157e-01
4.983951813054920410e-01
7.742219886358649994e-01
5.068265805801164259e-01
7.267001041933267569e-01
5.116702510907454871e-01
6.606349941227958045e-01
5.285414202027806096e-01
6.085353349845943338e-01
5.547663856421992667e-01
5.703861586451841603e-01
5.904919438948379451e-01
5.390404173080357575e-01
6.433850888054032380e-01
5.216203666734484656e-01
7.066047437410063470e-01
5.030871182983653878e-01
7.706165440819745527e-01
4.954109082203916881e-01
7.780951712605165271e-01
4.978789665312023383e-01
7.175196389869784586e-01
5.085334568248368603e-01
6.542349849088351377e-01
5.301383916150195219e-01
5.904197338410448470e-01
5.642303376275282778e-01
5.535714888526717115e-01
5.659830383051027702e-01
5.472473042855315883e-01
5.960528369285859052e-01
5.294840447755707613e-01
6.285852323850383838e-01
5.207794978984859879e-01
6.436712011095311325e-01
5.150214143352377372e-01
6.873877622700158563e-01
4.991401851406955248e-01
7.550258464287964433e-01
4.949611419828954251e-01
7.894271689654773771e-01
5.004114154344505572e-01
7.430952631396969821e-01
5.098041393797853038e-01
6.800737960272313920e-01
5.183090430020201866e-01
6.222115285820896124e-01
5.388337089833554749e-01
5.806606019621078918e-01
5.699066258805337570e-01
5.485872174114260202e-01
6.130641164371616325e-01
5.242390960700868963e-01
6.716595485760401552e-01
5.067996927348831226e-01
7.402827762036199299e-01
4.986667128379053127e-01
7.908568859353644065e-01
4.988771426094572581e-01
7.594266155720055256e-01
5.072691281800423280e-01
6.936149345323395776e-01
5.356369042212850706e-01
6.424883961128158294e-01
5.386131811413104042e-01
6.132499416793368852e-01
5.570948888387473596e-01
5.774168112475333015e-01
5.782626601667764099e-01
5.542169124182840800e-01
6.150813705547475418e-01
5.418092734708745972e-01
6.420745899725487371e-01
5.296704082308335559e-01
6.629836790486297593e-01
5.347096152404172686e-01
6.841793074549442633e-01
5.213311915998150026e-01
6.962940162379187559e-01
5.269649214669754889e-01
7.261781936637738966e-01
5.126519623335805687e-01
7.800247169736638231e-01
5.060671132861057631e-01
7.687124863278190778e-01
5.092642306465284818e-01
7.060738654208122966e-01
5.205973101745495768e-01
6.461859121750349599e-01
5.403562120452313211e-01
5.995339071083195526e-01
5.706124726840802186e-01
5.767382275957410043e-01
6.308261870497515744e-01
5.342985662045249828e-01
7.188508203543022557e-01
5.112993808321403266e-01
7.912553198217959771e-01
5.086522995764513055e-01
7.217928742421431121e-01
5.240749163078630701e-01
6.343115771192120445e-01
5.611359228841208413e-01
5.738904650618237291e-01
6.065580017807493673e-01
5.368587000582418778e-01
6.792084559803265309e-01
5.187812448689081979e-01
7.695803847480447990e-01
5.210299180786173157e-01
7.755817322847412543e-01
5.196392693645909278e-01
6.829660890702015097e-01
5.381412897086238489e-01
6.085050191575732681e-01
5.746138728021500386e-01
5.600592726768195417e-01
6.343866121318729734e-01
5.309025072274027313e-01
7.197995735767637182e-01
5.154757159529758104e-01
7.973595470325675061e-01
5.210217492122510841e-01
7.362338552979071915e-01
5.460101596809112667e-01
6.541056252460837328e-01
5.713393650820954850e-01
5.988784131147417700e-01
6.096058829128987444e-01
5.482268507775370781e-01
6.762124721428943719e-01
5.247458075487951845e-01
7.695666431501095861e-01
5.218251245332280464e-01
7.799515084122627950e-01
5.266518826528904240e-01
6.850061863551527575e-01
5.578798083268078356e-01
6.108938483037668066e-01
5.841114483903729893e-01
5.534104786464584258e-01
6.478565370708325721e-01
5.224577313978886473e-01
7.450357465227556153e-01
5.111917701444261830e-01
7.916423920891605404e-01
5.169021834383882297e-01
6.955719793978464294e-01
5.301432515783897070e-01
6.212412627375907270e-01
5.608629339699585659e-01
5.722977373281049607e-01
6.108203482793599370e-01
5.416504124415494337e-01
6.650909903681075930e-01
5.218734444189258026e-01
7.434697966843064609e-01
5.129713162805688009e-01
8.001118223113351524e-01
5.127763263965893215e-01
7.428119653315835569e-01
5.214183557527679591e-01
6.689015985326837166e-01
5.456173510295245777e-01
6.121263878339422426e-01
5.705792380370676709e-01
5.715390788380172449e-01
6.119402504381932228e-01
5.479305042574181828e-01
6.676350914633254474e-01
5.268049952814085612e-01
7.380859916754500816e-01
5.190495130036493210e-01
8.027363357246007913e-01
5.218594560348662759e-01
7.906221301129289225e-01
5.182993285345351975e-01
7.857499891857918639e-01
5.217592255459297945e-01
8.005685598453744500e-01
5.183974241526437821e-01
7.423720751114034622e-01
5.281300192943058081e-01
6.633151010771068945e-01
5.520543727426149294e-01
5.994918063982592749e-01
5.815281676361020446e-01
5.580727671188483452e-01
6.352009615300203693e-01
5.317950615807144343e-01
7.087117740421803314e-01
5.157689918439980481e-01
7.917697174531841409e-01
5.107778916629870380e-01
7.569455415489139138e-01
5.200196486562377318e-01
6.559062467763682180e-01
5.394220137487711897e-01
5.947001345855461585e-01
5.705356826384651026e-01
5.539131005751642967e-01
6.232544920973975833e-01
5.293634854355200314e-01
6.840621602209880914e-01
5.184018014767253213e-01
7.283447498134035802e-01
5.058992528586848669e-01
7.900275173761772685e-01
5.113274370761785592e-01
7.024712266160031415e-01
5.343991350869705670e-01
5.942762114388328021e-01
5.990835877725489977e-01
5.348726299686739072e-01
7.417534157313998566e-01
5.069632411863339572e-01
7.242154092491366324e-01
5.347563504652995681e-01
5.813676713094851900e-01
6.239817602079010816e-01
5.167637745246062009e-01
7.854466635877278557e-01
5.090138740680650864e-01
6.754799300713412169e-01
5.524728323472436475e-01
5.543001750219271884e-01
6.660237925005716431e-01
5.065662830363467650e-01
7.880436025263519717e-01
5.138672800183424760e-01
6.250867096120896749e-01
5.777733216410849693e-01
5.331089314652397437e-01
7.209716843932740815e-01
5.054353390371590926e-01
7.434853567491290782e-01
5.282724723198656269e-01
5.924361601527068366e-01
6.088078225083577433e-01
5.229997227014573369e-01
7.676605992667671075e-01
5.128202193978810275e-01
7.004544498673885844e-01
5.462402730059608968e-01
5.776709979674617967e-01
6.382785433043931533e-01
5.242067980778221115e-01
7.898251677327374765e-01
5.179445448110531203e-01
6.880358653228858534e-01
5.547765850498288520e-01
5.770636353865573609e-01
6.482305756834710886e-01
5.299596242752446784e-01
7.965389250225984874e-01
5.341153716535332885e-01
6.225817520156429197e-01
6.132985550288738708e-01
5.323130469537634690e-01
7.892263758419325592e-01
5.243796076335123235e-01
6.496371704480721210e-01
5.795454901087793154e-01
5.360851147037440922e-01
7.448683393916527562e-01
5.095012273856714957e-01
6.914604701539905918e-01
5.515587038923013274e-01
5.494203564264511508e-01
6.943474791995691842e-01
5.038512690116399018e-01
7.389899906174658417e-01
5.315892928115720784e-01
5.701570448399088109e-01
6.476363506683407989e-01
5.066923458332520669e-01
7.855473860888714244e-01
5.179342794405215056e-01
6.027859301831159922e-01
6.082249931370300455e-01
5.208527704170839989e-01
7.903636085931868838e-01
5.108637932424555661e-01
6.463823308761030839e-01
5.729045244017533234e-01
5.327504676684490237e-01
7.376380891200412515e-01
5.047450795837297166e-01
7.005460185332834655e-01
5.463951108055025152e-01
5.565675398445604216e-01
6.769230100344426626e-01
5.088830071872916250e-01
7.679305795581158334e-01
5.289855330037241954e-01
5.947933742148751035e-01
6.154470898715463933e-01
5.210607760693543034e-01
7.866899824601877311e-01
5.075214261118559111e-01
6.613723920228469222e-01
5.585348392648985527e-01
5.434213977886538371e-01
6.954218349164175139e-01
5.040367315179387075e-01
7.575999538278367362e-01
5.251126952337245024e-01
5.931546469161681490e-01
6.134057295028996215e-01
5.206645848264949139e-01
7.836343230863771492e-01
5.142405828585349115e-01
6.739866651498761518e-01
5.639199880931867748e-01
5.608082141393392339e-01
6.880713936678468645e-01
5.180898337744350712e-01
7.758859719275512656e-01
5.335037457238335223e-01
6.151800515678602643e-01
6.091881360952381419e-01
5.399772904333363099e-01
7.666863037289979310e-01
5.272152777995190442e-01
7.061294302597262984e-01
5.629515827478739354e-01
5.817358132466313725e-01
6.644920996469376728e-01
5.332171048336850072e-01
7.982228952131847910e-01
5.345708153567452214e-01
6.358787036623479993e-01
5.989530591152544270e-01
5.413643274512474068e-01
7.596278122048563120e-01
5.178627143419859413e-01
6.936048375726299176e-01
5.588021900253116181e-01
5.617475222519837663e-01
6.846529127966707318e-01
5.172975278264034804e-01
7.691924174685800253e-01
5.365871985806709432e-01
6.048639315356313384e-01
6.250462314749207771e-01
5.317672217511125732e-01
7.930338674189219006e-01
5.247450390594543546e-01
6.620209484654087095e-01
5.755480633802958490e-01
5.529940633588850130e-01
7.118998009104232638e-01
5.182801734623563306e-01
7.491857637213578114e-01
5.420089869354490775e-01
5.950131817023258662e-01
6.322999413641269273e-01
5.276858162038750022e-01
7.961036402491276087e-01
5.271625960243172537e-01
6.599528513625103621e-01
5.741319555158562737e-01
5.522182539223490227e-01
7.115514690968153255e-01
5.154542660704750645e-01
7.499922633969637875e-01
5.393472551931011161e-01
5.935258213061411769e-01
6.285022591177106266e-01
5.270847582535851394e-01
7.927806013948619501e-01
5.226210831832769355e-01
6.650610909718782660e-01
5.737084788481912057e-01
5.594843496304551245e-01
7.029352967490570814e-01
5.191538238236111935e-01
7.570472548606829166e-01
5.366438076732402696e-01
5.960322605512250460e-01
6.246835133799271134e-01
5.246721119010374634e-01
7.909388178166757433e-01
5.203606221011007893e-01
6.624966207500585513e-01
5.813446113530389425e-01
5.391262337867708254e-01
7.641495360123878866e-01
5.188686944613688512e-01
6.675282148655466985e-01
5.816227959083505317e-01
5.469772268474251131e-01
7.592532898510162553e-01
5.285685461510802874e-01
6.816996806172134216e-01
5.975114726408178312e-01
5.897358066197173621e-01
7.649573392618823631e-01
5.635098729976413257e-01
6.928275696408344730e-01
5.849792725649647362e-01
5.565581146029121573e-01
7.418930774925651672e-01
5.200720093342774408e-01
6.906332427931969331e-01
5.672247858764761785e-01
5.494204431180452763e-01
7.296118545127787680e-01
5.129050121223073244e-01
6.958543336885547603e-01
5.593232486248670421e-01
5.485190599302591785e-01
7.191778236841317451e-01
5.089302535783393200e-01
7.050159598113616699e-01
5.534835492778659161e-01
5.551335073998644454e-01
7.075042402018347776e-01
5.084171009419248266e-01
7.176720825711635499e-01
5.475233618301050820e-01
5.570688485008736812e-01
6.926198826008135301e-01
5.083218490219956198e-01
7.335076066378086734e-01
5.425159475360274985e-01
5.666014567361657983e-01
6.772087668750520484e-01
5.116276667988359783e-01
7.532338554605081393e-01
5.377502884270579653e-01
5.800228333365237132e-01
6.643161603115521618e-01
5.160370881108431451e-01
7.604186137198412077e-01
5.422384408014916390e-01
5.789845305159874167e-01
6.704477052570941842e-01
5.188680059201054018e-01
7.570071934613158415e-01
5.468451483690099924e-01
5.805751172983951713e-01
6.743107724241392820e-01
5.223330516527848744e-01
7.571891887527897325e-01
5.493741429834793077e-01
5.843347763678671258e-01
6.764560249127586911e-01
5.336766858439008221e-01
7.644863145593980835e-01
5.822994055110726208e-01
6.796205945328995801e-01
8.107862923934922028e-01
5.536746996339370064e-01
6.021651035532443741e-01
6.840733235022152803e-01
5.237649396974626281e-01
6.872616741412954644e-01
5.917217630747847457e-01
5.355808592488214837e-01
8.067502007658318153e-01
5.389774398692549484e-01
5.743228214825418787e-01
7.122072729553102777e-01
5.161240462589454792e-01
6.568980287893836367e-01
6.019039187951186198e-01
5.206519034096004361e-01
7.884631259554215621e-01
5.392846439705980544e-01
5.578292109061016024e-01
7.343187525046869224e-01
5.112917529674326778e-01
6.376498393515257490e-01
6.119457894437135836e-01
5.143321628272088386e-01
7.723771630389645315e-01
5.428927904365012935e-01
5.511735302913959300e-01
7.484053684438471965e-01
5.147468580285182727e-01
6.319389785016334971e-01
6.238934670920422976e-01
5.230064803380912730e-01
7.614991028977986520e-01
5.522263936049232047e-01
5.484896034816983956e-01
7.685631835260139377e-01
5.188603541481507930e-01
6.161509572082907171e-01
6.380905757834891556e-01
5.144829469086746876e-01
7.367163800836592502e-01
5.591287078384565845e-01
5.415577054442808347e-01
7.870442529404830800e-01
5.219532616225328603e-01
6.062532627054088019e-01
6.517955790315280717e-01
5.164188370829467800e-01
7.240823070626897229e-01
5.675328299521531505e-01
5.419390432837676297e-01
7.955658396322332626e-01
5.265990753435737526e-01
6.041797877757535407e-01
6.579818804285088030e-01
5.191707076797482667e-01
7.213945082432003941e-01
5.718544131357428117e-01
5.456940432028523080e-01
7.966862634110425390e-01
5.328887557672519204e-01
6.097159483503256094e-01
6.603766572504106147e-01
5.269503067268974661e-01
7.283750777558595235e-01
5.810689838361053905e-01
5.699810216387848349e-01
7.628171182533260986e-01
5.347729955374314059e-01
6.814511816203466799e-01
5.966649635775760352e-01
5.770815327663669780e-01
7.067942223895796738e-01
5.525724850708295666e-01
7.922748056938136996e-01
5.781336606190510263e-01
6.739769926314973514e-01
6.357336528937138631e-01
7.341342548098266363e-01
5.488120731022283483e-01
6.392593944295865693e-01
6.480830629838808532e-01
5.311972788648821053e-01
6.037765390294098644e-01
7.254322624149858179e-01
5.386360785034033372e-01
5.404162308336755149e-01
7.027996981999544701e-01
6.396105916094985133e-01
5.303060072218391818e-01
5.815591246937795722e-01
7.916232307855788353e-01
5.767535979556499548e-01
7.559122515539042908e-01
5.589252104632684848e-01
5.664087457250480684e-01
7.758224870945007456e-01
6.299980795196391536e-01
5.241942238745096461e-01
5.524247648236505492e-01
6.950586128086733151e-01
8.772834905471722511e-01
6.680861477635247070e-01
5.649924896616209669e-01
5.184230346658126320e-01
5.101244372271565020e-01
5.405290512277275417e-01
6.236097158367573945e-01
8.137924497146371561e-01
7.170837012212433192e-01
5.805262652507031662e-01
5.200501381047425431e-01
5.040931324936617219e-01
5.204888642357559103e-01
5.833016097100690578e-01
7.251588332708950313e-01
8.014491720360299443e-01
6.168263540202783002e-01
5.377774266964816530e-01
5.115630210845184545e-01
5.271633109249813653e-01
5.837408792352138942e-01
6.853970238348180422e-01
8.682899564815104165e-01
6.459251026009696917e-01
5.438724125601964721e-01
5.010047261668850727e-01
5.016620233641991833e-01
5.479926816478180029e-01
6.644814880539445801e-01
8.667224887457789517e-01
6.352046201093578537e-01
5.306341245778649629e-01
4.896095045038307836e-01
4.940873174256767975e-01
5.468045780561867630e-01
6.753276443006154262e-01
8.442706853840844516e-01
6.178086198775264437e-01
5.198295268423877014e-01
4.837365250459231825e-01
4.937761248043893159e-01
5.548115682868821619e-01
7.009082015826048062e-01
8.024642679646665222e-01
5.977646974307796457e-01
5.108142417668959379e-01
4.830594072918497073e-01
5.014190300350580554e-01
5.738915646669724424e-01
7.427008260443607179e-01
7.527992799378775413e-01
5.806067226073277077e-01
5.126562592095630366e-01
5.038265418907845739e-01
5.307064065976484502e-01
5.949260029253776727e-01
7.608159486357627399e-01
7.501254193670325865e-01
5.821691274291380669e-01
5.057861060679537113e-01
4.802697209280132884e-01
4.974894337136647748e-01
5.642090113269919716e-01
7.138000983503178798e-01
7.989704348253581223e-01
6.010500592277985277e-01
5.129749789595475784e-01
4.826005970798410982e-01
4.927146873713713626e-01
5.568638666219326572e-01
7.202247552467700986e-01
7.691309679602653659e-01
5.526399677275527500e-01
4.942672308979189633e-01
4.966690999975524878e-01
5.546884338742593679e-01
6.766739341325674895e-01
8.678597419831278748e-01
6.557689357308188471e-01
5.471329025913989064e-01
4.978922328489607807e-01
4.914732692067108610e-01
5.273967262186898264e-01
6.208238951410747219e-01
8.627101917204902382e-01
6.307154347469474676e-01
5.145147360681253668e-01
4.877516299779814934e-01
5.213533887334519390e-01
6.641773103524678534e-01
7.974689802920393866e-01
5.742358963922193915e-01
4.990446367589970178e-01
4.820130633066314618e-01
5.159892532363323792e-01
6.165154171724200882e-01
8.508277262828335408e-01
6.777045497327958135e-01
5.491071599203870557e-01
4.974917074302759312e-01
4.841120542365226487e-01
5.181018937192076734e-01
6.079447853858322981e-01
8.106037764714030258e-01
7.049426608473837730e-01
5.587816986613061143e-01
4.952917373687852898e-01
4.802044691335897175e-01
5.041618281698072579e-01
5.800223149531724687e-01
7.457303085383387709e-01
7.701888709160895630e-01
5.910373663315902082e-01
5.082043594400703634e-01
4.785722031772328688e-01
4.907798937748408252e-01
5.486956763687035332e-01
6.770805592041225784e-01
8.610599585383107435e-01
6.335154697970719617e-01
5.268083383969509592e-01
4.834087283449258199e-01
4.857701370005139685e-01
5.354347925834485045e-01
6.539515130210048488e-01
8.720256964007413458e-01
6.514399344881213194e-01
5.305922940924385767e-01
4.906047225719470384e-01
4.946311589154492316e-01
5.357471498778756391e-01
6.464776994284328060e-01
8.735084335695751934e-01
6.579130788724002477e-01
5.502059469005620151e-01
5.239550920897797504e-01
5.312932964031592542e-01
5.838884162134131417e-01
7.668807906313248601e-01
7.367452691558546984e-01
5.736167908198066545e-01
5.073796006081188192e-01
4.840058411938625849e-01
5.029654860799234184e-01
5.679634286731414239e-01
7.102853207093469123e-01
8.210772843920139952e-01
6.191287611563910387e-01
5.237241688667911843e-01
4.828956110289558401e-01
4.807507207978176100e-01
5.187517806888417571e-01
6.102278309078320584e-01
8.038196467314132621e-01
7.249989195783322904e-01
5.773042319764081221e-01
5.092692206652386089e-01
4.827528119109233962e-01
4.944744083570221660e-01
5.508379919216708220e-01
6.754969109467768851e-01
8.670118203741299379e-01
6.545233987801446496e-01
5.477277405699876311e-01
4.950976997906210153e-01
4.791394921350489167e-01
4.950229473729036433e-01
5.483287321244060264e-01
6.581086199184262853e-01
8.690093759123058703e-01
6.877717404231108445e-01
5.620043874959531616e-01
4.999123262370846477e-01
4.771653231989763655e-01
4.881004337202075605e-01
5.357440646342235269e-01
6.363803496364967005e-01
8.382334547644354483e-01
7.129355407172800474e-01
5.750935805175434457e-01
5.070529937857026770e-01
4.813606994523651483e-01
4.899083142510643474e-01
5.340499844393580275e-01
6.291312593985058932e-01
8.214183294791033152e-01
7.273301610202304035e-01
5.857462658333303374e-01
5.191316743881650986e-01
4.969629395455577581e-01
5.117310148747963305e-01
5.600330428816630013e-01
6.399441069173588126e-01
8.157182964867821795e-01
7.391162313960850661e-01
5.926746071987281095e-01
5.191647971593614797e-01
4.879780261318698575e-01
4.907421714415903247e-01
5.301720578624202762e-01
6.175707949722049062e-01
7.959216279957621598e-01
7.450287849578534072e-01
5.899565349185574847e-01
5.133011360227032194e-01
4.821566410383959500e-01
4.865328436635046327e-01
5.282568132699385632e-01
6.213439779264219309e-01
8.126015610032554237e-01
7.297140842993600218e-01
5.823531870756699647e-01
5.104118898302035801e-01
4.812942786497352299e-01
4.885533728679815058e-01
5.338273754010581795e-01
6.320760903250481899e-01
8.325942783198523323e-01
7.139832805997848864e-01
5.738040293075137299e-01
5.055779203275355682e-01
4.807505213384746234e-01
4.917208546304510097e-01
5.411714857977880655e-01
6.474687395626466113e-01
8.609632866838805576e-01
6.926634485437104249e-01
5.625891281112858078e-01
5.009013991149360301e-01
4.819816065061142685e-01
5.001939866820608316e-01
5.595881947302309145e-01
6.904773126409317063e-01
8.548182488224346232e-01
6.399046925634253036e-01
5.393850536492450498e-01
4.984201819843369630e-01
5.066355246391268663e-01
5.309514653353547553e-01
6.123324844506262687e-01
7.875538860037497590e-01
7.487371481435859399e-01
5.960316716028338790e-01
5.247797850474563708e-01
4.959482961614675722e-01
5.023953245835065529e-01
5.497713361658334019e-01
6.585425400843866184e-01
8.752352777241551030e-01
6.730188393342099173e-01
5.549243051547222416e-01
5.026904644718080961e-01
4.949152175167709777e-01
5.215329499600972474e-01
5.999746072315685907e-01
7.820623846126198986e-01
6.277333429759535122e-01
4.854627199446270858e-01
4.915509481821691562e-01
6.660839608985226201e-01
6.601410954311067725e-01
4.916282721940317124e-01
4.920189113182589224e-01
6.503758907509289422e-01
5.509445717688243871e-01
5.288440052700321692e-01
6.232082042150992596e-01
4.796411916805050635e-01
6.316972345519257237e-01
5.734292675231070779e-01
4.974753078496851333e-01
4.939333555052939362e-01
5.977696294053510551e-01
8.813804029646196136e-01
5.768547479920529408e-01
4.786471628718974580e-01
4.708875970779892173e-01
5.494516702298708477e-01
8.028448383784514419e-01
6.304927500018626674e-01
4.967503529834246812e-01
4.677313442656253484e-01
5.200613898160911797e-01
7.014681968480175334e-01
7.033111597335935938e-01
5.244057003821864793e-01
4.763194561236618330e-01
5.086110761146145354e-01
6.452732676346161211e-01
8.342633976190843015e-01
8.838480333106238929e-01
8.730413958881642067e-01
8.172668995488787669e-01
7.668042381772743887e-01
7.237183289007306231e-01
6.883727528939528328e-01
6.580623638199718517e-01
6.317217132000475521e-01
6.098239500218266551e-01
5.909280255850516417e-01
5.745722999136787523e-01
5.600131950348723464e-01
5.473154588395648945e-01
5.363896903149417694e-01
5.264352395026040687e-01
5.174977082216750679e-01
5.101236681162818476e-01
5.044292490600744694e-01
5.003626139524517402e-01
4.976070808347738961e-01
4.964344950968235248e-01
4.962073104411620639e-01
4.968483010243902598e-01
4.984927771974324573e-01
5.012840649741465704e-01
5.057284754545972039e-01
5.117602045897369223e-01
5.193586353135862810e-01
5.287914032687089927e-01
5.402018463219488975e-01
5.551466741028455720e-01
5.698687359568576083e-01
5.857347675414749100e-01
6.044632777225502629e-01
6.193909716070913341e-01
6.389477972716509635e-01
6.634774084868922950e-01
6.911684329242413494e-01
7.236873874176491528e-01
7.618007724209702181e-01
8.050546067388886229e-01
8.519706979631305188e-01
8.880863878955665980e-01
8.740908195877261644e-01
8.315846946269647155e-01
7.902740434436579253e-01
7.541176237975948382e-01
7.224124856479564594e-01
6.949541817606177396e-01
6.708935758165680552e-01
6.488364237386005096e-01
6.295701230973493878e-01
6.121132662482425824e-01
5.961167317160032120e-01
5.821603538421608048e-01
5.696175649005356112e-01
5.577033423620394448e-01
5.474692620392936915e-01
5.380649873921724557e-01
5.298036440688360660e-01
5.224429380169536286e-01
5.160810281414628387e-01
5.106047564333189293e-01
5.060622544967382508e-01
5.020254889640420881e-01
4.991618861651736516e-01
4.968413554859139603e-01
4.954846673880405894e-01
4.946693662870485508e-01
4.944756373788651849e-01
4.944036172234979598e-01
4.948641671956064414e-01
4.955582894538649863e-01
4.964693919546268042e-01
4.984660767581278740e-01
5.012797017469908800e-01
5.055531228839096336e-01
5.103414721716784674e-01
5.147950249713243442e-01
5.201863132774761089e-01
5.262072391994024878e-01
5.319898010478322226e-01
5.388313926890444527e-01
5.466714629879746434e-01
5.553428365151914514e-01
5.649213601964088172e-01
5.753026085371878429e-01
5.874368652566192006e-01
6.001874277289349635e-01
6.139877764523028469e-01
6.277853234525321291e-01
6.432411541281686240e-01
6.599327921362972971e-01
6.789459074550435735e-01
6.987256343622564314e-01
7.198006457087050558e-01
7.424556157008840307e-01
7.662367787920861817e-01
7.925751231149300580e-01
8.219337733961635806e-01
8.520452704362220242e-01
8.793477069397220847e-01
8.907183568038378185e-01
