-6.417527278923529366e-06
-1.926981911670733183e-05
-3.216317241239163849e-05
-4.514684785139611023e-05
-5.845029680473512457e-05
-7.191216224444740845e-05
-8.527428693272387505e-05
-9.870564872771492304e-05
-1.119490308323367600e-04
-1.251695623929460766e-04
-1.384176091858702051e-04
-1.517331747419303767e-04
-1.651889932816619222e-04
-1.794035947031424882e-04
-1.962128573688159960e-04
-2.102770012752941398e-04
-2.244137940824453281e-04
-2.385405383076300012e-04
-2.528741057437056128e-04
-2.674500920077926835e-04
-2.820626530972702994e-04
-2.969131052983353669e-04
-3.119780364124746797e-04
-3.274877487891014738e-04
-3.441516959408197351e-04
-3.614051202766033200e-04
-3.781543479625115722e-04
-3.944865652371065678e-04
-4.110505202336023345e-04
-4.277901709056619595e-04
-4.448493392171792848e-04
-4.624009901686987334e-04
-4.812547714004855592e-04
-4.996821978062726544e-04
-5.181076029614484213e-04
-5.367669317027923270e-04
-5.559647218850161110e-04
-5.757965387295227444e-04
-5.965035338345581195e-04
-6.183868955372817666e-04
-6.426591803708747719e-04
-6.657023281867457953e-04
-6.891951444287780504e-04
-7.136059476301470639e-04
-7.387347724396864379e-04
-7.638960419519280620e-04
-7.894261281404801878e-04
-8.156638296850093894e-04
-8.424638560088348882e-04
-8.703933272724562187e-04
-9.007295469022347234e-04
-9.308640639210663537e-04
-9.608220086132490678e-04
-9.910226269549404776e-04
-1.021781902376783790e-03
-1.052720637537918336e-03
-1.084759274749602653e-03
-1.120524331787664529e-03
-1.153983863290020118e-03
-1.188867455682030005e-03
-1.224273712827628202e-03
-1.258939021594795982e-03
-1.292184048721112255e-03
-1.324547642709950068e-03
-1.356575578119412206e-03
-1.388466820257616696e-03
-1.420370977261664613e-03
-1.451988975640472468e-03
-1.484305406969754770e-03
-1.516960721736460016e-03
-1.549022212437578538e-03
-1.581111659059164509e-03
-1.612801284271103697e-03
-1.644589682975206024e-03
-1.676075557445644293e-03
-1.707175023960227911e-03
-1.738112639738331744e-03
-1.768584866839506553e-03
-1.798884233495168239e-03
-1.829589729071545712e-03
-1.860140367572316045e-03
-1.890943587039561891e-03
-1.922024853416970380e-03
-1.953489051269352572e-03
-1.986911685859849008e-03
-2.018921271758844505e-03
-2.050996495992385427e-03
-2.083504214421050271e-03
-2.116549899898179099e-03
-2.150213306404746838e-03
-2.184731441352449899e-03
-2.220744850681466431e-03
-2.257518075813980118e-03
-2.294163463056664298e-03
-2.330993320501462129e-03
-2.368956230910046479e-03
-2.408154532811845883e-03
-2.447648206601038545e-03
-2.490217931184202094e-03
-2.526921931995884663e-03
-2.562574127622396780e-03
-2.597389048592746441e-03
-2.631595982563239566e-03
-2.665584831962442003e-03
-2.700490227076635108e-03
-2.734257052748878536e-03
-2.767935887240002835e-03
-2.801224059094997720e-03
-2.834711494001607157e-03
-2.869044682370369692e-03
-2.903528809210631501e-03
-2.937621433059423026e-03
-2.970471165213317555e-03
-3.003045143796234662e-03
-3.035387723081761635e-03
-3.067263026812927507e-03
-3.099612133729001684e-03
-3.132544219307975553e-03
-3.164831034502824103e-03
-3.196738689452804927e-03
-3.227886695094550618e-03
-3.258950203360977405e-03
-3.289872046379760384e-03
-3.320406899594452454e-03
-3.351623706372319766e-03
-3.381872704387389739e-03
-3.412817359354725077e-03
-3.443078858298087574e-03
-3.473468796171386153e-03
-3.505823861204460101e-03
-3.536038930066709440e-03
-3.566223789556288715e-03
-3.596346893282365009e-03
-3.626420682481090729e-03
-3.659016196019049261e-03
-3.689281939951660760e-03
-3.719637565930300482e-03
-3.750011713067991082e-03
-3.780648437841427345e-03
-3.812531624576731559e-03
-3.843828216850475599e-03
-3.875792036697078835e-03
-3.908557288103797767e-03
-3.940087438362938066e-03
-3.972161321267320133e-03
-4.003602180274068445e-03
-4.035249050051370467e-03
-4.066700438564940789e-03
-4.098414702538799581e-03
-4.131270950992305124e-03
-4.165379982359662669e-03
-4.198270593994246624e-03
-4.230431234198972490e-03
-4.262170747144633509e-03
-4.294093895052530918e-03
-4.325538659145422571e-03
-4.359223272115797521e-03
-4.401461425133756933e-03
-4.446208831904385761e-03
-4.482739792045165039e-03
-4.517538068847359867e-03
-4.550652556161050022e-03
-4.583419626920548495e-03
-4.616379043784979430e-03
-4.654169146364406373e-03
-4.686392214760082275e-03
-4.719822573202248073e-03
-4.756319504863437686e-03
-4.788395751525786892e-03
-4.819855730985755926e-03
-4.851571599937876123e-03
-4.884424826236744011e-03
-4.918919227785312209e-03
-4.952903404019326494e-03
-4.984735946805485263e-03
-5.015471415524830334e-03
-5.046799317663719364e-03
-5.078046205536423940e-03
-5.110418166493824188e-03
-5.142951311930876734e-03
-5.177329803553121224e-03
-5.214525564756322673e-03
-5.261333876259155495e-03
-5.306176643275262172e-03
-5.345326352036994244e-03
-5.382979187964709311e-03
-5.418968148589331513e-03
-5.453917247278838865e-03
-5.489605210175052541e-03
-5.525626448165787963e-03
-5.565723800402433419e-03
-5.615570536366409904e-03
-5.653744830728335558e-03
-5.692195214724193875e-03
-5.730789578649475580e-03
-5.764673211694493205e-03
-5.799274463385239997e-03
-5.836413478759960860e-03
-5.870942536873147155e-03
-5.906173647248880165e-03
-5.942100473821598783e-03
-5.977070389281524676e-03
-6.010714069091371847e-03
-6.046171049083004512e-03
-6.077837478621783696e-03
-6.108725402536152593e-03
-6.145241280311464216e-03
-6.176095002521364563e-03
-6.209886318972679398e-03
-6.242225893648645219e-03
-6.274981637844789795e-03
-6.308789674304371431e-03
-6.340931831671836605e-03
-6.372519000576448711e-03
-6.406713235765471026e-03
-6.439449785075157529e-03
-6.474647493415752741e-03
-6.511329982864189070e-03
-6.549432007205924222e-03
-6.587488171065913889e-03
-6.624729720070554606e-03
-6.660741249337465142e-03
-6.697704687201100349e-03
-6.738181899364148464e-03
-6.773748007607438559e-03
-6.809409095256291344e-03
-6.845436536172311293e-03
-6.882911401388969175e-03
-6.917579135990115091e-03
-6.950027699104799339e-03
-6.984604259577253949e-03
-7.016892079710124186e-03
-7.050365051289753104e-03
-7.086253984365242786e-03
-7.124059029008256161e-03
-7.162217596863973412e-03
-7.196207183717051592e-03
-7.230852778619345500e-03
-7.265566825652824967e-03
-7.301648968322305144e-03
-7.343109028745020694e-03
-7.386584789779493398e-03
-7.429115422041610017e-03
-7.469525591195624870e-03
-7.511524621146237202e-03
-7.551333044046648624e-03
-7.589303765757837716e-03
-7.629680633052693395e-03
-7.672929578525722327e-03
-7.712200549021996920e-03
-7.752754134274009168e-03
-7.796989220450134539e-03
-7.850793062849970028e-03
-7.896640955618483559e-03
-7.940962358676251220e-03
-7.994154117821228311e-03
-8.033438471172549278e-03
-8.071725313788302714e-03
-8.111915743810982349e-03
-8.155009490513842607e-03
-8.206948965107430105e-03
-8.249813802112759831e-03
-8.302606883306196117e-03
-8.343548539803347097e-03
-8.377940709982434342e-03
-8.411766983378310414e-03
-8.444212843680576341e-03
-8.476937820245278310e-03
-8.509902734932461854e-03
-8.542843835610214320e-03
-8.577306945700913232e-03
-8.613224998709756441e-03
-8.652050220267604175e-03
-8.698208554701492012e-03
-8.732796047975721621e-03
-8.766562023865498432e-03
-8.805091339297299591e-03
-8.839019826082483711e-03
-8.874889022087550927e-03
-8.909267413973909200e-03
-8.943704953885966979e-03
-8.981919797818371798e-03
-9.017455616501246496e-03
-9.052887024914579861e-03
-9.088127766507247962e-03
-9.124675746814303601e-03
-9.166440371264572562e-03
-9.213883901781239061e-03
-9.257044954337101395e-03
-9.355080074991639627e-03
-9.391869795876917060e-03
-9.426178781600680345e-03
-9.459205086961963715e-03
-9.491814381615615304e-03
-9.524769754009287936e-03
-9.558710245303303488e-03
-9.599600221710802295e-03
-9.635233725523439929e-03
-9.669923914377265284e-03
-9.707719723266228229e-03
-9.741623962452594654e-03
-9.776040423590592887e-03
-9.812776797249012084e-03
-9.857435523894064744e-03
-9.910388205541575957e-03
-9.960005725505816088e-03
-1.000788572395561182e-02
-1.006103728789298213e-02
-1.012890341302408181e-02
-1.017084431951753576e-02
-1.021001751279093650e-02
-1.025058041341497805e-02
-1.028873454402312593e-02
-1.033007234771943228e-02
-1.039827981946794822e-02
-1.043681368586024671e-02
-1.047352025631731465e-02
-1.051274201264384978e-02
-1.055016097469374525e-02
-1.060349048583797416e-02
-1.064539294968114280e-02
-1.068312095641610338e-02
-1.071916237551018281e-02
-1.075591225178462729e-02
-1.080111443848386088e-02
-1.085268392266913740e-02
-1.089475267513451140e-02
-1.093415402052855256e-02
-1.097374850999310869e-02
-1.107469698354623944e-02
-1.111399955309311238e-02
-1.115020864771187892e-02
-1.118697713036032049e-02
-1.122962823696782575e-02
-1.127420230079101415e-02
-1.131190464149511854e-02
-1.134944781017677151e-02
-1.139075367269537509e-02
-1.149890145499921079e-02
-1.153877407693371104e-02
-1.157714590520964038e-02
-1.162215230881291639e-02
-1.166673882014157559e-02
-1.170514551987456020e-02
-1.174599153983846289e-02
-1.183828505219974847e-02
-1.187876601564696877e-02
-1.191734686052758896e-02
-1.197021238949402822e-02
-1.201212336560364413e-02
-1.205047869167585883e-02
-1.209933062155499339e-02
-1.214083229185924928e-02
-1.217911857002140774e-02
-1.222746787939510416e-02
-1.226828336567020727e-02
-1.230646384347533484e-02
-1.235650396303300536e-02
-1.239654033389758769e-02
-1.243428042665672972e-02
-1.248539091432243620e-02
-1.252519967274834389e-02
-1.256330028133190169e-02
-1.261420960427717120e-02
-1.265457206979669902e-02
-1.269235529774259685e-02
-1.273872330759417970e-02
-1.278105074535851315e-02
-1.282028492568476619e-02
-1.286460623934593261e-02
-1.291048761664881361e-02
-1.294974268583093391e-02
-1.299303535041296254e-02
-1.303862813732548087e-02
-1.307840631594614500e-02
-1.312663963951588020e-02
-1.316827100637751879e-02
-1.320698272227716075e-02
-1.326225664657254555e-02
-1.330318772947025607e-02
-1.334284243851813212e-02
-1.341533669047856314e-02
-1.345730765307517895e-02
-1.349888784199582137e-02
-1.361183614742844661e-02
-1.368457633415531838e-02
-1.373931602558775555e-02
-1.379116009381819996e-02
-1.383462328878781733e-02
-1.387834356730843766e-02
-1.393375745083802464e-02
-1.397658998093664895e-02
-1.401818467992277384e-02
-1.406944953896749340e-02
-1.411430909479283180e-02
-1.415514258527161839e-02
-1.420012637171608194e-02
-1.425516838931151220e-02
-1.429665951225700393e-02
-1.433804558205331592e-02
-1.439379280375352455e-02
-1.443843227599173051e-02
-1.448089401076602112e-02
-1.453696809608262530e-02
-1.458515974467566867e-02
-1.462942849536930101e-02
-1.467678240955638813e-02
-1.472795755631439718e-02
-1.476981389826681479e-02
-1.481440318955018487e-02
-1.487032366824070362e-02
-1.491213638382371531e-02
-1.495375923875386093e-02
-1.500472447007961119e-02
-1.505105717395704978e-02
-1.509260619254804148e-02
-1.513751063491020066e-02
-1.518949218570164739e-02
-1.523097051557520398e-02
-1.527189489700908620e-02
-1.532024822288102772e-02
-1.536700139046576208e-02
-1.540676417523034747e-02
-1.544873629463905385e-02
-1.550643398928097660e-02
-1.554738091245944087e-02
-1.558653871436910254e-02
-1.563938528584007948e-02
-1.568256440497173276e-02
-1.572133374469641964e-02
-1.576936463599598603e-02
-1.581740822514987599e-02
-1.585730538619967156e-02
-1.589795665959281568e-02
-1.595900796334115412e-02
-1.600422723433869709e-02
-1.604698971535900576e-02
-1.609853240844594247e-02
-1.615573694626903922e-02
-1.620115957742640500e-02
-1.624679511735160897e-02
-1.630483782113423263e-02
-1.635054402047164679e-02
-1.639421143442698625e-02
-1.644362519250475163e-02
-1.649850698797372672e-02
-1.656068321000170318e-02
-1.660796098444783375e-02
-1.665645321271402857e-02
-1.670348576253166684e-02
-1.674709564330700839e-02
-1.679084971271682658e-02
-1.683368117965111654e-02
-1.687819097641352073e-02
-1.692796911788452263e-02
-1.697410823034961602e-02
-1.701938065935315603e-02
-1.706465111203425700e-02
-1.711221191636147498e-02
-1.716223799098959280e-02
-1.722361730931420976e-02
-1.728295267368662458e-02
-1.732863108676008235e-02
-1.738108930823800691e-02
-1.744373545582411644e-02
-1.749228652462031519e-02
-1.754338786916953552e-02
-1.760619390788897842e-02
-1.766601200655437687e-02
-1.771760530221577756e-02
-1.777308738600913429e-02
-1.784048660702974853e-02
-1.789231644215838468e-02
-1.794829281972176727e-02
-1.802135117915892870e-02
-1.807230996729158878e-02
-1.812062891233034989e-02
-1.818730833861004204e-02
-1.823287661635619727e-02
-1.828176578296958343e-02
-1.834349101759735756e-02
-1.838974336947019061e-02
-1.843831806527318484e-02
-1.849580725328137110e-02
-1.854064923673459653e-02
-1.859214798223740583e-02
-1.864273354293755069e-02
-1.868710355328651040e-02
-1.874021902111544513e-02
-1.878923507763696765e-02
-1.883567167635624706e-02
-1.889595939537613845e-02
-1.894342767685630591e-02
-1.899036818847221753e-02
-1.905319683900519312e-02
-1.910055251024589396e-02
-1.916403534383359641e-02
-1.921190790146320992e-02
-1.926230884485113926e-02
-1.933569630765163971e-02
-1.939029493240695956e-02
-1.944381845769316275e-02
-1.949692459950436163e-02
-1.954883239105753567e-02
-1.960275003762756985e-02
-1.965437964841310059e-02
-1.971561480367856056e-02
-1.976519403325149860e-02
-1.982315368854103976e-02
-1.987104021989538616e-02
-1.993458362270472684e-02
-1.998375068987923164e-02
-2.005562826205298244e-02
-2.010398774308896908e-02
-2.016800641474114641e-02
-2.021622617820573176e-02
-2.027020130895484940e-02
-2.032117562739799155e-02
-2.037006508980743202e-02
-2.042769816785283687e-02
-2.047457600214241946e-02
-2.054414407761051553e-02
-2.059178223885793635e-02
-2.066647423284251328e-02
-2.071569819821383884e-02
-2.078684785758277975e-02
-2.084605732733080252e-02
-2.090802294202076528e-02
-2.097198741062455962e-02
-2.102548050775321364e-02
-2.108398957980928135e-02
-2.113567874065969132e-02
-2.119796693444830904e-02
-2.125289669758800848e-02
-2.131850422878778240e-02
-2.136827590919487818e-02
-2.143082157214359906e-02
-2.148136739997308364e-02
-2.154171483570499479e-02
-2.159370841280672249e-02
-2.165186179368583375e-02
-2.170262744544293465e-02
-2.176238673751351715e-02
-2.181379693452734081e-02
-2.187439130598378689e-02
-2.192585256840184904e-02
-2.199153412103105332e-02
-2.205731981989922375e-02
-2.212058720759535468e-02
-2.218839175848441592e-02
-2.224890132143531041e-02
-2.230626131004664892e-02
-2.236518442192925171e-02
-2.243097616020905960e-02
-2.249347481079300159e-02
-2.254870804341035928e-02
-2.260751249413994746e-02
-2.267755397866688671e-02
-2.273584376334625290e-02
-2.278733649484632195e-02
-2.284485087088317101e-02
-2.291683439451153159e-02
-2.297569323361980942e-02
-2.302797034880521565e-02
-2.308432666680149126e-02
-2.315012937581517605e-02
-2.321300558777072975e-02
-2.326835670117710642e-02
-2.332371345946893104e-02
-2.338210213908720192e-02
-2.344782618916774197e-02
-2.350991949105862844e-02
-2.356608466375642585e-02
-2.362039157083473118e-02
-2.368319219412096110e-02
-2.375293719342752574e-02
-2.381034207105758860e-02
-2.386455884263571914e-02
-2.392514598344064325e-02
-2.399666579027603941e-02
-2.405879575805425219e-02
-2.411644782816457777e-02
-2.417647040198400710e-02
-2.424304423115986040e-02
-2.431032785739017932e-02
-2.437166159310755198e-02
-2.443055158531726168e-02
-2.449506990689465091e-02
-2.456729458276041278e-02
-2.462915389879039019e-02
-2.468781616175796945e-02
-2.475052352970286140e-02
-2.482051454602673957e-02
-2.488469051262509613e-02
-2.494384535059879227e-02
-2.500283027909311340e-02
-2.506705233173578407e-02
-2.513353766695736180e-02
-2.519552633756394489e-02
-2.525364973076227315e-02
-2.531091228679716032e-02
-2.537703150998915635e-02
-2.544506157902293175e-02
-2.550119839053810455e-02
-2.555455521657468143e-02
-2.561416524703574726e-02
-2.568366234736396692e-02
-2.574598414016582293e-02
-2.580116996583337041e-02
-2.585801891333905367e-02
-2.591911502559696157e-02
-2.598180086779589004e-02
-2.604330240691210552e-02
-2.610363873450038952e-02
-2.616184560522272218e-02
-2.621828126705971762e-02
-2.628082039796997282e-02
-2.634956887209083387e-02
-2.641090223080999611e-02
-2.646704051145598591e-02
-2.652535313977255615e-02
-2.659327745795458942e-02
-2.666209342134939764e-02
-2.672305392122120704e-02
-2.677895950938768976e-02
-2.683629841735346577e-02
-2.690398353091083550e-02
-2.697455650961377849e-02
-2.703266426478345696e-02
-2.708651218718993725e-02
-2.714695919201759455e-02
-2.721599726377565975e-02
-2.728007516667374510e-02
-2.733669524851722876e-02
-2.739814225987835528e-02
-2.746472208107542112e-02
-2.753117413209260622e-02
-2.763378218027567890e-02
-2.771835012469925363e-02
-2.780547485134921004e-02
-2.788001424083041968e-02
-2.798035101079965337e-02
-2.806504765468764706e-02
-2.814258285645421243e-02
-2.822553924745696552e-02
-2.830104049243498121e-02
-2.838166437633737882e-02
-2.845385174341830137e-02
-2.854627292647149428e-02
-2.861596082684647602e-02
-2.870849691343169141e-02
-2.878981767502697409e-02
-2.886828793461748699e-02
-2.894615014752366378e-02
-2.901860409947154551e-02
-2.911024244630866509e-02
-2.919354473848079223e-02
-2.926530363934909396e-02
-2.934433596644370201e-02
-2.942152401987629950e-02
-2.950444751158587398e-02
-2.958506832570473311e-02
-2.966857840663517099e-02
-2.976737578256838379e-02
-2.985144270848794079e-02
-2.993159410241785778e-02
-3.002317810000587617e-02
-3.010326394046003440e-02
-3.019042634668933633e-02
-3.027415958750401259e-02
-3.035430421245888244e-02
-3.045041885667232329e-02
-3.053006990322748582e-02
-3.060905075849185142e-02
-3.068769277138883034e-02
-3.076946205485464603e-02
-3.084953588733019281e-02
-3.092737883415697109e-02
-3.098458303080120491e-02
-3.107771028714156891e-02
-3.115985284565547797e-02
-3.123143864654365220e-02
-3.130278709193790032e-02
-3.137083335759460745e-02
-3.143991905316667612e-02
-3.152494333757782652e-02
-3.160954225077483581e-02
-3.168198139664113455e-02
-3.174699368377342790e-02
-3.187330330081272756e-02
-3.193334433405303763e-02
-3.199785432512913808e-02
-3.209698340066058364e-02
-3.216625371045866988e-02
-3.225352331581066156e-02
-3.234101074305339996e-02
-3.240195652455923891e-02
-3.245984079860941840e-02
-3.252156653868354397e-02
-3.258973783009200265e-02
-3.266996565396873553e-02
-3.274044945574405840e-02
-3.283018732392706251e-02
-3.292270566377719643e-02
-3.300900673799567198e-02
-3.311661783898256495e-02
-3.325000811399070333e-02
-3.333056720386440297e-02
-3.339437058151861759e-02
-3.345901969249442942e-02
-3.354995616058886743e-02
-3.360839690624173315e-02
-3.366732650681691918e-02
-3.372550420683806394e-02
-3.378918644039408115e-02
-3.388253603277968651e-02
-3.395869346809099465e-02
-3.403928437156800157e-02
-3.412647309722149913e-02
-3.422656315014249717e-02
-3.435379479814992809e-02
-3.442219717180527994e-02
-3.448543255944369612e-02
-3.458608873699109409e-02
-3.468255023345701016e-02
-3.474812626627832302e-02
-3.480418001963270225e-02
-3.486089290233496119e-02
-3.492224060462101320e-02
-3.499262151714632729e-02
-3.507551912271067440e-02
-3.513832728933130589e-02
-3.519835561828332793e-02
-3.527445074419977011e-02
-3.535128941128817814e-02
-3.546197697533481907e-02
-3.553121890273769345e-02
-3.561455921066714048e-02
-3.571290878665389634e-02
-3.577397607240728750e-02
-3.583421135939612867e-02
-3.591401202824207051e-02
-3.599600010263692695e-02
-3.606287087192128205e-02
-3.613632255094534340e-02
-3.621814368450460009e-02
-3.629614451220297688e-02
-3.635576727084011139e-02
-3.648881114214441723e-02
-3.654869163187923764e-02
-3.661512645740072625e-02
-3.669293319042254975e-02
-3.675064554857765398e-02
-3.686136892940428123e-02
-3.692116912992415845e-02
-3.698593853978648927e-02
-3.707012907960072212e-02
-3.712686397145548156e-02
-3.722453445195350596e-02
-3.728747324298020693e-02
-3.735142248920908514e-02
-3.743916057275842313e-02
-3.749760404310276130e-02
-3.760190885346714751e-02
-3.768188180603071480e-02
-3.776524284742055482e-02
-3.783004776599774299e-02
-3.792299615474559182e-02
-3.798633174609955532e-02
-3.810220569852906802e-02
-3.816151761322816860e-02
-3.828100854618066151e-02
-3.835146847908121881e-02
-3.841835198564325093e-02
-3.848886601108902905e-02
-3.856270240083825573e-02
-3.863315944625855813e-02
-3.871581627138787063e-02
-3.877187137049520338e-02
-3.884475302698708887e-02
-3.892669495679290659e-02
-3.899324698962425284e-02
-3.909251479252540129e-02
-3.916729517566863716e-02
-3.923731722395340515e-02
-3.930857160864109634e-02
-3.937802981990989881e-02
-3.943842180676071507e-02
-3.951525819800716377e-02
-3.964673874334190273e-02
-3.975700510048030267e-02
-3.985437517694878640e-02
-3.994156607135979087e-02
-4.002394340624060298e-02
-4.009457667513072199e-02
-4.016024880451107837e-02
-4.022219233885249157e-02
-4.028951839041028382e-02
-4.036583808272597995e-02
-4.043389104386319044e-02
-4.052430338103085727e-02
-4.058535319782829998e-02
-4.066741524218930870e-02
-4.076257722116294335e-02
-4.083267668883261425e-02
-4.091118901167800637e-02
-4.097686892552521165e-02
-4.104151925625521002e-02
-4.111590612130744393e-02
-4.118019640144987559e-02
-4.126740032399622837e-02
-4.133327072873060892e-02
-4.144781484237136659e-02
-4.152621434890035879e-02
-4.160098137716428113e-02
-4.167550967540634144e-02
-4.173601517256064763e-02
-4.179451443720627601e-02
-4.185619342756996542e-02
-4.192171726860205450e-02
-4.198689318659531988e-02
-4.204994490807123508e-02
-4.211184531714251555e-02
-4.217868145051661966e-02
-4.226106024116649262e-02
-4.235807714629602483e-02
-4.246270992881884254e-02
-4.253088834614338065e-02
-4.259199570256488876e-02
-4.265370441852500694e-02
-4.273225129093749519e-02
-4.281843037270283148e-02
-4.290450785323440819e-02
-4.297474502734055513e-02
-4.303466998774763130e-02
-4.309527866795326290e-02
-4.315801756422854574e-02
-4.323341828671911635e-02
-4.329644307157265448e-02
-4.335384531657160423e-02
-4.341392438703306489e-02
-4.347909044101982978e-02
-4.355758702984902087e-02
-4.362313757301350403e-02
-4.368068713596140462e-02
-4.375128934350347443e-02
-4.384551535168568215e-02
-4.391490211824988776e-02
-4.397549491531138610e-02
-4.403320175274239023e-02
-4.409292034275136274e-02
-4.416463562904771045e-02
-4.423102709762283258e-02
-4.429488519336566288e-02
-4.436014030088242244e-02
-4.443335198171405320e-02
-4.452458941182702024e-02
-4.458672870370394836e-02
-4.471014337314738185e-02
-4.478704471876637783e-02
-4.492526562205956253e-02
-4.498496757736158980e-02
-4.504557755246119122e-02
-4.514523479491050484e-02
-4.520073002325508682e-02
-4.526856612536456215e-02
-4.536381880380824239e-02
-4.542500190483955702e-02
-4.550541199086921562e-02
-4.557546041311633100e-02
-4.564115043791416859e-02
-4.571318028862847438e-02
-4.583631547965993924e-02
-4.590218376131594002e-02
-4.596856870142240759e-02
-4.606679946041880580e-02
-4.613593831385764954e-02
-4.622638437096693309e-02
-4.630239200885488682e-02
-4.637858085436186162e-02
-4.645888433457900923e-02
-4.654174308655001369e-02
-4.661923769308951027e-02
-4.668521006812387242e-02
-4.675513270536568733e-02
-4.685877460846199494e-02
-4.692283450695244884e-02
-4.700007296939090473e-02
-4.708388838961463652e-02
-4.715964735218414194e-02
-4.721883130700921249e-02
-4.729161135892334666e-02
-4.737939309976013647e-02
-4.744157016433592222e-02
-4.752940367904134877e-02
-4.760011788937579258e-02
-4.766510773787213662e-02
-4.778504635234392950e-02
-4.784632427613511041e-02
-4.790995095923200608e-02
-4.803040331273156216e-02
-4.811979010752054364e-02
-4.823183011776221996e-02
-4.829510167476114280e-02
-4.837514388594721382e-02
-4.846053363769919908e-02
-4.854027347757827737e-02
-4.862411997217896964e-02
-4.869843547353680524e-02
-4.876793464320461347e-02
-4.885166897760540028e-02
-4.892797183531216731e-02
-4.899552992397748774e-02
-4.906937338762118461e-02
-4.916322069185441457e-02
-4.923804714860491316e-02
-4.931357627984234160e-02
-4.943101064244981302e-02
-4.953150130504924142e-02
-4.961280649641719442e-02
-4.968251185906757961e-02
-4.974632731383710205e-02
-4.980891229527861785e-02
-4.987426195845090504e-02
-4.994656745637815476e-02
-5.003232835388593536e-02
-5.014106321553157830e-02
-5.023952589536839763e-02
-5.031929089475106753e-02
-5.038901138828155712e-02
-5.045505160014085444e-02
-5.051783447634583535e-02
-5.058139912935333271e-02
-5.064961879341611795e-02
-5.072918141583271368e-02
-5.083091021231933571e-02
-5.093721597143374691e-02
-5.101968397732703497e-02
-5.109016068379657050e-02
-5.115587378485431103e-02
-5.121983204352320573e-02
-5.128404779173068029e-02
-5.135149997401244892e-02
-5.142900615381562623e-02
-5.152997853181218169e-02
-5.165184998182614784e-02
-5.175787759399752552e-02
-5.186732364293800135e-02
-5.197903743337828342e-02
-5.206208409527335323e-02
-5.213541629681883727e-02
-5.220157521748147733e-02
-5.226483700820239164e-02
-5.233884899679630553e-02
-5.243560681419445757e-02
-5.254801404657816200e-02
-5.263255367694508191e-02
-5.270655237819010797e-02
-5.277027623356900232e-02
-5.283352747341873989e-02
-5.290701233951422555e-02
-5.299953393630951748e-02
-5.311061123137661433e-02
-5.319340691282303801e-02
-5.326308548319391711e-02
-5.332494525861286583e-02
-5.338732373110099960e-02
-5.345892095626225693e-02
-5.354817581854665054e-02
-5.366144984757714731e-02
-5.374594850373459742e-02
-5.381564597923260695e-02
-5.387755115818748664e-02
-5.393918933866437282e-02
-5.400887158468681282e-02
-5.409474841542605272e-02
-5.420856235371962484e-02
-5.429640359747189837e-02
-5.436746820684790205e-02
-5.443016149023272021e-02
-5.449134706717473353e-02
-5.455862910459763349e-02
-5.463932595257625646e-02
-5.474977264665881194e-02
-5.484349466111637650e-02
-5.491606464739495763e-02
-5.497927867608254360e-02
-5.504017878585110157e-02
-5.510535326396692746e-02
-5.518139650941689123e-02
-5.528436011925841331e-02
-5.538727280668742647e-02
-5.546388281035052881e-02
-5.552887834174147219e-02
-5.559006182391901252e-02
-5.565368571607487436e-02
-5.572546602970052110e-02
-5.581730654042182938e-02
-5.593126128710590450e-02
-5.601338608648187556e-02
-5.608065781554261164e-02
-5.614257238993258792e-02
-5.620490078390183442e-02
-5.627246317173306700e-02
-5.635366772497973908e-02
-5.646817688642025157e-02
-5.656205801748537265e-02
-5.663351435142061074e-02
-5.669708721609745261e-02
-5.675918915240141249e-02
-5.682357715069408233e-02
-5.689620814976981134e-02
-5.699386706435594085e-02
-5.710767245275871762e-02
-5.718732601023823747e-02
-5.725438837976704054e-02
-5.731810593100172824e-02
-5.738183307030775282e-02
-5.744944234797466631e-02
-5.753188564821964945e-02
-5.765033657471785311e-02
-5.774860593586383928e-02
-5.782329136893493704e-02
-5.789345640892273881e-02
-5.796588955901360585e-02
-5.804313138609995537e-02
-5.811974778366679750e-02
-5.821285547406240823e-02
-5.834359180054349281e-02
-5.844373165700167405e-02
-5.852096289279218322e-02
-5.859142450834886606e-02
-5.865887551529480604e-02
-5.872257867468477777e-02
-5.878502177247368898e-02
-5.885113750286385947e-02
-5.892339072655294885e-02
-5.900370651054931415e-02
-5.910153304160958854e-02
-5.921949072857257690e-02
-5.931729663615048498e-02
-5.939498026023593003e-02
-5.946348909519350023e-02
-5.952845468475376212e-02
-5.959154684535439284e-02
-5.965383260528978049e-02
-5.971808330272820875e-02
-5.978773762017053350e-02
-5.986617357370005443e-02
-5.995999149052066990e-02
-6.007592180122323100e-02
-6.017909202135285351e-02
-6.026089945952173288e-02
-6.033143058695666916e-02
-6.039706989354998168e-02
-6.046047355622641284e-02
-6.052286853322541571e-02
-6.058633817262271126e-02
-6.065361403579050403e-02
-6.072767962155722898e-02
-6.081443296833610734e-02
-6.092397782354430635e-02
-6.103633316521306362e-02
-6.112570097746483633e-02
-6.120124036148610891e-02
-6.126922797998468617e-02
-6.133337596914989476e-02
-6.139658195845398847e-02
-6.146040187429169244e-02
-6.152603027144565306e-02
-6.159660461238403162e-02
-6.167779167533371520e-02
-6.177766901321024573e-02
-6.189485472096789564e-02
-6.199607486121072597e-02
-6.208014660272065388e-02
-6.215369329406406074e-02
-6.222142962674515054e-02
-6.228796080475640373e-02
-6.235642421681719672e-02
-6.242789198346732071e-02
-6.249386249246158265e-02
-6.255898204552234887e-02
-6.263285021985742773e-02
-6.270066304229904297e-02
-6.276655770181860383e-02
-6.283235402695375171e-02
-6.290108178269171457e-02
-6.297178598918906633e-02
-6.304232897931050239e-02
-6.312527972002124343e-02
-6.319873212810800389e-02
-6.327979585702103726e-02
-6.336644458993301310e-02
-6.345252518741517633e-02
-6.353973274215785061e-02
-6.364203768190535015e-02
-6.375930494734394216e-02
-6.385428244614532733e-02
-6.393029840657593610e-02
-6.399887997832276465e-02
-6.406880442845563906e-02
-6.414784070100199020e-02
-6.424631348145337650e-02
-6.434834787843346504e-02
-6.442742650179222874e-02
-6.449785752549419549e-02
-6.456623678890560658e-02
-6.463696098511462207e-02
-6.471863949252965043e-02
-6.482466547580123528e-02
-6.491922691528961842e-02
-6.499498856982965922e-02
-6.506287040903069308e-02
-6.517610825744535319e-02
-6.524449889846550832e-02
-6.531737073429977336e-02
-6.541266805330936407e-02
-6.548580997508601786e-02
-6.555088933872832424e-02
-6.564486975349714815e-02
-6.572278852987256670e-02
-6.579314687318904564e-02
-6.588394872920821932e-02
-6.596157268560243203e-02
-6.603564925112948014e-02
-6.617866928356253009e-02
-6.626333598743860964e-02
-6.633350874830701294e-02
-6.641739136590596448e-02
-6.650905988154376391e-02
-6.657725479255038881e-02
-6.666163889913012675e-02
-6.676010896276585171e-02
-6.682527364949031323e-02
-6.691473268788716844e-02
-6.698512901392372765e-02
-6.707184875350535869e-02
-6.714028797881499422e-02
-6.720869679852703449e-02
-6.730234816282854027e-02
-6.736797006170036628e-02
-6.745497932034760780e-02
-6.753586454766202785e-02
-6.759983737457331276e-02
-6.768403218659346798e-02
-6.777031351961637640e-02
-6.783660772918198578e-02
-6.791332405257599625e-02
-6.801121776910334926e-02
-6.807841571031769679e-02
-6.816185789166162579e-02
-6.824112063845744203e-02
-6.832266513168538946e-02
-6.843065826363137205e-02
-6.850582162028961974e-02
-6.857876954643193912e-02
-6.867955417086091252e-02
-6.878163830620664942e-02
-6.885366213348587117e-02
-6.891954063645000517e-02
-6.898567355074813889e-02
-6.905535955240227342e-02
-6.913161987911076167e-02
-6.922299916460539215e-02
-6.933416990525698154e-02
-6.943256258978558471e-02
-6.953090817895524189e-02
-6.962509398203076127e-02
-6.971634076451105333e-02
-6.980688490892739129e-02
-6.990136570641314329e-02
-6.999699354552535446e-02
-7.009099177319078056e-02
-7.018241252302359623e-02
-7.027524927766082286e-02
-7.036705559874767424e-02
-7.045539499929109883e-02
-7.054597081312730111e-02
-7.063217881721928215e-02
-7.071588873192935498e-02
-7.079689942070277464e-02
-7.087569995129161526e-02
-7.095426473304000670e-02
-7.103256752206532632e-02
-7.110819121421307898e-02
-7.118244261538231310e-02
-7.125736756409739581e-02
-7.133257729622044518e-02
-7.140688963746644191e-02
-7.148067612541331162e-02
-7.155603299945789697e-02
-7.163190263014418413e-02
-7.170657871440822007e-02
-7.178067710301527793e-02
-7.185597631580820099e-02
-7.193279963339627159e-02
-7.202098780860799465e-02
-7.210588613049850881e-02
-7.219303980034708079e-02
-7.226716913252084762e-02
-7.233585299097111676e-02
-7.240900191692889454e-02
-7.249000235741875908e-02
-7.257602235650739697e-02
-7.266200384764986975e-02
-7.276197200132383802e-02
-7.288064355520773585e-02
-7.299329947980315314e-02
-7.308633275139708729e-02
-7.316767335671869876e-02
-7.324720523405248152e-02
-7.332485907764840771e-02
-7.339676961031149638e-02
-7.346503806681503601e-02
-7.353410404912386067e-02
-7.360403616224397982e-02
-7.367211399811335326e-02
-7.373865505850563107e-02
-7.380943417736629542e-02
-7.388167060568162636e-02
-7.395516820284209203e-02
-7.403041885271111067e-02
-7.411258226266637106e-02
-7.420530736867436694e-02
-7.430840732504040425e-02
-7.441931318389960470e-02
-7.452876865025681585e-02
-7.462764338722194246e-02
-7.471670485682935237e-02
-7.479926951407711577e-02
-7.487790523670267984e-02
-7.495698526806360285e-02
-7.503971774916562421e-02
-7.511340003017408229e-02
-7.518522221535484107e-02
-7.525966047464804909e-02
-7.533169032299968926e-02
-7.540022462100282041e-02
-7.547239598481281231e-02
-7.555249732565905152e-02
-7.563568446105073395e-02
-7.571994051495012368e-02
-7.581385760655656725e-02
-7.592351561723620357e-02
-7.603894845670133851e-02
-7.614584908095656246e-02
-7.624178574330497948e-02
-7.633154125061814010e-02
-7.641485486006105443e-02
-7.649153023559640552e-02
-7.656254978923870969e-02
-7.663288032383086534e-02
-7.670244929253600130e-02
-7.677077713498037248e-02
-7.683893618982462481e-02
-7.690763995545835119e-02
-7.697732231318055174e-02
-7.704727825234003458e-02
-7.711758476430585763e-02
-7.719011152391330732e-02
-7.726452714825959855e-02
-7.734105300831772833e-02
-7.742168648240410622e-02
-7.750546202989250233e-02
-7.759526903484015303e-02
-7.769696285084304321e-02
-7.781345337462108880e-02
-7.793754472131730893e-02
-7.805356874993585325e-02
-7.815876615830485985e-02
-7.825510998437457122e-02
-7.834971505714294349e-02
-7.843813370525221096e-02
-7.851621147997867034e-02
-7.858662772950497644e-02
-7.865957902317155526e-02
-7.873427250998632498e-02
-7.880684509107815927e-02
-7.887650092151599068e-02
-7.894774351554323388e-02
-7.902361798100587809e-02
-7.910276766276325144e-02
-7.918464964541516160e-02
-7.927113298162080657e-02
-7.936754746323404497e-02
-7.948007525481726177e-02
-7.960788004539431917e-02
-7.973056906258835230e-02
-7.983590744484869717e-02
-7.992577258638433602e-02
-8.000306826184322428e-02
-8.007405747662832418e-02
-8.014499667978214337e-02
-8.021840042890115985e-02
-8.029271240246493857e-02
-8.036814835589689565e-02
-8.044549343295681609e-02
-8.053064099994966529e-02
-8.063034019672221664e-02
-8.074543169249215335e-02
-8.086808694612346304e-02
-8.098057730563679169e-02
-8.108068588487216122e-02
-8.117257037841751899e-02
-8.125746043402171104e-02
-8.133949027150388922e-02
-8.141952080090764099e-02
-8.149513660097440493e-02
-8.156626638559938414e-02
-8.163756933924304349e-02
-8.171429879332525736e-02
-8.179708202197066846e-02
-8.188365563536381675e-02
-8.197535186667948004e-02
-8.207991486803811743e-02
-8.220039269052936692e-02
-8.232101659568258345e-02
-8.242769239897340672e-02
-8.252527216492522300e-02
-8.261472642784617459e-02
-8.269467610466407770e-02
-8.276744205936936716e-02
-8.283906375782079667e-02
-8.291308616110037999e-02
-8.298989604848205914e-02
-8.306791442828953542e-02
-8.314758761533769249e-02
-8.323416748795608999e-02
-8.333240290019450214e-02
-8.343543184958590597e-02
-8.354936685136660213e-02
-8.367167347281734280e-02
-8.378558259603618996e-02
-8.388250242606631879e-02
-8.396459980154280522e-02
-8.404121869005343193e-02
-8.411892055813874336e-02
-8.419937852317016524e-02
-8.428402469301166100e-02
-8.437742736419329148e-02
-8.446493697252077659e-02
-8.454876418669765581e-02
-8.463096368094646937e-02
-8.471864943730322839e-02
-8.482419494398041326e-02
-8.494910891568330236e-02
-8.506992136782198788e-02
-8.517021483233133683e-02
-8.525861555772573652e-02
-8.534775733691579713e-02
-8.543981000682976390e-02
-8.553042308124281234e-02
-8.561284114365053100e-02
-8.569277460662927393e-02
-8.577016351503929936e-02
-8.584483470931780769e-02
-8.592239476153162858e-02
-8.601171500985638207e-02
-8.611746900729233545e-02
-8.623739951805198256e-02
-8.636339896517608583e-02
-8.648449218733422761e-02
-8.658842669562505368e-02
-8.667438749414835275e-02
-8.675096214283273266e-02
-8.682653988669564171e-02
-8.690343412657419719e-02
-8.697879904677918717e-02
-8.705114707729089130e-02
-8.712439637901037148e-02
-8.720633927357357429e-02
-8.730408761199093259e-02
-8.741392350652998910e-02
-8.753075368364404696e-02
-8.765913504072631035e-02
-8.777938187477329901e-02
-8.788054630944719392e-02
-8.796717968549228051e-02
-8.805084927887896207e-02
-8.813599094141089108e-02
-8.821944046178376020e-02
-8.830127730976633504e-02
-8.838852169433619732e-02
-8.847225638608946507e-02
-8.855202684092833287e-02
-8.862726353461114481e-02
-8.870621305817150137e-02
-8.879204228951376177e-02
-8.888223004696549356e-02
-8.897518090200273733e-02
-8.907737743990762347e-02
-8.919747217777385107e-02
-8.932996233046486267e-02
-8.944695793023293984e-02
-8.954478403599896996e-02
-8.963349120080665866e-02
-8.971422438365805885e-02
-8.978786330425203577e-02
-8.985834096178779706e-02
-8.993137400787099001e-02
-9.000985380482118270e-02
-9.009357602775613927e-02
-9.018545453689352787e-02
-9.028843972348543634e-02
-9.039129111347588008e-02
-9.049968857594348215e-02
-9.061460671429066860e-02
-9.072844352554820802e-02
-9.083310551773715602e-02
-9.092632195416905372e-02
-9.100834880066710486e-02
-9.108482381163562902e-02
-9.116433386166233888e-02
-9.125202997311465669e-02
-9.133209732888447618e-02
-9.141038485101637967e-02
-9.148967285734654897e-02
-9.156805781774546293e-02
-9.164699115252195050e-02
-9.173032145508552837e-02
-9.182602461798561322e-02
-9.194295505667215984e-02
-9.207726248011471881e-02
-9.220194587398855557e-02
-9.230710628797911266e-02
-9.239441102408740836e-02
-9.247204887233384518e-02
-9.254418668897579359e-02
-9.261685072008385422e-02
-9.270492169224586743e-02
-9.282199975440152961e-02
-9.293502350286730884e-02
-9.303522687608023478e-02
-9.313006905906595634e-02
-9.322544893079032224e-02
-9.331503911713090460e-02
-9.339364140511741130e-02
-9.346738969101864303e-02
-9.354289335873067213e-02
-9.361768352050237052e-02
-9.369937357552748924e-02
-9.379018602124700177e-02
-9.388586487118710799e-02
-9.398627394024583470e-02
-9.409721277831972763e-02
-9.422589274124715253e-02
-9.434298876572289050e-02
-9.444130190330157770e-02
-9.453088173657442361e-02
-9.461563035804843036e-02
-9.469571380867380928e-02
-9.477081033088119444e-02
-9.484448839550640997e-02
-9.491653116535292423e-02
-9.499302480122928660e-02
-9.507852585273379731e-02
-9.517706713018903031e-02
-9.526852412117137181e-02
-9.536428958114173682e-02
-9.546781073660715045e-02
-9.558070155999509598e-02
-9.569860479077429982e-02
-9.580854969581120706e-02
-9.591001563331058577e-02
-9.600622536712954957e-02
-9.609798646010025980e-02
-9.619448056186852281e-02
-9.628600379644902674e-02
-9.636655551125905550e-02
-9.644157686017407194e-02
-9.651470894349400975e-02
-9.659053212932133814e-02
-9.667387081381373370e-02
-9.676564747962623780e-02
-9.686526095293490624e-02
-9.697549250731685166e-02
-9.710382329831335202e-02
-9.722987709200681117e-02
-9.732763672235622554e-02
-9.740936783796383391e-02
-9.748656649714659839e-02
-9.756451205077409927e-02
-9.764644229474372938e-02
-9.772664458319457736e-02
-9.781031590093025585e-02
-9.790714495552754748e-02
-9.803603267102600771e-02
-9.815778394450169753e-02
-9.825188783998672903e-02
-9.833332147609119556e-02
-9.841262377037685027e-02
-9.849484848648037971e-02
-9.858454227463464559e-02
-9.868774260076806915e-02
-9.881769820323915710e-02
-9.894641390039382589e-02
-9.904245684401613570e-02
-9.912398798584864945e-02
-9.920033901089975181e-02
-9.928388085981454392e-02
-9.938331309482284492e-02
-9.950473382115965215e-02
-9.961227406291150999e-02
-9.970626211815702966e-02
-9.979298819079418514e-02
-9.989765091706492850e-02
-1.000063181395949297e-01
-1.000925312835465597e-01
-1.001716583230722879e-01
-1.002533375861131004e-01
-1.003555524767685281e-01
-1.004709791227105242e-01
-1.005644276586131758e-01
-1.006448165000821682e-01
-1.007235384964951797e-01
-1.008110111154657540e-01
-1.009250511041125398e-01
-1.010252117033941799e-01
-1.011112442206554274e-01
-1.011938067702189414e-01
-1.012904032993249270e-01
-1.014213458780599542e-01
-1.015200454264907348e-01
-1.016019628577964351e-01
-1.016838133111115372e-01
-1.017835310109377334e-01
-1.018789864131034451e-01
-1.019566642793551248e-01
-1.020466243725111077e-01
-1.021450784783272114e-01
-1.022564383420595524e-01
-1.023396509631208096e-01
-1.024155578799754718e-01
-1.025035391989832512e-01
-1.026218431996860359e-01
-1.027224601587638508e-01
-1.028294849563252678e-01
-1.029246316916407888e-01
-1.030343447088840625e-01
-1.031184852455198087e-01
-1.032030742838947468e-01
-1.033154645123476323e-01
-1.034206619369973934e-01
-1.035327002663185558e-01
-1.036410483989526066e-01
-1.037287021673124476e-01
-1.038171800049901838e-01
-1.039218526863990855e-01
-1.040173359283415033e-01
-1.041304777346686583e-01
-1.042325155854050278e-01
-1.043152549853405553e-01
-1.044094098531563874e-01
-1.045001483641662121e-01
-1.045876405531285247e-01
-1.047013491074311187e-01
-1.047895391504004570e-01
-1.048730452838466665e-01
-1.049713005190079373e-01
-1.050628310709321722e-01
-1.051472324435176464e-01
-1.052607284844975233e-01
-1.053582416074428929e-01
-1.054427483759075024e-01
-1.055388511325091594e-01
-1.056293388383752196e-01
-1.057139999952260156e-01
-1.058281171806898513e-01
-1.059197810321180766e-01
-1.060136362074139971e-01
-1.061048530681362179e-01
-1.061933479323478036e-01
-1.062956964948577054e-01
-1.064060118891529960e-01
-1.064990556444536107e-01
-1.065992562146317324e-01
-1.066921035170030896e-01
-1.067944659226097714e-01
-1.069334968837873934e-01
-1.070282755274715170e-01
-1.071209629884455339e-01
-1.072169557999238521e-01
-1.073055413922330281e-01
-1.074192422794153501e-01
-1.075216308531724563e-01
-1.076057412493997001e-01
-1.076855187767170596e-01
-1.077702050626486718e-01
-1.078729203083492738e-01
-1.079908807292838668e-01
-1.080864142460261634e-01
-1.081963831702632550e-01
-1.082810112114920287e-01
-1.083603402219188716e-01
-1.084435271799319978e-01
-1.085411863961103229e-01
-1.086616686200506665e-01
-1.087713383989346028e-01
-1.088673850180269520e-01
-1.089912829744147382e-01
-1.090852789030017922e-01
-1.091674568285713187e-01
-1.092477141807658425e-01
-1.093310483183885795e-01
-1.094197180093388067e-01
-1.095160254169303959e-01
-1.096223805279856744e-01
-1.097429957866865591e-01
-1.098746670321102403e-01
-1.099949988681533375e-01
-1.100953082465715438e-01
-1.101877758608902358e-01
-1.102837467958046602e-01
-1.104013678570409107e-01
-1.104869405142835381e-01
-1.105793982716051227e-01
-1.107004635989721208e-01
-1.107794038293012928e-01
-1.108551684046814589e-01
-1.109602586950939607e-01
-1.110600458737924789e-01
-1.111358333209454541e-01
-1.112164153510840636e-01
-1.113581377816269535e-01
-1.114438354376572349e-01
-1.115169804209611426e-01
-1.116013399319439880e-01
-1.117362363404461600e-01
-1.118144858150802445e-01
-1.118881520302775767e-01
-1.119795292378799045e-01
-1.120880965675261631e-01
-1.121644112889618183e-01
-1.122393866516231409e-01
-1.123550855688649763e-01
-1.124490869535452742e-01
-1.125258662928220188e-01
-1.126101631137823578e-01
-1.127505178246863693e-01
-1.128324060824135167e-01
-1.129534588131108075e-01
-1.130291466022664837e-01
-1.131377696913662412e-01
-1.132145689170306335e-01
-1.133147817620279163e-01
-1.133923839637370756e-01
-1.134905375106387559e-01
-1.135718576698103721e-01
-1.136657510870472398e-01
-1.137449873162726943e-01
-1.138349226920508661e-01
-1.139145632041344003e-01
-1.139985954426052661e-01
-1.140802154387625666e-01
-1.141631337035805549e-01
-1.142437998593140991e-01
-1.143251320976552687e-01
-1.144085354500988805e-01
-1.144858380818781773e-01
-1.145729531590257144e-01
-1.146504806541617238e-01
-1.147363921812210030e-01
-1.148136856527135485e-01
-1.149038177838506147e-01
-1.149776493088214835e-01
-1.150731883524819255e-01
-1.151482378085441072e-01
-1.152417942809997875e-01
-1.153176280241343665e-01
-1.154185006651182732e-01
-1.154927494878233984e-01
-1.155984193533833304e-01
-1.156730492352352480e-01
-1.157753847675657699e-01
-1.158488614882331458e-01
-1.159569416622897586e-01
-1.160286244739991979e-01
-1.161404598923996279e-01
-1.162134522364343114e-01
-1.163203142497073461e-01
-1.163931923703622751e-01
-1.165033566537571064e-01
-1.165747920333091159e-01
-1.166847392881515955e-01
-1.167577192025637256e-01
-1.168624550022392405e-01
-1.169355024202965998e-01
-1.170443067946145277e-01
-1.171158568428720681e-01
-1.172211738128698943e-01
-1.172948356769816236e-01
-1.173925797814233674e-01
-1.174666008535757422e-01
-1.175660494399972666e-01
-1.176391760169545053e-01
-1.177370279154528188e-01
-1.178133002395549411e-01
-1.179040089667598989e-01
-1.179810491531838590e-01
-1.180748105920649271e-01
-1.181490513014041843e-01
-1.182420977517525396e-01
-1.183211791161933313e-01
-1.184048999713104289e-01
-1.184864237356569872e-01
-1.185734033984526814e-01
-1.186522890600248958e-01
-1.187463301349160893e-01
-1.188780959324922115e-01
-1.189718570585952540e-01
-1.190660700601758881e-01
-1.191640617893848786e-01
-1.192678609336128570e-01
-1.193800419123436374e-01
-1.195036112155238861e-01
-1.196412426290770492e-01
-1.197910933854747784e-01
-1.199412360143899958e-01
-1.200806330741908123e-01
-1.202038503045128603e-01
-1.202797563908745149e-01
-1.203778378958546558e-01
-1.204559911788297688e-01
-1.205525274495666821e-01
-1.206258083070269604e-01
-1.207182182313281116e-01
-1.207951612640454364e-01
-1.208861415804378669e-01
-1.209598375263781778e-01
-1.210488004595612344e-01
-1.211256420327351258e-01
-1.212129516088126246e-01
-1.212872935716355904e-01
-1.213736547083071882e-01
-1.214507605214542041e-01
-1.215357417895017722e-01
-1.216109829306551982e-01
-1.216962522776511291e-01
-1.217734449826123333e-01
-1.218590234057871369e-01
-1.219338896972751440e-01
-1.220213491934729610e-01
-1.220970461631845083e-01
-1.221855541297925951e-01
-1.222589516393494113e-01
-1.223505653215004596e-01
-1.224249217395008138e-01
-1.225188298019737054e-01
-1.225912181860487893e-01
-1.226878981322646611e-01
-1.227608164693314574e-01
-1.228591411872903549e-01
-1.229307297748808425e-01
-1.230332868458485773e-01
-1.231055054434605500e-01
-1.232109529961445960e-01
-1.232820679788602103e-01
-1.233930788546574453e-01
-1.234647651721290096e-01
-1.235798165708200669e-01
-1.236507238258980346e-01
-1.237747335530989812e-01
-1.238466515050249406e-01
-1.239770538297717550e-01
-1.240486667117451924e-01
-1.241892360195492317e-01
-1.242612063916264109e-01
-1.244013166332250675e-01
-1.244722240756972464e-01
-1.246197019157052610e-01
-1.246916976963193813e-01
-1.248392757074644477e-01
-1.249103608812591748e-01
-1.250680523073802730e-01
-1.251407133021104068e-01
-1.252971723119161718e-01
-1.253689618414878248e-01
-1.255356359391236465e-01
-1.256100152048374996e-01
-1.257694713826843502e-01
-1.258433516579197109e-01
-1.260095373978874500e-01
-1.260898337250817569e-01
-1.262409216842436122e-01
-1.263645313659123026e-01
-1.264886718630889861e-01
-1.265885261847105037e-01
-1.266705671682599732e-01
-1.267912479130410830e-01
-1.268833840052925321e-01
-1.269638764790890217e-01
-1.270759446748911392e-01
-1.271709426849368940e-01
-1.272476640352387944e-01
-1.273659284622115084e-01
-1.274555352744941583e-01
-1.275322697401988226e-01
-1.276504535719270583e-01
-1.277384562166776760e-01
-1.278167360527205920e-01
-1.279313496788960780e-01
-1.280226472546167615e-01
-1.280972558264853456e-01
-1.282243786536435559e-01
-1.283084527040919687e-01
-1.283854200180045702e-01
-1.285108132896310984e-01
-1.285960694772505519e-01
-1.286732796881254748e-01
-1.288036692596127297e-01
-1.288888771809360012e-01
-1.289642735735282431e-01
-1.291098164656153680e-01
-1.291898137665449253e-01
-1.292688831575955488e-01
-1.294130382607583396e-01
-1.294950536688942444e-01
-1.295737950167953345e-01
-1.297270646390179527e-01
-1.298081368285478598e-01
-1.298857060098621563e-01
-1.300388160892874678e-01
-1.301188853313981486e-01
-1.301983901242245167e-01
-1.303395278569513538e-01
-1.304239270647186144e-01
-1.305010637765318116e-01
-1.306465704818728923e-01
-1.307291399499337370e-01
-1.308069562877097747e-01
-1.309467019370560426e-01
-1.310300230248954145e-01
-1.311087642224617600e-01
-1.312430396663963883e-01
-1.313294035846345187e-01
-1.314062202156527359e-01
-1.315474935036817783e-01
-1.316303489240112645e-01
-1.317092717096476351e-01
-1.318438389750595796e-01
-1.319294032916414894e-01
-1.320071990561607622e-01
-1.321464207006949332e-01
-1.322305908330028146e-01
-1.323081084300090637e-01
-1.324515616301114029e-01
-1.325341889090313474e-01
-1.326134656579331939e-01
-1.327553868009058169e-01
-1.328393220298081934e-01
-1.329173287340109644e-01
-1.330686553620404888e-01
-1.331500890879364629e-01
-1.332300264184901328e-01
-1.333827379866679985e-01
-1.334658796372785172e-01
-1.335597399023495946e-01
-1.337111505616960239e-01
-1.337900215166167861e-01
-1.338777148383516469e-01
-1.339894995713492021e-01
-1.340661494012415078e-01
-1.341724833284131391e-01
-1.342630685362715681e-01
-1.343401560584944754e-01
-1.344893288527235775e-01
-1.345693413382766934e-01
-1.346530484468562161e-01
-1.347856956225457203e-01
-1.348639986938015012e-01
-1.349595354501645916e-01
-1.350583029566196913e-01
-1.351367394927162069e-01
-1.352590425507742555e-01
-1.353471309858397253e-01
-1.354281408076416504e-01
-1.355891855711663929e-01
-1.356723431735787910e-01
-1.357762130034675385e-01
-1.359014302880797720e-01
-1.359860653752803517e-01
-1.360746009103794840e-01
-1.362282895145673356e-01
-1.363105891644070811e-01
-1.363914204924161488e-01
-1.365269135472405582e-01
-1.366170506724936340e-01
-1.366941050843647476e-01
-1.367976956837066993e-01
-1.369030983713125371e-01
-1.369805238267608472e-01
-1.370677068363083118e-01
-1.372091848036359751e-01
-1.372883682192849175e-01
-1.373692960702934673e-01
-1.375166076128747639e-01
-1.376028071993580237e-01
-1.376802891656142558e-01
-1.377936360252980386e-01
-1.378908911555298822e-01
-1.379672274737716586e-01
-1.380619558621910548e-01
-1.381800022683719043e-01
-1.382583614354638835e-01
-1.383409515614569818e-01
-1.384978864292859546e-01
-1.385780375778260520e-01
-1.386577755436436687e-01
-1.387927352988291840e-01
-1.388815951167946539e-01
-1.389583079425512624e-01
-1.390655365071982175e-01
-1.391671430353773609e-01
-1.392438097604579150e-01
-1.393373756170294131e-01
-1.394605742677592630e-01
-1.395409680981558598e-01
-1.396233071933700165e-01
-1.397837690880775474e-01
-1.398645336749633206e-01
-1.399444074380692404e-01
-1.400788380420916468e-01
-1.401671460615763198e-01
-1.402432786181465607e-01
-1.403512782270186499e-01
-1.404493175525728388e-01
-1.405244146272972561e-01
-1.406176421345528560e-01
-1.407332390033387837e-01
-1.408100500583691073e-01
-1.408927675503625077e-01
-1.410417290224500464e-01
-1.411194886852943364e-01
-1.411990894092987059e-01
-1.413459517076267602e-01
-1.414297472345985573e-01
-1.415056963881295982e-01
-1.416276457707615899e-01
-1.417178776008873875e-01
-1.417927668797031027e-01
-1.418939579647611193e-01
-1.419961766558537342e-01
-1.420717141367960901e-01
-1.421597716237212872e-01
-1.422865181621557618e-01
-1.423625779418647985e-01
-1.424461576203485125e-01
-1.425958279452869126e-01
-1.426761138939270923e-01
-1.427547378454425697e-01
-1.429070351088101987e-01
-1.429868127042470682e-01
-1.430652551839090014e-01
-1.432224381091308230e-01
-1.433016008201575264e-01
-1.433805651575611462e-01
-1.435231235477038014e-01
-1.436079377108091526e-01
-1.436830951593695005e-01
-1.438007116422744813e-01
-1.438915053691612878e-01
-1.439663659526643213e-01
-1.440646761173114410e-01
-1.441691067663669612e-01
-1.442440868973713375e-01
-1.443316617407811586e-01
-1.444585925156460782e-01
-1.445343670149562554e-01
-1.446169880075672820e-01
-1.447675774673007343e-01
-1.448475827162285512e-01
-1.449246942590198817e-01
-1.450701494031233496e-01
-1.451533287084220136e-01
-1.452300817794194288e-01
-1.453507591867782001e-01
-1.454387550754963065e-01
-1.455142817742539618e-01
-1.456252709740860629e-01
-1.457180974308827093e-01
-1.457925000007674887e-01
-1.459012045408750735e-01
-1.459922106850056744e-01
-1.460682223080660425e-01
-1.461794875516624348e-01
-1.462703398410879485e-01
-1.463461378959247661e-01
-1.464700103253442354e-01
-1.465554242210527214e-01
-1.466322501428409808e-01
-1.467888235307108769e-01
-1.468676095790358849e-01
-1.469525639834170505e-01
-1.470671573708857149e-01
-1.471422101432834362e-01
-1.472540292376058879e-01
-1.473382626198628254e-01
-1.474195396623185772e-01
-1.475422596533880748e-01
-1.475803925053678078e-01
