4.662145204517712527e-01
4.665862438791796851e-01
4.665751196191025851e-01
4.675892887684825472e-01
4.713684032413023028e-01
4.705861850671463897e-01
4.697517755552159668e-01
4.687726725054626176e-01
4.678439045931698237e-01
4.684937800327694801e-01
4.701656782961229908e-01
4.713487418621291059e-01
4.737670718705335182e-01
4.797385024031226020e-01
4.954187661375741847e-01
4.807358738502864881e-01
4.823573163769920291e-01
4.839713784959093212e-01
4.879491620700527332e-01
4.913249509494020950e-01
4.927851720165465910e-01
4.955702463863304041e-01
4.993822384013030802e-01
5.063355670321625368e-01
5.118708025003739781e-01
5.179442232462410090e-01
5.237514680638974962e-01
5.259918265277285787e-01
5.273202566678457659e-01
5.306759134896598118e-01
5.307448352793462387e-01
5.340404380528553929e-01
5.444731702493236236e-01
5.404811819513274385e-01
5.424232936194270938e-01
5.455468088373973679e-01
5.499512181703957170e-01
5.545824662846523534e-01
5.602404687470555755e-01
5.768355645103295792e-01
5.749133117932718751e-01
5.645160713879311398e-01
5.667232687919323553e-01
5.680391936642796846e-01
5.688184160379178289e-01
5.666741905183652062e-01
5.681294265642599095e-01
5.689807915304226915e-01
5.707715422590607934e-01
5.745256959203060010e-01
5.806929704583730922e-01
5.740172461404118298e-01
5.725384132421608152e-01
5.730618416010030414e-01
5.726801690776001097e-01
5.725610146413560031e-01
5.742152018820809722e-01
5.869572984110136282e-01
5.761077773819122116e-01
5.788444755592366819e-01
5.803956443421770528e-01
5.750263716910495315e-01
5.668317081600227070e-01
5.608982363948868954e-01
5.580861346093850539e-01
5.571818142372308991e-01
5.569887919437477297e-01
5.542293092350950579e-01
5.562945291586202101e-01
5.564335762167899047e-01
5.522460602919887496e-01
5.525119709987952321e-01
5.481295219625768045e-01
5.471240185560398706e-01
5.454104133279620292e-01
5.430234364067014763e-01
5.424864912866756983e-01
5.403009568690884112e-01
5.394131821669020388e-01
5.416595315407809474e-01
5.417370406357716606e-01
5.465346649058997475e-01
5.478792397132281611e-01
5.493883484214302504e-01
5.594574823430299437e-01
5.564716441326960084e-01
5.569199963993338720e-01
5.610999433268164527e-01
5.662291879366504466e-01
5.722884891836459431e-01
5.771183339032999182e-01
5.906351694693441345e-01
5.905555853958784907e-01
5.892944866439783214e-01
5.891144188671003645e-01
5.944675918840510720e-01
6.011519943554707313e-01
6.044073949348478525e-01
6.168311562030155404e-01
5.911759235533023960e-01
5.839789033202130719e-01
5.793803164441684306e-01
5.749529874700570753e-01
5.709315162155642609e-01
5.706285139458164846e-01
5.625165504695921470e-01
5.580604156026831575e-01
5.519751759869434560e-01
5.494908325893909096e-01
5.502016545172332407e-01
5.485618068914152046e-01
5.420732968479895497e-01
5.332414848838966659e-01
5.277246238755701757e-01
5.240608708648121228e-01
5.197222873223912298e-01
5.206670825038760553e-01
5.215980104820251428e-01
5.161016332694690067e-01
5.128822133129268268e-01
5.076863105920095265e-01
5.066298775543097710e-01
5.044267361103405012e-01
5.004811994472241343e-01
5.044557615970308717e-01
4.971462365592581589e-01
4.992971322855604410e-01
4.941378223244390355e-01
4.944530227375038556e-01
5.059237658420505657e-01
4.933285353009176921e-01
4.932050806596463000e-01
4.930266855606503240e-01
4.926388347845726545e-01
5.094924248719115978e-01
4.928359212807291168e-01
4.930271139148291182e-01
4.929784542977128092e-01
4.937665084249646119e-01
5.006998739660329933e-01
4.965304020976008537e-01
5.009184183902463117e-01
5.046753742742005056e-01
4.980255698304575374e-01
5.000613370136720581e-01
4.937613243949402486e-01
4.941510683640554791e-01
4.930887493105822750e-01
4.953636462654518735e-01
5.030734393529234794e-01
5.126409873101945847e-01
5.057831276155260181e-01
5.022189946662104498e-01
5.008529200362855649e-01
5.031978486452495236e-01
5.010377606536265960e-01
5.168812067477785988e-01
5.664780373255118295e-01
5.655123048402774799e-01
5.173256078717664019e-01
5.050744393857959924e-01
4.944174597733784760e-01
4.913757253537986980e-01
4.913890741201974999e-01
5.202392238302580019e-01
4.868146102187249080e-01
4.935950485301555668e-01
5.093588748331678850e-01
4.818299210800554011e-01
4.771501548059237097e-01
4.782124598321658704e-01
4.858904358987952699e-01
4.967748878879010843e-01
4.962363961828163417e-01
4.869538203781759722e-01
4.823278373924734796e-01
4.872148794613684886e-01
4.872662385887921999e-01
4.969421795749270898e-01
5.011640571540464384e-01
5.131959087632786964e-01
5.324348587570300051e-01
5.899490751689930867e-01
5.745363007528475618e-01
5.422737237607461180e-01
5.330229843532434675e-01
5.201597068368802868e-01
5.104881103185695546e-01
5.129151033726728759e-01
5.143749050152582880e-01
5.341891575351082055e-01
5.735921827156293951e-01
5.186965923774791154e-01
5.201613895962555745e-01
5.220698413964814932e-01
4.920654054822252710e-01
4.956695979797526297e-01
5.094060617003250968e-01
4.933858532953515619e-01
4.951395533036759833e-01
4.959666639071136363e-01
4.901244127818092933e-01
4.823148776928172787e-01
4.922980622057780420e-01
4.692630242593201495e-01
4.662184440852756295e-01
5.092681144978556951e-01
4.738367163884120714e-01
4.924196503773872746e-01
4.759840026219771536e-01
4.739180772496343619e-01
4.805830260425843492e-01
4.686851135714468763e-01
4.634958565747177017e-01
4.803596345729249650e-01
4.708644868964322883e-01
4.857449709982546437e-01
4.996529943416534447e-01
5.104107685228370661e-01
5.079388137139499992e-01
4.987472102317028200e-01
4.907802229914711711e-01
4.948276272289146571e-01
5.141722016988402588e-01
4.831857659534073979e-01
4.843373323948154674e-01
4.876104553350401605e-01
5.015856415048788319e-01
4.798627008905613223e-01
4.644237589922814990e-01
4.766909522721948789e-01
4.609007170178923141e-01
4.695925056389589347e-01
4.876903235997622210e-01
4.977703045096962264e-01
4.986771559026350609e-01
4.743367728241378867e-01
4.817702983069211964e-01
4.818075696163648947e-01
4.963844395320320957e-01
5.284533357738903092e-01
5.346412201711847612e-01
5.317963110678446403e-01
5.252154231295940168e-01
5.367052888537681143e-01
5.255503936992707015e-01
5.157247043059157710e-01
5.290927409269792214e-01
5.486689031521730930e-01
5.355975222184697904e-01
5.387843601318590414e-01
5.585988639521545229e-01
6.057107978230006351e-01
5.754654555983980124e-01
5.621159971516256348e-01
5.992655527123966763e-01
5.297362880518927675e-01
5.252195319049307587e-01
5.338457207449940345e-01
5.504239779052801929e-01
6.055142448910246777e-01
5.666314808273436032e-01
6.154469881014998922e-01
5.376870624005424260e-01
4.916409010817176517e-01
4.843949506615951028e-01
4.706376106774746715e-01
4.691676543535576727e-01
4.698182327901319622e-01
4.685687840097344514e-01
4.770218237564476937e-01
4.869268465840460580e-01
5.079256937700807883e-01
5.610436672517150614e-01
4.865436737267638811e-01
4.776867338514090844e-01
5.058623214034613236e-01
4.826192874971624303e-01
4.921741806545301690e-01
4.787916854880481243e-01
4.792276599955571648e-01
5.012647658216329294e-01
4.870665184102092593e-01
4.900743015607872399e-01
4.967798820048923703e-01
5.007262479922218734e-01
5.333687211692562657e-01
5.575285348603959967e-01
5.384606637985367428e-01
7.372798670845518432e-01
5.221918768243499764e-01
4.992581279698335983e-01
4.867678201113351255e-01
4.816059413440043624e-01
4.829434178140168954e-01
4.885591450111954614e-01
5.289150068140875405e-01
5.107801996668831501e-01
5.081839006888021482e-01
5.297769638714572293e-01
5.200977717427194280e-01
5.156014070184242737e-01
5.363766295017596830e-01
5.927839258633713637e-01
6.422654613832422532e-01
6.355195740357502121e-01
5.970321524713372296e-01
6.008938355129819220e-01
6.496993505946566660e-01
5.394525489787080907e-01
5.187625311409520545e-01
5.247754265978988863e-01
5.095030404526521561e-01
5.275954800124877941e-01
6.388404008108741206e-01
5.023666719646499024e-01
4.883175866664051235e-01
5.021183959143481479e-01
4.950513779835284955e-01
5.816654739249264017e-01
5.185032656708098431e-01
4.931340342934583676e-01
4.843216822996492810e-01
4.903461884938892790e-01
5.434988507826399307e-01
5.684595924287948465e-01
5.139696048026205499e-01
4.964854811290901893e-01
5.073704372995568868e-01
7.359957684693312352e-01
4.899440942292949130e-01
4.684990296683626543e-01
4.764903332925010115e-01
5.227352747225821883e-01
5.272440821962174340e-01
4.773021967204688076e-01
4.741104053415083341e-01
5.000708684437429330e-01
7.438142072862387044e-01
4.987059718532281805e-01
4.828705685217236643e-01
5.258459648152169486e-01
5.226239394548302108e-01
4.801576413645903818e-01
4.955537999238439628e-01
7.038161086335091854e-01
4.942928411320911541e-01
4.799804962330680436e-01
5.724123319153433531e-01
4.950045222807522016e-01
4.753509983233636937e-01
5.569230022702330585e-01
4.903114408024250581e-01
4.728815422687661640e-01
5.505465742779549476e-01
4.865968123081514940e-01
4.667869265052726480e-01
5.520348937579191428e-01
4.822025313530234336e-01
4.612956399663944995e-01
5.518545670558410166e-01
4.797503584921354869e-01
4.627273407222733947e-01
5.511699054044102430e-01
4.812434682965151533e-01
4.619594691491748506e-01
5.235596327821011586e-01
4.929148085373188937e-01
4.697911007658582827e-01
5.077787139870756361e-01
5.184387924643533152e-01
4.723383230854844572e-01
5.017288580080624394e-01
5.175306004810144023e-01
4.729176180437841825e-01
5.292989868991615499e-01
4.936111379724872350e-01
4.703873673700152414e-01
5.706351101304101281e-01
4.913651012362327819e-01
4.870248832449762810e-01
6.490543763806023714e-01
4.974086667091505154e-01
5.037017984009144467e-01
7.520782332477811138e-01
6.507053224379443224e-01
5.927868694296534180e-01
5.460635242945776069e-01
5.042230956452253832e-01
5.157723064877367536e-01
5.685229737226572544e-01
4.980816138222242673e-01
5.001346132632974451e-01
5.587236716337561360e-01
5.297039142217494501e-01
4.918802885615871090e-01
5.240431142590529223e-01
5.611339088623066296e-01
4.940935630913080856e-01
5.067664240655629371e-01
5.662866633863339327e-01
5.078097292478296332e-01
5.068051790453446115e-01
5.786797658985960435e-01
5.229447644966297437e-01
5.074256952495500572e-01
5.279171671096738461e-01
5.490389955786286746e-01
4.911776871502032682e-01
5.013701172791495964e-01
5.654810516790530484e-01
4.908801024188811368e-01
4.859041125149581308e-01
5.362454841019407281e-01
5.134390389398453269e-01
4.828352311543036013e-01
5.033363982161861427e-01
5.419540459643535923e-01
4.763370163447607775e-01
4.749305464768360796e-01
5.229324224659356313e-01
5.133119370810287352e-01
4.693354875133078918e-01
4.851917333027677137e-01
5.697367082138228289e-01
4.785438466756691822e-01
4.684500589061505460e-01
5.521795511970086778e-01
4.818055950007495980e-01
4.584671421854525919e-01
5.267981603117561917e-01
5.103825221781547183e-01
4.645861985612728118e-01
4.862130712610354677e-01
5.899164885142961223e-01
4.994096813984888472e-01
4.916112728756008021e-01
5.524132784310482602e-01
5.607906208560039518e-01
4.991202362618781807e-01
5.101279273304488715e-01
5.938071289547411924e-01
5.029353721113054565e-01
4.924114663778902945e-01
5.468102711792336423e-01
5.660642236932196258e-01
5.880494097225407168e-01
5.301234979364445321e-01
5.468745741766666280e-01
5.250036638864319372e-01
4.942843689487079750e-01
5.011927368926620829e-01
5.016324269709825368e-01
5.286887249299970781e-01
5.495656677977751592e-01
5.157588126165542075e-01
5.087814622482536020e-01
5.180480706777950139e-01
5.453714490978922580e-01
5.933309107484276979e-01
6.145380317314945717e-01
5.866206144194845429e-01
5.370675842209250428e-01
5.755573933911746209e-01
6.030105132601828455e-01
5.476388377862277945e-01
5.628531218152339477e-01
6.040224850960753677e-01
5.952276364061396263e-01
5.596779573820482856e-01
5.666386066474455863e-01
6.184728986854548527e-01
5.683354301286548393e-01
5.749806808936867020e-01
6.351255528173114229e-01
5.462497960826585564e-01
5.204113313432027210e-01
6.162985644379013195e-01
5.059886616666157133e-01
5.175893286672439420e-01
5.959640968707405895e-01
5.050897792826369859e-01
5.165733511177769133e-01
5.851905922534987869e-01
5.091438038756512796e-01
5.397470160482333856e-01
5.458183313967123196e-01
4.953294251680352978e-01
5.378322660808944056e-01
5.220102375380148985e-01
4.941592643293150067e-01
5.801002607818702694e-01
5.042880881744424837e-01
4.933117809254076724e-01
5.913568496282759490e-01
5.008213163782719857e-01
5.901217394941868921e-01
5.018180217552179467e-01
5.210028679765653647e-01
6.175155261415831154e-01
5.473322394215973663e-01
5.274074570488341829e-01
5.341817581500324374e-01
5.205780560713780813e-01
5.335464602965097614e-01
5.247263108546391663e-01
5.635091168574667408e-01
5.215781921715324509e-01
5.458105912075161825e-01
5.109297613612848732e-01
5.720070874874038092e-01
5.127712995430494525e-01
6.114616057343968958e-01
5.094888020710487408e-01
5.848881405140665679e-01
5.084232701087949557e-01
5.414843345647700756e-01
5.260721267391842426e-01
5.187470579879016608e-01
5.571141857882178083e-01
5.053498637070235056e-01
6.003401741374702061e-01
5.180276526149442118e-01
6.100518456830313907e-01
5.383316572523043630e-01
6.079597706580361915e-01
5.895112699146102253e-01
5.915867011779702977e-01
5.815094439683055061e-01
5.413222341665469006e-01
5.567666195667281270e-01
5.286937474374607815e-01
5.825400509833452700e-01
5.462801182629357655e-01
5.860588431814077737e-01
5.126719087651315787e-01
5.757069110698125325e-01
5.122433756833507656e-01
5.606111925003869345e-01
5.202555017241561330e-01
5.431607530501337822e-01
5.171135376194048172e-01
5.451463202647325312e-01
5.247370922681612315e-01
5.466554250036792517e-01
5.281136789797729048e-01
5.708066928753730007e-01
5.892296263981664506e-01
5.548578070968895881e-01
5.971244914384075120e-01
5.602243352147655564e-01
5.232321855592957371e-01
5.469999283669503276e-01
5.953630141094121697e-01
5.976583908045866034e-01
5.272389667065641161e-01
5.606670703810878731e-01
5.900407633517483763e-01
5.313170724894227259e-01
5.064393133608574571e-01
5.341002191699886215e-01
5.889814499308858586e-01
5.434109226321722774e-01
5.057752144663397731e-01
5.131247066637154575e-01
5.626947895647689268e-01
5.686712420696087289e-01
5.142973021991292804e-01
5.003522242913313045e-01
5.285399211169852229e-01
5.811161538915445846e-01
5.432893956843974914e-01
5.093055827253469836e-01
5.107665249875311675e-01
5.575293155363127973e-01
5.788614395171779448e-01
5.258314915288211377e-01
5.090148807226945182e-01
5.360584835442175899e-01
5.920936239318477234e-01
5.588022523158411303e-01
5.233678054937932478e-01
5.316255239342463357e-01
5.816615467637596959e-01
5.763654549409705785e-01
5.374308399145325543e-01
5.348022133264733746e-01
5.694504884493672980e-01
5.889673375822858103e-01
5.449356546527078793e-01
5.369555820085923914e-01
5.497743138027341159e-01
5.837517466297733604e-01
5.593717422357759039e-01
5.264054497404101474e-01
5.209515769920478601e-01
5.572952872815647440e-01
5.695309150994323222e-01
5.332973538562715277e-01
5.191182027389724674e-01
5.260262945541278601e-01
5.644446519751592506e-01
5.600870810377667208e-01
5.171992688079517508e-01
5.056183434716146063e-01
5.235901048576155903e-01
5.639122788147428178e-01
5.593058787401876675e-01
5.169485201818735387e-01
4.998617959106232411e-01
5.172903013308588482e-01
5.585604612003941538e-01
5.546841880039630190e-01
5.156226146266759125e-01
5.021632367396615670e-01
5.177029167336042459e-01
5.577871921716587300e-01
5.594172613047558862e-01
5.242096601954913115e-01
5.090635307552185962e-01
5.254573748298410063e-01
5.656180231217059484e-01
5.636563737667880103e-01
5.260650918199286652e-01
5.081341288041169024e-01
5.216933364055974520e-01
5.591994937795835563e-01
5.673022830459660826e-01
5.346576938244801402e-01
5.153019793711897112e-01
5.236083946802220224e-01
5.557411288599255483e-01
5.776752817795314243e-01
5.506617516404025414e-01
5.334094144034787766e-01
5.458139868697637898e-01
5.966310069280834627e-01
7.256485714571809797e-01
6.449844634307309033e-01
6.381266885160041813e-01
6.315600527717309953e-01
6.875980258007493573e-01
6.324664374360464691e-01
6.108606261117625058e-01
6.225568785370362290e-01
5.931255033740447935e-01
6.314601957489102135e-01
5.833489159376857858e-01
6.448082031445525608e-01
5.870893167114048516e-01
6.809133257749239165e-01
6.232036652503447627e-01
6.011596514226501542e-01
6.081740058403561910e-01
6.087057480251946151e-01
6.710928673385717635e-01
6.226430335560667606e-01
5.646214519526164821e-01
6.057069558621878125e-01
6.320478854305440208e-01
6.501903159254944775e-01
6.123396448797626679e-01
6.101513314025643897e-01
6.540864290483853205e-01
6.597175079560670952e-01
5.986510342303620336e-01
6.365001309613880220e-01
6.043156668179368030e-01
6.456989100985722763e-01
6.095174647668858414e-01
5.853771008895201078e-01
6.377686121021121091e-01
6.023102636416762801e-01
6.113454794101287337e-01
5.860571208818858846e-01
5.876130340078701275e-01
6.143198543820029833e-01
6.421129515627689299e-01
5.614186622962437090e-01
6.419050274028694769e-01
5.941324952901285705e-01
5.826031513839496911e-01
5.571827826386828164e-01
6.438064473463163129e-01
5.627303079489517357e-01
6.159993748835302929e-01
6.203236228081236980e-01
5.987305786537269192e-01
5.249304591906953643e-01
7.096507260062593359e-01
5.258459401192560057e-01
5.297835016533765096e-01
6.694911826378387998e-01
5.743300359321639181e-01
6.291699624062582208e-01
6.155943992378348772e-01
5.069231262315597730e-01
4.793812837487725353e-01
4.830241975816731426e-01
5.334910237379353326e-01
5.954738541501762850e-01
5.378618182959539196e-01
6.131874191539382624e-01
6.161383246644742684e-01
6.206788278306816231e-01
6.857769457719062878e-01
7.426932853182555139e-01
6.339470280499611698e-01
4.967793370541350173e-01
4.948015590450594581e-01
6.231010681786982586e-01
4.923532813322412660e-01
4.588185437394267652e-01
4.607847681143761864e-01
4.963278251037799293e-01
6.215381513552228343e-01
5.733229022057053648e-01
5.776071690784805313e-01
6.104024644100947139e-01
6.556803970919959923e-01
7.009411837950960678e-01
5.153631059991869989e-01
5.003833591824615734e-01
6.922265372496729796e-01
6.235447281424418842e-01
5.559683069797483057e-01
4.608564834199997962e-01
4.421993486109449534e-01
4.622330669365404821e-01
5.159093380352620661e-01
5.828012880116548722e-01
4.768303035932596745e-01
4.653497823480828299e-01
5.773867245900091705e-01
5.509934314056408322e-01
6.682007082743143256e-01
5.116980720608739208e-01
5.730896414105786096e-01
6.304234989339763118e-01
4.733022156595989016e-01
4.572309478132369209e-01
5.667090015997318098e-01
5.910268524941457713e-01
4.944553282319026355e-01
6.443647957016749306e-01
5.658830300240775824e-01
5.560773648526909918e-01
4.496381118189256010e-01
7.357510755206149167e-01
4.492917515710960763e-01
4.925085091995497488e-01
5.579588733243139309e-01
4.293883745796269746e-01
6.869740401772040927e-01
4.495813245902999800e-01
4.762281946642910047e-01
5.847765245834400938e-01
4.287064318978382471e-01
6.468295317492629426e-01
4.612748677417276566e-01
4.719168921807740946e-01
6.200683833568733094e-01
4.526026994948509352e-01
6.496145892547533496e-01
5.560365344384964326e-01
5.771746005719037287e-01
4.844025507249338225e-01
6.204526590143262244e-01
4.665434085012567511e-01
7.029945635365432155e-01
4.688626641948367979e-01
7.125633132095862132e-01
5.094593841721085647e-01
5.429885134961729420e-01
5.141369310944354787e-01
5.816461427823096386e-01
5.221836083899200620e-01
5.636330715616474363e-01
4.924627425953172488e-01
6.072348236185572956e-01
5.982199341767420186e-01
5.231910021171649605e-01
6.565490078975430022e-01
5.490573111382023308e-01
5.011536398698288597e-01
5.211779329313472875e-01
5.435043413631798215e-01
4.653668625640088319e-01
5.401102643891083632e-01
7.013052487900884868e-01
6.748550912092303733e-01
6.350782549687832290e-01
5.849610163565205356e-01
5.876090801802089647e-01
5.679080038685464515e-01
4.721908444172043806e-01
4.579592063940891022e-01
5.086675531917075332e-01
5.979946023365803054e-01
5.257392535792019261e-01
6.069541994696210363e-01
5.049414226915669435e-01
5.618978666017141466e-01
6.480360224110230938e-01
4.941031327021254138e-01
5.404866502124258121e-01
4.949668908502468101e-01
4.914941050169522319e-01
5.317959032463909219e-01
4.643458977312197034e-01
5.922057678479858422e-01
4.740331051288734776e-01
6.844961193687002510e-01
5.421217099389891159e-01
5.792215785092748037e-01
5.209718751584280216e-01
4.483091345272842698e-01
4.325537819224360425e-01
4.463818702593749799e-01
5.344673338279919417e-01
5.034460630637315193e-01
4.543566312702682630e-01
4.569899788686048736e-01
4.867445817595642543e-01
5.887690274400962931e-01
6.575661336246187982e-01
6.420394075871422856e-01
4.986809085751218729e-01
4.443496973181313425e-01
4.568742451608654442e-01
6.392838931875272079e-01
5.902846989593664162e-01
5.889592307705892038e-01
5.039588978003897157e-01
4.505639135651896554e-01
4.377296228697265534e-01
4.502952000685412903e-01
5.475848532182688855e-01
4.744143211323088583e-01
4.228525721353702527e-01
4.265753088920001268e-01
4.634805972399551610e-01
5.797900650673466494e-01
5.054451367001719930e-01
4.320475525141622697e-01
5.259766556214159339e-01
6.693105649521833289e-01
5.173827316141300647e-01
4.308849857948481854e-01
4.074826623245638713e-01
4.292682170751946913e-01
5.481683867310573888e-01
5.096285449759787589e-01
4.733283520030585056e-01
4.691512298343049614e-01
5.094237074479007754e-01
6.079419586085524907e-01
4.494677944950220549e-01
6.989526064889772794e-01
6.002124525457738224e-01
7.190402463539798950e-01
4.242806342843992717e-01
4.291416507412090242e-01
6.288308856482641707e-01
3.913186377315701625e-01
4.748700836382638291e-01
6.160797074361270553e-01
4.449620595986646387e-01
5.566930594355451456e-01
4.926210683424954162e-01
4.716541331419820127e-01
5.387243170587929786e-01
7.233093008617762498e-01
4.923563593315473108e-01
4.969001542910781444e-01
6.622777776027952701e-01
5.238268306214957093e-01
5.937478400415308055e-01
5.455150676784912278e-01
5.645645529501341908e-01
5.574691364897403911e-01
5.632345601953081538e-01
5.381925624070499348e-01
5.142290997904094274e-01
5.202299758832235055e-01
6.659008934640524568e-01
4.674683591748905465e-01
5.264488161108474840e-01
5.875565132919808864e-01
5.379727532903323395e-01
4.346434383774671062e-01
5.164936008380286436e-01
5.778657094968451258e-01
4.314593221134654377e-01
5.807763069373345077e-01
4.913304942353629579e-01
4.657544216281577221e-01
7.104207050393475109e-01
4.624641135941705006e-01
4.547555906253224478e-01
6.859112156418014639e-01
6.039993409649137002e-01
6.695177347841675397e-01
4.643165437233487958e-01
5.663484168982441114e-01
6.389902040743976608e-01
5.490981822870030227e-01
5.672942176459114805e-01
5.569062296665490130e-01
5.464323139429797527e-01
5.577809874836247017e-01
5.846156006440280661e-01
4.774224054749888757e-01
5.132123828854229242e-01
6.124978336939845835e-01
5.106998992316970076e-01
5.257919348873599796e-01
6.897497980471173351e-01
6.206238798951880797e-01
5.318613878305306075e-01
4.740478658785017285e-01
4.442932823132483278e-01
4.368912818276791676e-01
4.510701123405925217e-01
4.878587161226577984e-01
5.598629983518881303e-01
6.493477813452793734e-01
6.182026389641060993e-01
5.347184914631998298e-01
4.728035754276424529e-01
4.495776847696276723e-01
4.265130220697652685e-01
4.354807217996574109e-01
4.685076284593502338e-01
5.317958613865404471e-01
6.231812171437427494e-01
6.405683302631599574e-01
5.515831415492034040e-01
4.827099830445615303e-01
4.451114085049794888e-01
4.322988074895141031e-01
4.406371296427704642e-01
4.709620340399592875e-01
5.280915038190023836e-01
6.153129133770606218e-01
6.712592394910221749e-01
6.426209934184619055e-01
6.400260343427202070e-01
6.837392749444842766e-01
5.646813772599884595e-01
4.845525371423213268e-01
4.600903699769313127e-01
4.542377855884713878e-01
4.957942215181906365e-01
5.944400381674816991e-01
6.742820420287112260e-01
5.613568025665025552e-01
4.890671874137126340e-01
4.468177118421499117e-01
4.445594046151877810e-01
4.853289399384395630e-01
5.842714601650321748e-01
6.697051655236635481e-01
5.463413916147527027e-01
4.613082620311587112e-01
4.275092744236090314e-01
4.318621608058962891e-01
4.739077420470773072e-01
5.709778222048567109e-01
6.703147249526834051e-01
5.518944922440878198e-01
4.599571490910890903e-01
4.203992199700637422e-01
4.203833979839454171e-01
4.598260781726737911e-01
5.520923906009658211e-01
6.688925078559628812e-01
5.681070474990335128e-01
4.662614414786591110e-01
4.193670529662765212e-01
4.125163076525817929e-01
4.444399190429431656e-01
5.239486273246986014e-01
6.538899294650108995e-01
5.916419567098212262e-01
4.759318805553985898e-01
4.184606049806393613e-01
4.042723774961655137e-01
4.279983281276666385e-01
4.982661380511353988e-01
6.268344182401235365e-01
6.232599512508014694e-01
4.997179416444543221e-01
4.287293256951345000e-01
4.033427813045202814e-01
4.159416635784191074e-01
4.706283016620841919e-01
5.824339833029837932e-01
6.575110718566313794e-01
5.304659548937487035e-01
4.429091265093437202e-01
4.054413402831315016e-01
4.052609108657123649e-01
4.429952900278913974e-01
5.298463066796522680e-01
6.563580023135915376e-01
5.848538088724677397e-01
4.727038768787591438e-01
4.158716015397689869e-01
4.004224936644075750e-01
4.204481610151681314e-01
4.821002567134869410e-01
5.996066700750450895e-01
6.502067041380021895e-01
5.242853403377191190e-01
4.445199030857153732e-01
4.122599291766126939e-01
4.161448315799211040e-01
4.530877140039329398e-01
5.359847429452238021e-01
6.591711323918871823e-01
6.082354376841822008e-01
5.080098423993644197e-01
4.676163933884232016e-01
4.773217844326106962e-01
5.195356427561717005e-01
5.369888145642858213e-01
6.107161638691864791e-01
6.825370932075879304e-01
6.102178114452829760e-01
5.263846630950161920e-01
4.680929302921935098e-01
4.324956299228413514e-01
4.150463702165359536e-01
4.142703458611438072e-01
4.307259811555700368e-01
4.650796298233168535e-01
5.234168733124807682e-01
6.073708132007152871e-01
6.602200523860012327e-01
5.938140128016473618e-01
5.107577893706414240e-01
4.536320907355683718e-01
4.188180238505661013e-01
4.027131525047757954e-01
4.025301710024749569e-01
4.180684325790843814e-01
4.518790904513838580e-01
5.079074205315452506e-01
5.871564954376251588e-01
6.578132246607190092e-01
6.141452259412052417e-01
5.286021398863116616e-01
4.660813007395249730e-01
4.269048181726448066e-01
4.066480235916247743e-01
4.022485787757249520e-01
4.128868204892062743e-01
4.399350905620535435e-01
4.840557635389295399e-01
5.537021507191534075e-01
6.387743253546065425e-01
6.466049292016727845e-01
5.645225855169462292e-01
4.925985689502753173e-01
4.451266876834206188e-01
4.173707062093426345e-01
4.064301999872450000e-01
4.103558672669953000e-01
4.288107299247562731e-01
4.654136593773927077e-01
5.225954319980874452e-01
6.031543272050252646e-01
6.631616475643742348e-01
6.138948761649917207e-01
5.363295020866342133e-01
4.813128772693234803e-01
4.498478720498961803e-01
4.371185027808662804e-01
4.487851184801254778e-01
4.670911312182978725e-01
4.423633667501618572e-01
4.391488118708611887e-01
4.837068390459358658e-01
4.403009038278762333e-01
4.431574932996030225e-01
4.452527378499739341e-01
4.509319343094269628e-01
4.593480577043558277e-01
4.734317658308880850e-01
5.443789421564265707e-01
5.022515585643819724e-01
5.229935105330940637e-01
5.527293982240452097e-01
5.662185030586293077e-01
6.020517100005542410e-01
6.209494554942813771e-01
6.561734859879815307e-01
5.811207788963298482e-01
5.024447948315122758e-01
4.633921105622995085e-01
4.650224527975896915e-01
5.086262555377959460e-01
5.984347533214152692e-01
6.193390053362609615e-01
5.247228597228423830e-01
4.616985130014174543e-01
4.440148540284326040e-01
4.662223465940532607e-01
5.349585189141137231e-01
6.286904918393592112e-01
5.829340779114569049e-01
4.913544331449111735e-01
4.429293889492768033e-01
6.475115704643544801e-01
4.487046146494295673e-01
4.783011307148763991e-01
6.027431598986688899e-01
4.936207178359652281e-01
4.345812932834340336e-01
5.912313845068245532e-01
5.151915448244540618e-01
4.661751878768135571e-01
5.720908132311555150e-01
5.112962270371225193e-01
4.908482162668338922e-01
7.193979782091489694e-01
5.732651424046029121e-01
5.044752122256873639e-01
5.638752018429055157e-01
5.927386079530048146e-01
4.581787761663173031e-01
5.416259089847712538e-01
6.083810435571199715e-01
4.373227285913190432e-01
5.720433779645265338e-01
4.737547579323835856e-01
5.728331151612566785e-01
4.602592397990560857e-01
4.577573724438499525e-01
5.879330586928712687e-01
4.367492086746125879e-01
5.495589986907560842e-01
5.202033521520459391e-01
4.141005466109511923e-01
5.411550959124543647e-01
5.608850871485610012e-01
4.347003871901632954e-01
5.017854137270036929e-01
5.999858870243972575e-01
4.432942448496700605e-01
5.453936649104136336e-01
5.340945333742568302e-01
5.462859140570580641e-01
6.322491432435710657e-01
4.935888478323470219e-01
4.795260645811169065e-01
6.148010552133262863e-01
6.305239877974827545e-01
5.042208046175763458e-01
4.531681569203653837e-01
4.353778451340685751e-01
4.455368503886776854e-01
4.866929113836269694e-01
5.749091756753748061e-01
6.546937899055066401e-01
6.112367523718322815e-01
5.964534753798970135e-01
5.736661443102808455e-01
5.734899827612514045e-01
5.756002903328883979e-01
5.776875439171248461e-01
5.802863420667218053e-01
5.851449129785755154e-01
5.760196436905915540e-01
5.707164483950001310e-01
5.661106098591123237e-01
5.613631456625517435e-01
5.694155038291616178e-01
5.430935272312000794e-01
5.294941095843417322e-01
5.235015590415356135e-01
5.120548070672762409e-01
5.047312174572547994e-01
5.007151139146777119e-01
4.915769533911977240e-01
4.860600162702760074e-01
4.861988505457960352e-01
4.823308078754243722e-01
4.847783629981781695e-01
4.882094242107484217e-01
4.877190689856959471e-01
4.854339734372714044e-01
4.858938656545541135e-01
4.857563112173647890e-01
4.882235836966198894e-01
4.985966889170616589e-01
5.626860193733231874e-01
5.398949799697835283e-01
5.550971255302494800e-01
5.088993756050067541e-01
4.926277997535017383e-01
4.928032216664048892e-01
5.074794224830054823e-01
5.461073463063158551e-01
5.735220743157413148e-01
6.192851472078755304e-01
6.529122208434040564e-01
6.344374663283320892e-01
5.876338793831595853e-01
5.469412895160408183e-01
5.154323426453090162e-01
4.919567626678755246e-01
4.735611095805410398e-01
4.587990519628600827e-01
4.500905224351279266e-01
4.460599522835096975e-01
4.446203611250836296e-01
4.443514904223695439e-01
4.630041613779934950e-01
4.591308881122221353e-01
4.748651335238626703e-01
4.979392561035279607e-01
5.284465947189506130e-01
5.657745127547355590e-01
6.078468046788579882e-01
6.399500278535349418e-01
6.364460292613123293e-01
5.962179102371966133e-01
5.515889329406834518e-01
5.181082853018820211e-01
5.018161157816710682e-01
5.167613829070741849e-01
5.569213602790742401e-01
5.226320667902492056e-01
4.838892256716807450e-01
4.670347168658839920e-01
4.634025374820512355e-01
4.683630044936138992e-01
4.796597326901990144e-01
4.983878512126941884e-01
5.212137486455834523e-01
5.512710137385417042e-01
5.858293840726180868e-01
6.203442571421052820e-01
6.406687959629708828e-01
6.305894612545973610e-01
5.941315273254684781e-01
5.519585469038518211e-01
5.162732209881331080e-01
4.944895825774169862e-01
4.637768194092000695e-01
4.465440418771355335e-01
4.366513691722707091e-01
4.360270365426201500e-01
4.402003493063317285e-01
4.363097397477090911e-01
4.398027409353238992e-01
4.477559702030010635e-01
4.520487730094528422e-01
4.631422497905893221e-01
4.752717132380608889e-01
4.897362627633108367e-01
5.162214093839828655e-01
5.321617487897739585e-01
5.636854792959348215e-01
6.052088575377397861e-01
6.487760239090872849e-01
6.736876797068412914e-01
6.677296524082778628e-01
6.531233266962919171e-01
6.164959954994811975e-01
5.813498384173356737e-01
5.464210113292349291e-01
5.194143444846874846e-01
4.934842759294156278e-01
4.843501250624288046e-01
4.712591950762156090e-01
4.675101045630887797e-01
4.678859807479828214e-01
4.753853935254364060e-01
4.825021215429634025e-01
4.961445122114285233e-01
5.199986370191530538e-01
5.514592639724945622e-01
5.930040840510546474e-01
6.439527944212761756e-01
6.803567941829591348e-01
6.641346127920121356e-01
6.016260127829978765e-01
5.452784751803527730e-01
5.060603943922536985e-01
4.787589830010422487e-01
4.648624539728286598e-01
4.629861563328755980e-01
4.667191518042134724e-01
4.884704319437304099e-01
5.094217766282380655e-01
5.428006715294462214e-01
5.873984508844831698e-01
6.350846366252780317e-01
6.637610143977570321e-01
6.493124591781060939e-01
6.166811696145130250e-01
5.923420584785898946e-01
5.612586911563238745e-01
5.242939722233224131e-01
4.980920533837999153e-01
4.865706266412683778e-01
4.807833391087124042e-01
4.784367387683317041e-01
4.875017744101303174e-01
5.078074711088841342e-01
5.374205860996301709e-01
5.770397022181031899e-01
6.284155636414312518e-01
6.740765649383785307e-01
6.775599546709808463e-01
6.316983090411996127e-01
5.799596973826652846e-01
5.367742673182798185e-01
5.053299170272891327e-01
4.849598077758053849e-01
4.735134658112543637e-01
4.700744351382024067e-01
4.753480718678538275e-01
4.904972515857671245e-01
5.178027623454611872e-01
5.619700764480139998e-01
6.098372445433396516e-01
6.285988486433441436e-01
6.552687959045273569e-01
6.595543756774583377e-01
6.233398527238652731e-01
5.769057775648573916e-01
5.400286575607142758e-01
5.173611234450555818e-01
4.992828786580125744e-01
4.969591797302406189e-01
5.192715876527528307e-01
5.598807690719462826e-01
5.320825009807752526e-01
5.219758075781653073e-01
5.376356112916369501e-01
5.709981414524794019e-01
6.149347194281324924e-01
6.523333168862859299e-01
6.495645020428555405e-01
6.130337392919485984e-01
5.766937058145598094e-01
5.601268881534865463e-01
5.607016689817735378e-01
5.573349452147143834e-01
5.140307309208097530e-01
4.901873558374708617e-01
4.851884867708830540e-01
4.941709992888081437e-01
5.156926372734190744e-01
5.489208771925691011e-01
5.957992603377448848e-01
6.459335647835717786e-01
6.731236174456477483e-01
6.594547296968613637e-01
6.069708802266373660e-01
5.521359265625015444e-01
5.118164595497223246e-01
4.854265144511130115e-01
4.713391145863134457e-01
4.673523267840241080e-01
4.738285624790383177e-01
4.923511291042238502e-01
5.252987008612131081e-01
5.773157218178189831e-01
6.228074387901677555e-01
6.440067925427430673e-01
6.620155639501041911e-01
6.391108420267147538e-01
6.001049476509229263e-01
5.628630477202075655e-01
5.340361650870575350e-01
5.138714856049175772e-01
5.060939468091575355e-01
5.166642036372889324e-01
5.508706665790920054e-01
5.261251091733980534e-01
5.086177877457989105e-01
4.886836881389093890e-01
4.943314074377782585e-01
5.126394066242625502e-01
5.406600319387899756e-01
5.787013724420068117e-01
6.222719364218866067e-01
6.594685042007203402e-01
6.761828045933419018e-01
6.432723106881228503e-01
5.744540085947086316e-01
5.247208754586081270e-01
4.905426891702682757e-01
4.709609384737278304e-01
4.599420947871375454e-01
4.602288669435450896e-01
4.736654015122904737e-01
5.037069549756665321e-01
5.589376599980615534e-01
5.982297829046195892e-01
5.999965611780213592e-01
6.303749081803911025e-01
6.523158544113379920e-01
6.350054387301475867e-01
5.905233871601608397e-01
5.463019529859420853e-01
5.150501032084261466e-01
5.018393728603636195e-01
5.141743095888612336e-01
5.537939374760668665e-01
5.057607824833048049e-01
4.795605514985943896e-01
4.764830791442978830e-01
4.778064708583166786e-01
4.966263825169492385e-01
5.291368246616064974e-01
5.735484356216232760e-01
6.297619558213800595e-01
6.689144899369787733e-01
6.462926111494485815e-01
5.896049777357332822e-01
5.182008664343400461e-01
4.773927206179200966e-01
4.531128311648381368e-01
4.609848555435419604e-01
5.477115930343879890e-01
6.476221481282343762e-01
6.256739208428827581e-01
5.704451181276632976e-01
5.515067327005939157e-01
5.610214385827732020e-01
5.326758979025374430e-01
4.820346893107501085e-01
4.631767591164749898e-01
4.756761849872515602e-01
4.694949949328671157e-01
4.949779383803665778e-01
5.307355271724157886e-01
5.617198265666222268e-01
6.015418069115751054e-01
6.472427014960419056e-01
6.961821536766655827e-01
6.643604685552579880e-01
5.981775011679321130e-01
5.479746484486428537e-01
5.064850639676382604e-01
4.783315988468412328e-01
4.627860206905151652e-01
4.706864577327243837e-01
4.607151710201097261e-01
4.749538758494541990e-01
5.125128531077510763e-01
5.716814203856049881e-01
5.422666800418068922e-01
5.529193812626745919e-01
5.863482721763790817e-01
6.337375946346393008e-01
6.607442658889923770e-01
6.356043262811046368e-01
5.888857545091983337e-01
5.550386916851255403e-01
5.387312026505794993e-01
5.635213506741689748e-01
5.399530577556873601e-01
4.904969696208402175e-01
4.727915283839174698e-01
4.726413514861946830e-01
4.838913268937380940e-01
5.052616524454394131e-01
5.343669011689067272e-01
5.782709540727020148e-01
6.336244815478183634e-01
6.902402856766188810e-01
6.730570838181633153e-01
5.912992818278851592e-01
5.306883953460445058e-01
4.948561562564416372e-01
4.770283525921338308e-01
4.909936787333596953e-01
4.927719246516955587e-01
5.323637969970866912e-01
6.015470248620186089e-01
6.986904237352440372e-01
6.694712420996791202e-01
5.842088656268887847e-01
5.213358760740418596e-01
4.947747783605156435e-01
4.969091137680026748e-01
5.321551214729476342e-01
6.030219017888033273e-01
6.900221128786879765e-01
6.670991656616107601e-01
5.623955482404654482e-01
5.094308528952031789e-01
5.002810271818900478e-01
5.445997195638405675e-01
6.110783436110869271e-01
6.568492812763041533e-01
6.066562064489881001e-01
5.652655887942688029e-01
5.308372562856230603e-01
6.037636848373424403e-01
6.089977634244662097e-01
5.072452999748433555e-01
4.771351017569774866e-01
5.164325618017285846e-01
6.296556904775026942e-01
6.704850806933891905e-01
5.614541797458674210e-01
4.966898584105661763e-01
4.927193633514312388e-01
5.450107356022961813e-01
6.366357559818868195e-01
5.749444241053606186e-01
5.044031145118150761e-01
5.021559980017455960e-01
5.883849482948093623e-01
6.623816222618245098e-01
5.659570603217669582e-01
4.887323694846969491e-01
4.957068252940495801e-01
5.941117113705376429e-01
5.926657109588199246e-01
5.166192767834941746e-01
5.818536237031862735e-01
5.924438134606717643e-01
6.278175215916966811e-01
5.179247279671725934e-01
4.774723789133363261e-01
5.320003223576941220e-01
6.284818512769970722e-01
5.652129047796548011e-01
5.965021959024952025e-01
5.543633639124424528e-01
6.135956578493788616e-01
5.041780080559491450e-01
4.973172614276175629e-01
6.048390202476877642e-01
5.873179911966417421e-01
6.076636588083856871e-01
6.036470224139388607e-01
5.279811008732329114e-01
5.291121919815326979e-01
5.917882828465763634e-01
5.566490893518099004e-01
6.365138979950287768e-01
5.948666896708405538e-01
5.132599247432571010e-01
5.788921693415016723e-01
5.708352665985972907e-01
5.613272834949872836e-01
6.562938148935618665e-01
5.346045130419785352e-01
5.088983848486198225e-01
5.855802187729705066e-01
5.641108796753295795e-01
5.226473505241447937e-01
6.373106286605331183e-01
5.877913213137203607e-01
5.154404677975820137e-01
5.720239027277861377e-01
5.562038755220468644e-01
5.287363188399111236e-01
6.589050261422367827e-01
5.642273152432932815e-01
5.583318628209343881e-01
5.457666673162886450e-01
5.457506968085696908e-01
6.203046924909406679e-01
6.026244340887344508e-01
5.387916397490525311e-01
5.673764981530982077e-01
5.328289824554911513e-01
5.709572566628974277e-01
6.736541607559458633e-01
5.526886665749483063e-01
5.447440612258880321e-01
5.635456389662920618e-01
5.288127079547215725e-01
6.301700657817175255e-01
6.143159772723395529e-01
5.091642998110319507e-01
4.759924465075091593e-01
4.976280376611679213e-01
5.720431776603078777e-01
6.268021459696513364e-01
5.729140406184297651e-01
6.443136652679917198e-01
5.135338650771329450e-01
4.846573147920837932e-01
5.073776953480118035e-01
5.704181474440506161e-01
6.350868853481571596e-01
5.924684485077693630e-01
5.539144610685142744e-01
6.465591527196102861e-01
5.446992274651589749e-01
4.980997429512530328e-01
4.827981147620438729e-01
4.920391268619687120e-01
5.160163332667365710e-01
5.524034192111098029e-01
5.994734908905321458e-01
6.448477694864125365e-01
6.609143523308002033e-01
6.329812533343838199e-01
5.893189138847746422e-01
5.545500677559374036e-01
5.439021125216129127e-01
6.247809442500744659e-01
4.997686944900567307e-01
5.492141878010096123e-01
6.468169479769635410e-01
4.591218540196023157e-01
4.444043259257664524e-01
5.950021065432685718e-01
5.654287494298873007e-01
4.397731285788106237e-01
4.787340346081320197e-01
6.813127305847557214e-01
5.113582344429314919e-01
4.236491551983000980e-01
4.881752382746333274e-01
6.822391645791087145e-01
4.605577336726772719e-01
4.208123132463459370e-01
5.412506302862930552e-01
6.061311903276410673e-01
4.360802592458841165e-01
4.471396517935500303e-01
6.421241493888792951e-01
5.295823178252546670e-01
4.541572250270310973e-01
5.450434503474120840e-01
7.234325042446794196e-01
4.803149399058141422e-01
6.291641375561490834e-01
4.477173148629236543e-01
5.957775683972719172e-01
4.438779195883641449e-01
5.707763521048546673e-01
4.500453646768808325e-01
5.551597596702031456e-01
4.690022889343072321e-01
5.411430870760042255e-01
4.643798831714464059e-01
5.132242606095294146e-01
4.630649345707613107e-01
4.945785976771229220e-01
4.685948001089090265e-01
4.803109742692922013e-01
4.770214839657480610e-01
4.669612330173915637e-01
4.853520035023762835e-01
4.553564379485519065e-01
4.955098668908475834e-01
4.455618091806079484e-01
5.072749774087518260e-01
4.380525983593492878e-01
5.193846214772476211e-01
4.316147254427545321e-01
5.328838958270299964e-01
4.274978988908491595e-01
5.474649963024807997e-01
4.267043034894210662e-01
5.657588931814254707e-01
4.358405811202327174e-01
5.773701228841524591e-01
4.193832095772573876e-01
5.810236960451642396e-01
4.120497725288803648e-01
5.877316998554961147e-01
4.095610548197858303e-01
5.990723450232411373e-01
4.072541163731845382e-01
5.960958972989179872e-01
4.061887490212056639e-01
5.950198386143120688e-01
4.059261257526036726e-01
5.921139820712048030e-01
4.061622352269956826e-01
5.889903492737017521e-01
4.074257670835819134e-01
5.890561155189441012e-01
4.081504474710887509e-01
5.750159220575594698e-01
4.105564780392395585e-01
5.637309355088687690e-01
4.151997423438876234e-01
5.529103814891305202e-01
4.249842162252563948e-01
5.447139266525441448e-01
4.292373290953502285e-01
5.372286896453776217e-01
4.381173743381823193e-01
5.299080629802743747e-01
4.435910743247615251e-01
5.195303891690160603e-01
4.508616235669879457e-01
5.103008142273227632e-01
4.636418355784415746e-01
5.029689548455013037e-01
4.921968760550465283e-01
5.286819658219219509e-01
6.622595595514605415e-01
5.260616025700035614e-01
5.277073698450446271e-01
5.458592314148075220e-01
5.718882758159321567e-01
6.048612303397719048e-01
6.424118148286788177e-01
6.800884318900289882e-01
7.083191604139902342e-01
7.136753925044553304e-01
7.036154319264658064e-01
6.502817396974648334e-01
4.674623255938959443e-01
5.646370184518419988e-01
4.397776497136280938e-01
5.441516803077108833e-01
4.326920733160173338e-01
5.313728836228960306e-01
4.313498106356474238e-01
5.199868931534270544e-01
4.298220076852282134e-01
5.096682313863108993e-01
4.296867305843476426e-01
5.007996715070935911e-01
4.299348874848292756e-01
4.935332941744048907e-01
4.310054017258341807e-01
4.876521942135779719e-01
4.335464080299420986e-01
4.855832883932246213e-01
4.327852277906411027e-01
4.918766325232749037e-01
4.280757354202160969e-01
4.969687254216155758e-01
4.224190310099352752e-01
5.055210465347969029e-01
4.163971281698281568e-01
5.179971766812905276e-01
4.130422468185876439e-01
5.320465517170803738e-01
4.071480355278954688e-01
5.402070668858187652e-01
4.028774009541740697e-01
5.514540154359997004e-01
4.000630499654431182e-01
5.646697562385535329e-01
3.977874907660960413e-01
5.802288879234757113e-01
3.963261640330041913e-01
5.952381107605924093e-01
3.946490348747465626e-01
6.139749457993458615e-01
3.938773455791283462e-01
6.346267987665038524e-01
3.961854145694723162e-01
6.586211481359756093e-01
4.020146180071746400e-01
6.754400043696768829e-01
3.964192926228967129e-01
6.811999561751791443e-01
3.963887095513439207e-01
6.891176056232718450e-01
3.980209816258138411e-01
6.982956052805637803e-01
4.005779191576250842e-01
7.077024882384809201e-01
4.044499908825134882e-01
7.165388053664553114e-01
4.109495180649699320e-01
7.229697370344532192e-01
4.253260681552527012e-01
7.282438022490027585e-01
4.389884282389969750e-01
7.213699990620032754e-01
4.631130311568155689e-01
7.215651122655939442e-01
6.782203492047589322e-01
6.525813339394306301e-01
5.613165751566521200e-01
4.791012831887241363e-01
6.244549879035438122e-01
5.369309580889934930e-01
4.555377169113170588e-01
6.171936158847525222e-01
5.265184856968864180e-01
4.451626675944983513e-01
6.155146178593713380e-01
5.179356886683486039e-01
4.384947206930447927e-01
6.185014170757665575e-01
5.115697690664361419e-01
4.377372954955706663e-01
6.264331764320132390e-01
5.045912618670188587e-01
4.333864500047807100e-01
6.340211433682817477e-01
4.945867159287051784e-01
4.325325924051678927e-01
6.465572887357168286e-01
4.863349544614344322e-01
4.330324661198239333e-01
6.613447408212855816e-01
4.777503955252668799e-01
4.352049043467021705e-01
6.775912320926399390e-01
4.679189184320248218e-01
4.392423696812616241e-01
6.932268130442260645e-01
4.589738342241715396e-01
4.456020342937372924e-01
7.039249570998882266e-01
4.574035910879626354e-01
4.431889599750686304e-01
6.957780251611153099e-01
4.619107344019127148e-01
4.398080792083116086e-01
6.878616504893887429e-01
4.689997773677944681e-01
4.408114845680609073e-01
6.815732074779866645e-01
4.764129091301938512e-01
4.407308693545282097e-01
6.750401623583803801e-01
4.783717462571281387e-01
4.398211954098250609e-01
6.714726170324712973e-01
4.824423568768924642e-01
4.409640642902351026e-01
6.698888237079898555e-01
4.815829459370599697e-01
4.400036765129858307e-01
6.705182138724630203e-01
4.805356203198679066e-01
4.401674732870181628e-01
6.733917857305937726e-01
4.783220468106600398e-01
4.410608559657405725e-01
6.790665703103629935e-01
4.753231805775556817e-01
4.423064277822351675e-01
6.860873982027930751e-01
4.703048117027530672e-01
4.444137056519083528e-01
6.943389153499350819e-01
4.663608096161797056e-01
4.500031929076845350e-01
7.028987494442193729e-01
4.690068619664898852e-01
5.272906194803121949e-01
7.018045454507659819e-01
4.419587703615667773e-01
4.996909036070884547e-01
5.965735957846409754e-01
4.309546544070518848e-01
5.803120130463449433e-01
5.101651528354140819e-01
4.372044082977996626e-01
6.902513725494554553e-01
4.588336179893298117e-01
4.707681952568797956e-01
6.628364937614370511e-01
4.397462493835192499e-01
5.359799161524931854e-01
5.542671211238736628e-01
4.389423310359220065e-01
6.418465300076563462e-01
4.899655731991779395e-01
4.693503500945357954e-01
7.099358913440571017e-01
4.839723598552079786e-01
5.832787060099350329e-01
6.625400080160547267e-01
4.859548964836716278e-01
5.119596007866384912e-01
7.015761252793082381e-01
4.733024762055190737e-01
4.596075161811246645e-01
6.680191866022956448e-01
5.098009523242109653e-01
4.364379788529401671e-01
5.673481727414689813e-01
5.788398344153746766e-01
4.337590368942607633e-01
4.966914553422032141e-01
6.752959880857166697e-01
4.487666769499353281e-01
4.540559107963748064e-01
6.923693167282606309e-01
4.839752229406370510e-01
4.346892472642125971e-01
6.016367658375745275e-01
5.410436270902427847e-01
4.281106381311857723e-01
5.247388506034650346e-01
6.227102909526336383e-01
4.335743332937143646e-01
4.715400759054646507e-01
7.014994198074441245e-01
4.558513298696321159e-01
4.410532861905180901e-01
6.666659216916137609e-01
4.938789919128442341e-01
4.262297491240539249e-01
5.788303192466859315e-01
5.558400935506629947e-01
4.277849826199935368e-01
5.144305711849832541e-01
6.400725702212098911e-01
4.427050480459594484e-01
4.732023251937464425e-01
7.059750207030186520e-01
4.610498560643930821e-01
4.432820884858426069e-01
6.648624664100440951e-01
4.917336939074324897e-01
4.216992818589426761e-01
5.811350118696173572e-01
5.411360490037022686e-01
4.139200649823620570e-01
5.149894735349922481e-01
6.112920320975377964e-01
4.203218517137684573e-01
4.679126734263539533e-01
6.857604511189961949e-01
4.348470598264708165e-01
4.366338511066448214e-01
6.906946789977341794e-01
4.627735975611337871e-01
4.181159092262837218e-01
6.230899349843903590e-01
5.038194730453364745e-01
4.089036213049198065e-01
5.504105493319950693e-01
5.604251222122065279e-01
4.099879959063309487e-01
4.961031591184583700e-01
6.333353581455994918e-01
4.209496953534962449e-01
4.590966690086354385e-01
6.961266372273907654e-01
4.394155561885620953e-01
4.353907778059160072e-01
6.942932188418997619e-01
4.428750202925715862e-01
4.347582678773184717e-01
7.024881894992967002e-01
4.400171142313282213e-01
4.309484833767562306e-01
6.807977212594894523e-01
4.670507095861413660e-01
4.125868859072143735e-01
6.069067804130489074e-01
5.089552607215879210e-01
4.050879658744213074e-01
5.404274868198757353e-01
5.653333636837817311e-01
4.061656733856895962e-01
4.905857169743518820e-01
6.344041312239582231e-01
4.168822221222918678e-01
4.531925463930829290e-01
6.977282448302671858e-01
4.378904039894908617e-01
4.285663524439424221e-01
6.790811315913741764e-01
4.678749471928773662e-01
4.213258411296380013e-01
6.215036134870879359e-01
4.904025002743592765e-01
4.075679315804541236e-01
5.935145404736059671e-01
5.073225807030212753e-01
4.065474927111438208e-01
5.732851346607921172e-01
5.109017072881671950e-01
4.097242910557540307e-01
5.922726057584127846e-01
5.017436210294504706e-01
4.092087116971362404e-01
6.319458252070572213e-01
4.670397679403973101e-01
4.241368743409749675e-01
6.970188341386707176e-01
4.363900565377787921e-01
4.650799877412973293e-01
6.004888293624406348e-01
4.052164955786387579e-01
5.840396161827470234e-01
4.735434634704932533e-01
4.379119445468870886e-01
6.311633846856515850e-01
4.088817944179368724e-01
