-4.103316075809715358e-08
-1.231086054209740155e-07
-2.051926910606738375e-07
-2.872858185787308116e-07
-3.693867733911559981e-07
-4.514961826629360075e-07
-5.336142819833966655e-07
-6.157410785689876320e-07
-6.978761720732862273e-07
-7.800202184160553998e-07
-8.621744654879748282e-07
-9.443360353689200792e-07
-1.026506807111360331e-06
-1.108685965811595509e-06
-1.190875410173042326e-06
-1.273071353780075299e-06
-1.355276158632179317e-06
-1.437490246058992227e-06
-1.519712795716721132e-06
-1.601945723406217326e-06
-1.684186091921446859e-06
-1.766435816841216422e-06
-1.848694065831324451e-06
-1.930961865848068726e-06
-2.013237608178286564e-06
-2.095521900336017040e-06
-2.177815637716129515e-06
-2.260117964336672003e-06
-2.342430823532026807e-06
-2.424751244456402333e-06
-2.507080304581243979e-06
-2.589418446330427059e-06
-2.671765214401489175e-06
-2.754122636727807105e-06
-2.836487645208052299e-06
-2.918862283318723883e-06
-3.001245595046775350e-06
-3.083638710710268072e-06
-3.166039942215093106e-06
-3.248449891635196707e-06
-3.330869545736803161e-06
-3.413297941956550119e-06
-3.495737176395508072e-06
-3.578184074259915803e-06
-3.660640739422404977e-06
-3.743105255415990484e-06
-3.825579070748652555e-06
-3.908063806568051746e-06
-3.990556261879163458e-06
-4.073058551212760392e-06
-4.155569711894457896e-06
-4.238091876884730880e-06
-4.320620823672349786e-06
-4.403159162946757021e-06
-4.485707416401751857e-06
-4.568264586501946667e-06
-4.650832881480937431e-06
-4.733408941470784725e-06
-4.815994965490233426e-06
-4.898588983781593242e-06
-4.981192494146746697e-06
-5.063807163474542961e-06
-5.146429681412989510e-06
-5.229062230993619664e-06
-5.311703814903090404e-06
-5.394356639820685473e-06
-5.477017340438372628e-06
-5.559687138112501259e-06
-5.642366516345198590e-06
-5.725054991301270491e-06
-5.807754770659201426e-06
-5.890462479785085748e-06
-5.973180397078614590e-06
-6.055907392776838094e-06
-6.138644797593073577e-06
-6.221390666416581894e-06
-6.304145679703054839e-06
-6.386910960554104122e-06
-6.469685375543043904e-06
-6.552471269904991402e-06
-6.635265139998125505e-06
-6.718068312427938338e-06
-6.800881233615108101e-06
-6.883703345228475712e-06
-6.966537012598195133e-06
-7.049378691559304855e-06
-7.132230754103296988e-06
-7.215092051815474861e-06
-7.297964945918167246e-06
-7.380844860627178150e-06
-7.463734622570328270e-06
-7.546634819166619934e-06
-7.629544302334423378e-06
-7.712465449061234324e-06
-7.795394697640567472e-06
-7.878334433719658136e-06
-7.961282440405170746e-06
-8.044240373927813437e-06
-8.127210028852083212e-06
-8.210187827262238613e-06
-8.293175638551808504e-06
-8.376172560664585376e-06
-8.459179453690346406e-06
-8.542196326510875792e-06
-8.625222664870868527e-06
-8.708259867429291035e-06
-8.791306481459315592e-06
-8.874363190414236158e-06
-8.957429062150801258e-06
-9.040504971746798901e-06
-9.123590937742953599e-06
-9.206686418794518545e-06
-9.289794121403183169e-06
-9.372910050209348753e-06
-9.456036679678092582e-06
-9.539172257988504100e-06
-9.622317654556233890e-06
-9.705473167254119460e-06
-9.788638266172711155e-06
-9.871814385720156793e-06
-9.955000054739926441e-06
-1.003819766476343744e-05
-1.012140310718834257e-05
-1.020461842693443089e-05
-1.028784393697357302e-05
-1.037107962675865025e-05
-1.045432497814857697e-05
-1.053758081726030582e-05
-1.062084748537639456e-05
-1.070412321824143476e-05
-1.078740889604024034e-05
-1.087070481120555598e-05
-1.095401097739312490e-05
-1.103732684681890674e-05
-1.112065327835143336e-05
-1.120399153287099381e-05
-1.128733780808577336e-05
-1.137069409928859187e-05
-1.145406055824693681e-05
-1.153743717530186785e-05
-1.162082382066831343e-05
-1.170422124185943602e-05
-1.178762932452226408e-05
-1.187104668176619526e-05
-1.195447410440309000e-05
-1.203791202397663795e-05
-1.212136002781694089e-05
-1.220481810526585775e-05
-1.228828634003420461e-05
-1.237176718293930833e-05
-1.245525576787365196e-05
-1.253875460394127117e-05
-1.262226392928500474e-05
-1.270578329670701834e-05
-1.278931301673669196e-05
-1.287285286999395595e-05
-1.295640296650191203e-05
-1.303996336621260355e-05
-1.312353401194954472e-05
-1.320711496566318033e-05
-1.329070624389583344e-05
-1.337430779613235643e-05
-1.345791973328402946e-05
-1.354154436461474376e-05
-1.362517696334997197e-05
-1.370881998041806327e-05
-1.379247327237820286e-05
-1.387613707182211442e-05
-1.395981097174203711e-05
-1.404349523537185007e-05
-1.412718983140326401e-05
-1.421089478936821138e-05
-1.429461011448474039e-05
-1.437833579809311146e-05
-1.446207214661487939e-05
-1.454581862458947938e-05
-1.462957559950073261e-05
-1.471334289748771340e-05
-1.479712111152053922e-05
-1.488090918755347047e-05
-1.496470768780344685e-05
-1.504851668854279012e-05
-1.513233638261723968e-05
-1.521616628796795823e-05
-1.530000657445906853e-05
-1.538385774380035542e-05
-1.546771884819442278e-05
-1.555159048161058877e-05
-1.563547250160723934e-05
-1.571936534938700447e-05
-1.580326851768898422e-05
-1.588718216138929051e-05
-1.597110613194008266e-05
-1.605504117030420730e-05
-1.613898655261625237e-05
-1.622294212244579370e-05
-1.630690803988699145e-05
-1.639088445837266761e-05
-1.647487137423908621e-05
-1.655886864659894542e-05
-1.664287878655468234e-05
-1.672689752019174136e-05
-1.681092675176465434e-05
-1.689496649470711986e-05
-1.697901662434109227e-05
-1.706307712057153481e-05
-1.714714814793349973e-05
-1.723122955865630246e-05
-1.731532178661510102e-05
-1.739942425926788161e-05
-1.748353712527350723e-05
-1.756766081928429202e-05
-1.765179490553769881e-05
-1.773593954057517408e-05
-1.782009457518274331e-05
-1.790426073911000060e-05
-1.798843787259585270e-05
-1.807262470698844936e-05
-1.815682194972190189e-05
-1.824102974901098406e-05
-1.832524810907454338e-05
-1.840947688436234131e-05
-1.849371681506006837e-05
-1.857796685234003320e-05
-1.866222747082257882e-05
-1.874649851252296884e-05
-1.883078040620933535e-05
-1.891507272633319303e-05
-1.899937562221953868e-05
-1.908368894909528990e-05
-1.916801372126020198e-05
-1.925234820210341979e-05
-1.933669311349195397e-05
-1.942104889551821145e-05
-1.950541510853387450e-05
-1.958979190674892124e-05
-1.967417914439106852e-05
-1.975857753799825645e-05
-1.984298636392711757e-05
-1.992740535727843820e-05
-2.001183486199931139e-05
-2.009627516474932207e-05
-2.018072570286744138e-05
-2.026518682340938682e-05
-2.034965960340251456e-05
-2.043414190178172163e-05
-2.051863486740579390e-05
-2.060313835117177916e-05
-2.068765263207872351e-05
-2.077217729234970278e-05
-2.085671262341826093e-05
-2.094125846596739393e-05
-2.102581553953264404e-05
-2.111038363683537256e-05
-2.119496119035169102e-05
-2.127954961395062128e-05
-2.136414849140955141e-05
-2.144875796239453791e-05
-2.153337787713649476e-05
-2.161800895494891961e-05
-2.170265201850707371e-05
-2.178730385260507774e-05
-2.187196614311659459e-05
-2.195663930615321391e-05
-2.204132291849791869e-05
-2.212601684081771936e-05
-2.221072191421757935e-05
-2.229543797160893348e-05
-2.238016380795571081e-05
-2.246490009771839880e-05
-2.254964726045027845e-05
-2.263440486904855220e-05
-2.271917307106186001e-05
-2.280395172193916409e-05
-2.288874300104826176e-05
-2.297354352975844449e-05
-2.305835478011442063e-05
-2.314317592999604045e-05
-2.322800780629741269e-05
-2.331285041679009851e-05
-2.339770319537137766e-05
-2.348256752604527264e-05
-2.356744204190519554e-05
-2.365232875589651229e-05
-2.373722416582069172e-05
-2.382213002272148827e-05
-2.390704660926168401e-05
-2.399197335856140256e-05
-2.407691258810018553e-05
-2.416186108289419820e-05
-2.424682086465956843e-05
-2.433179025251863692e-05
-2.441677008457876497e-05
-2.450176064494602457e-05
-2.458676194039277618e-05
-2.467177339726678298e-05
-2.475679586855239478e-05
-2.484182935047485330e-05
-2.492687300126306127e-05
-2.501192710291366694e-05
-2.509699165431644730e-05
-2.518206693746805058e-05
-2.526715239281607239e-05
-2.535224886590636828e-05
-2.543735662718926704e-05
-2.552247456932832392e-05
-2.560760412995133350e-05
-2.569274270458610232e-05
-2.577789173208167028e-05
-2.586305136065281118e-05
-2.594822145474129371e-05
-2.603340387108410425e-05
-2.611859515888603767e-05
-2.620379692663821203e-05
-2.628900957268864857e-05
-2.637423268614380589e-05
-2.645946641277596711e-05
-2.654471060881125055e-05
-2.662996648683524370e-05
-2.671523233266359654e-05
-2.680050851733284389e-05
-2.688579517740041780e-05
-2.697109245886064599e-05
-2.705640036249068459e-05
-2.714171875128901235e-05
-2.722704858137969808e-05
-2.731238864661644783e-05
-2.739773906368370149e-05
-2.748309997591125153e-05
-2.756847180274135667e-05
-2.765385412917265029e-05
-2.773924709231767594e-05
-2.782465056239136203e-05
-2.791006495928005648e-05
-2.799548972032273042e-05
-2.808092498995939934e-05
-2.816637119051890181e-05
-2.825182790577862590e-05
-2.833729526818817845e-05
-2.842277314929475551e-05
-2.850826224487512661e-05
-2.859376235053723292e-05
-2.867927235294942534e-05
-2.876479286817446024e-05
-2.885032432720091577e-05
-2.893586630436928431e-05
-2.902141866445440144e-05
-2.910698224811714141e-05
-2.919255755939875741e-05
-2.927814203634859780e-05
-2.936373703110728428e-05
-2.944934295912027267e-05
-2.953495939828076899e-05
-2.962058634792263945e-05
-2.970622387410415399e-05
-2.979187297669216861e-05
-2.987753163852246985e-05
-2.996320093495707937e-05
-3.004888105451186675e-05
-3.013457159084520498e-05
-3.022027279875327821e-05
-3.030598453102051337e-05
-3.039170853957884333e-05
-3.047744143325203936e-05
-3.056318490302079027e-05
-3.064893882709363027e-05
-3.073470336301120653e-05
-3.082047846447721895e-05
-3.090626400503726501e-05
-3.099206087464612125e-05
-3.107786730816020082e-05
-3.116368426525628621e-05
-3.124951159072519857e-05
-3.133534952493022274e-05
-3.142119765764395112e-05
-3.150705621768334908e-05
-3.159292506071942341e-05
-3.167880480592355497e-05
-3.176469513332946804e-05
-3.185059477950336060e-05
-3.193650491584154594e-05
-3.202242513622444164e-05
-3.210835552902580048e-05
-3.219429594247813498e-05
-3.228024696222409062e-05
-3.236620870283868356e-05
-3.245217947389633650e-05
-3.253816013681909425e-05
-3.262415100835358572e-05
-3.271015171479874084e-05
-3.279616231532944681e-05
-3.288218267250009319e-05
-3.296821351805867550e-05
-3.305425373245629572e-05
-3.314030483936303284e-05
-3.322636442915083421e-05
-3.331243382720394663e-05
-3.339851298023166493e-05
-3.348460142660325545e-05
-3.357070089216040998e-05
-3.365680890365929656e-05
-3.374292672420065031e-05
-3.382905318816131768e-05
-3.391518910389468289e-05
-3.400133443431929692e-05
-3.408748904487612919e-05
-3.417365381686021664e-05
-3.425982741611655058e-05
-3.434601010010585043e-05
-3.443220194565554948e-05
-3.451840322488131108e-05
-3.460461361626254728e-05
-3.469083318907717484e-05
-3.477706182097861642e-05
-3.486329978774627136e-05
-3.494954656435567131e-05
-3.503580238417569603e-05
-3.512206741129730858e-05
-3.520834133974304336e-05
-3.529462434037622387e-05
-3.538091630062023540e-05
-3.546721757097248684e-05
-3.555352743955797479e-05
-3.563984623788929440e-05
-3.572617397151756080e-05
-3.581251058026868606e-05
-3.589885616972487981e-05
-3.598521060677040140e-05
-3.607157423834994603e-05
-3.615794642586322993e-05
-3.624432750892747634e-05
-3.633071739839177638e-05
-3.641711625512744632e-05
-3.650352380202281921e-05
-3.658994021449313294e-05
-3.667636539683716279e-05
-3.676280068731774264e-05
-3.684924337643558090e-05
-3.693569485363479288e-05
-3.702215523970764366e-05
-3.710862427330763325e-05
-3.719510221089628033e-05
-3.728158882410070873e-05
-3.736808495324872581e-05
-3.745458934401035833e-05
-3.754110231612983739e-05
-3.762762395120855530e-05
-3.771415442033188015e-05
-3.780069342362857299e-05
-3.788724117104180777e-05
-3.797379899783681623e-05
-3.806036422349112769e-05
-3.814693822612458263e-05
-3.823352092779952471e-05
-3.832011244464528232e-05
-3.840671254984329153e-05
-3.849332138816663473e-05
-3.857993893885414138e-05
-3.866656521034350646e-05
-3.875320022672656961e-05
-3.883984395769424225e-05
-3.892649657910585148e-05
-3.901315780729941451e-05
-3.909982781191700951e-05
-3.918650651502098015e-05
-3.927319426100250865e-05
-3.935989044256960057e-05
-3.944659540366934891e-05
-3.953330907358054702e-05
-3.962003160873361907e-05
-3.970676276965345863e-05
-3.979350263272340982e-05
-3.988025159529229313e-05
-3.996701031461213915e-05
-4.005377652505082153e-05
-4.014055140777461617e-05
-4.022733521991117556e-05
-4.031412771310360910e-05
-4.040092896662184074e-05
-4.048773890807932929e-05
-4.057455832662260065e-05
-4.066138607394798044e-05
-4.074822242217113200e-05
-4.083506746321852177e-05
-4.092192129301341907e-05
-4.100878390977946708e-05
-4.109565523080505045e-05
-4.118253687890316428e-05
-4.126942621773821429e-05
-4.135632480462003713e-05
-4.144323158539187091e-05
-4.153014708363489405e-05
-4.161707147187776457e-05
-4.170400476932734080e-05
-4.179094663159244050e-05
-4.187789758058890754e-05
-4.196485866969634770e-05
-4.205182711192190226e-05
-4.213880430059546711e-05
-4.222579041324170390e-05
-4.231278545285821480e-05
-4.239978909470476509e-05
-4.248680185248154828e-05
-4.257382391226194329e-05
-4.266085455928436687e-05
-4.274789506886200741e-05
-4.283494311585478442e-05
-4.292200012079305793e-05
-4.300906575971374934e-05
-4.309614054009980322e-05
-4.318322555607601032e-05
-4.327031830086980335e-05
-4.335742005268095056e-05
-4.344453026194905476e-05
-4.353164946657717138e-05
-4.361877767455890620e-05
-4.370591454738725901e-05
-4.379306098756252652e-05
-4.388021606427372490e-05
-4.396738109624376278e-05
-4.405455371592204017e-05
-4.414173537325982721e-05
-4.422892607236494911e-05
-4.431612547373120492e-05
-4.440333538668905788e-05
-4.449055306410265587e-05
-4.457778019917313372e-05
-4.466501567002012507e-05
-4.475226004718724226e-05
-4.483951350253700951e-05
-4.492677570100411799e-05
-4.501404754975180111e-05
-4.510132810797706782e-05
-4.518861907709670334e-05
-4.527591751024573341e-05
-4.536322488346566928e-05
-4.545054138083148842e-05
-4.553786700733919446e-05
-4.562520142603609941e-05
-4.571254515650657879e-05
-4.579989842579124115e-05
-4.588726010479327044e-05
-4.597463077715691071e-05
-4.606201043211299861e-05
-4.614939918079485892e-05
-4.623679693083193598e-05
-4.632420412942206411e-05
-4.641162169827239836e-05
-4.649904684606021021e-05
-4.658648102384699285e-05
-4.667392450230511969e-05
-4.676137701764560006e-05
-4.684883849570553593e-05
-4.693630947549820576e-05
-4.702378989063227266e-05
-4.711127890100197391e-05
-4.719877698389218779e-05
-4.728628441919013881e-05
-4.737380093478016363e-05
-4.746132663169255750e-05
-4.754886143054637415e-05
-4.763640717120321000e-05
-4.772396063179584758e-05
-4.781152294175416984e-05
-4.789909464397723582e-05
-4.798667547656343402e-05
-4.807426553976590355e-05
-4.816186474254635641e-05
-4.824947393389233952e-05
-4.833709189677737328e-05
-4.842471892896327290e-05
-4.851235513481100270e-05
-4.860000078632520371e-05
-4.868765562326959895e-05
-4.877531955904679251e-05
-4.886299442441455199e-05
-4.895067720733781158e-05
-4.903836911474002136e-05
-4.912607022866666284e-05
-4.921378084432603828e-05
-4.930150068160887855e-05
-4.938922984976112929e-05
-4.947696825585712332e-05
-4.956471637251880225e-05
-4.965247472610290203e-05
-4.974024126291887171e-05
-4.982801706276962506e-05
-4.991580223068226019e-05
-5.000359695228606682e-05
-5.009140086487118282e-05
-5.017921444316897350e-05
-5.026703784682950982e-05
-5.035487039650732299e-05
-5.044271299681213350e-05
-5.053056398640620728e-05
-5.061842448661479921e-05
-5.070629450443231434e-05
-5.079417366471439266e-05
-5.088206382042326226e-05
-5.096996223741268039e-05
-5.105787016712604043e-05
-5.114578710696537911e-05
-5.123371359694317562e-05
-5.132164964916086092e-05
-5.140959489813301531e-05
-5.149755023603486137e-05
-5.158551463124716463e-05
-5.167348832213480847e-05
-5.176147141405795793e-05
-5.184946401060042120e-05
-5.193746611209526520e-05
-5.202547763227816091e-05
-5.211350029943329076e-05
-5.220153114826597829e-05
-5.228957133418532521e-05
-5.237762096343967499e-05
-5.246568031946896582e-05
-5.255374913260002501e-05
-5.264182749442625209e-05
-5.272991532367932166e-05
-5.281801290457632803e-05
-5.290611986419335722e-05
-5.299423629900879007e-05
-5.308236250733955330e-05
-5.317049820241503966e-05
-5.325864339733588082e-05
-5.334679813662202008e-05
-5.343496281284831895e-05
-5.352313675466291443e-05
-5.361132035741622559e-05
-5.369951353140223205e-05
-5.378771645903057674e-05
-5.387592878081104431e-05
-5.396415072556060011e-05
-5.405238265510092788e-05
-5.414062387165685664e-05
-5.422887479256122134e-05
-5.431713530501536269e-05
-5.440540561996165536e-05
-5.449368544696575611e-05
-5.458197508168005641e-05
-5.467027428485149443e-05
-5.475858389036858398e-05
-5.484690272905545783e-05
-5.493523086586016291e-05
-5.502356887687742670e-05
-5.511191647500357504e-05
-5.520027376504366146e-05
-5.528864065929006699e-05
-5.537701851798804142e-05
-5.546540510059649876e-05
-5.555380119870445554e-05
-5.564220690856824802e-05
-5.573062253194649429e-05
-5.581904777274271368e-05
-5.590748253858635053e-05
-5.599592776428519159e-05
-5.608438227622247751e-05
-5.617284632652985721e-05
-5.626132001812500505e-05
-5.634980363655728297e-05
-5.643829709678360729e-05
-5.652680040257873628e-05
-5.661531315570567102e-05
-5.670383596001471460e-05
-5.679236894429173788e-05
-5.688091105993109409e-05
-5.696946283673121059e-05
-5.705802447186769655e-05
-5.714659596933735486e-05
-5.723517694267155065e-05
-5.732376796918625672e-05
-5.741236962952811496e-05
-5.750098040535611688e-05
-5.758960099699894641e-05
-5.767823093039137206e-05
-5.776687075220721113e-05
-5.785552044834663121e-05
-5.794417963844722408e-05
-5.803284924665863542e-05
-5.812152840656281683e-05
-5.821021778840140826e-05
-5.829891613207127676e-05
-5.838762437604394506e-05
-5.847634250788491528e-05
-5.856507014878609141e-05
-5.865380857317248342e-05
-5.874255620053059346e-05
-5.883131407236064092e-05
-5.892008111074709120e-05
-5.900885785703469111e-05
-5.909764451283994191e-05
-5.918644067970380007e-05
-5.927524728754907102e-05
-5.936406346485068042e-05
-5.945289024833488867e-05
-5.954172585531658513e-05
-5.963057117519543482e-05
-5.971942640858873830e-05
-5.980829155771694161e-05
-5.989716622867291562e-05
-5.998605100765441733e-05
-6.007494602877638812e-05
-6.016385024865122944e-05
-6.025276419718839094e-05
-6.034168805568729255e-05
-6.043062182858882636e-05
-6.051956513775103019e-05
-6.060851855904658692e-05
-6.069748189829748952e-05
-6.078645515361635887e-05
-6.087543827149044517e-05
-6.096443079095514861e-05
-6.105343322670986339e-05
-6.114244519273004386e-05
-6.123146728087558444e-05
-6.132049960749785811e-05
-6.140954153521782644e-05
-6.149859363846488236e-05
-6.158765483088579629e-05
-6.167672594303841294e-05
-6.176580698036282513e-05
-6.185489755006212675e-05
-6.194399886305657077e-05
-6.203310946939488701e-05
-6.212222961443636393e-05
-6.221135949002754018e-05
-6.230049928712677598e-05
-6.238964900562304905e-05
-6.247880826071305904e-05
-6.256797797865587540e-05
-6.265715726105902661e-05
-6.274634690039970764e-05
-6.283554536556934522e-05
-6.292475385094586926e-05
-6.301397206376346816e-05
-6.310319991253976468e-05
-6.319243858432521677e-05
-6.328168636371422906e-05
-6.337094378605634404e-05
-6.346021093794895762e-05
-6.354948811082561377e-05
-6.363877500981107715e-05
-6.372807173793404445e-05
-6.381737819671773337e-05
-6.390669485500932723e-05
-6.399602184703478969e-05
-6.408535769264478432e-05
-6.417470355546406324e-05
-6.426405914783384077e-05
-6.435342457211667977e-05
-6.444279972595001738e-05
-6.453218507740388077e-05
-6.462158049003186022e-05
-6.471098522320417601e-05
-6.480039969580797532e-05
-6.488982418273447905e-05
-6.497925840687202026e-05
-6.506870227307448573e-05
-6.515815634067223527e-05
-6.524762117909865822e-05
-6.533709510103680174e-05
-6.542657889729852627e-05
-6.551607211491283778e-05
-6.560557525880916785e-05
-6.569508833753623378e-05
-6.578461096806709207e-05
-6.587414403902425164e-05
-6.596368671896168934e-05
-6.605324019259839474e-05
-6.614280236449943118e-05
-6.623237429559392098e-05
-6.632195616063096821e-05
-6.641154759157164023e-05
-6.650115001083367616e-05
-6.659076150161702401e-05
-6.668038327140024535e-05
-6.677001427712880854e-05
-6.685965505648372442e-05
-6.694930578654556541e-05
-6.703896646054197106e-05
-6.712863672431179651e-05
-6.721831712153125693e-05
-6.730800835086370171e-05
-6.739770829822244735e-05
-6.748741802298230397e-05
-6.757713771621265408e-05
-6.766686738146621138e-05
-6.775660664093408059e-05
-6.784635605960875893e-05
-6.793611580924174831e-05
-6.802588519705388137e-05
-6.811566498032828321e-05
-6.820545377739239967e-05
-6.829525257445734354e-05
-6.838506098716390369e-05
-6.847487959471543206e-05
-6.856470910643341909e-05
-6.865454772941870232e-05
-6.874439673532073414e-05
-6.883425538461995785e-05
-6.892412495917987769e-05
-6.901400367298471394e-05
-6.910389202441358236e-05
-6.919379041603335168e-05
-6.928369848890891802e-05
-6.937361751246928776e-05
-6.946354569192791928e-05
-6.955348430037755492e-05
-6.964343261128824736e-05
-6.973339113958143543e-05
-6.982335914640369623e-05
-6.991333693895374068e-05
-7.000332520035179584e-05
-7.009332280627500467e-05
-7.018333033104173779e-05
-7.027334797304884972e-05
-7.036337535670789123e-05
-7.045341345346400885e-05
-7.054346129797828269e-05
-7.063352020897362138e-05
-7.072358797577393830e-05
-7.081366571515257391e-05
-7.090375362572842732e-05
-7.099385172071315253e-05
-7.108395962529545642e-05
-7.117407792456287297e-05
-7.126420682923573224e-05
-7.135434517135941235e-05
-7.144449355644955091e-05
-7.153465218290300243e-05
-7.162482106315426478e-05
-7.171499982583373622e-05
-7.180518905913757521e-05
-7.189538954111007740e-05
-7.198559936771875556e-05
-7.207581952750619081e-05
-7.216604939985771239e-05
-7.225628961116115079e-05
-7.234653977306049200e-05
-7.243680049684453337e-05
-7.252707140925629403e-05
-7.261735290775561680e-05
-7.270764539490937040e-05
-7.279794712300446946e-05
-7.288825929052666908e-05
-7.297858191346318080e-05
-7.306891459268882727e-05
-7.315925896433927988e-05
-7.324961284127518013e-05
-7.333997724334739843e-05
-7.343035154927513020e-05
-7.352073640920497866e-05
-7.361113184389811437e-05
-7.370153744201690671e-05
-7.379195429457752198e-05
-7.388238134120594935e-05
-7.397282006715855118e-05
-7.406326800085683004e-05
-7.415372640795503401e-05
-7.424419552526373423e-05
-7.433467493345169430e-05
-7.442516633759943545e-05
-7.451566748561955222e-05
-7.460617987409268181e-05
-7.469670219084623142e-05
-7.478723513298923820e-05
-7.487777892978275673e-05
-7.496833362319321736e-05
-7.505889877668092680e-05
-7.514947509390523805e-05
-7.524006345949185715e-05
-7.533066173170954727e-05
-7.542127102899698343e-05
-7.551189067356300910e-05
-7.560252139260370541e-05
-7.569316274136372868e-05
-7.578381545403356512e-05
-7.587447980283990034e-05
-7.596515487040544912e-05
-7.605584184222635713e-05
-7.614653866150344896e-05
-7.623724675565046738e-05
-7.632796616974246717e-05
-7.641869644603449530e-05
-7.650943930070930321e-05
-7.660019200383949567e-05
-7.669095590878693969e-05
-7.678173142111610616e-05
-7.687251820676088698e-05
-7.696331642692566533e-05
-7.705412598935090784e-05
-7.714494810817651427e-05
-7.723578112062146062e-05
-7.732662545956170419e-05
-7.741748129730385841e-05
-7.750834879816093093e-05
-7.759922801997554132e-05
-7.769011885327969935e-05
-7.778102331890135446e-05
-7.787193820996130000e-05
-7.796286471106750326e-05
-7.805380301550979283e-05
-7.814475343925764150e-05
-7.823571568632559092e-05
-7.832669008889237006e-05
-7.841767654437337143e-05
-7.850867555603269210e-05
-7.859968636148018106e-05
-7.869070938526512293e-05
-7.878174497943923882e-05
-7.887279275065051110e-05
-7.896385306127573500e-05
-7.905492580917439227e-05
-7.914601167879897758e-05
-7.923710964585772842e-05
-7.932822039424802796e-05
-7.941934383726145796e-05
-7.951048034893215544e-05
-7.960162936004877565e-05
-7.969279132702400403e-05
-7.978396691799005680e-05
-7.987515503538045181e-05
-7.996635641216442991e-05
-8.005757096485321966e-05
-8.014879910600569701e-05
-8.024004039408616507e-05
-8.033129526174853652e-05
-8.042256360807353843e-05
-8.051384642082659582e-05
-8.060514279439878749e-05
-8.069645225583510495e-05
-8.078777600706299467e-05
-8.087911356713384237e-05
-8.097046522370643373e-05
-8.106183087597251813e-05
-8.115321282498033639e-05
-8.124460772951369592e-05
-8.133601672166701491e-05
-8.142744008876601214e-05
-8.151887855845085795e-05
-8.161033160214437032e-05
-8.170179912492248064e-05
-8.179328294044552194e-05
-8.188478123538622810e-05
-8.197629476514034508e-05
-8.206782363684439474e-05
-8.215936774880194804e-05
-8.225092767899511159e-05
-8.234250354466343680e-05
-8.243409452513006386e-05
-8.252570215916410490e-05
-8.261732657477427466e-05
-8.270896599826826900e-05
-8.280062149024214335e-05
-8.289229367808292892e-05
-8.298398218764546641e-05
-8.307568687526689644e-05
-8.316740943126177399e-05
-8.325915007556528025e-05
-8.335090587119342587e-05
-8.344267859361487183e-05
-8.353446918396567611e-05
-8.362627695324142962e-05
-8.371810228702258883e-05
-8.380994502044103456e-05
-8.390180660111656863e-05
-8.399368503464454960e-05
-8.408558118122577696e-05
-8.417749602385171670e-05
-8.426942877404197674e-05
-8.436137981004954156e-05
-8.445334891127309618e-05
-8.454533917612305771e-05
-8.463734577091042155e-05
-8.472937034265104472e-05
-8.482141304755330680e-05
-8.491347436878626809e-05
-8.500555446444568730e-05
-8.509765303932326219e-05
-8.518977147886630519e-05
-8.528190725287654317e-05
-8.537406171893469065e-05
-8.546623452143631283e-05
-8.555842617885556223e-05
-8.565063569188069437e-05
-8.574286355411686600e-05
-8.583510933246607522e-05
-8.592737346146961386e-05
-8.601965506493947089e-05
-8.611195396490689546e-05
-8.620427078964709722e-05
-8.629660451719978198e-05
-8.638895517021349946e-05
-8.648132226440896630e-05
-8.657370659748142572e-05
-8.666610857455125938e-05
-8.675852445516607503e-05
-8.685095574456624945e-05
-8.694340240067433001e-05
-8.703586410663266548e-05
-8.712834038471228837e-05
-8.722083185441764641e-05
-8.731333792366680058e-05
-8.740585699595904146e-05
-8.749838952848421059e-05
-8.759093576116150359e-05
-8.768349523113894151e-05
-8.777606767140788691e-05
-8.786865223553430582e-05
-8.796125022936251980e-05
-8.805385985100055990e-05
-8.814648161992177933e-05
-8.823911428446074012e-05
-8.833175859657149687e-05
-8.842441437828529871e-05
-8.851708101498267922e-05
-8.860975980906626859e-05
-8.870244898018242452e-05
-8.879515085702394117e-05
-8.888786135818893541e-05
-8.898058224648952574e-05
-8.907331378027461000e-05
-8.916605551867462509e-05
-8.925880978993827597e-05
-8.935157271561244841e-05
-8.944434678281876216e-05
-8.953713022930021026e-05
-8.962992392558266630e-05
-8.972272803997594082e-05
-8.981554257869728275e-05
-8.990836720357275880e-05
-9.000120247804055396e-05
-9.009404924265052017e-05
-9.018690517903493742e-05
-9.027977151598864936e-05
-9.037264847910897458e-05
-9.046553613412111616e-05
-9.055843413707798106e-05
-9.065134314034661855e-05
-9.074426378630207068e-05
-9.083719462366079966e-05
-9.093013713257214192e-05
-9.102308948605308814e-05
-9.111605302869474343e-05
-9.120902740034075862e-05
-9.130201334583976092e-05
-9.139501182420239900e-05
-9.148802077696416291e-05
-9.158104169681990925e-05
-9.167407331123200720e-05
-9.176711674863113899e-05
-9.186017212436947688e-05
-9.195323901534102617e-05
-9.204631912185234910e-05
-9.213941063679342847e-05
-9.223251563406087428e-05
-9.232563138383831358e-05
-9.241875940702026782e-05
-9.251190008285892219e-05
-9.260505293584575526e-05
-9.269822013657780246e-05
-9.279139912554690284e-05
-9.288459210177180125e-05
-9.297779675077055828e-05
-9.307101439404164012e-05
-9.316424545668944290e-05
-9.325749004418515398e-05
-9.335074759730943583e-05
-9.344401923194745052e-05
-9.353730473193877515e-05
-9.363060350631169371e-05
-9.372391601991658661e-05
-9.381724272938818388e-05
-9.391058375385341606e-05
-9.400393845404586557e-05
-9.409730807152794085e-05
-9.419069334171137342e-05
-9.428409240086477183e-05
-9.437750688168211610e-05
-9.447093465475564500e-05
-9.456437754196134193e-05
-9.465783484285950067e-05
-9.475130791380959039e-05
-9.484479782173593776e-05
-9.493830196483088457e-05
-9.503182202286186708e-05
-9.512535640421315719e-05
-9.521890673536148597e-05
-9.531247314409352356e-05
-9.540605482316610875e-05
-9.549965439203944584e-05
-9.559326929275968610e-05
-9.568690124506229466e-05
-9.578054795611468109e-05
-9.587421147294605817e-05
-9.596789191590460177e-05
-9.606158842079270954e-05
-9.615530393047855284e-05
-9.624903543692386876e-05
-9.634278541981178279e-05
-9.643655089297542560e-05
-9.653033353140827444e-05
-9.662413400068903258e-05
-9.671795132970562037e-05
-9.681178839049398022e-05
-9.690564258579836832e-05
-9.699951658648231501e-05
-9.709340649377562471e-05
-9.718731445607087238e-05
-9.728124117758252254e-05
-9.737518680275059069e-05
-9.746915026542790628e-05
-9.756313350695045017e-05
-9.765713728127067839e-05
-9.775115807331147266e-05
-9.784519783839762397e-05
-9.793925734746800060e-05
-9.803333674862635405e-05
-9.812743488502029265e-05
-9.822155385497133295e-05
-9.831569441631771156e-05
-9.840985420650483206e-05
-9.850403425237796995e-05
-9.859823343072449120e-05
-9.869245354698907846e-05
-9.878669334595358009e-05
-9.888095508570060588e-05
-9.897523924340401180e-05
-9.906954396288192299e-05
-9.916387029440532075e-05
-9.925821642819965263e-05
-9.935258460214146936e-05
-9.944697498609489372e-05
-9.954138621448560542e-05
-9.963582213956545530e-05
-9.973027938803280534e-05
-9.982475903125287431e-05
-9.991925985253224951e-05
-1.000137838975678761e-04
-1.001083313370010330e-04
-1.002029007147742234e-04
-1.002974957826641145e-04
-1.003921136794039271e-04
-1.004867571670065018e-04
-1.005814217981404468e-04
-1.006761100602604486e-04
-1.007708230014170425e-04
-1.008655590483131803e-04
-1.009603225201605170e-04
-1.010551097769818440e-04
-1.011499215922695427e-04
-1.012447581406616948e-04
-1.013396196255511583e-04
-1.014345071781441732e-04
-1.015294210081618687e-04
-1.016243594009758056e-04
-1.017193254562176463e-04
-1.018143199813525968e-04
-1.019093401267712196e-04
-1.020043868299458367e-04
-1.020994589306933875e-04
-1.021945588582928721e-04
-1.022896847645560214e-04
-1.023848400079074850e-04
-1.024800249902479976e-04
-1.025752376022648349e-04
-1.026704786346588349e-04
-1.027657463290587714e-04
-1.028610424744780261e-04
-1.029563678818234962e-04
-1.030517222355697982e-04
-1.031471074786072251e-04
-1.032425216898058551e-04
-1.033379656523170098e-04
-1.034334414350412956e-04
-1.035289475352918487e-04
-1.036244848694467535e-04
-1.037200530951132293e-04
-1.038156549492130765e-04
-1.039112882984527531e-04
-1.040069535628296293e-04
-1.041026509285281065e-04
-1.041983813542257664e-04
-1.042941451676604458e-04
-1.043899419962412978e-04
-1.044857752389161121e-04
-1.045816415251588083e-04
-1.046775419015766317e-04
-1.047734764219043768e-04
-1.048694474508060637e-04
-1.049654530786980899e-04
-1.050614942055272394e-04
-1.051575702420981528e-04
-1.052536824092120682e-04
-1.053498298939636868e-04
-1.054460123270928307e-04
-1.055422317238763341e-04
-1.056384870812276944e-04
-1.057347779687134448e-04
-1.058311010778689720e-04
-1.059274587791314559e-04
-1.060238499500654186e-04
-1.061202718526388367e-04
-1.062167225022170314e-04
-1.063132025145296922e-04
-1.064097088636639654e-04
-1.065062394492999331e-04
-1.066027932158375435e-04
-1.066993671056115645e-04
-1.067959574043708670e-04
-1.068925615720361932e-04
-1.069891767784270087e-04
-1.070857995641993909e-04
-1.071824264862186737e-04
-1.072790545302293452e-04
-1.073756803227077228e-04
-1.074723008134270685e-04
-1.075689133404056363e-04
-1.076655143841254159e-04
-1.077621024503372382e-04
-1.078586742299103562e-04
-1.079552290260687997e-04
-1.080517644107548136e-04
-1.081482792744115073e-04
-1.082447718319112795e-04
-1.083412426453600474e-04
-1.084376894759930821e-04
-1.085341128477246286e-04
-1.086305140367560540e-04
-1.087268897682625024e-04
-1.088232422568058411e-04
-1.089195712660195881e-04
-1.090158776037020161e-04
-1.091121591939581137e-04
-1.092084187388486782e-04
-1.093046558549026770e-04
-1.094008716865380038e-04
-1.094970640986847599e-04
-1.095932348744721452e-04
-1.096893868542947459e-04
-1.097855182001783447e-04
-1.098816290338033852e-04
-1.099777198233509168e-04
-1.100737936995388466e-04
-1.101698479625268234e-04
-1.102658841855008731e-04
-1.103619013048673381e-04
-1.104579032400465621e-04
-1.105538877709255630e-04
-1.106498563104851840e-04
-1.107458085991552821e-04
-1.108417455480958935e-04
-1.109376666331707284e-04
-1.110335726711708659e-04
-1.111294642847093783e-04
-1.112253400540330617e-04
-1.113212019782094941e-04
-1.114170497610311727e-04
-1.115128842198442882e-04
-1.116087042128954820e-04
-1.117045106181491221e-04
-1.118003034270564910e-04
-1.118960833748072758e-04
-1.119918512260120735e-04
-1.120876061853071093e-04
-1.121833504920122238e-04
-1.122790816172614115e-04
-1.123748002910263111e-04
-1.124705077619747584e-04
-1.125662046383979487e-04
-1.126618909076393393e-04
-1.127575658408375148e-04
-1.128532296530426748e-04
-1.129488843789605568e-04
-1.130445274791780363e-04
-1.131401589798963769e-04
-1.132357830446739655e-04
-1.133313978843863978e-04
-1.134270028098072203e-04
-1.135225980174459082e-04
-1.136181853967910271e-04
-1.137137626063822182e-04
-1.138093301329412554e-04
-1.139048892718763639e-04
-1.140004402169214615e-04
-1.140959844649902521e-04
-1.141915203328736084e-04
-1.142870495542958054e-04
-1.143825699840839150e-04
-1.144780815467427715e-04
-1.145735865007990739e-04
-1.146690850072351608e-04
-1.147645774399741470e-04
-1.148600627531859431e-04
-1.149555411241731662e-04
-1.150510141595395552e-04
-1.151464794415524295e-04
-1.152419387615566393e-04
-1.153373922496703230e-04
-1.154328412946714622e-04
-1.155282844280680621e-04
-1.156237218157274427e-04
-1.157191549308045353e-04
-1.158145810230548634e-04
-1.159100028205184429e-04
-1.160054189687231840e-04
-1.161008320016421180e-04
-1.161962408822159176e-04
-1.162916451518114513e-04
-1.163870461472482631e-04
-1.164824418745658008e-04
-1.165778338173550921e-04
-1.166732209018084276e-04
-1.167686061339656689e-04
-1.168639882307420663e-04
-1.169593673127078404e-04
-1.170547432571833468e-04
-1.171501164636268300e-04
-1.172454857312210663e-04
-1.173408525415586823e-04
-1.174362178038013127e-04
-1.175315800909793040e-04
-1.176269403047047746e-04
-1.177222983235193254e-04
-1.178176545131304209e-04
-1.179130077972878610e-04
-1.180083585636815258e-04
-1.181037090830505676e-04
-1.181990582740377604e-04
-1.182944055705403841e-04
-1.183897517779142206e-04
-1.184850972418827197e-04
-1.185804407322077481e-04
-1.186757831399543051e-04
-1.187711254945211792e-04
-1.188664673278383432e-04
-1.189618081286480944e-04
-1.190571486284763836e-04
-1.191524887381723019e-04
-1.192478287648235380e-04
-1.193431678122580664e-04
-1.194385066078940127e-04
-1.195338449982985551e-04
-1.196291843700292290e-04
-1.197245241709721242e-04
-1.198198641437775436e-04
-1.199152051056806556e-04
-1.200105458525335678e-04
-1.201058872845051084e-04
-1.202012285855813545e-04
-1.202965719441229098e-04
-1.203919164002309472e-04
-1.204872620426122865e-04
-1.205826087992134532e-04
-1.206779569095095539e-04
-1.207733059824800392e-04
-1.208686567545358415e-04
-1.209640091454078359e-04
-1.210593627680722761e-04
-1.211547181755312508e-04
-1.212500753040579582e-04
-1.213454343744757580e-04
-1.214407948787465941e-04
-1.215361578594809089e-04
-1.216315227983155722e-04
-1.217268899316170661e-04
-1.218222591815587563e-04
-1.219176308379088525e-04
-1.220130049072176703e-04
-1.221083809257450525e-04
-1.222037599017955500e-04
-1.222991414405738553e-04
-1.223945257048386637e-04
-1.224899126830436558e-04
-1.225853024530154656e-04
-1.226806950918035710e-04
-1.227760906534758334e-04
-1.228714892185234220e-04
-1.229668907092307251e-04
-1.230622953697357858e-04
-1.231577030360586633e-04
-1.232531141091008919e-04
-1.233485284207747057e-04
-1.234439461559322382e-04
-1.235393669547502071e-04
-1.236347915930524621e-04
-1.237302197215628397e-04
-1.238256515072588826e-04
-1.239210868028139956e-04
-1.240165259638326134e-04
-1.241119689470160381e-04
-1.242074149828686913e-04
-1.243028653886701917e-04
-1.243983199300524589e-04
-1.244937785614963488e-04
-1.245892410489668478e-04
-1.246847077287505101e-04
-1.247801785589919277e-04
-1.248756536793571570e-04
-1.249711327013791617e-04
-1.250666157600610617e-04
-1.251621038617090065e-04
-1.252575961908641844e-04
-1.253530928823076707e-04
-1.254485939914395942e-04
-1.255440998789714158e-04
-1.256396101093626427e-04
-1.257351250079086213e-04
-1.258306444010814928e-04
-1.259261684268819792e-04
-1.260216976018968538e-04
-1.261172315127900845e-04
-1.262127704837467945e-04
-1.263083141290755052e-04
-1.264038623405294715e-04
-1.264994157486043491e-04
-1.265949735286264755e-04
-1.266905372740989577e-04
-1.267861060429975595e-04
-1.268816798752903097e-04
-1.269772590660744882e-04
-1.270728424458411610e-04
-1.271684318261412372e-04
-1.272640264091684514e-04
-1.273596266315735193e-04
-1.274552321373079167e-04
-1.275508429650074049e-04
-1.276464593935600078e-04
-1.277420808586393619e-04
-1.278377079915182790e-04
-1.279333398817028566e-04
-1.280289781970811447e-04
-1.281246221602749813e-04
-1.282202716826885691e-04
-1.283159270103473304e-04
-1.284115871995616942e-04
-1.285072537073883581e-04
-1.286029257041576557e-04
-1.286986038254722686e-04
-1.287942877998826674e-04
-1.288899775560015115e-04
-1.289856731226945996e-04
-1.290813747146790647e-04
-1.291770820827098376e-04
-1.292727947369565200e-04
-1.293685139315270405e-04
-1.294642390804456866e-04
-1.295599704708161326e-04
-1.296557078708238109e-04
-1.297514514717601486e-04
-1.298472010492490725e-04
-1.299429565393417363e-04
-1.300387183162943217e-04
-1.301344858163355767e-04
-1.302302601277061100e-04
-1.303260406263495597e-04
-1.304218273284751817e-04
-1.305176204201563550e-04
-1.306134191597640992e-04
-1.307092247125885009e-04
-1.308050365583790509e-04
-1.309008549544854461e-04
-1.309966797691242135e-04
-1.310925109876404093e-04
-1.311883486621034933e-04
-1.312841925067420590e-04
-1.313800429909584011e-04
-1.314759000288212576e-04
-1.315717636073410191e-04
-1.316676337080879833e-04
-1.317635103497138971e-04
-1.318593935911716031e-04
-1.319552828832337710e-04
-1.320511792177736510e-04
-1.321470822295278680e-04
-1.322429919115020169e-04
-1.323389081959724933e-04
-1.324348311798617672e-04
-1.325307608557313443e-04
-1.326266972661027665e-04
-1.327226403532444365e-04
-1.328185902336187496e-04
-1.329145468991210777e-04
-1.330105102906875558e-04
-1.331064804971360260e-04
-1.332024575100287933e-04
-1.332984413744409125e-04
-1.333944319704682968e-04
-1.334904293535110753e-04
-1.335864337492775888e-04
-1.336824450539619846e-04
-1.337784632083893754e-04
-1.338744883029319155e-04
-1.339705203582397530e-04
-1.340665592726164590e-04
-1.341626048407817962e-04
-1.342586577438575901e-04
-1.343547176458903536e-04
-1.344507844996956081e-04
-1.345468583803244300e-04
-1.346429392802273028e-04
-1.347390272343762518e-04
-1.348351220675780837e-04
-1.349312240542799302e-04
-1.350273331931495235e-04
-1.351234493746078513e-04
-1.352195726673777187e-04
-1.353157030664631222e-04
-1.354118405983983919e-04
-1.355079849004736658e-04
-1.356041366409321824e-04
-1.357002955620911777e-04
-1.357964616580664696e-04
-1.358926348861144717e-04
-1.359888153134036770e-04
-1.360850029682447726e-04
-1.361811976825499926e-04
-1.362773996925747966e-04
-1.363736089532441298e-04
-1.364698254576746095e-04
-1.365660491704501212e-04
-1.366622801424188793e-04
-1.367585183753572409e-04
-1.368547638888051310e-04
-1.369510166061571610e-04
-1.370472765680474936e-04
-1.371435439421198055e-04
-1.372398185870427056e-04
-1.373361005221340747e-04
-1.374323897617157897e-04
-1.375286863700697637e-04
-1.376249902593773555e-04
-1.377213012776490331e-04
-1.378176198310043787e-04
-1.379139457302613891e-04
-1.380102790646819955e-04
-1.381066197466696011e-04
-1.382029677947649304e-04
-1.382993232701412722e-04
-1.383956860455670679e-04
-1.384920562474967198e-04
-1.385884337412601752e-04
-1.386848188191791564e-04
-1.387812113030628680e-04
-1.388776111926892654e-04
-1.389740185558929753e-04
-1.390704331453163078e-04
-1.391668553314406864e-04
-1.392632849100960968e-04
-1.393597220246123314e-04
-1.394561666131499678e-04
-1.395526186555029469e-04
-1.396490782037407286e-04
-1.397455451636053780e-04
-1.398420196185856668e-04
-1.399385014231313562e-04
-1.400349908884379602e-04
-1.401314878579640322e-04
-1.402279923221616542e-04
-1.403245042792544695e-04
-1.404210237829772723e-04
-1.405175507727118855e-04
-1.406140852302506516e-04
-1.407106272929281587e-04
-1.408071768890239994e-04
-1.409037340167618169e-04
-1.410002986717007190e-04
-1.410968708959181583e-04
-1.411934506398981881e-04
-1.412900378054970929e-04
-1.413866326352986036e-04
-1.414832350168371278e-04
-1.415798450175032031e-04
-1.416764625685740242e-04
-1.417730877298906123e-04
-1.418697204296215375e-04
-1.419663606636589748e-04
-1.420630085016139077e-04
-1.421596638040423244e-04
-1.422563268661525271e-04
-1.423529974980963786e-04
-1.424496757236326516e-04
-1.425463615781774607e-04
-1.426430548497892303e-04
-1.427397558735332694e-04
-1.428364645024160495e-04
-1.429331807818456923e-04
-1.430299046927263618e-04
-1.431266362156291549e-04
-1.432233753718703539e-04
-1.433201220731872283e-04
-1.434168764521404071e-04
-1.435136384749791105e-04
-1.436104081397049370e-04
-1.437071854200056009e-04
-1.438039703450799678e-04
-1.439007629294719592e-04
-1.439975629077272501e-04
-1.440943707545772057e-04
-1.441911862549716261e-04
-1.442880094204568309e-04
-1.443848402185032853e-04
-1.444816786788649665e-04
-1.445785247937703133e-04
-1.446753785784293811e-04
-1.447722399824380446e-04
-1.448691088622444667e-04
-1.449659856419538428e-04
-1.450628700688794126e-04
-1.451597621561218077e-04
-1.452566619002393367e-04
-1.453535693500818127e-04
-1.454504844426995902e-04
-1.455474072031837096e-04
-1.456443376319782601e-04
-1.457412755854203823e-04
-1.458382214175601987e-04
-1.459351749228954276e-04
-1.460321361468341905e-04
-1.461291050266488867e-04
-1.462260814016902444e-04
-1.463230656388869733e-04
-1.464200575755914002e-04
-1.465170572459983944e-04
-1.466140646054769903e-04
-1.467110796494752734e-04
-1.468081024281753244e-04
-1.469051328528703237e-04
-1.470021709922830766e-04
-1.470992166502371745e-04
-1.471962702220830366e-04
-1.472933315157520795e-04
-1.473904005112602889e-04
-1.474874772511292065e-04
-1.475845614612447676e-04
-1.476816535836977806e-04
-1.477787533890051463e-04
-1.478758609665398183e-04
-1.479729762774439905e-04
-1.480700992988470688e-04
-1.481672300300829193e-04
-1.482643685294382507e-04
-1.483615147085393104e-04
-1.484586683753175151e-04
-1.485558300400313669e-04
-1.486529994481067263e-04
-1.487501765770060658e-04
-1.488473614220664487e-04
-1.489445540466816098e-04
-1.490417543669186884e-04
-1.491389623672345621e-04
-1.492361781465501025e-04
-1.493334014526226383e-04
-1.494306327634031817e-04
-1.495278718086634484e-04
-1.496251186337005379e-04
-1.497223731729002694e-04
-1.498196352152092459e-04
-1.499169052363580334e-04
-1.500141829837708940e-04
-1.501114685589222120e-04
-1.502087618764358368e-04
-1.503060629437502627e-04
-1.504033718014996523e-04
-1.505006883348869451e-04
-1.505980126805805952e-04
-1.506953445863379315e-04
-1.507926845027984797e-04
-1.508900321743888995e-04
-1.509873876096579082e-04
-1.510847508497947800e-04
-1.511821216106934429e-04
-1.512795003506539615e-04
-1.513768868119935718e-04
-1.514742811369318432e-04
-1.515716832547475690e-04
-1.516690931455677571e-04
-1.517665108533572393e-04
-1.518639362672047355e-04
-1.519613695067922876e-04
-1.520588102837949762e-04
-1.521562591300096301e-04
-1.522537157837566824e-04
-1.523511802257182524e-04
-1.524486524532298048e-04
-1.525461325148080860e-04
-1.526436203496128741e-04
-1.527411159286673481e-04
-1.528386193936359660e-04
-1.529361306907839335e-04
-1.530336497846951360e-04
-1.531311766798104657e-04
-1.532287114269781370e-04
-1.533262539578084116e-04
-1.534238040589164243e-04
-1.535213622156916813e-04
-1.536189281813316043e-04
-1.537165020405462101e-04
-1.538140837159529539e-04
-1.539116732625078754e-04
-1.540092706069362549e-04
-1.541068757590080551e-04
-1.542044887652416207e-04
-1.543021094304597440e-04
-1.543997381731054830e-04
-1.544973747519273743e-04
-1.545950191801370721e-04
-1.546926714897089994e-04
-1.547903314114140727e-04
-1.548879993958918178e-04
-1.549856752544043204e-04
-1.550833589659683653e-04
-1.551810502432582339e-04
-1.552787496529317579e-04
-1.553764569949267482e-04
-1.554741721989660874e-04
-1.555718953103468749e-04
-1.556696260064382997e-04
-1.557673648613366879e-04
-1.558651115731723991e-04
-1.559628661896850232e-04
-1.560606285198051779e-04
-1.561583989723169807e-04
-1.562561773558179823e-04
-1.563539636015853773e-04
-1.564517577796742387e-04
-1.565495596105304088e-04
-1.566473696038572783e-04
-1.567451874763259312e-04
-1.568430133885856392e-04
-1.569408472117395092e-04
-1.570386887075336801e-04
-1.571365383863376763e-04
-1.572343959552746639e-04
-1.573322615011640835e-04
-1.574301347334605694e-04
-1.575280162430248154e-04
-1.576259056981221818e-04
-1.577238030722183382e-04
-1.578217084339250675e-04
-1.579196215043543461e-04
-1.580175427928764975e-04
-1.581154720178279405e-04
-1.582134092413811643e-04
-1.583113542894531989e-04
-1.584093075266412853e-04
-1.585072687803057434e-04
-1.586052380402325213e-04
-1.587032153376188859e-04
-1.588012006332739645e-04
-1.588991939339701176e-04
-1.589971952837831992e-04
-1.590952046075511106e-04
-1.591932219664471404e-04
-1.592912471048979484e-04
-1.593892805586971662e-04
-1.594873220664982938e-04
-1.595853716084283391e-04
-1.596834292378890297e-04
-1.597814946386888479e-04
-1.598795683513953847e-04
-1.599776501082228464e-04
-1.600757399812247073e-04
-1.601738379438666371e-04
-1.602719439866007178e-04
-1.603700581092049049e-04
-1.604681803519802941e-04
-1.605663106709620536e-04
-1.606644488525432735e-04
-1.607625954110902811e-04
-1.608607500934722268e-04
-1.609589128928057278e-04
-1.610570838185276799e-04
-1.611552629070533982e-04
-1.612534501073126236e-04
-1.613516454440633296e-04
-1.614498489279636573e-04
-1.615480604389984975e-04
-1.616462802926932341e-04
-1.617445083130775174e-04
-1.618427445377879081e-04
-1.619409889184186824e-04
-1.620392413291815714e-04
-1.621375020932624977e-04
-1.622357710767685646e-04
-1.623340482941326712e-04
-1.624323337193755989e-04
-1.625306273701498938e-04
-1.626289292661065033e-04
-1.627272393875944800e-04
-1.628255577524884146e-04
-1.629238842422164879e-04
-1.630222191434382850e-04
-1.631205623136011695e-04
-1.632189137541484314e-04
-1.633172734936128023e-04
-1.634156414018761438e-04
-1.635140177242977444e-04
-1.636124023460805432e-04
-1.637107953015304318e-04
-1.638091965724397525e-04
-1.639076061610289514e-04
-1.640060241081542358e-04
-1.641044504046007546e-04
-1.642028850431520581e-04
-1.643013279252203418e-04
-1.643997793059348567e-04
-1.644982390560656427e-04
-1.645967071893794653e-04
-1.646951837093180160e-04
-1.647936686500761638e-04
-1.648921620043264369e-04
-1.649906637919418273e-04
-1.650891740005988595e-04
-1.651876926401785184e-04
-1.652862197237814357e-04
-1.653847552637310869e-04
-1.654832992730170815e-04
-1.655818517662943634e-04
-1.656804127202482491e-04
-1.657789821896127336e-04
-1.658775601769413299e-04
-1.659761466525910834e-04
-1.660747416507568630e-04
-1.661733451793212524e-04
-1.662719572461668349e-04
-1.663705778882640374e-04
-1.664692070811879532e-04
-1.665678448972141013e-04
-1.666664912376436547e-04
-1.667651461672026159e-04
-1.668638096991026387e-04
-1.669624818462223104e-04
-1.670611625204099226e-04
-1.671598519440431474e-04
-1.672585500198664477e-04
-1.673572567373327047e-04
-1.674559721122070854e-04
-1.675546961666940504e-04
-1.676534289052344917e-04
-1.677521703776774231e-04
-1.678509205557121575e-04
-1.679496793630663731e-04
-1.680484469970267014e-04
-1.681472233563408025e-04
-1.682460084868608874e-04
-1.683448023920286474e-04
-1.684436050684023911e-04
-1.685424165676074892e-04
-1.686412369095169339e-04
-1.687400660328464141e-04
-1.688389039736781783e-04
-1.689377507673173184e-04
-1.690366064326376261e-04
-1.691354709526526889e-04
-1.692343443889798849e-04
-1.693332266768932115e-04
-1.694321179468438743e-04
-1.695310181694109630e-04
-1.696299272769818955e-04
-1.697288453523793095e-04
-1.698277723682917184e-04
-1.699267084160904773e-04
-1.700256535108746192e-04
-1.701246075997975282e-04
-1.702235706215748934e-04
-1.703225427385213209e-04
-1.704215239287654171e-04
-1.705205142042975908e-04
-1.706195135473542734e-04
-1.707185219649298702e-04
-1.708175396064604001e-04
-1.709165664153244890e-04
-1.710156023030373618e-04
-1.711146473780678079e-04
-1.712137016716130944e-04
-1.713127651321588729e-04
-1.714118379456675001e-04
-1.715109199502684589e-04
-1.716100111296414710e-04
-1.717091116614222202e-04
-1.718082214730021207e-04
-1.719073406315496655e-04
-1.720064690859945955e-04
-1.721056068584303489e-04
-1.722047541230509182e-04
-1.723039108935120467e-04
-1.724030769604256719e-04
-1.725022524461383711e-04
-1.726014374301421128e-04
-1.727006319149904101e-04
-1.727998358522775391e-04
-1.728990493865545375e-04
-1.729982724300027641e-04
-1.730975050652228120e-04
-1.731967472761164473e-04
-1.732959991378457687e-04
-1.733952606762789728e-04
-1.734945318203617859e-04
-1.735938127400693531e-04
-1.736931034190813961e-04
-1.737924038796023751e-04
-1.738917139960660663e-04
-1.739910339452199750e-04
-1.740903637571511453e-04
-1.741897033588069021e-04
-1.742890529353724460e-04
-1.743884124273398228e-04
-1.744877819538359631e-04
-1.745871615260741194e-04
-1.746865509338890732e-04
-1.747859504267479380e-04
-1.748853600417321630e-04
-1.749847796760350960e-04
-1.750842097314464496e-04
-1.751836498445902279e-04
-1.752831002119759063e-04
-1.753825607504477802e-04
-1.754820315501559591e-04
-1.755815127325588421e-04
-1.756810041759759855e-04
-1.757805060802475339e-04
-1.758800185724940235e-04
-1.759795415795517570e-04
-1.760790750535701221e-04
-1.761786190772607341e-04
-1.762781738050556157e-04
-1.763777392652654541e-04
-1.764773153273280215e-04
-1.765769023343022326e-04
-1.766764999180381324e-04
-1.767761085742503013e-04
-1.768757281285227023e-04
-1.769753587603783984e-04
-1.770750005225529833e-04
-1.771746532436280219e-04
-1.772743173352742119e-04
-1.773739926863582284e-04
-1.774736795081555130e-04
-1.775733772081400375e-04
-1.776730866487330474e-04
-1.777728077028140063e-04
-1.778725401726521937e-04
-1.779722845537401454e-04
-1.780720404834790216e-04
-1.781718086771855170e-04
-1.782715885153551838e-04
-1.783713804071052067e-04
-1.784711845265185559e-04
-1.785710009800656195e-04
-1.786708295096195442e-04
-1.787706706822822511e-04
-1.788705245984179015e-04
-1.789703907093542767e-04
-1.790702697155310830e-04
-1.791701617527285961e-04
-1.792700669529523338e-04
-1.793699850185515032e-04
-1.794699164653357215e-04
-1.795698618102248290e-04
-1.796698208264002616e-04
-1.797697933709763163e-04
-1.798697797577020197e-04
-1.799697804273359125e-04
-1.800697950126162183e-04
-1.801698245547100896e-04
-1.802698689918891262e-04
-1.803699282630910616e-04
-1.804700025342942382e-04
-1.805700920617381300e-04
-1.806701974329527616e-04
-1.807703189350418072e-04
-1.808704560957163920e-04
-1.809706099240582233e-04
-1.810707806978451018e-04
-1.811709680891171459e-04
-1.812711732498417661e-04
-1.813713965315155718e-04
-1.814716383508052644e-04
-1.815718981429403911e-04
-1.816721772918139521e-04
-1.817724755381888713e-04
-1.818727942579645429e-04
-1.819731333679852625e-04
-1.820734943734914069e-04
-1.821738769713920902e-04
-1.822742814606703732e-04
-1.823747099128913973e-04
-1.824751619757813970e-04
-1.825756391341526452e-04
-1.826761416966471430e-04
-1.827766719778578519e-04
-1.828772296958991461e-04
-1.829778165062245776e-04
-1.830784331087187411e-04
-1.831790814077471907e-04
-1.832797626037940830e-04
-1.833804782684911316e-04
-1.834812305173683100e-04
-1.835316235889727920e-04
