4.890752268261002178e-01
4.890639796736323541e-01
4.890527735211123161e-01
4.890416090887161893e-01
4.890315986554036320e-01
4.890205156091214089e-01
4.890094765700469526e-01
4.889984823784225831e-01
4.889886279216695275e-01
4.889777213200082184e-01
4.889668620962695500e-01
4.889560511421719435e-01
4.889452893577488357e-01
4.889345776450756409e-01
4.889239169088548387e-01
4.889154281601134078e-01
4.889048614543272664e-01
4.888943482459031098e-01
4.888838894270701729e-01
4.888734858853314158e-01
4.888631384985878126e-01
4.888528481392858671e-01
4.888426156698846281e-01
4.888344744913862283e-01
4.888243483706524173e-01
4.888142825069441977e-01
4.888042777282294304e-01
4.887943348523732245e-01
4.887844546898695297e-01
4.887746380404624502e-01
4.887668335347455373e-01
4.887571332072200847e-01
4.887474986000200916e-01
4.887379304922453427e-01
4.887284296570231779e-01
4.887189968680425989e-01
4.887096328967663328e-01
4.887021943472292795e-01
4.886929561975981717e-01
4.886837890347965896e-01
4.886746936404639530e-01
4.886656708002837801e-01
4.886567213072844917e-01
4.886478459580542721e-01
4.886390455583032311e-01
4.886320623150970377e-01
4.886233988717786914e-01
4.886148126626370103e-01
4.886063045100051405e-01
4.885978752406718306e-01
4.885895256792776586e-01
4.885812566486483766e-01
4.885747025304257862e-01
4.885665805003694961e-01
4.885585412526804450e-01
4.885505855605408732e-01
4.885427141744045909e-01
4.885349278115909133e-01
4.885272271555240464e-01
4.885211313561598767e-01
4.885135865473563821e-01
4.885061290993710781e-01
4.884987594849337644e-01
4.884914781044464860e-01
4.884842852719804562e-01
4.884771812084376386e-01
4.884701660263885969e-01
4.884646204753271825e-01
4.884577651905578355e-01
4.884509984489884826e-01
4.884443198579297429e-01
4.884377288572218645e-01
4.884312247110375038e-01
4.884248064887599661e-01
4.884197356252123479e-01
4.884134690500723797e-01
4.884072846387073064e-01
4.884011805881680601e-01
4.883951548262375209e-01
4.883892049982261341e-01
4.883833284462311686e-01
4.883786805925076080e-01
4.883729282291041085e-01
4.883672399781495144e-01
4.883616119085368301e-01
4.883560397197372893e-01
4.883505187384378776e-01
4.883450439067446580e-01
4.883396097817406800e-01
4.883352905079779149e-01
4.883299146994583007e-01
4.883245623060119001e-01
4.883192264434040308e-01
4.883138998803064346e-01
4.883085750567407457e-01
4.883032441198215667e-01
4.882989721571761033e-01
4.882936096227536993e-01
4.882882177459920148e-01
4.882827879376221980e-01
4.882778628541103449e-01
4.882723371690954051e-01
4.882667485779698668e-01
4.882610886823672836e-01
4.882559283871472644e-01
4.882501108216557584e-01
4.882441992929931196e-01
4.882387941523446684e-01
4.882326854521331083e-01
4.882264643560985662e-01
4.882201258749598871e-01
4.882143187504343618e-01
4.882077465337874012e-01
4.882010474212959972e-01
4.881942200485980266e-01
4.881879668078363821e-01
4.881808958202710214e-01
4.881736987561334784e-01
4.881671173570543698e-01
4.881596898598731804e-01
4.881521480590219619e-01
4.881444982733434967e-01
4.881375286214290066e-01
4.881296951883806190e-01
4.881217785830022082e-01
4.881137895849840258e-01
4.881065487585842244e-01
4.880984560248058379e-01
4.880903287046397532e-01
4.880829985843073149e-01
4.880748490661840355e-01
4.880667133512165412e-01
4.880586110120938015e-01
4.880513663848284889e-01
4.880433879465333469e-01
4.880359024090695774e-01
4.880281475015892378e-01
4.880209283161027756e-01
4.880138836629872578e-01
4.880066942828762966e-01
4.880001222821858664e-01
4.879935268717565111e-01
4.879876270712257824e-01
4.879818755611038394e-01
4.879769349735086914e-01
4.879723992212884887e-01
4.879688607753742136e-01
4.879661920075589743e-01
4.879647450380564799e-01
4.879648608667678800e-01
4.879669380722168048e-01
4.879717807467558455e-01
4.879804524853319503e-01
4.879947230195783581e-01
4.880176599365777523e-01
4.880543999986051151e-01
4.881173860057047564e-01
4.882299544895360444e-01
4.884062876754061699e-01
4.884286963440437335e-01
4.882342821985876102e-01
4.880930245648267274e-01
4.880061899818714521e-01
4.879486522999923470e-01
4.879071782927854595e-01
4.878753838504363283e-01
4.878499872537346849e-01
4.878294818950059120e-01
4.878124840464814760e-01
4.877991274289288359e-01
4.877902123812017376e-01
4.877884085748581677e-01
4.878028569511673740e-01
4.878418769194216020e-01
4.877899768650340584e-01
4.877409179497333436e-01
4.877128278135984818e-01
4.876923527206942222e-01
4.876759053699552537e-01
4.876612793133691670e-01
4.876479365731063442e-01
4.876353115730892585e-01
4.876234811306502381e-01
4.876121282083522024e-01
4.876014284924292674e-01
4.875907479190565996e-01
4.875803209348669176e-01
4.875701092646026469e-01
4.875600843160123321e-01
4.875499734201480528e-01
4.875405137885446827e-01
4.875306956217270726e-01
4.875214933026763564e-01
4.875119296860029872e-01
4.875029576425895517e-01
4.874936274021159366e-01
4.874848705953704342e-01
4.874762151123683829e-01
4.874672107368637763e-01
4.874587573552705000e-01
4.874499614446513029e-01
4.874417015753764182e-01
4.874326757710963909e-01
4.874250258982827377e-01
4.874166119451434631e-01
4.874087002524778445e-01
4.874004512479304108e-01
4.873926858893597447e-01
4.873849838197277795e-01
4.873769381678238477e-01
4.873693495638529161e-01
4.873614125847802181e-01
4.873539182943155135e-01
4.873460731881505970e-01
4.873386615332587213e-01
4.873309015753256035e-01
4.873235722890165156e-01
4.873159043182318517e-01
4.873086710774293118e-01
4.873014940337919154e-01
4.872940085456518577e-01
4.872869751425758511e-01
4.872796651259905798e-01
4.872728247660088607e-01
4.872657490429596616e-01
4.872591637923870955e-01
4.872523938937075028e-01
4.872461372761374143e-01
4.872397560239866698e-01
4.872339112818969142e-01
4.872282993313578059e-01
4.872226660650710306e-01
4.872175973638958046e-01
4.872125781622604346e-01
4.872081256289949591e-01
4.872037755988306573e-01
4.871999570060003837e-01
4.871962372723785961e-01
4.871929345207791640e-01
4.871896833272394978e-01
4.871864308814375932e-01
4.871829832428086204e-01
4.871792097666570731e-01
4.871746577934820133e-01
4.871691808087602604e-01
4.871626085482971824e-01
4.871548825274314987e-01
4.871460716762590071e-01
4.871363534826174679e-01
4.871259700110794344e-01
4.871151782046077572e-01
4.871042112017032188e-01
4.870929777269257244e-01
4.870824555485569474e-01
4.870721664538618101e-01
4.870616452382112715e-01
4.870519755250090621e-01
4.870421511842587536e-01
4.870331568924576304e-01
4.870240377347037630e-01
4.870156968686887855e-01
4.870072418126165092e-01
4.869995066704058129e-01
4.869916620532494522e-01
4.869844815890611578e-01
4.869775541245691119e-01
4.869705233259629118e-01
4.869640837880671036e-01
4.869575464111938756e-01
4.869515580285145306e-01
4.869454786154231996e-01
4.869399105800378824e-01
4.869342594908401267e-01
4.869290860757756745e-01
4.869238385659524493e-01
4.869187897714221114e-01
4.869144130948986349e-01
4.869097285817623466e-01
4.869052295888819937e-01
4.869009123171155196e-01
4.868971807103548155e-01
4.868931994046843403e-01
4.868893905743033046e-01
4.868857515629559374e-01
4.868826210849018787e-01
4.868792982471655817e-01
4.868761388119374200e-01
4.868734349714936571e-01
4.868705811634412295e-01
4.868678860100240646e-01
4.868653482226438234e-01
4.868631992785590334e-01
4.868609575333278650e-01
4.868588703514039051e-01
4.868569370757882542e-01
4.868553297461151730e-01
4.868536876181519535e-01
4.868521983209216364e-01
4.868508617452627640e-01
4.868497908632354876e-01
4.868487445758737375e-01
4.868478513243795769e-01
4.868471799341275719e-01
4.868465783016131532e-01
4.868461307282925254e-01
4.868458376861866665e-01
4.868457079653081276e-01
4.868457100306620156e-01
4.868458574117515703e-01
4.868461647749335319e-01
4.868466035735019015e-01
4.868471855187385677e-01
4.868479529958872898e-01
4.868488318647863911e-01
4.868499145406938178e-01
4.868510958004607092e-01
4.868525004229561359e-01
4.868539915502002047e-01
4.868557272360188315e-01
4.868575381927533474e-01
4.868596169484237790e-01
4.868617607892085641e-01
4.868640727743301921e-01
4.868666926335646905e-01
4.868693658864126639e-01
4.868723802184645177e-01
4.868754445725889668e-01
4.868788914874143114e-01
4.868823905518163131e-01
4.868863245137896034e-01
4.868903184284182895e-01
4.868948113746850437e-01
4.868993761354378780e-01
4.869042506061989073e-01
4.869097402798555074e-01
4.869153227190518574e-01
4.869216125255464434e-01
4.869280106723736790e-01
4.869352219006506388e-01
4.869425598109706765e-01
4.869508342122326194e-01
4.869592593056778496e-01
4.869687682490161373e-01
4.869784617849158281e-01
4.869894194297759160e-01
4.870006114379701878e-01
4.870126368305345288e-01
4.870262842568442441e-01
4.870402889059000096e-01
4.870562461333181603e-01
4.870726956260912899e-01
4.870915351094987633e-01
4.871110650815669851e-01
4.871329784237152793e-01
4.871570343015033111e-01
4.871835098511471118e-01
4.872119090573311939e-01
4.872439809255219023e-01
4.872791670645770790e-01
4.873173548441580016e-01
4.873578966922879063e-01
4.873992208256421876e-01
4.874384476580241321e-01
4.874714116811066922e-01
4.874934658809393917e-01
4.875024570592521589e-01
4.874984240208113384e-01
4.874849832197447608e-01
4.874671273328820553e-01
4.874475583571829529e-01
4.874290590044037530e-01
4.874127764120365636e-01
4.873990598658214934e-01
4.873878163258182350e-01
4.873787408783763486e-01
4.873714460323387287e-01
4.873655275865162451e-01
4.873604781970479749e-01
4.873562861144380420e-01
4.873523701743129322e-01
4.873482409598874354e-01
4.873440541124683945e-01
4.873391232693133901e-01
4.873337460502913387e-01
4.873271773761384540e-01
4.873199415214966579e-01
4.873111657081580228e-01
4.873016584178700983e-01
4.872903747557280618e-01
4.872784343573968169e-01
4.872645970094110490e-01
4.872502895453656446e-01
4.872349100437968761e-01
4.872167552319544570e-01
4.872003196563388094e-01
4.871812149813359860e-01
4.871613426902189903e-01
4.871408275090521878e-01
4.871219183832459776e-01
4.871005209871510089e-01
4.870788293870135233e-01
4.870580494486918544e-01
4.870371877907213043e-01
4.870163229141935557e-01
4.869944333946223392e-01
4.869737755641869725e-01
4.869522353496827938e-01
4.869320187499066588e-01
4.869110426489448029e-01
4.868914433039638889e-01
4.868711896323119070e-01
4.868523348735827039e-01
4.868329162057825066e-01
4.868148952467898916e-01
4.867973041511576837e-01
4.867797094913907108e-01
4.867625917832652527e-01
4.867459611177876733e-01
4.867298270043416419e-01
4.867141989545201719e-01
4.866990867897731943e-01
4.866845000860632320e-01
4.866706222788212410e-01
4.866570874717327522e-01
4.866440448654821838e-01
4.866315667002837353e-01
4.866191972675265043e-01
4.866070132235195689e-01
4.865950626118372702e-01
4.865834779522525411e-01
4.865723678625616389e-01
4.865617847732116030e-01
4.865517448722437299e-01
4.865422499546784296e-01
4.865332990135435298e-01
4.865248929664854893e-01
4.865170363337552040e-01
4.865099182956130197e-01
4.865031763021757660e-01
4.864970233173123160e-01
4.864914829152314213e-01
4.864864679191417962e-01
4.864823678315992606e-01
4.864787988186900503e-01
4.864761775639669383e-01
4.864743059237885414e-01
4.864734682254114873e-01
4.864736877359736589e-01
4.864751167402258103e-01
4.864780579747872702e-01
4.864828142345428152e-01
4.864898437126179420e-01
4.864998065789865600e-01
4.865136529491934092e-01
4.865323987932622662e-01
4.865579127757530542e-01
4.865898103311236400e-01
4.866205392381788841e-01
4.866310612844770289e-01
4.866104878860511018e-01
4.865758106646623782e-01
4.865429126900608914e-01
4.865162989296158980e-01
4.864951711496458553e-01
4.864779149372657763e-01
4.864631635750120697e-01
4.864499029114156547e-01
4.864373979370830714e-01
4.864251169650656847e-01
4.864126789700323195e-01
4.863998197896093334e-01
4.863867233481417029e-01
4.863722374620227384e-01
4.863577852334979856e-01
4.863418678671438955e-01
4.863261387303108862e-01
4.863090324343141702e-01
4.862923624103724918e-01
4.862744873426871339e-01
4.862573028771916550e-01
4.862391058887203243e-01
4.862218082806888941e-01
4.862036721587092436e-01
4.861865793513984735e-01
4.861696720176538200e-01
4.861521199113705283e-01
4.861357129991187298e-01
4.861187485347473469e-01
4.861021169366795402e-01
4.860858296087666175e-01
4.860714716535095015e-01
4.860558499355809858e-01
4.860405767577731240e-01
4.860256470010863028e-01
4.860124995335207698e-01
4.859982012823157449e-01
4.859842220070973440e-01
4.859719065694617646e-01
4.859585050285488705e-01
4.859453922318998087e-01
4.859325576445092110e-01
4.859212374349980990e-01
4.859089032402876263e-01
4.858968182033656658e-01
4.858849730596418448e-01
4.858745118436205157e-01
4.858630986119222284e-01
4.858519010231982516e-01
4.858420030103803300e-01
4.858311950450879269e-01
4.858205824388249772e-01
4.858101590755068977e-01
4.858009367408946400e-01
4.857908575999239642e-01
4.857809523019388509e-01
4.857712162778968779e-01
4.857625966922803906e-01
4.857531709298054667e-01
4.857439030845125405e-01
4.857356958952572801e-01
4.857267191615279311e-01
4.857178914454123864e-01
4.857092101719845401e-01
4.857015218981841631e-01
4.856931125819680672e-01
4.856848434881000931e-01
4.856767128647584419e-01
4.856695140059498761e-01
4.856616423023614182e-01
4.856539050021643766e-01
4.856470570676387766e-01
4.856395723076874504e-01
4.856322192737438925e-01
4.856249973476178261e-01
4.856186109355805636e-01
4.856116369512398223e-01
4.856047931344525392e-01
4.855980794515544763e-01
4.855921501076938540e-01
4.855856841035899873e-01
4.855793489388657846e-01
4.855737611842519397e-01
4.855676760672180681e-01
4.855620187747692329e-01
4.855561927846995807e-01
4.855507829523428298e-01
4.855452187198077141e-01
4.855400585378443212e-01
4.855347576516290675e-01
4.855298474517031893e-01
4.855248083092494893e-01
4.855201438279945214e-01
4.855155949659712422e-01
4.855109254810374697e-01
4.855065966615470519e-01
4.855021401572384154e-01
4.854979893415490855e-01
4.854936860206729432e-01
4.854896389802985102e-01
4.854853901431358532e-01
4.854813327700307490e-01
4.854769983247710363e-01
4.854727829128158700e-01
4.854684345552569003e-01
4.854636777602098219e-01
4.854589646249798940e-01
4.854537822269802683e-01
4.854486489478237465e-01
4.854430341930254245e-01
4.854375218775084377e-01
4.854315595717791920e-01
4.854257758632678499e-01
4.854195929080024619e-01
4.854136585067141962e-01
4.854076873973396378e-01
4.854013814146105332e-01
4.853953869802332122e-01
4.853890819079000329e-01
4.853831045051854032e-01
4.853768272945969131e-01
4.853708806388030150e-01
4.853646362149147131e-01
4.853587184712397362e-01
4.853525003469157939e-01
4.853466027833933105e-01
4.853404005564079804e-01
4.853345132212554813e-01
4.853286278209139604e-01
4.853221216753086931e-01
4.853165468139598038e-01
4.853103496780002968e-01
4.853041516552471513e-01
4.852979535952830492e-01
4.852923782073379488e-01
4.852861848129621514e-01
4.852799975731227344e-01
4.852738198206587583e-01
4.852682728131348933e-01
4.852621242294218873e-01
4.852559978011234953e-01
4.852505089722959908e-01
4.852444395308898595e-01
4.852384086689491283e-01
4.852324227857712780e-01
4.852270811764887726e-01
4.852211996261207028e-01
4.852156735310429458e-01
4.852099268897177020e-01
4.852045433201423452e-01
4.851992402122158321e-01
4.851937525704356768e-01
4.851886394086144527e-01
4.851833705477311409e-01
4.851784843304841055e-01
4.851734759278440445e-01
4.851688591533520056e-01
4.851641592700818295e-01
4.851598608604030249e-01
4.851555242254612099e-01
4.851515985123998620e-01
4.851478740964847991e-01
4.851441823822617017e-01
4.851409017539574098e-01
4.851376850501874505e-01
4.851348425078098048e-01
4.851321055083128164e-01
4.851294854426966285e-01
4.851268727615660747e-01
4.851241068450291016e-01
4.851209785102846284e-01
4.851172520546049860e-01
4.851127106245917697e-01
4.851073679961425689e-01
4.851009222581744162e-01
4.850936068755404285e-01
4.850856173092860102e-01
4.850771820034580628e-01
4.850685122664849525e-01
4.850597744787829568e-01
4.850510836126070147e-01
4.850422911974117679e-01
4.850340881563214301e-01
4.850256220160205078e-01
4.850177389899497649e-01
4.850100010792652294e-01
4.850019969482786131e-01
4.849945130600847309e-01
4.849867430902835563e-01
4.849794508995597386e-01
4.849718526360543569e-01
4.849646977957817739e-01
4.849572202606737825e-01
4.849501605362877554e-01
4.849427656906710737e-01
4.849357707436295351e-01
4.849287995409022889e-01
4.849214821664069586e-01
4.849145492158069559e-01
4.849072670556476283e-01
4.849003644685525027e-01
4.848931126394935287e-01
4.848858763778453040e-01
4.848786565455940334e-01
4.848721755885883611e-01
4.848649912149904373e-01
4.848578285402560528e-01
4.848514044741345508e-01
4.848442902322566139e-01
4.848372057184537343e-01
4.848301540747444460e-01
4.848238400858614350e-01
4.848168599085562191e-01
4.848099221801432379e-01
4.848030302390838875e-01
4.847968710762872724e-01
4.847900751842725842e-01
4.847833344709977510e-01
4.847766519978973787e-01
4.847706917058861031e-01
4.847641278766732786e-01
4.847576304277021464e-01
4.847518432681627853e-01
4.847454787322884595e-01
4.847391874094446607e-01
4.847329713227379044e-01
4.847274444122737780e-01
4.847213762178235741e-01
4.847153881286226929e-01
4.847094814808072805e-01
4.847042378068714408e-01
4.846984889587589440e-01
4.846928244564728261e-01
4.846878007997768578e-01
4.846822982972302518e-01
4.846768816819528869e-01
4.846715511933067377e-01
4.846668291930094630e-01
4.846616625067851625e-01
4.846565818735276698e-01
4.846515870272165571e-01
4.846471664241320254e-01
4.846423334516120618e-01
4.846375849002093061e-01
4.846333845713075572e-01
4.846287945711043044e-01
4.846242869105341078e-01
4.846198607469834330e-01
4.846159478681559829e-01
4.846116740608527595e-01
4.846074790636952234e-01
4.846033618940336907e-01
4.845997238856260547e-01
4.845957518289664701e-01
4.845918546810175642e-01
4.845884121852346293e-01
4.845846545702400809e-01
4.845809689227804085e-01
4.845773542249000032e-01
4.845741625421036702e-01
4.845706798050974373e-01
4.845672649781018193e-01
4.845639169406552038e-01
4.845609615646519486e-01
4.845577370729520772e-01
4.845545756305834617e-01
4.845517846887021363e-01
4.845487385669814961e-01
4.845457503498136753e-01
4.845428177231659306e-01
4.845402254101259243e-01
4.845373906118487506e-01
4.845346022744205228e-01
4.845319934039429843e-01
4.845294184162461937e-01
4.845267382200232897e-01
4.845242167049506610e-01
4.845217118387949995e-01
4.845190841713915009e-01
4.845165896201154565e-01
4.845139534973736395e-01
4.845114305787502906e-01
4.845087411143482181e-01
4.845061434197092121e-01
4.845033482168601968e-01
4.845006232165516291e-01
4.844976649980568539e-01
4.844947574863123774e-01
4.844917415864339327e-01
4.844884360182017957e-01
4.844851620828281025e-01
4.844815633046624659e-01
4.844779939470207353e-01
4.844740709371671006e-01
4.844701855484311315e-01
4.844659265249971480e-01
4.844617234247911575e-01
4.844571362460667885e-01
4.844526312603402718e-01
4.844479890748316087e-01
4.844429621572347577e-01
4.844378020436491683e-01
4.844325191112154871e-01
4.844276697843536983e-01
4.844221817435105382e-01
4.844165997676531110e-01
4.844109326160449536e-01
4.844057676764811915e-01
4.843999597617523190e-01
4.843940871705242346e-01
4.843881552690930126e-01
4.843827714049539490e-01
4.843767388168613297e-01
4.843706582842864372e-01
4.843651488631466329e-01
4.843589844472572792e-01
4.843527789054997701e-01
4.843465339261898706e-01
4.843408827153504181e-01
4.843345667391613096e-01
4.843282152335144919e-01
4.843218293871832669e-01
4.843160555107498544e-01
4.843096076899802704e-01
4.843031290446462855e-01
4.842972747741709494e-01
4.842907412836818248e-01
4.842841810660596380e-01
4.842775957371434070e-01
4.842716506761651774e-01
4.842650225085923243e-01
4.842583745862023004e-01
4.842517089915083783e-01
4.842456984427864208e-01
4.842390054333366445e-01
4.842323014526218605e-01
4.842262623546544353e-01
4.842195445695892109e-01
4.842128234102079376e-01
4.842061016764567793e-01
4.841993822516101331e-01
4.841926680922292170e-01
4.841859622225312965e-01
4.841792677238080378e-01
4.841739259867106626e-01
4.841672598804344085e-01
4.841606140166612726e-01
4.841539916238073449e-01
4.841473959451590425e-01
4.841408302321266732e-01
4.841342977311276496e-01
4.841291013955460465e-01
4.841226368035083105e-01
4.841162143948767871e-01
4.841098372917956305e-01
4.841041409536946949e-01
4.840978582780280370e-01
4.840916295197920105e-01
4.840860738127465979e-01
4.840799549751872433e-01
4.840738976291034668e-01
4.840679040360672536e-01
4.840625677903656054e-01
4.840567006999401678e-01
4.840509024788118841e-01
4.840451742644767408e-01
4.840400811455922159e-01
4.840344876024644805e-01
4.840289649023133967e-01
4.840240562344661490e-01
4.840186655303476693e-01
4.840133416490697282e-01
4.840080817624394238e-01
4.840034013494294296e-01
4.839982520963940771e-01
4.839931534616377928e-01
4.839880988110967786e-01
4.839835826398970475e-01
4.839785891732789613e-01
4.839736138806410848e-01
4.839691442052770909e-01
4.839641715405034184e-01
4.839591813490486394e-01
4.839541592959422101e-01
4.839496015255912442e-01
4.839444767778086631e-01
4.839392749616242551e-01
4.839339801253797479e-01
4.839291241784143827e-01
4.839236103877726514e-01
4.839179610084981542e-01
4.839127524451344864e-01
4.839068138758669257e-01
4.839007105943250453e-01
4.838944373270622212e-01
4.838886458125754575e-01
4.838820453927552001e-01
4.838752762145159259e-01
4.838683444471800210e-01
4.838619759550454313e-01
4.838547617725129646e-01
4.838474172072102508e-01
4.838407097836229243e-01
4.838331598226833785e-01
4.838255261662156581e-01
4.838178264565827780e-01
4.838108567751127076e-01
4.838030804367052240e-01
4.837952889008507729e-01
4.837874986910621899e-01
4.837805034348375277e-01
4.837727581097610585e-01
4.837650567962556436e-01
4.837574121525211601e-01
4.837505918435201502e-01
4.837430858809694811e-01
4.837356672790766310e-01
4.837290742441616165e-01
4.837218447936845744e-01
4.837147255487465047e-01
4.837077229448152327e-01
4.837015270176451276e-01
4.836947617800643751e-01
4.836881289556633212e-01
4.836816333173689642e-01
4.836759101811578532e-01
4.836699963291792859e-01
4.836639167985775645e-01
4.836582856089755578e-01
4.836525128429133291e-01
4.836471824199017888e-01
4.836417369483172468e-01
4.836367286907542473e-01
4.836316356301833541e-01
4.836269764951965366e-01
4.836222682691043717e-01
4.836179937706911458e-01
4.836139231440524933e-01
4.836098721958489999e-01
4.836062642414106771e-01
4.836027382903973493e-01
4.835996717108136944e-01
4.835967687926588932e-01
4.835943535857377129e-01
4.835922584126600143e-01
4.835905958034399932e-01
4.835894139304637296e-01
4.835887618665268839e-01
4.835886767425784938e-01
4.835891717309588889e-01
4.835902236766483342e-01
4.835916972479986087e-01
4.835932885655486180e-01
4.835944690426849935e-01
4.835945126995720433e-01
4.835926941832213166e-01
4.835886238857693975e-01
4.835824748083672464e-01
4.835748780129495716e-01
4.835665937627446898e-01
4.835584533957282272e-01
4.835504121520114995e-01
4.835428848665679347e-01
4.835359412473991259e-01
4.835295796448024208e-01
4.835237646962431413e-01
4.835184485693552192e-01
4.835135817795777058e-01
4.835091181266322202e-01
4.835050165509567344e-01
4.835011482218661838e-01
4.834977625245676647e-01
4.834946334170224236e-01
4.834915936055353969e-01
4.834889310260664375e-01
4.834863471924908396e-01
4.834840895074556943e-01
4.834819066865768677e-01
4.834800096615582410e-01
4.834781884291611265e-01
4.834766204321266359e-01
4.834751327783360364e-01
4.834738715817410992e-01
4.834727540482310904e-01
4.834717288271441205e-01
4.834708980698226299e-01
4.834701372704147682e-01
4.834696200756641860e-01
4.834691859799235547e-01
4.834689020778848989e-01
4.834687689203764349e-01
4.834687807014655947e-01
4.834689372032825450e-01
4.834692486783676579e-01
4.834696652360835345e-01
4.834702776036398086e-01
4.834710523408174976e-01
4.834719425390225922e-01
4.834729850268366103e-01
4.834742493472809488e-01
4.834756144302423952e-01
4.834772259006763218e-01
4.834789283392768033e-01
4.834809031916758593e-01
4.834829588529800382e-01
4.834853138528490968e-01
4.834877380807551250e-01
4.834903462346102909e-01
4.834932907881256403e-01
4.834962782838124751e-01
4.834996163730556074e-01
4.835029632009710254e-01
4.835066499166561504e-01
4.835102808053269308e-01
4.835141892998853219e-01
4.835179244333705495e-01
4.835216941339759433e-01
4.835252048479445341e-01
4.835285197314377337e-01
4.835314162273962602e-01
4.835337791278352393e-01
4.835355263315571639e-01
4.835366251087239164e-01
4.835370978576884471e-01
4.835370148491946463e-01
4.835364771436677089e-01
4.835355963978714700e-01
4.835344778702467261e-01
4.835332098426818326e-01
4.835318952028561656e-01
4.835304733463378080e-01
4.835291165826468007e-01
4.835276961250761230e-01
4.835263613720430231e-01
4.835249687488948345e-01
4.835236544776692069e-01
4.835222705728391968e-01
4.835209493694428429e-01
4.835195412503117685e-01
4.835181816095802110e-01
4.835167934459144723e-01
4.835152949145237744e-01
4.835138338535778790e-01
4.835122516027158812e-01
4.835107069282349457e-01
4.835090349817921518e-01
4.835074057701554961e-01
4.835056477427574495e-01
4.835038495504889178e-01
4.835020150100617919e-01
4.835003384709879448e-01
4.834984476343083259e-01
4.834965347336945829e-01
4.834948008116501939e-01
4.834928614981111594e-01
4.834909166044841222e-01
4.834889718177300955e-01
4.834872281249119053e-01
4.834852986275592346e-01
4.834833846541933267e-01
4.834814909601407029e-01
4.834798095565051579e-01
4.834779661808327744e-01
4.834761547499403234e-01
4.834745563993114725e-01
4.834728142215657942e-01
4.834711122103834691e-01
4.834694524015595296e-01
4.834679979688800699e-01
4.834664225569837992e-01
4.834648930932964883e-01
4.834634101937667072e-01
4.834621176097548267e-01
4.834607238083837299e-01
4.834593767327707847e-01
4.834582059312608204e-01
4.834569463435334224e-01
4.834557317927357656e-01
4.834545614040728356e-01
4.834535469639625882e-01
4.834524577381825727e-01
4.834514096743772193e-01
4.834504016659943448e-01
4.834495297545382542e-01
4.834485948420985113e-01
4.834476968849560352e-01
4.834469214779992807e-01
4.834460911311097009e-01
4.834452951545294974e-01
4.834445328349217808e-01
4.834438769839078942e-01
4.834431770331166223e-01
4.834425092847994265e-01
4.834418734547575314e-01
4.834413303171281595e-01
4.834407547409294570e-01
4.834402108663175546e-01
4.834396988135390427e-01
4.834392673107442140e-01
4.834388163562126084e-01
4.834383980382181978e-01
4.834380517682663192e-01
4.834376966473082904e-01
4.834373755010122342e-01
4.834370888674064948e-01
4.834368628375478316e-01
4.834366433159800192e-01
4.834364599279160069e-01
4.834363132112040606e-01
4.834362149124203367e-01
4.834361392139003288e-01
4.834361014873608253e-01
4.834361022313243827e-01
4.834361374056361793e-01
4.834362111352648594e-01
4.834363233753580236e-01
4.834364591379826104e-01
4.834366438619610573e-01
4.834368660469262058e-01
4.834371249758361300e-01
4.834373906669174881e-01
4.834377167524186447e-01
4.834380764287152799e-01
4.834384296540752413e-01
4.834388490403303540e-01
4.834392973916977754e-01
4.834397728314117626e-01
4.834402242363227131e-01
4.834407455894299543e-01
4.834412880289432612e-01
4.834418493668969918e-01
4.834423709053838336e-01
4.834429621290581847e-01
4.834435660307228044e-01
4.834441207919686345e-01
4.834447437205867115e-01
4.834453745651912104e-01
4.834460124441365414e-01
4.834465942814826778e-01
4.834472452522094454e-01
4.834479043406974541e-01
4.834485734674479063e-01
4.834491885553162671e-01
4.834498851707677569e-01
4.834506022879754839e-01
4.834512714793967603e-01
4.834520423101086872e-01
4.834528502772767466e-01
4.834537020335958335e-01
4.834545137465374176e-01
4.834554677451126659e-01
4.834564856463942628e-01
4.834575742711577084e-01
4.834586219748758240e-01
4.834598629339479370e-01
4.834611929531557051e-01
4.834624728331926025e-01
4.834639874307873342e-01
4.834656065990223239e-01
4.834673350176490469e-01
4.834689896346645588e-01
4.834709374241779045e-01
4.834730063674144152e-01
4.834752000856162302e-01
4.834772859696486180e-01
4.834797260589994150e-01
4.834823004177745687e-01
4.834847366544724467e-01
4.834875743450151586e-01
4.834905547956927507e-01
4.834936807961105476e-01
4.834966229401348459e-01
4.835000330327347551e-01
4.835035965754381770e-01
4.835073162639696442e-01
4.835108017462381169e-01
4.835148255498516456e-01
4.835190133486150788e-01
4.835229268798812985e-01
4.835274338376426284e-01
4.835321128078468034e-01
4.835369666142315670e-01
4.835414889236852587e-01
4.835466828322416699e-01
4.835520599820014587e-01
4.835576233565748727e-01
4.835627941568700350e-01
4.835687197426517536e-01
4.835748404752215901e-01
4.835805206529149025e-01
4.835870209664499542e-01
4.835937257948107471e-01
4.836006384796728286e-01
4.836070424695554926e-01
4.836143594992605710e-01
4.836218944104280215e-01
4.836296507759787477e-01
4.836368258991465829e-01
4.836450130807806724e-01
4.836534324042475741e-01
4.836620876570850713e-01
4.836700843295095309e-01
4.836791984509705156e-01
4.836885597338847487e-01
4.836972015210659337e-01
4.837070432685199872e-01
4.837171436358564947e-01
4.837275065913881900e-01
4.837370631089891182e-01
4.837479359223672004e-01
4.837585199631238564e-01
4.837699310066347902e-01
4.837810336448705728e-01
4.837923943207567690e-01
4.838046346508847462e-01
4.838165367092478464e-01
4.838293557756035979e-01
4.838418166612403204e-01
4.838552342795856553e-01
4.838682744799728264e-01
4.838823142068912064e-01
4.838959581141314970e-01
4.839106477242948179e-01
4.839249235308117347e-01
4.839395181803502477e-01
4.839552323562939518e-01
4.839705041447830425e-01
4.839869463471359046e-01
4.840029229790158150e-01
4.840201189660683911e-01
4.840368202852632362e-01
4.840547844159555635e-01
4.840722161320785699e-01
4.840909440049783741e-01
4.841090898962310818e-01
4.841275687735131505e-01
4.841473614030813999e-01
4.841664683569638084e-01
4.841868677950206812e-01
4.842075225828364471e-01
4.842283826213631959e-01
4.842472844130082388e-01
4.842683582800112463e-01
4.842894303574037940e-01
4.843093625383093070e-01
4.843291177484674304e-01
4.843496114894942361e-01
4.843686854182732704e-01
4.843872598120829709e-01
4.844061457278097671e-01
4.844233387593744888e-01
4.844405259880170123e-01
4.844558882925376064e-01
4.844709465932721115e-01
4.844841286169850880e-01
4.844967709117066756e-01
4.845075914555502794e-01
4.845177347736372431e-01
4.845262229930422659e-01
4.845336498596077845e-01
4.845404068841265288e-01
4.845459220291790658e-01
4.845508980611109573e-01
4.845549655246322307e-01
4.845586906097081314e-01
4.845618343267286132e-01
4.845648622591723909e-01
4.845675946973076464e-01
4.845704365002994618e-01
4.845732059004685399e-01
4.845761279491317408e-01
4.845794464619098685e-01
4.845828934137155763e-01
4.845868812046087992e-01
4.845910483099613031e-01
4.845958549280333094e-01
4.846008319865319214e-01
4.846064979447254895e-01
4.846122729147798736e-01
4.846187329027163981e-01
4.846255407126566772e-01
4.846319188361257191e-01
4.846392134844928479e-01
4.846466460765859185e-01
4.846541169754274847e-01
4.846607826524225726e-01
4.846680055657948683e-01
4.846749079237731017e-01
4.846813474538190780e-01
4.846866278083578061e-01
4.846917816100597132e-01
4.846958579677203005e-01
4.846991522681911024e-01
4.847012259544856705e-01
4.847021767566567219e-01
4.847018837997280616e-01
4.847003255622409079e-01
4.846973060664501176e-01
4.846931275774448711e-01
4.846873734996724470e-01
4.846806689016453507e-01
4.846723791607207565e-01
4.846634210215051142e-01
4.846524047280977299e-01
4.846421365461298647e-01
4.846299441036984734e-01
4.846170498024737205e-01
4.846049469200539028e-01
4.845910464497889536e-01
4.845767741449514276e-01
4.845622259307037494e-01
4.845489692272087479e-01
4.845341219882827177e-01
4.845192156779532522e-01
4.845043052364302882e-01
4.844909228252993194e-01
4.844761259252621799e-01
4.844614396953259572e-01
4.844483420943210827e-01
4.844339401026118153e-01
4.844197197570771496e-01
4.844056997499702200e-01
4.843932690768344429e-01
4.843796749565400517e-01
4.843663263951019649e-01
4.843532368553857270e-01
4.843416902379704680e-01
4.843291267861978278e-01
4.843168564280191379e-01
4.843060740466789138e-01
4.842943872021748808e-01
4.842830195763995205e-01
4.842719781481747976e-01
4.842623267566005807e-01
4.842519205199668497e-01
4.842418547618431712e-01
4.842321324713743658e-01
4.842236799150885229e-01
4.842146153238732209e-01
4.842058981235876081e-01
4.841983517467662312e-01
4.841902940668073030e-01
4.841825822198376206e-01
4.841752147366938930e-01
4.841688789979887164e-01
4.841621604168613313e-01
4.841557798911428345e-01
4.841497345996538804e-01
4.841445799414704210e-01
4.841391625486818340e-01
4.841340700742579051e-01
4.841297630315060663e-01
4.841252749564770030e-01
4.841210968268765402e-01
4.841172218491857637e-01
4.841139891520511718e-01
4.841106673452740261e-01
4.841077690081851959e-01
4.841049752769118752e-01
4.841025552761654138e-01
4.841002371483636435e-01
4.840982392550603475e-01
4.840964228106617306e-01
4.840946862739679002e-01
4.840931858188568526e-01
4.840917394684256525e-01
4.840904731013883078e-01
4.840892288079847172e-01
4.840881124242497613e-01
4.840869825869688614e-01
4.840859346867397717e-01
4.840848356069926139e-01
4.840837782660716848e-01
4.840826882150299215e-01
4.840814832805479528e-01
4.840802648549717979e-01
4.840788780794340052e-01
4.840774390635367852e-01
4.840757656296686418e-01
4.840739987690587665e-01
4.840719182597164605e-01
4.840697034199133997e-01
4.840670857357822210e-01
4.840641423813452082e-01
4.840608415938429387e-01
4.840575436834389511e-01
4.840534886809113591e-01
4.840490063430510914e-01
4.840445979878576499e-01
4.840392733067469533e-01
4.840335026713390443e-01
4.840272939180895184e-01
4.840213459265280682e-01
4.840143522478592142e-01
4.840073609400560861e-01
4.839996658344518088e-01
4.839920726224609671e-01
4.839842393701250245e-01
4.839757759311519303e-01
4.839675733794478463e-01
4.839588137461794393e-01
4.839504213295710011e-01
4.839415620401749663e-01
4.839331744930915336e-01
4.839246491330010391e-01
4.839162696560831423e-01
4.839081069496367626e-01
4.839002462919316239e-01
4.838929814433832188e-01
4.838860715937530754e-01
4.838799231796575007e-01
4.838748588672240891e-01
4.838714185852514005e-01
4.838705858802135884e-01
4.838743938941703626e-01
4.838880784742049523e-01
4.839284350433397108e-01
4.840495138668275410e-01
4.839607314129810156e-01
4.838706087650418430e-01
4.838295220144371300e-01
4.838039034463884613e-01
4.837848375978575088e-01
4.837691846176882526e-01
4.837555640954976921e-01
4.837432726675879868e-01
4.837319126483723419e-01
4.837212410797523399e-01
4.837111003299830458e-01
4.837013830699320449e-01
4.836920132584507925e-01
4.836829351969642032e-01
4.836743309856548212e-01
4.836654960229866962e-01
4.836572911802785035e-01
4.836488293351341450e-01
4.836409426390776423e-01
4.836327844542618326e-01
4.836251616379013685e-01
4.836172596262780510e-01
4.836098628923916620e-01
4.836021835034911565e-01
4.835949858681627411e-01
4.835878778045523130e-01
4.835804869977018972e-01
4.835731872457165736e-01
4.835659753042547693e-01
4.835595594990598767e-01
4.835525073317989975e-01
4.835455363704802001e-01
4.835386451123576679e-01
4.835325122534219755e-01
4.835257694012728980e-01
4.835191035602849907e-01
4.835131718745084850e-01
4.835066512419788354e-01
4.835002067968082740e-01
4.834938385843904896e-01
4.834881746377020506e-01
4.834819518901181112e-01
4.834758062669249901e-01
4.834697383078271904e-01
4.834643461974664214e-01
4.834584276767643907e-01
4.834525889963303680e-01
4.834474053528760029e-01
4.834417210968026679e-01
4.834361197604252758e-01
4.834306026281281476e-01
4.834257124823267415e-01
4.834203593231164442e-01
4.834150948155641614e-01
4.834099207683051902e-01
4.834053452112928029e-01
4.834003485961235191e-01
4.833954486171666565e-01
4.833911254326137552e-01
4.833864160849330460e-01
4.833818111636999371e-01
4.833773137888731086e-01
4.833733630034235396e-01
4.833690794589314832e-01
4.833649139568219066e-01
4.833608706616669415e-01
4.833573419916598612e-01
4.833535434536644915e-01
4.833498809447451805e-01
4.833463598604965106e-01
4.833433186490758149e-01
4.833400822951544606e-01
4.833370048163103672e-01
4.833343784836945933e-01
4.833316211825658404e-01
4.833290423940495573e-01
4.833266491197311110e-01
4.833246616398733653e-01
4.833226396932444602e-01
4.833208223823136640e-01
4.833192150827496092e-01
4.833179536525579190e-01
4.833167553009009576e-01
4.833157734668602767e-01
4.833150746128954123e-01
4.833144922080244155e-01
4.833141207601488465e-01
4.833139009530575403e-01
4.833138329088041973e-01
4.833138722841852086e-01
4.833139746032839579e-01
4.833140906103111645e-01
4.833141447499003651e-01
4.833140670261137917e-01
4.833137473416661556e-01
4.833131212187334880e-01
4.833120093168056797e-01
4.833104213652910097e-01
4.833080847050024720e-01
4.833051534134460425e-01
4.833012527491110655e-01
4.832967429757942246e-01
4.832911461642739326e-01
4.832850543494114914e-01
4.832782629491877979e-01
4.832704417685467213e-01
4.832624704660322124e-01
4.832536180975532392e-01
4.832448758874711703e-01
4.832354272739516898e-01
4.832263092571387753e-01
4.832166440286499998e-01
4.832074665847107542e-01
4.831978664869731599e-01
4.831888483658784983e-01
4.831794950224956309e-01
4.831707668642253317e-01
4.831622059259180202e-01
4.831533828529861463e-01
4.831451849138742594e-01
4.831367446241005559e-01
4.831289016344669784e-01
4.831208168365102029e-01
4.831132865366331575e-01
4.831054965255524025e-01
4.830982062730151405e-01
4.830906190259826594e-01
4.830834668378611862e-01
4.830763367017935628e-01
4.830688175280659080e-01
4.830616270350367447e-01
4.830539666908734708e-01
4.830465691485552604e-01
4.830386188374864997e-01
4.830308858157144614e-01
4.830225323281287508e-01
4.830143842263369125e-01
4.830055788346267476e-01
4.829970052887093135e-01
4.829882416632598208e-01
4.829788323711690645e-01
4.829697460146968879e-01
4.829600539895941846e-01
4.829507565160368054e-01
4.829409026578814212e-01
4.829315059934032317e-01
4.829216000832859956e-01
4.829121978645881663e-01
4.829023255652927227e-01
4.828929865091740048e-01
4.828836959031998499e-01
4.828739766905040254e-01
4.828643278111519055e-01
4.828547546531384294e-01
4.828462088425459764e-01
4.828367888232879546e-01
4.828274520802533498e-01
4.828181993572197017e-01
4.828099460351074623e-01
4.828008529952498296e-01
4.827918433069838255e-01
4.827829161747500542e-01
4.827749537258216317e-01
4.827661807810403882e-01
4.827574874509142355e-01
4.827497327831170026e-01
4.827411877126038253e-01
4.827327191097886550e-01
4.827243259299287548e-01
4.827168378827687567e-01
4.827085852546527667e-01
4.827004052250524757e-01
4.826922968959200810e-01
4.826850621580192624e-01
4.826770877232781642e-01
4.826691825978637884e-01
4.826621287858515741e-01
4.826543532937259129e-01
4.826466450089491045e-01
4.826390032679986342e-01
4.826321842404607265e-01
4.826246672130873883e-01
4.826172149744270556e-01
4.826098269766523896e-01
4.826032344454529444e-01
4.825959671020164099e-01
4.825887625775321932e-01
4.825823340286343188e-01
4.825752476928664159e-01
4.825682230014700647e-01
4.825612596045613101e-01
4.825550468587190833e-01
4.825481990493856177e-01
4.825414116582790736e-01
4.825346844209484343e-01
4.825286833037891188e-01
4.825220696659566766e-01
4.825155154546298952e-01
4.825096694327608016e-01
4.825032273885407341e-01
4.824968439317453006e-01
4.824905186913769906e-01
4.824848775650831256e-01
4.824786616506580028e-01
4.824725024133707518e-01
4.824663990944051406e-01
4.824609553445898258e-01
4.824549556063884581e-01
4.824490086275450840e-01
4.824437024114260342e-01
4.824378513908594845e-01
4.824323383339226279e-01
4.824265785704872078e-01
4.824211481635162224e-01
4.824154707980660151e-01
4.824101140575338120e-01
4.824045092416791580e-01
4.823992166887597910e-01
4.823936746358828964e-01
4.823884374872731140e-01
4.823832247149706376e-01
4.823777613733296610e-01
4.823725950615401770e-01
4.823671791382537766e-01
4.823620573250555488e-01
4.823566885441473717e-01
4.823516125320687631e-01
4.823462936663092671e-01
4.823412671237570781e-01
4.823360027654336468e-01
4.823310304096807277e-01
4.823260861383023568e-01
4.823209118984001509e-01
4.823157708144530376e-01
4.823106636413653225e-01
4.823060988184959541e-01
4.823010573787770428e-01
4.822960508241967981e-01
4.822910791051217005e-01
4.822866363596324257e-01
4.822817301188234707e-01
4.822768577196193673e-01
4.822725032254214783e-01
4.822676935129698861e-01
4.822629158129964067e-01
4.822581693857549978e-01
4.822539258971243470e-01
4.822492367480442077e-01
4.822445765946329899e-01
4.822399446465188699e-01
4.822358015658814168e-01
4.822312211037639851e-01
4.822266666988809236e-01
4.822221376984898722e-01
4.822180850273820596e-01
4.822136027240104261e-01
4.822091442988452603e-01
4.822051540026506822e-01
4.822007399007088302e-01
4.821963486662527720e-01
4.821919800121706179e-01
4.821880694871339967e-01
4.821837428911935897e-01
4.821794378855914220e-01
4.821751539734393521e-01
4.821713181739459286e-01
4.821670724785380724e-01
4.821628455967790772e-01
4.821590587449927634e-01
4.821548642579735477e-01
4.821506846404766677e-01
4.821465180899583980e-01
4.821427798942535814e-01
4.821386323717850031e-01
4.821344913798998877e-01
4.821303542290978905e-01
4.821266338928964501e-01
4.821224958933182925e-01
4.821183528005477115e-01
4.821146190408329701e-01
4.821104567037997057e-01
4.821062789335733290e-01
4.821020819178449823e-01
4.820982871318761909e-01
4.820940427315258403e-01
4.820897675856128939e-01
4.820854576520097190e-01
4.820815478406053067e-01
4.820771607075940435e-01
4.820727271813747827e-01
4.820686963524665747e-01
4.820641641111758080e-01
4.820595745966959611e-01
4.820549243592494593e-01
4.820506867547379448e-01
4.820459123978870775e-01
4.820410685796461259e-01
4.820361528161413722e-01
4.820316675329384681e-01
4.820266093834988386e-01
4.820214739602395881e-01
4.820167872929639330e-01
4.820115022922225601e-01
4.820061378760874260e-01
4.820006941118583077e-01
4.819957294997317399e-01
4.819901366923770025e-01
4.819844671541209102e-01
4.819787226191916130e-01
4.819734924037041290e-01
4.819676116308354019e-01
4.819616631913543614e-01
4.819562566573322160e-01
4.819501889474873679e-01
4.819440639875895993e-01
4.819378859805515392e-01
4.819322863307300420e-01
4.819260200442684883e-01
4.819197142962673430e-01
4.819133741524426751e-01
4.819076451404992745e-01
4.819012540845156733e-01
4.818948440141743172e-01
4.818890654175916333e-01
4.818826342385799100e-01
4.818761998769153232e-01
4.818697677752614150e-01
4.818639875037412090e-01
4.818575745067628091e-01
4.818511792178602482e-01
4.818448067909464338e-01
4.818390975513316410e-01
4.818327823490457518e-01
4.818265042793803965e-01
4.818208918471453828e-01
4.818140780224323683e-01
4.818079387084042153e-01
4.818018542668011661e-01
4.817970334134552557e-01
4.817910578550095857e-01
4.817851481300094441e-01
4.817793078598850420e-01
4.817735405144232819e-01
4.817678494129671862e-01
4.817622377274899947e-01
4.817578120651908602e-01
4.817523508617473915e-01
4.817469771934228540e-01
4.817416936956715467e-01
4.817365028688513906e-01
4.817314070799925685e-01
4.817264085650094785e-01
4.817215094290209776e-01
4.817176674789977464e-01
4.817129521170731010e-01
4.817083413378376866e-01
4.817038367514064889e-01
4.816994398339560779e-01
4.816951519255597280e-01
4.816909742262257543e-01
4.816877166114389985e-01
4.816837398501515599e-01
4.816798758736821617e-01
4.816761253035038992e-01
4.816724885924449917e-01
4.816689660170843656e-01
4.816655576680967110e-01
4.816622634414419735e-01
4.816597145133710289e-01
4.816566247855832428e-01
4.816536477673777905e-01
4.816510662931560161e-01
4.816483006447051518e-01
4.816456443150667344e-01
4.816430956394671115e-01
4.816408945304662681e-01
4.816385448519583390e-01
4.816362964737272989e-01
4.816341466677784844e-01
4.816322958932183207e-01
4.816303248812066617e-01
4.816284430007574113e-01
4.816268246666415842e-01
4.816251016052159328e-01
4.816234561773063416e-01
4.816218840332176510e-01
4.816205302982216052e-01
4.816190849218145997e-01
4.816176995415825113e-01
4.816163694896158920e-01
4.816152181769516316e-01
4.816139805988695621e-01
4.816127852896469608e-01
4.816117444847827223e-01
4.816106183607591906e-01
4.816095234307675721e-01
4.816084566487217611e-01
4.816075207585181484e-01
4.816065009485114845e-01
4.816055035725301803e-01
4.816045279283425740e-01
4.816036706942112833e-01
4.816027370606221769e-01
4.816018273928249216e-01
4.816010333510168939e-01
4.816001763275021830e-01
4.815993523027081169e-01
4.815985659827780041e-01
4.815978973169522392e-01
4.815971984051334309e-01
4.815965551980121440e-01
4.815959752878216094e-01
4.815955165360623069e-01
4.815950800436398782e-01
4.815947322736306435e-01
4.815945054627774891e-01
4.815943535186852920e-01
4.815943197169353929e-01
4.815944148606091102e-01
4.815946221183022846e-01
4.815949927998061098e-01
4.815955248264098820e-01
4.815962295137829474e-01
4.815970229333747521e-01
4.815980865955407086e-01
4.815993551271743889e-01
4.816006830062671829e-01
4.816023696489393213e-01
4.816042906273554913e-01
4.816064549580622578e-01
4.816086199893451769e-01
4.816112684939410915e-01
4.816141813232392432e-01
4.816173633670782772e-01
4.816204624658089184e-01
4.816241638242035328e-01
4.816281390837724996e-01
4.816319512956059867e-01
4.816364381096997493e-01
4.816411844434660972e-01
4.816461796048735478e-01
4.816508786423170929e-01
4.816563044323293186e-01
4.816619272618749559e-01
4.816677211106455414e-01
4.816730588408631442e-01
4.816790892349014919e-01
4.816851884692835428e-01
4.816913118231757052e-01
4.816968049849015832e-01
4.817028344095453662e-01
4.817087331121180371e-01
4.817138826601020107e-01
4.817193651010238109e-01
4.817245371966963341e-01
4.817293361688028686e-01
4.817332882451432763e-01
4.817372140941859615e-01
4.817406026332243796e-01
4.817434089578818135e-01
4.817454089888825175e-01
4.817470175195862625e-01
4.817479670801255165e-01
4.817482562029039572e-01
4.817479496283514906e-01
4.817470013383824412e-01
4.817454386586586534e-01
4.817435394198746890e-01
4.817409172380526794e-01
4.817378077889344357e-01
4.817342662459805358e-01
4.817307596976777018e-01
4.817265583352739466e-01
4.817220955369393431e-01
4.817179054349762790e-01
4.817131024129207573e-01
4.817081968821554927e-01
4.817032364040723658e-01
4.816987628549709299e-01
4.816938121795432681e-01
4.816889174584163547e-01
4.816841072854060046e-01
4.816798724777925922e-01
4.816752847721998410e-01
4.816708383801650006e-01
4.816669693093184046e-01
4.816628200967654760e-01
4.816588359598687474e-01
4.816550190280847743e-01
4.816517287672877345e-01
4.816482266608677620e-01
4.816448849311001923e-01
4.816416977817651879e-01
4.816389579788689645e-01
4.816360441912416190e-01
4.816332618610253413e-01
4.816308647108842877e-01
4.816283059993988203e-01
4.816258506624266911e-01
4.816234887110402152e-01
4.816214369109646509e-01
4.816192253066974849e-01
4.816170790804360502e-01
4.816149892542295752e-01
4.816131519010858897e-01
4.816111463001352955e-01
4.816091740365523455e-01
4.816074241912033926e-01
4.816054971576497756e-01
4.816035856408728555e-01
4.816016847913099919e-01
4.815999819687674655e-01
4.815980903702339333e-01
4.815961990286216632e-01
4.815943055356406988e-01
4.815926003070513106e-01
4.815906980310371011e-01
4.815887895854781275e-01
4.815870685913524185e-01
4.815851473679622630e-01
4.815832195484350819e-01
4.815812856279294007e-01
4.815795428104318043e-01
4.815775995864268189e-01
4.815756530823943060e-01
4.815737046560095158e-01
4.815719529863912718e-01
4.815700052150254651e-01
4.815680603226186185e-01
4.815663162702569222e-01
4.815643822363854243e-01
4.815624569855597725e-01
4.815605427900252478e-01
4.815588337470227964e-01
4.815569472348689151e-01
4.815550790197576370e-01
4.815532318102740961e-01
4.815515919085234242e-01
4.815497924135935248e-01
4.815480222940859978e-01
4.815462845772987555e-01
4.815447531896328570e-01
4.815430855403941002e-01
4.815414592886194667e-01
4.815400359469855784e-01
4.815384969218014510e-01
4.815370082533735330e-01
4.815355729331434742e-01
4.815343314782620232e-01
4.815330054526951731e-01
4.815317409278352945e-01
4.815305404954090540e-01
4.815295192686965819e-01
4.815284473414291333e-01
4.815274464092716422e-01
4.815266104433775229e-01
4.815257505863078658e-01
4.815249683003547387e-01
4.815242660485236637e-01
4.815237070082960535e-01
4.815231646085171291e-01
4.815227112408048682e-01
4.815223510399095908e-01
4.815221128477034651e-01
4.815219437972315664e-01
4.815218845008939486e-01
4.815219335895413177e-01
4.815221047982709557e-01
4.815224110202470098e-01
4.815228632153005783e-01
4.815234073198280673e-01
4.815241712185287515e-01
4.815251193867543522e-01
4.815262671829194097e-01
4.815274867459245489e-01
4.815290598821947432e-01
4.815308830381258565e-01
4.815327559572524230e-01
4.815351083771376439e-01
4.815377699351819918e-01
4.815407632412502803e-01
4.815437629225123861e-01
4.815474536064542899e-01
4.815515494774983418e-01
4.815560791026121112e-01
4.815605541785877852e-01
4.815659940248340209e-01
4.815719627465130381e-01
4.815778204164865017e-01
4.815849011833829851e-01
4.815926300232547530e-01
4.816010553298011865e-01
4.816092795665661841e-01
4.816191782237564389e-01
4.816299415648210847e-01
4.816416393845914801e-01
4.816530323947398329e-01
4.816667254709074975e-01
4.816816013964503873e-01
4.816960903268947547e-01
4.817135147944165974e-01
4.817324649642663603e-01
4.817530895188859574e-01
4.817732246079602376e-01
4.817975151643341669e-01
4.818226572273908159e-01
4.818515349522880520e-01
4.818815221351863687e-01
4.819160959501247454e-01
4.819521550784999220e-01
4.819917510109804071e-01
4.820377738410704938e-01
4.820862202544494712e-01
4.821429640993577515e-01
4.822032250997519420e-01
4.822745332040650479e-01
4.823511618820929270e-01
4.824431001123813401e-01
4.825435016469610816e-01
4.826629579101318068e-01
4.828033864987476553e-01
4.829661926205365829e-01
4.831684765556839567e-01
4.834192009849757610e-01
