-1.145277517355935970e-05
-3.447727906435993361e-05
-5.771574949386959474e-05
-8.135749466675612496e-05
-1.062289570675778450e-04
-1.321814577111002365e-04
-1.563299791828010044e-04
-1.800293712395095724e-04
-2.035639865397564918e-04
-2.270579441832065726e-04
-2.506041266412406543e-04
-2.743152909338020251e-04
-2.984181185553547166e-04
-3.242699697593165453e-04
-3.502898273682886199e-04
-3.753814214776385327e-04
-4.004242123184509339e-04
-4.255170113200978932e-04
-4.506501662624451399e-04
-4.758616899269707545e-04
-5.012542791099638961e-04
-5.270954960462370664e-04
-5.560820701110413822e-04
-5.862540073404698404e-04
-6.135403670485262140e-04
-6.405931202467796126e-04
-6.678256858912989813e-04
-6.944785103401018844e-04
-7.211269986956425626e-04
-7.482638042720646254e-04
-7.765640974536358598e-04
-8.153580690455353164e-04
-8.460282568787391710e-04
-8.758559417803013503e-04
-9.052191585381397232e-04
-9.343517794763167572e-04
-9.634178463433507034e-04
-9.925648895559024965e-04
-1.021990106716774704e-03
-1.052335776785651156e-03
-1.084789874767122519e-03
-1.117971016890151326e-03
-1.152506803775543709e-03
-1.185545546347865908e-03
-1.218166117460062203e-03
-1.250753427372908178e-03
-1.283696274714474228e-03
-1.316877125846382945e-03
-1.352032829974980643e-03
-1.386291261784577955e-03
-1.420236422453147185e-03
-1.454525474899215354e-03
-1.489187791224089175e-03
-1.524012176941536012e-03
-1.559162445302075817e-03
-1.595281029251105487e-03
-1.631772466335834615e-03
-1.672024690926754431e-03
-1.706088469588418199e-03
-1.739860786569180640e-03
-1.773731153942748051e-03
-1.807983160363568764e-03
-1.842526754728401883e-03
-1.877296031381647801e-03
-1.912350586314559564e-03
-1.947850173555809583e-03
-1.985647099726373099e-03
-2.020903191669365384e-03
-2.056019130496467007e-03
-2.091518130308944734e-03
-2.127809799357449627e-03
-2.164433449776348439e-03
-2.201269991133347759e-03
-2.238381380278986477e-03
-2.276032451931420120e-03
-2.315322127986130241e-03
-2.353428954040004406e-03
-2.390853779585810912e-03
-2.428210436873357025e-03
-2.465779953182534179e-03
-2.503734525450496129e-03
-2.542241209687823300e-03
-2.581594486472993388e-03
-2.622580769592319783e-03
-2.666076807515183056e-03
-2.709911651161189816e-03
-2.750969363703337223e-03
-2.792001347120987020e-03
-2.833486725165590414e-03
-2.875837173725970253e-03
-2.920570346299000697e-03
-2.966103357332494639e-03
-3.011079786911952105e-03
-3.057053660327158084e-03
-3.107272587899112537e-03
-3.157268748163133409e-03
-3.210319972703157276e-03
-3.262849618978380661e-03
-3.312625884629105677e-03
-3.361201841053151895e-03
-3.408402437549029607e-03
-3.454664999391510172e-03
-3.500521580893978246e-03
-3.547010922464122196e-03
-3.593585004993848919e-03
-3.638415806205497205e-03
-3.682710768898034281e-03
-3.726728740042428711e-03
-3.770600144849090007e-03
-3.814423016571866221e-03
-3.858284632193620389e-03
-3.902324247812449798e-03
-3.946939813867067492e-03
-3.999527097319655056e-03
-4.044924684019068906e-03
-4.089835513340078776e-03
-4.134550185759144902e-03
-4.179236948250064643e-03
-4.223985051629908227e-03
-4.268850546791713718e-03
-4.313896051552079669e-03
-4.359285822420622125e-03
-4.406659490266306989e-03
-4.453727316777400524e-03
-4.500218904239572382e-03
-4.546228653026229694e-03
-4.592146056292323308e-03
-4.638096192037921561e-03
-4.684162463463925619e-03
-4.730133903721900346e-03
-4.776106868865093169e-03
-4.822638731432182801e-03
-4.871599251688008003e-03
-4.918575656629231574e-03
-4.965927347604259801e-03
-5.012688333897896698e-03
-5.059460025096162994e-03
-5.106397658218075897e-03
-5.153681889274897010e-03
-5.201675831913887826e-03
-5.250673263006322422e-03
-5.303398667343861561e-03
-5.351728907626696063e-03
-5.399343904291198371e-03
-5.446760588714405493e-03
-5.494163267673601858e-03
-5.541684826048887125e-03
-5.589474506487945860e-03
-5.637383633624648560e-03
-5.685399240599853243e-03
-5.733932396410734711e-03
-5.789735057499800774e-03
-5.838418759973706962e-03
-5.886784589866689288e-03
-5.935146316412898138e-03
-5.983541510716006151e-03
-6.032042792671332698e-03
-6.080749857789613522e-03
-6.129751489972634637e-03
-6.178975914777007361e-03
-6.228738588579973978e-03
-6.280820644827933563e-03
-6.330417438301982891e-03
-6.379813679579737773e-03
-6.429245924215232222e-03
-6.478813577052044970e-03
-6.528589827999531359e-03
-6.578664678148937739e-03
-6.629185895203004719e-03
-6.680233166904803177e-03
-6.732517676904192783e-03
-6.785993904818932165e-03
-6.838867463196507401e-03
-6.893274606566857088e-03
-6.949606150352782841e-03
-7.003891632566539016e-03
-7.056783946041700339e-03
-7.109172436627231306e-03
-7.161493750912351075e-03
-7.214122940936262829e-03
-7.268240815927251575e-03
-7.321806527825658328e-03
-7.374458350650203720e-03
-7.426806215253933807e-03
-7.479169942572139185e-03
-7.531678073340652979e-03
-7.584396183177744000e-03
-7.637379381380426935e-03
-7.690735711038843014e-03
-7.744783304605262764e-03
-7.802325300855228463e-03
-7.856462695019716946e-03
-7.910090852042195309e-03
-7.963716469230108785e-03
-8.017471176806290067e-03
-8.071322808056002884e-03
-8.125275618136251765e-03
-8.179390338680536665e-03
-8.233761418835916501e-03
-8.288713884698539758e-03
-8.350236369210950471e-03
-8.404902748315734584e-03
-8.459187265139500589e-03
-8.513421709314128449e-03
-8.567827262547234035e-03
-8.623814854472389158e-03
-8.678332083742357206e-03
-8.732739640915254675e-03
-8.787363056242281090e-03
-8.842876870036486814e-03
-8.899408516759743648e-03
-8.954241965796527758e-03
-9.008817120370826714e-03
-9.063275610138310512e-03
-9.117777702609131119e-03
-9.172425723152355381e-03
-9.227334403869580370e-03
-9.282685395308631904e-03
-9.338906620007692005e-03
-9.398027802344666171e-03
-9.456992094702187934e-03
-9.514002651316966208e-03
-9.570446752219519126e-03
-9.628664643652418142e-03
-9.684772208056080522e-03
-9.740787161457098442e-03
-9.796988184061716787e-03
-9.853627863267266918e-03
-9.911044251790013249e-03
-9.975504065530826914e-03
-1.003354717758675463e-02
-1.009154521264599147e-02
-1.014999527139004432e-02
-1.020926275698896823e-02
-1.026933415254882576e-02
-1.033031421864516464e-02
-1.039185442910672830e-02
-1.045368393415802011e-02
-1.051615650777437683e-02
-1.058257581843236039e-02
-1.064406529609396301e-02
-1.070509019044418864e-02
-1.076617155074000021e-02
-1.082816084991256034e-02
-1.088956621251990775e-02
-1.095059468716297335e-02
-1.101212194228706753e-02
-1.107619613135379932e-02
-1.114191500334471563e-02
-1.121145904138487470e-02
-1.127423672175642544e-02
-1.133507631036845265e-02
-1.139488839930924424e-02
-1.145412459786210313e-02
-1.151302250599806065e-02
-1.157172529336891742e-02
-1.163036012431672983e-02
-1.168913900908186143e-02
-1.174828955670492725e-02
-1.181312401867962159e-02
-1.187256477126297227e-02
-1.193168826980339770e-02
-1.199188288950370218e-02
-1.205135714648564171e-02
-1.211050636083432774e-02
-1.216942320299563285e-02
-1.222832672026608059e-02
-1.228750709173309641e-02
-1.234758921151890565e-02
-1.240883466244879774e-02
-1.247013035898325573e-02
-1.252971708790451277e-02
-1.258898482300352395e-02
-1.264824363021077591e-02
-1.270789943344829975e-02
-1.277089292027944190e-02
-1.283075892308571664e-02
-1.289041055814377223e-02
-1.295038022060368554e-02
-1.301174919274206143e-02
-1.308200801107439748e-02
-1.314369727066444504e-02
-1.320541711877021296e-02
-1.326796012800834923e-02
-1.333190911479076313e-02
-1.339738093280606890e-02
-1.346284407646314296e-02
-1.352701287115420925e-02
-1.359010518451853056e-02
-1.365272094398428671e-02
-1.371645318871050900e-02
-1.377910655771630299e-02
-1.384076881125928526e-02
-1.390242354168591543e-02
-1.396399486433708148e-02
-1.402560578528089241e-02
-1.408852132755500364e-02
-1.415187040576071364e-02
-1.421544481056313813e-02
-1.427799496102299948e-02
-1.434133865004572073e-02
-1.440381690489211941e-02
-1.446523551558565046e-02
-1.452631078179167368e-02
-1.458725533256566287e-02
-1.464818588482386108e-02
-1.470919756593080940e-02
-1.477038760303550635e-02
-1.483188678160085594e-02
-1.489396509044060846e-02
-1.495809234514933195e-02
-1.502233744479219979e-02
-1.508559641864615219e-02
-1.514896888378991502e-02
-1.521279913487350033e-02
-1.527740958984347142e-02
-1.534327073874630631e-02
-1.541099375927668103e-02
-1.548033524097425229e-02
-1.555010354376507031e-02
-1.562017506602308980e-02
-1.569035474840629885e-02
-1.575971289369848538e-02
-1.583019591790368885e-02
-1.590097704589821248e-02
-1.597132274971735377e-02
-1.604191177878611096e-02
-1.611353420098471378e-02
-1.618684002874670735e-02
-1.626256439700279888e-02
-1.634211690249975923e-02
-1.642018993088067980e-02
-1.649607760048998895e-02
-1.656968896109378697e-02
-1.664164190404116006e-02
-1.671242180398713195e-02
-1.678241707873961985e-02
-1.685196826730861464e-02
-1.692177655945548143e-02
-1.699125097542197871e-02
-1.706128296305564618e-02
-1.713136561236516808e-02
-1.720000486987149912e-02
-1.726833777286640448e-02
-1.733658288039230388e-02
-1.740486235732929821e-02
-1.747326819315864199e-02
-1.754188831633829437e-02
-1.761081859493107693e-02
-1.768021710545852887e-02
-1.775059567287551321e-02
-1.782383443623758446e-02
-1.789454699426351603e-02
-1.796512895207669214e-02
-1.803538426801576389e-02
-1.810568769836551350e-02
-1.817611050226652925e-02
-1.824669209979457030e-02
-1.831749066998300535e-02
-1.838864161758857474e-02
-1.846055145296487954e-02
-1.854614091098416573e-02
-1.861874508852134902e-02
-1.869178531457116321e-02
-1.879760593161983184e-02
-1.887277538406351152e-02
-1.895130627969277004e-02
-1.905116134175210973e-02
-1.913006237189218695e-02
-1.920498082398880424e-02
-1.927832213678704054e-02
-1.935851692320167405e-02
-1.942986928898093879e-02
-1.950018657405494515e-02
-1.956996290152646090e-02
-1.963944818582252783e-02
-1.970883065298267844e-02
-1.977838879262239224e-02
-1.984854170942729201e-02
-1.992154782285349146e-02
-1.999220514856825393e-02
-2.006287884327806470e-02
-2.013706116766766918e-02
-2.020698463906867026e-02
-2.027626870329479747e-02
-2.034530794640165841e-02
-2.041427602137635411e-02
-2.048328375648134081e-02
-2.055242621479669296e-02
-2.062181239985461101e-02
-2.069159109809437513e-02
-2.076201584776393716e-02
-2.083413679935375296e-02
-2.090872293528545089e-02
-2.098192654153396841e-02
-2.105558216169989283e-02
-2.112951112197414272e-02
-2.120357828306762560e-02
-2.127605980069802172e-02
-2.134839166403823540e-02
-2.142112706365129071e-02
-2.149470915325446541e-02
-2.156890383469223238e-02
-2.164365386194344598e-02
-2.171919914550513031e-02
-2.179241248741847770e-02
-2.186414567249872487e-02
-2.193523137365704923e-02
-2.200599696771143865e-02
-2.207664413742871368e-02
-2.214734778239146884e-02
-2.221825502069774139e-02
-2.228979382429296940e-02
-2.236145680850176731e-02
-2.244392433008191023e-02
-2.251554649769449412e-02
-2.258714622518442905e-02
-2.265909480433336842e-02
-2.273131656854587845e-02
-2.280341414218034490e-02
-2.287524131841822683e-02
-2.294696128592033091e-02
-2.301879089512159915e-02
-2.309104633805125761e-02
-2.316420822637743626e-02
-2.323906997849400913e-02
-2.331182533656661615e-02
-2.338463186270745009e-02
-2.345786825876916559e-02
-2.353158378563358077e-02
-2.360449716019086264e-02
-2.367761567210846518e-02
-2.375115599478350159e-02
-2.382536286114655955e-02
-2.390059734916760714e-02
-2.397765871699919504e-02
-2.405483351886583687e-02
-2.413694348612005491e-02
-2.421356834335208763e-02
-2.428976404434124436e-02
-2.436635648953500155e-02
-2.444425878794787010e-02
-2.452235624508647405e-02
-2.460130821629502584e-02
-2.467968572053125254e-02
-2.475787914327354233e-02
-2.483936138288822537e-02
-2.491796197219764419e-02
-2.499712488107730390e-02
-2.507583231967680515e-02
-2.515287319691672518e-02
-2.522932401670519020e-02
-2.530541175282252642e-02
-2.538126892020786673e-02
-2.545702639424751723e-02
-2.553284581939496700e-02
-2.560898727333726921e-02
-2.568626718442656998e-02
-2.576763921674363189e-02
-2.584734228439444781e-02
-2.592680671642921819e-02
-2.600406467574412073e-02
-2.607994185894424444e-02
-2.615513094094890079e-02
-2.622992858494022084e-02
-2.630445745732279406e-02
-2.637889406509907886e-02
-2.645579334344594358e-02
-2.653137425103313518e-02
-2.660990472449165090e-02
-2.668599454435161000e-02
-2.675997235189486734e-02
-2.683282706701783926e-02
-2.690545993391169066e-02
-2.697851922324900897e-02
-2.705369204034113739e-02
-2.713150300975397666e-02
-2.720610087873109872e-02
-2.727983898014263442e-02
-2.735408279159357026e-02
-2.743306217493302057e-02
-2.751047314179821957e-02
-2.758807340645730299e-02
-2.766448845516900068e-02
-2.773994009939939609e-02
-2.781405873481446189e-02
-2.788753175693325925e-02
-2.796078561442683075e-02
-2.803429609688645741e-02
-2.810857844775083159e-02
-2.818413488964577329e-02
-2.825815241037243908e-02
-2.833111295519152861e-02
-2.840374145172086529e-02
-2.847630993388705622e-02
-2.854901609476934166e-02
-2.862207832992957890e-02
-2.869577406356416116e-02
-2.877083884158937455e-02
-2.884885184767882471e-02
-2.892931794861175465e-02
-2.901558010997218329e-02
-2.909282122764833556e-02
-2.916844248476924140e-02
-2.924308637558481472e-02
-2.931711659279589988e-02
-2.939077954836366580e-02
-2.946427946318608271e-02
-2.953785016282306497e-02
-2.961230319166252567e-02
-2.968651393739774047e-02
-2.976119091243334402e-02
-2.984714443185987331e-02
-2.992167890985353296e-02
-2.999585500456058984e-02
-3.006951980748784337e-02
-3.014281567200860490e-02
-3.021595853637404350e-02
-3.028914308523611432e-02
-3.036238502581745102e-02
-3.043631693953274819e-02
-3.051020121042069544e-02
-3.058428635280152630e-02
-3.065987504342249093e-02
-3.073512176673509622e-02
-3.080971740502536083e-02
-3.088515508802580634e-02
-3.096218776565407005e-02
-3.103733298993005540e-02
-3.111226512036857628e-02
-3.118718150740285022e-02
-3.126219289501186438e-02
-3.133725288647970508e-02
-3.141242747947692315e-02
-3.148829774531869408e-02
-3.156880670584183424e-02
-3.164475885390227727e-02
-3.172110550133866447e-02
-3.179722185097544340e-02
-3.187334297186406040e-02
-3.194968656923413697e-02
-3.202627253680856434e-02
-3.210305502200216932e-02
-3.218005808020085734e-02
-3.225741586487318457e-02
-3.233549942146529688e-02
-3.241960300852042565e-02
-3.249866437101112115e-02
-3.257758675526456482e-02
-3.265682545086079358e-02
-3.273650416671436414e-02
-3.281667438089486133e-02
-3.289739117508905242e-02
-3.297885149808910121e-02
-3.306123399480187519e-02
-3.314442928125160837e-02
-3.322767632792189563e-02
-3.331300722457819496e-02
-3.339856799221085915e-02
-3.348409561097420717e-02
-3.357050347462708917e-02
-3.365799170218364278e-02
-3.374647819128195891e-02
-3.383580796373542032e-02
-3.392607907290079439e-02
-3.401767515982345724e-02
-3.411104868675607360e-02
-3.420614059523419126e-02
-3.430312135528357231e-02
-3.440106616642291115e-02
-3.449683585129859065e-02
-3.459533145155213596e-02
-3.468781656886765763e-02
-3.477682833487960590e-02
-3.486290111815826265e-02
-3.494706042981499117e-02
-3.502983740228693410e-02
-3.511156502812540214e-02
-3.519248017114950944e-02
-3.527279400315974645e-02
-3.535277624407195951e-02
-3.543308826061497552e-02
-3.551644534588072055e-02
-3.559581366644604117e-02
-3.567442927065189728e-02
-3.575273096159192754e-02
-3.583097839854343380e-02
-3.590950463593600706e-02
-3.598808409622478166e-02
-3.606609405152949588e-02
-3.614388192769690811e-02
-3.622156766008544082e-02
-3.629913450174027112e-02
-3.637661001863756738e-02
-3.645421341307653051e-02
-3.653292478540737243e-02
-3.661261882646582588e-02
-3.669047960147675536e-02
-3.676844733490258754e-02
-3.684995943053970269e-02
-3.692804109722469530e-02
-3.700533250887438896e-02
-3.708259711885664167e-02
-3.716035947075602142e-02
-3.723834285322524806e-02
-3.731610187051603855e-02
-3.739451132143234435e-02
-3.747346825298569772e-02
-3.755183211039603286e-02
-3.763116775104835554e-02
-3.771024873883388473e-02
-3.778764648047905350e-02
-3.786462993889394557e-02
-3.794152142486550972e-02
-3.801854095437307013e-02
-3.809587242514700378e-02
-3.817350740568925538e-02
-3.825135489500253172e-02
-3.832965899232865237e-02
-3.840904342119022541e-02
-3.848965735565068602e-02
-3.857636694041033376e-02
-3.865764762494128259e-02
-3.873862477663214676e-02
-3.882024036587938820e-02
-3.889991413611704196e-02
-3.897905479182151023e-02
-3.905767211724286980e-02
-3.913565380613437394e-02
-3.921299578526737939e-02
-3.928977474803529990e-02
-3.936611502022557829e-02
-3.944214543728730149e-02
-3.951799980542058943e-02
-3.959386547579013538e-02
-3.967009625839690301e-02
-3.974665699571910960e-02
-3.982248585959269338e-02
-3.989827907303522547e-02
-3.997555506990679852e-02
-4.005277446919108808e-02
-4.012843565296086989e-02
-4.020373489525563837e-02
-4.027894333445036779e-02
-4.035419409183138573e-02
-4.042957498998500654e-02
-4.050516660338765451e-02
-4.058104526335049034e-02
-4.065729082495594948e-02
-4.073399282629286411e-02
-4.081131641179658320e-02
-4.088959770808253680e-02
-4.096920114127633461e-02
-4.104910645640991174e-02
-4.112936061324690140e-02
-4.121001627420994851e-02
-4.129151959903543112e-02
-4.137056733277399978e-02
-4.144902858337229379e-02
-4.152740931694620663e-02
-4.160602121989120938e-02
-4.168505846743386645e-02
-4.176454320997335934e-02
-4.184421702231788665e-02
-4.192360753517554439e-02
-4.200243073695009155e-02
-4.208079897538963277e-02
-4.215909338604473255e-02
-4.223773759075277745e-02
-4.231578595562779377e-02
-4.239376525779270377e-02
-4.247237390050007111e-02
-4.255510738366885537e-02
-4.263513923380590764e-02
-4.271466806181223319e-02
-4.279418196298079291e-02
-4.287378242827022401e-02
-4.295350006543374732e-02
-4.303334455077378884e-02
-4.311330465219997965e-02
-4.319326318986227431e-02
-4.327289452954941051e-02
-4.335187379946647823e-02
-4.343027397133214507e-02
-4.350845938912084598e-02
-4.358563246784263878e-02
-4.366230240681057140e-02
-4.373904337544254339e-02
-4.381509040108844122e-02
-4.389116432423190162e-02
-4.396899546101340484e-02
-4.404604469734207939e-02
-4.412189862674043006e-02
-4.419757966089810086e-02
-4.427281505946456530e-02
-4.434798888528024285e-02
-4.442321846356445114e-02
-4.449858719319188527e-02
-4.457418773839594284e-02
-4.465017523071468375e-02
-4.472676982369261367e-02
-4.480311143856263723e-02
-4.487915566882705320e-02
-4.495492809351941954e-02
-4.503049211021559195e-02
-4.510596399264077405e-02
-4.518121355235460435e-02
-4.525642057800760565e-02
-4.533252547210442351e-02
-4.540962900987610684e-02
-4.548510265823502152e-02
-4.556004756722242810e-02
-4.563475929460458769e-02
-4.570946278591725420e-02
-4.578514491446072920e-02
-4.585965878162467924e-02
-4.593412043536337919e-02
-4.600829139102002863e-02
-4.608225854176339897e-02
-4.615598003158061235e-02
-4.622954816887570040e-02
-4.630308712835740081e-02
-4.637668417053908421e-02
-4.645040591564453258e-02
-4.652432118761762325e-02
-4.659852980151513169e-02
-4.667326788748471511e-02
-4.674962431943185948e-02
-4.682667658453087967e-02
-4.690284246019194025e-02
-4.697864801292273018e-02
-4.705414841153088279e-02
-4.712970285762552169e-02
-4.720545313373225582e-02
-4.728148183899627544e-02
-4.735784649525964785e-02
-4.743459166581831532e-02
-4.751176748840257869e-02
-4.758945916161883005e-02
-4.766780001446735415e-02
-4.774704516148353672e-02
-4.782806201923306411e-02
-4.790900016167309872e-02
-4.799016230767405577e-02
-4.807208992796030422e-02
-4.815464138614578005e-02
-4.823804928181252283e-02
-4.832381988495959568e-02
-4.840846719774161144e-02
-4.849306167162847903e-02
-4.857849984262940790e-02
-4.866438941288675490e-02
-4.874961359115903559e-02
-4.883470334309558680e-02
-4.891962663941173961e-02
-4.900426145069447514e-02
-4.908849179626073589e-02
-4.917226266464447271e-02
-4.925542772819024862e-02
-4.933782545696596689e-02
-4.941917026314079919e-02
-4.949967796107668239e-02
-4.957970144526258061e-02
-4.965957926722064375e-02
-4.974022617229834076e-02
-4.982195069578254643e-02
-4.990171169036095034e-02
-4.998079586456971590e-02
-5.005936867077243058e-02
-5.013762299882806861e-02
-5.021585210614221140e-02
-5.029336172510556757e-02
-5.037040172375151226e-02
-5.044725698779095602e-02
-5.052403728860976884e-02
-5.060036307391835297e-02
-5.067646837320893827e-02
-5.075254704318277188e-02
-5.082874594457964523e-02
-5.090525547521929095e-02
-5.098248917585246343e-02
-5.106344207922053346e-02
-5.114138971012172075e-02
-5.121917610746107297e-02
-5.129787624321147099e-02
-5.137505564721189799e-02
-5.145182891566302263e-02
-5.152853769200360645e-02
-5.160538643755308019e-02
-5.168236433150452669e-02
-5.175909812494094986e-02
-5.183582001483000301e-02
-5.191262822533770915e-02
-5.198956643473062744e-02
-5.206668601681041508e-02
-5.214402500250880923e-02
-5.222161394070856666e-02
-5.229948592551347808e-02
-5.237766981274971645e-02
-5.245618952830399806e-02
-5.253508604363099632e-02
-5.261442957128015241e-02
-5.269443249010719033e-02
-5.277608881619533232e-02
-5.285817212012589028e-02
-5.293861228069018932e-02
-5.301857483018246331e-02
-5.309832694331073633e-02
-5.317796463607826762e-02
-5.325752578651077318e-02
-5.333701028094395280e-02
-5.341639600817427169e-02
-5.349567729454518528e-02
-5.357487887988887643e-02
-5.365404712419652444e-02
-5.373324454173766807e-02
-5.381255243595794990e-02
-5.389209049148391273e-02
-5.397208958757937491e-02
-5.405238563121617101e-02
-5.413273057805334521e-02
-5.421361252108114481e-02
-5.429656656411108173e-02
-5.437906321658769748e-02
-5.446073080347324513e-02
-5.454210486453159312e-02
-5.462332737007102867e-02
-5.470457948623352884e-02
-5.478605637448441534e-02
-5.486786470080895484e-02
-5.494945910171900039e-02
-5.503079341189842655e-02
-5.511252891794815589e-02
-5.519402996985744991e-02
-5.527537694897888265e-02
-5.535692245126844213e-02
-5.543889207528174268e-02
-5.552146615907593841e-02
-5.560467643681255012e-02
-5.568824993910992394e-02
-5.577175328896855078e-02
-5.585541817064376691e-02
-5.593968635758916896e-02
-5.602102515301587982e-02
-5.610125178670011259e-02
-5.618076344896083540e-02
-5.625974763060959116e-02
-5.633831863236915538e-02
-5.641656059261312972e-02
-5.649453553284844443e-02
-5.657228974630879037e-02
-5.664987141418964534e-02
-5.672731543688747102e-02
-5.680464578146204868e-02
-5.688188437789754026e-02
-5.695905984969007463e-02
-5.703623274442959357e-02
-5.711354704960447393e-02
-5.719162006408073928e-02
-5.727017470520601172e-02
-5.734967241013588790e-02
-5.742908035558458302e-02
-5.750690834731819745e-02
-5.758432172142047278e-02
-5.766159185528185738e-02
-5.773883890501996241e-02
-5.781614046865368728e-02
-5.789355937127382834e-02
-5.797116614140185309e-02
-5.804898962884075253e-02
-5.812679478100968300e-02
-5.820458844133857834e-02
-5.828245368311280039e-02
-5.836046655403337446e-02
-5.843872456415599714e-02
-5.851728999881655735e-02
-5.859616448808424582e-02
-5.867525548977603478e-02
-5.875483632558275993e-02
-5.883641003296680161e-02
-5.891736649172951701e-02
-5.899726763607704427e-02
-5.907711202720811183e-02
-5.915734734966870967e-02
-5.923951305404728807e-02
-5.932089027692233341e-02
-5.940248420705152022e-02
-5.948456508854371716e-02
-5.956733168617978080e-02
-5.965100930354128028e-02
-5.973585269963255229e-02
-5.982224776039135605e-02
-5.991078391279958115e-02
-6.000238864529838789e-02
-6.009862226014817121e-02
-6.020069839499719855e-02
-6.030388203379599688e-02
-6.040170512278197901e-02
-6.049593866615443627e-02
-6.058887609313368117e-02
-6.067862578705252030e-02
-6.076631447489766469e-02
-6.085246469756833143e-02
-6.093752409446839824e-02
-6.102185014714911482e-02
-6.110579121877457442e-02
-6.118955217036725625e-02
-6.127332932229434537e-02
-6.135836850681797294e-02
-6.144269302461213833e-02
-6.152694037588202214e-02
-6.161138301699997655e-02
-6.169618679154886820e-02
-6.178144955808817507e-02
-6.186719695791109697e-02
-6.195338776973557948e-02
-6.204002341237779827e-02
-6.212740564254604081e-02
-6.221733577392030146e-02
-6.231735765862711496e-02
-6.240743959496952709e-02
-6.249459870236495629e-02
-6.258131715472281531e-02
-6.266991621793061018e-02
-6.275681793971721323e-02
-6.284288915879998605e-02
-6.292896305243333988e-02
-6.301559664748512812e-02
-6.310386213058372107e-02
-6.321647731496293776e-02
-6.330450831186096305e-02
-6.339143194354579514e-02
-6.347852781510154863e-02
-6.356458906813200471e-02
-6.365019676056360431e-02
-6.373563216986799507e-02
-6.382103170079067578e-02
-6.390641337449265436e-02
-6.399177442408932048e-02
-6.407716234188665094e-02
-6.416266184069974177e-02
-6.424839004536553322e-02
-6.433457666622288684e-02
-6.442161826287073900e-02
-6.450832145799889616e-02
-6.459547315196978445e-02
-6.468365532854081223e-02
-6.477405129569635545e-02
-6.486289982753001837e-02
-6.495141486596645031e-02
-6.503995295426334700e-02
-6.512882003671982556e-02
-6.521749248740138505e-02
-6.530620688030475129e-02
-6.539508640757774049e-02
-6.548442770974172156e-02
-6.557485466556867149e-02
-6.566593402404974356e-02
-6.575530239036797564e-02
-6.584398816831626977e-02
-6.593265115098934093e-02
-6.602190437365196285e-02
-6.611165408123764742e-02
-6.620200715946666925e-02
-6.629266289674839996e-02
-6.638410191536736615e-02
-6.647686157602727963e-02
-6.656905432314530469e-02
-6.665996486688030576e-02
-6.675080701268443217e-02
-6.684377398657070923e-02
-6.693818535746132170e-02
-6.703171863314338896e-02
-6.712591565463010834e-02
-6.722212033634467065e-02
-6.732090641568322376e-02
-6.742070256923460292e-02
-6.751848747658006911e-02
-6.761329100975121964e-02
-6.770614237908190169e-02
-6.779693676963427507e-02
-6.788639762212667073e-02
-6.797466591178547013e-02
-6.806216867457715036e-02
-6.815017667663103573e-02
-6.823587141692377678e-02
-6.832015173084216020e-02
-6.840372867162813897e-02
-6.848682546456119624e-02
-6.856961246812043331e-02
-6.865246420046511311e-02
-6.873479127940396172e-02
-6.881690910999493926e-02
-6.889893755157250332e-02
-6.898094508285002036e-02
-6.906299477306165890e-02
-6.914516929006675472e-02
-6.922763192161052181e-02
-6.931117763331495762e-02
-6.939584056074077356e-02
-6.947927530297792753e-02
-6.956201845974563369e-02
-6.964367928254655560e-02
-6.972492900606785948e-02
-6.980594222015379380e-02
-6.988680548452552710e-02
-6.996757989736901440e-02
-7.004830579861298645e-02
-7.012900458925608316e-02
-7.020970284189520516e-02
-7.029045074777640068e-02
-7.037132514419930374e-02
-7.045246323090492702e-02
-7.053427366376319174e-02
-7.062010197997059535e-02
-7.070233573965800655e-02
-7.078416473077875359e-02
-7.086607750703755038e-02
-7.094838058382246793e-02
-7.103199968712503587e-02
-7.111472012954778155e-02
-7.119736657665676205e-02
-7.128033884197471082e-02
-7.136367981751001732e-02
-7.144734259468354942e-02
-7.153142493697373094e-02
-7.161604485115058427e-02
-7.170135956514400721e-02
-7.178763841626623066e-02
-7.187526325397719518e-02
-7.196464273088321040e-02
-7.205256806642401646e-02
-7.214054217125198676e-02
-7.222877683667150439e-02
-7.231731690830889292e-02
-7.240617891936029782e-02
-7.249544533715246430e-02
-7.258551637268084722e-02
-7.267809118240053934e-02
-7.277550074722582973e-02
-7.286438448261145506e-02
-7.295215673234844989e-02
-7.303951126830010576e-02
-7.312678188457943929e-02
-7.321436339784181957e-02
-7.330369098688060969e-02
-7.339245134140681692e-02
-7.348030848714370844e-02
-7.356829358529404228e-02
-7.365677618601740306e-02
-7.374604560355491056e-02
-7.383640993370821359e-02
-7.392829217647511886e-02
-7.402236554046381922e-02
-7.411883378993633364e-02
-7.421854431856411694e-02
-7.432371097330414678e-02
-7.443482638991494316e-02
-7.454978569475889660e-02
-7.465907640694136038e-02
-7.476000066766419483e-02
-7.485997733652927089e-02
-7.495058059081072255e-02
-7.503851783139303677e-02
-7.512488746454271116e-02
-7.521006046154288249e-02
-7.529432907075928050e-02
-7.537784992559715125e-02
-7.546073743565351322e-02
-7.554306936648635951e-02
-7.562488785393972623e-02
-7.570629773107284688e-02
-7.578745758735205840e-02
-7.586864780320856649e-02
-7.595101407416826600e-02
-7.603231529539578037e-02
-7.611728081188329220e-02
-7.619802412354870214e-02
-7.627814550537836968e-02
-7.635821462712277796e-02
-7.643826231606021260e-02
-7.651820709424006495e-02
-7.659808697320813486e-02
-7.667798568620309840e-02
-7.675798614949913556e-02
-7.683817713448592990e-02
-7.691865141600484623e-02
-7.699949548193563142e-02
-7.708083526452402801e-02
-7.716285817936208158e-02
-7.724594304002163625e-02
-7.733187094556848162e-02
-7.741787115456821855e-02
-7.750267712988301305e-02
-7.758825900905752526e-02
-7.767532152337430773e-02
-7.776469205964797737e-02
-7.785739713419159713e-02
-7.795394050245363360e-02
-7.805227015891791353e-02
-7.815211146075151660e-02
-7.825125989968917395e-02
-7.834858932540611498e-02
-7.844459111932255979e-02
-7.854083650468368649e-02
-7.864384967870463594e-02
-7.873967085083288797e-02
-7.883257387411835015e-02
-7.892393481631265750e-02
-7.901509929844197089e-02
-7.910696458208654747e-02
-7.920041644538144965e-02
-7.929317155022619357e-02
-7.938552892051076171e-02
-7.947844539253745566e-02
-7.957267163565406864e-02
-7.966861669114688738e-02
-7.976664258499810423e-02
-7.986713063132444557e-02
-7.997031959557932002e-02
-8.007699781354771229e-02
-8.018103497367290444e-02
-8.028167311402356621e-02
-8.037956007718805029e-02
-8.047543025838366226e-02
-8.057002799791002090e-02
-8.066366539383007517e-02
-8.075629574903675501e-02
-8.084774760800450544e-02
-8.093805896994943350e-02
-8.102749584444013387e-02
-8.111626859307741189e-02
-8.120461060491801497e-02
-8.129319905301490845e-02
-8.138194805081278016e-02
-8.147485110349295123e-02
-8.156205665680960060e-02
-8.164798491746938502e-02
-8.173330640714215889e-02
-8.181839794331968729e-02
-8.190342096977198949e-02
-8.198765783737183011e-02
-8.207158342582465682e-02
-8.215532050411489262e-02
-8.223895086375654362e-02
-8.232255133831067884e-02
-8.240621841191619890e-02
-8.249012194809546283e-02
-8.257488272391377837e-02
-8.266004679758376383e-02
-8.275091992624661330e-02
-8.283682032442662990e-02
-8.292146080328377522e-02
-8.300565183549835080e-02
-8.308985706472182819e-02
-8.317417845610175497e-02
-8.325842737650712699e-02
-8.334231768480948599e-02
-8.342576036797566541e-02
-8.350885640536365173e-02
-8.359176041734850404e-02
-8.367437417273382305e-02
-8.375697969367201789e-02
-8.384036548910056563e-02
-8.392609085155933180e-02
-8.400881058870490747e-02
-8.409043248051195629e-02
-8.417169088147746780e-02
-8.425278796856117136e-02
-8.433383213527378963e-02
-8.441490368146320478e-02
-8.449608664201302410e-02
-8.457749416326743042e-02
-8.465908541207600724e-02
-8.474096574486111866e-02
-8.482341553058303507e-02
-8.490630365917029021e-02
-8.499013828771073698e-02
-8.507460541515188268e-02
-8.515919068020971761e-02
-8.524199133514132054e-02
-8.532457961547956771e-02
-8.540722378294463013e-02
-8.549004649626090746e-02
-8.557313157869650411e-02
-8.565655368534264014e-02
-8.574039349724016379e-02
-8.582474157511066348e-02
-8.590972229458004872e-02
-8.599557743618502226e-02
-8.608247887748388116e-02
-8.617191206139240833e-02
-8.626050149968356173e-02
-8.635633748411675192e-02
-8.644535228785532599e-02
-8.653446957710564380e-02
-8.662419177816516047e-02
-8.671472428963167278e-02
-8.680620697246366202e-02
-8.689876831981491190e-02
-8.699254376295073587e-02
-8.708767144190088239e-02
-8.718436215213487550e-02
-8.728292500385215202e-02
-8.738448197379056204e-02
-8.748717997451738171e-02
-8.759036423157395834e-02
-8.769530012414084030e-02
-8.780618871669099157e-02
-8.792739283933037608e-02
-8.803658214160681172e-02
-8.814327032424995600e-02
-8.824884119583642494e-02
-8.835389080727740208e-02
-8.845948520891622202e-02
-8.857030833405599157e-02
-8.871147261246392635e-02
-8.882183705223323233e-02
-8.892485685050899313e-02
-8.902543014050035008e-02
-8.912288450804672912e-02
-8.921650156601901305e-02
-8.930803464109438039e-02
-8.939795442945142057e-02
-8.948655523038195891e-02
-8.957403828302057391e-02
-8.966060838756761964e-02
-8.974641957881490661e-02
-8.983165176880869573e-02
-8.991652830466501101e-02
-9.000144198934778572e-02
-9.009111043995499113e-02
-9.018314881218991719e-02
-9.026841705879296018e-02
-9.035284848825209103e-02
-9.043751999803539832e-02
-9.052346220746987360e-02
-9.061017168871221550e-02
-9.069533124770490229e-02
-9.077928367886833882e-02
-9.086259185807887828e-02
-9.094561126648270655e-02
-9.102865938361004439e-02
-9.111226495290369876e-02
-9.120328388992837709e-02
-9.128872872887694445e-02
-9.137265499952762493e-02
-9.145642727013980622e-02
-9.154046597501641624e-02
-9.162506312849028056e-02
-9.171029160600752128e-02
-9.179564895858116635e-02
-9.188081977685702562e-02
-9.196554747307095212e-02
-9.205010291984050408e-02
-9.213481616281182784e-02
-9.222053627325943470e-02
-9.231188474348450690e-02
-9.239700697693353781e-02
-9.248111137270265125e-02
-9.256476819182102300e-02
-9.264821774740883420e-02
-9.273160483525388909e-02
-9.281499829457351414e-02
-9.289837686340662870e-02
-9.298169737817063574e-02
-9.306491984245102156e-02
-9.314809019613368157e-02
-9.323149872427094476e-02
-9.331737236755188736e-02
-9.340162218667880101e-02
-9.348455025007151864e-02
-9.356727071271375706e-02
-9.365415292112033718e-02
-9.373703102193775560e-02
-9.381979306672050267e-02
-9.390265809556597176e-02
-9.398573631944329154e-02
-9.406910923555478199e-02
-9.415289536502335910e-02
-9.423726125745779392e-02
-9.432251048374451496e-02
-9.441163910963856765e-02
-9.449665497093984179e-02
-9.458119986609914154e-02
-9.466568273583320092e-02
-9.475028846910660274e-02
-9.483515410074050411e-02
-9.492051686791547205e-02
-9.500680567341535099e-02
-9.509284513907256819e-02
-9.517917326547642443e-02
-9.526591464023770328e-02
-9.535329516610679956e-02
-9.544293118466173897e-02
-9.553227885273307685e-02
-9.562032253235919210e-02
-9.570811603006357249e-02
-9.579589181043735024e-02
-9.588377654359248048e-02
-9.597187381858063304e-02
-9.606029052513020972e-02
-9.614914712839262023e-02
-9.623859514259369696e-02
-9.632887563592296143e-02
-9.642041786155697292e-02
-9.651208622546758598e-02
-9.660997218909994633e-02
-9.670223343944428507e-02
-9.679404811578429246e-02
-9.688589839619932143e-02
-9.697796051647733506e-02
-9.707031973810309466e-02
-9.716300521331000528e-02
-9.725600625491570561e-02
-9.734935205153427695e-02
-9.744315634969547002e-02
-9.753783579683628080e-02
-9.763287146336652178e-02
-9.772920682198737996e-02
-9.783150324435385681e-02
-9.792879229357331905e-02
-9.802529071891585843e-02
-9.812181415099330284e-02
-9.821858422007934131e-02
-9.831559932471178875e-02
-9.841292273010826541e-02
-9.851078054048068022e-02
-9.860969276905529046e-02
-9.870890112295227503e-02
-9.880861718660227666e-02
-9.890934236401272006e-02
-9.901210609787769457e-02
-9.911759139966891397e-02
-9.922146295815925665e-02
-9.932608794742237013e-02
-9.943221592410900200e-02
-9.954201144939189838e-02
-9.965086323310290428e-02
-9.976157281603126314e-02
-9.987502146559246174e-02
-9.999193586358545716e-02
-1.001107183385346877e-01
-1.002312276545360703e-01
-1.003544720730102924e-01
-1.004819493956645715e-01
-1.006131241878213123e-01
-1.007445006521363595e-01
-1.008776374199626957e-01
-1.010132754822441470e-01
-1.011534478857292196e-01
-1.012997351750579700e-01
-1.014448506737526401e-01
-1.015814712599921732e-01
-1.017103507571012200e-01
-1.018335232726484962e-01
-1.019527744264258073e-01
-1.020699102634901045e-01
-1.021830524915030569e-01
-1.022928165243249810e-01
-1.024001050145266767e-01
-1.025055348121894916e-01
-1.026095903852592972e-01
-1.027126819184933648e-01
-1.028151867331223990e-01
-1.029174487250268388e-01
-1.030201713034687439e-01
-1.031230669305199799e-01
-1.032262365117996294e-01
-1.033306088248852062e-01
-1.034374357652799725e-01
-1.035451802638498453e-01
-1.036511907038574209e-01
-1.037566550449655622e-01
-1.038626420370551973e-01
-1.039706260959316619e-01
-1.040794941705778243e-01
-1.041873604366467809e-01
-1.042952783309705200e-01
-1.044040372185582877e-01
-1.045141995116423139e-01
-1.046262792178495049e-01
-1.047408936772805665e-01
-1.048587495444645024e-01
-1.049809072130195586e-01
-1.051090312983253838e-01
-1.052418167597229948e-01
-1.053815120199750321e-01
-1.055307875072909463e-01
-1.056920214419171389e-01
-1.058660016494681333e-01
-1.060382785745647150e-01
-1.061982114797275223e-01
-1.063443969991491045e-01
-1.064796877375179252e-01
-1.066040317272409776e-01
-1.067212050284845892e-01
-1.068331630712902047e-01
-1.069411411534415546e-01
-1.070459915093886494e-01
-1.071485447638977906e-01
-1.072494735276697808e-01
-1.073492545231782280e-01
-1.074483016838863048e-01
-1.075469217067066552e-01
-1.076453885889249174e-01
-1.077439392441409405e-01
-1.078427971973097144e-01
-1.079421748993738550e-01
-1.080422817910559052e-01
-1.081433235862432340e-01
-1.082455157071309237e-01
-1.083491125365251273e-01
-1.084543400243443978e-01
-1.085615068498608782e-01
-1.086709374763864533e-01
-1.087830021320123075e-01
-1.088981861680590191e-01
-1.090170840369153460e-01
-1.091404897212551184e-01
-1.092693592392071089e-01
-1.094049022264632631e-01
-1.095485860751005402e-01
-1.097016264257206775e-01
-1.098641217144679105e-01
-1.100322709986886194e-01
-1.101971928112875920e-01
-1.103502884432561171e-01
-1.104892827003208788e-01
-1.106162807377465418e-01
-1.107343222389522985e-01
-1.108459261929498618e-01
-1.109528919785577328e-01
-1.110565834229159110e-01
-1.111580100080606925e-01
-1.112578654404641210e-01
-1.113567287061083544e-01
-1.114550592171137389e-01
-1.115532633163687226e-01
-1.116516772169172667e-01
-1.117505821654076748e-01
-1.118502495272711839e-01
-1.119509433557575040e-01
-1.120528168826732118e-01
-1.121559419474145169e-01
-1.122604902098092161e-01
-1.123669125736407315e-01
-1.124761835219055817e-01
-1.125914661140926532e-01
-1.127163569068431181e-01
-1.128358661406360097e-01
-1.129569102301610783e-01
-1.130811998553790110e-01
-1.132100766601806807e-01
-1.133449975369297258e-01
-1.134875501897530947e-01
-1.136398345585688530e-01
-1.138010574827797994e-01
-1.139711529908995491e-01
-1.141449196306321134e-01
-1.143123437158922728e-01
-1.144667180131347939e-01
-1.146079813734584008e-01
-1.147389296037785167e-01
-1.148624564983424801e-01
-1.149818251265950497e-01
-1.150976281185898120e-01
-1.152081837950947873e-01
-1.153159396944750670e-01
-1.154217085950607347e-01
-1.155259884808798043e-01
-1.156291101542231692e-01
-1.157313785947788887e-01
-1.158330120469460711e-01
-1.159342101587726992e-01
-1.160351615472225983e-01
-1.161360363149877006e-01
-1.162369832139825698e-01
-1.163381240085342716e-01
-1.164396445871780372e-01
-1.165420287523254439e-01
-1.166450259367213249e-01
-1.167481514067696402e-01
-1.168520197698916796e-01
-1.169569293614310945e-01
-1.170631496884317890e-01
-1.171709850822991728e-01
-1.172807607620317549e-01
-1.173929041925757533e-01
-1.175079191142324175e-01
-1.176264239291511249e-01
-1.177493072967382703e-01
-1.178775708746615525e-01
-1.180122544652499883e-01
-1.181543610893772689e-01
-1.183051843183503538e-01
-1.184630706830396285e-01
-1.186242151234955244e-01
-1.187812442825904036e-01
-1.189289788867663455e-01
-1.190670741692100298e-01
-1.191970338355892167e-01
-1.193205149933004305e-01
-1.194390569788066347e-01
-1.195545982949726138e-01
-1.196672611461062630e-01
-1.197771256024620090e-01
-1.198850158823453471e-01
-1.199915538943192583e-01
-1.200972342031925155e-01
-1.202024545847227843e-01
-1.203075587701890603e-01
-1.204129083022714708e-01
-1.205190156599497131e-01
-1.206265572135007957e-01
-1.207342365469468159e-01
-1.208427593221088614e-01
-1.209524437949871523e-01
-1.210637557557677768e-01
-1.211771780530900289e-01
-1.212933345889086745e-01
-1.214129949168774036e-01
-1.215374199582471837e-01
-1.216688873737754584e-01
-1.218058034998235062e-01
-1.219466132598641117e-01
-1.220942610818003260e-01
-1.222529087476774690e-01
-1.224256280287838727e-01
-1.226079908067434499e-01
-1.227851807131481454e-01
-1.229478832042177894e-01
-1.230958658520304727e-01
-1.232333049237687161e-01
-1.233633675220253689e-01
-1.234881536991878637e-01
-1.236092970723116080e-01
-1.237280155771449675e-01
-1.238446235608626766e-01
-1.239595134339994686e-01
-1.240730027303578176e-01
-1.241855544856971250e-01
-1.242976979684099481e-01
-1.244098684253316378e-01
-1.245224817363308478e-01
-1.246360811811483282e-01
-1.247504982871228130e-01
-1.248654182356612186e-01
-1.249810342656467732e-01
-1.250972938250097810e-01
-1.252143137299258635e-01
-1.253324172147513016e-01
-1.254520879038746317e-01
-1.255738144667056799e-01
-1.256981794819272968e-01
-1.258259723133381414e-01
-1.259584127732605863e-01
-1.260974278312086971e-01
-1.262467831996710865e-01
-1.264629480982564225e-01
-1.266409638616494693e-01
-1.268316295970199903e-01
-1.270259675877449812e-01
-1.272057194021219972e-01
-1.273616846714203943e-01
-1.275016837702106498e-01
-1.276310110730648484e-01
-1.277530498818930660e-01
-1.278701073871806315e-01
-1.279837439467145233e-01
-1.280950700373840734e-01
-1.282049601549148932e-01
-1.283140991460117730e-01
-1.284228040937858140e-01
-1.285312023453193397e-01
-1.286395417786900808e-01
-1.287481914512813574e-01
-1.288575649014509494e-01
-1.289681034014710237e-01
-1.290802940085196138e-01
-1.291947320666592125e-01
-1.293120731761845388e-01
-1.294332027412687935e-01
-1.295593252461485489e-01
-1.296920865656082666e-01
-1.298338929170805844e-01
-1.299876845987160134e-01
-1.301559221628134644e-01
-1.303346015974681249e-01
-1.305079277901557422e-01
-1.306645297940808303e-01
-1.308056850293219942e-01
-1.309358026613807180e-01
-1.310585347931042532e-01
-1.311762069793143137e-01
-1.312904966832126874e-01
-1.314026230565273901e-01
-1.315137190718216331e-01
-1.316248352386173437e-01
-1.317339481406900603e-01
-1.318417931502076090e-01
-1.319492591315722940e-01
-1.320568703620476070e-01
-1.321650569331364045e-01
-1.322742471467684977e-01
-1.323849131566864346e-01
-1.324976801264694526e-01
-1.326134511954117912e-01
-1.327316812808049251e-01
-1.328523296053499836e-01
-1.329769069286007577e-01
-1.331072070820236153e-01
-1.332463105875020259e-01
-1.333929621037431845e-01
-1.335510622623899968e-01
-1.337193884280544198e-01
-1.338886101627910774e-01
-1.340472136172723427e-01
-1.341923455936506748e-01
-1.343265679938988599e-01
-1.344529783605680207e-01
-1.345739507395260492e-01
-1.346911748261024888e-01
-1.348058943024006417e-01
-1.349191749770035642e-01
-1.350313909706998272e-01
-1.351420800697578084e-01
-1.352519783595739211e-01
-1.353615906045273487e-01
-1.354713048473218384e-01
-1.355814602678901970e-01
-1.356923782216958863e-01
-1.358044133293886402e-01
-1.359179738271750759e-01
-1.360335614315417718e-01
-1.361517740569486712e-01
-1.362734225126387422e-01
-1.363996233790458756e-01
-1.365321717754083286e-01
-1.366739543667917500e-01
-1.368281719311682521e-01
-1.369873397704624018e-01
-1.371511579098991795e-01
-1.373215699251018052e-01
-1.374903349091620708e-01
-1.376482681205289937e-01
-1.377939285879041798e-01
-1.379297747382572936e-01
-1.380584112585842016e-01
-1.381817712167713319e-01
-1.383013321144943575e-01
-1.384181268073348958e-01
-1.385329875343396244e-01
-1.386465589920209407e-01
-1.387594722967546712e-01
-1.388724935046743436e-01
-1.389870098727834513e-01
-1.391080806735773834e-01
-1.392477382272407915e-01
-1.393641765107938024e-01
-1.394770336408159839e-01
-1.395887155557602455e-01
-1.397002183733508929e-01
-1.398121062342291276e-01
-1.399244608350623809e-01
-1.400376065965646122e-01
-1.401520518353325251e-01
-1.402682997721141911e-01
-1.403869106230396513e-01
-1.405081718497326326e-01
-1.406323431087450615e-01
-1.407603825943235520e-01
-1.408939681951386635e-01
-1.410363676764199159e-01
-1.411960215824019649e-01
-1.413731949375105490e-01
-1.415541173719491175e-01
-1.417352112239590456e-01
-1.419225657764308091e-01
-1.421064291086959752e-01
-1.422780503714152767e-01
-1.424361051281103352e-01
-1.425828930047415843e-01
-1.427214480776671790e-01
-1.428543432783188072e-01
-1.429834151899820327e-01
-1.431100288208370097e-01
-1.432350693427340005e-01
-1.433587007112666623e-01
-1.434807752168787420e-01
-1.436013703768648231e-01
-1.437208453237969197e-01
-1.438395204925505544e-01
-1.439578129831379227e-01
-1.440761639638927782e-01
-1.441950544816310575e-01
-1.443150827221684196e-01
-1.444370624311049900e-01
-1.445623718199415819e-01
-1.446922490366955305e-01
-1.448261755100824777e-01
-1.449628235480188154e-01
-1.451041021542194276e-01
-1.452530249007607521e-01
-1.454137084303050997e-01
-1.455937217854607058e-01
-1.458052830170172287e-01
-1.460438175373742764e-01
-1.462580149470903423e-01
-1.464374553410778823e-01
-1.465937200696666443e-01
-1.467359810257129471e-01
-1.468692193520356737e-01
-1.469962084091026577e-01
-1.471188516345720565e-01
-1.472385100521445001e-01
-1.473567740025989448e-01
-1.474727234034338696e-01
-1.475873779398753083e-01
-1.477017050750951688e-01
-1.478166924933438375e-01
-1.479321197524460230e-01
-1.480468385118656194e-01
-1.481616684806306150e-01
-1.482774384576430737e-01
-1.483951928786032548e-01
-1.485156238997309419e-01
-1.486374439027871031e-01
-1.487620785267320667e-01
-1.488904565308087902e-01
-1.490248875543823681e-01
-1.491685723753110038e-01
-1.493269304942143050e-01
-1.495107783925462286e-01
-1.497382013016067548e-01
-1.499805959956261869e-01
-1.501749186622879373e-01
-1.503363321584996193e-01
-1.504800955212287628e-01
-1.506134333138254844e-01
-1.507401411342023101e-01
-1.508625317205029015e-01
-1.509818215691999255e-01
-1.510989950400366544e-01
-1.512149150503855344e-01
-1.513303598657504967e-01
-1.514461135073724707e-01
-1.515630369470701844e-01
-1.516820473529345570e-01
-1.518041172327009303e-01
-1.519325812058451852e-01
-1.520718322004507295e-01
-1.522066090984882658e-01
-1.523348901363578145e-01
-1.524595194876013915e-01
-1.525843902863188717e-01
-1.527120258611195380e-01
-1.528443626530778809e-01
-1.529841047387225927e-01
-1.531353107154534987e-01
-1.533054654093254365e-01
-1.535060916110905227e-01
-1.537342746224507062e-01
-1.539493183872041593e-01
-1.541276206914390379e-01
-1.542812298013996886e-01
-1.544204232519937880e-01
-1.545514259986556782e-01
-1.546801373548141179e-01
-1.548655647027413762e-01
-1.549923255871754613e-01
-1.551100281828211580e-01
-1.552236017984546246e-01
-1.553347632903284703e-01
-1.554445028310126320e-01
-1.555535753013977951e-01
-1.556625801688197308e-01
-1.557719776429619118e-01
-1.558820905015723124e-01
-1.559934320139169106e-01
-1.561067318721434116e-01
-1.562227752461264885e-01
-1.563426147228529350e-01
-1.564677506053476774e-01
-1.566005427680536854e-01
-1.567446324848853489e-01
-1.569059276329994868e-01
-1.570939190173803457e-01
-1.573114383783773551e-01
-1.575205140480199217e-01
-1.576941613080117266e-01
-1.578427623631446508e-01
-1.579767078650184953e-01
-1.581023862732318097e-01
-1.582245560057106148e-01
-1.583502758532626675e-01
-1.584778928861527714e-01
-1.585983425011714409e-01
-1.587179836684102785e-01
-1.588307781295948962e-01
-1.589421532248048718e-01
-1.590532205384410647e-01
-1.591648654514505878e-01
-1.592779919563380719e-01
-1.593936407139722178e-01
-1.595131628038498617e-01
-1.596384318778900635e-01
-1.597723501745716979e-01
-1.599196645408006434e-01
-1.600892108420690629e-01
-1.602941716323271759e-01
-1.605245038247207212e-01
-1.607227606153730504e-01
-1.608857237404770490e-01
-1.610276096074366725e-01
-1.611571853525417541e-01
-1.612807206627923096e-01
-1.613966965691719935e-01
-1.615086319622029976e-01
-1.616179307522164210e-01
-1.617255285753924632e-01
-1.618321510382387807e-01
-1.619384570290268721e-01
-1.620450346916115780e-01
-1.621524607748940916e-01
-1.622613425424201949e-01
-1.623723979070421652e-01
-1.624865309812194569e-01
-1.626051237068463218e-01
-1.627309959083134139e-01
-1.628639952452933803e-01
-1.630100195599479829e-01
-1.631773250856874968e-01
-1.633786507460709414e-01
-1.636076541248282501e-01
-1.638099731840644280e-01
-1.639777501422647887e-01
-1.641238029406494325e-01
-1.642565101626345392e-01
-1.643806072744942171e-01
-1.644991451892738876e-01
-1.646181787065792435e-01
-1.647296778129090367e-01
-1.648393127775596989e-01
-1.649479545182837015e-01
-1.650562961920271077e-01
-1.651649796185784558e-01
-1.652744926556526384e-01
-1.653851115423068396e-01
-1.654971556955991963e-01
-1.656111933860380248e-01
-1.657279537717587514e-01
-1.658482184325205111e-01
-1.659733943439019033e-01
-1.661062788312790417e-01
-1.662521547989236348e-01
-1.664192839616169817e-01
-1.666208179192363303e-01
-1.668542913095414360e-01
-1.670617471651743013e-01
-1.672292911485779854e-01
-1.673719980824796005e-01
-1.675007910711274750e-01
-1.676207888302374549e-01
-1.677335912089276126e-01
-1.678413062340495809e-01
-1.679455571716368389e-01
-1.680476410136365617e-01
-1.681483727735311184e-01
-1.682486224275051567e-01
-1.683492616693710309e-01
-1.684518751589924035e-01
-1.685553845003304740e-01
-1.686617785838958605e-01
-1.687731534891263596e-01
-1.688896565598452248e-01
-1.690135058083817032e-01
-1.691500237254770500e-01
-1.693091375730478854e-01
-1.695117933361622864e-01
-1.697693445239516485e-01
-1.699791176630904843e-01
-1.701388593940343918e-01
-1.702736001523893483e-01
-1.703946800301869846e-01
-1.705073318408377725e-01
-1.706146233758092379e-01
-1.707184058226461909e-01
-1.708199066284431522e-01
-1.709201025632511861e-01
-1.710197822429617709e-01
-1.711196298528018245e-01
-1.712202905262083519e-01
-1.713223682693946204e-01
-1.714266341472038269e-01
-1.715341894964866887e-01
-1.716459764436255586e-01
-1.717641583943381178e-01
-1.718922689320283581e-01
-1.720364894260020261e-01
-1.722100573203477758e-01
-1.724383124837881587e-01
-1.726837401000848038e-01
-1.728669283744430629e-01
-1.730138187247641790e-01
-1.731419800226037253e-01
-1.732592882731497363e-01
-1.733697462014415214e-01
-1.734757001688836953e-01
-1.735786352255707099e-01
-1.736795804400047549e-01
-1.737793686290384221e-01
-1.738786900337389030e-01
-1.739781687624414319e-01
-1.740784299931850132e-01
-1.741801710502972611e-01
-1.742842045142624086e-01
-1.743915685613202093e-01
-1.745037664263412447e-01
-1.746230048135800628e-01
-1.747531155193315922e-01
-1.749011953873255143e-01
-1.750828302235000189e-01
-1.753227877131438017e-01
-1.755535971743241719e-01
-1.757257347372321865e-01
-1.758673875753850036e-01
-1.759929907006918537e-01
-1.761090980584401056e-01
-1.762190921413139266e-01
-1.763249059520024531e-01
-1.764279801850564544e-01
-1.765293561774395892e-01
-1.766298836972587383e-01
-1.767302867423786727e-01
-1.768311977167237314e-01
-1.769331261865922933e-01
-1.770366620007560732e-01
-1.771426399681230723e-01
-1.772521707953810255e-01
-1.773668358789894928e-01
-1.774889636521421732e-01
-1.776225999230472974e-01
-1.777755706149137804e-01
-1.779642227990492209e-01
-1.782092077083312631e-01
-1.784303642180921079e-01
-1.785975935835241168e-01
-1.787373729855358251e-01
-1.788625825097380773e-01
-1.789791159243092622e-01
-1.790903572432803736e-01
-1.791983511540543583e-01
-1.793047443353996684e-01
-1.794117046204740662e-01
-1.795183833027447218e-01
-1.796237360001811112e-01
-1.797291935698025478e-01
-1.798357041253193511e-01
-1.799440965480341159e-01
-1.800552555867815929e-01
-1.801704743124568076e-01
-1.802918078751446496e-01
-1.804225965631638395e-01
-1.805692908443101707e-01
-1.807458501137299001e-01
-1.809814681518487900e-01
-1.812265047666832274e-01
-1.814081924569205251e-01
-1.815575807818653464e-01
-1.816907211431925129e-01
-1.818146218812684012e-01
-1.819328225722472991e-01
-1.820473675589385776e-01
-1.821595762615009217e-01
-1.822703857802681071e-01
-1.823803547659519353e-01
-1.824904319282566467e-01
-1.826017523063890868e-01
-1.827154869063740694e-01
-1.828324452363386809e-01
-1.829515460538354565e-01
-1.830709084526536135e-01
-1.831919502303648306e-01
-1.833182331471809867e-01
-1.834549732533079514e-01
-1.836117424904813999e-01
-1.838124981630927524e-01
-1.840967670969778647e-01
-1.843161722657267187e-01
-1.844768138138868085e-01
-1.846121087541080508e-01
-1.847342350176862658e-01
-1.848485193298662344e-01
-1.849577688091379457e-01
-1.850638152310325468e-01
-1.851678339347959668e-01
-1.852707831812857586e-01
-1.853734817626531139e-01
-1.854764670109694258e-01
-1.855283182431568534e-01
