5.805145163522398288e-01
5.810920681940086041e-01
5.820639197628187933e-01
5.834551467014503778e-01
5.864997202277066890e-01
5.896677844712454597e-01
5.866101735864079902e-01
5.858508983584599372e-01
5.845916931985996046e-01
5.841039283803264315e-01
5.840654314560261851e-01
5.846218455940040970e-01
5.859038373589424697e-01
5.902712220258544695e-01
5.897506909293562805e-01
5.890464240129578144e-01
5.895238455061545535e-01
5.902111576156559014e-01
5.912940341470150907e-01
5.923968282144240760e-01
5.944631486625390204e-01
5.985006612271712712e-01
6.119965028995852929e-01
6.642470620571356843e-01
6.100157239687148403e-01
6.110985804092622375e-01
6.226796237302691939e-01
6.118289719560628948e-01
6.035994276982244999e-01
6.011631365813620009e-01
6.015272078316477034e-01
6.188058736912799285e-01
5.994386959723034813e-01
5.970692028373461024e-01
5.958891984946855791e-01
5.952578206087281165e-01
5.951399016129795827e-01
5.954703860746654032e-01
5.964116572962614438e-01
5.994225540322682955e-01
6.015944030527101694e-01
6.027376180181659437e-01
6.026917132751773432e-01
5.992584091105239708e-01
5.986493113387829634e-01
5.992008777953805598e-01
6.052003564738674957e-01
6.019642783057056468e-01
6.078934699893129290e-01
6.053233415077720059e-01
6.070781705649634930e-01
6.148187564702305430e-01
6.228078058445345455e-01
6.125802220489026118e-01
6.079683036086089842e-01
6.085856151084689802e-01
6.110542260363672762e-01
6.193123448562036781e-01
6.038270959932483528e-01
6.040438207627435441e-01
6.039388468890758421e-01
6.009509771826595514e-01
5.998092524718647844e-01
5.996132232895353686e-01
5.999422008852878241e-01
6.011660182125553309e-01
6.067341341804821653e-01
6.021118678572624505e-01
5.998184556861184680e-01
5.995929646902683485e-01
6.003797092447883399e-01
5.999718871683057397e-01
5.998095303366006714e-01
6.005109821211418453e-01
6.026693394189318598e-01
6.083198765971761235e-01
6.144371465439540936e-01
6.154214844441688870e-01
6.085157570114073655e-01
6.038492531129975305e-01
6.017789082986153559e-01
6.013950719355198871e-01
6.021020922097791717e-01
6.040256421500752593e-01
6.068127640042779714e-01
6.085351600578409181e-01
6.019004849641780286e-01
6.013329378019500737e-01
6.015938646802823087e-01
6.026299235789195352e-01
6.069760961412234979e-01
6.058043852537469132e-01
6.043388770768836071e-01
6.057934195970159363e-01
6.130480904221670135e-01
6.127230236908920435e-01
6.179051504934398586e-01
6.185909843330538171e-01
6.147983812222310718e-01
6.133351327995847369e-01
6.130205043771712603e-01
6.156693126278329764e-01
6.195587407826910198e-01
6.167342713058736603e-01
6.107730682959783275e-01
6.044220798294169805e-01
6.014343097699237362e-01
5.996782310352558598e-01
5.987189167006629065e-01
5.980690910653184700e-01
5.974318547821934056e-01
5.972824991479146473e-01
5.983371905068415320e-01
6.118932635794640529e-01
5.977099448888697486e-01
5.967413664380588623e-01
5.963175633993791358e-01
5.962356359049210131e-01
5.964224405066209656e-01
5.967928063250622639e-01
5.973646121664059061e-01
5.984961308194718388e-01
6.037655109880483151e-01
6.011176062271222920e-01
6.009419339871145960e-01
6.017600619684398966e-01
6.037715526494092932e-01
6.075657353631681579e-01
6.140771036398784410e-01
6.141856487088989125e-01
6.081779804568252512e-01
6.052253797809523661e-01
6.056264807991124099e-01
5.997975713230064843e-01
5.994345622207399860e-01
5.975565984159063593e-01
5.968580026984564579e-01
5.968954815186882090e-01
5.975015000312541291e-01
5.993503289793902233e-01
6.030923248868448328e-01
6.127623784719233857e-01
5.982242946633479219e-01
5.954132314660307568e-01
5.942689527663452820e-01
5.936036776750990285e-01
5.930727023803233910e-01
5.927428244180399375e-01
5.924080824287043523e-01
5.922102273344679313e-01
5.932647270965600850e-01
6.107493705473540091e-01
5.930507908479281109e-01
5.926775827368194749e-01
5.944954010284871915e-01
5.944363010104580791e-01
5.954810526949724236e-01
5.986492804054979189e-01
6.048027824298105593e-01
6.073041898720430432e-01
6.030126080421116530e-01
6.060172376428402119e-01
5.963979034818548408e-01
5.915264202567682705e-01
5.889495530627673059e-01
5.875864713859039190e-01
5.869607322034510188e-01
5.874010617381403287e-01
5.886893224798668278e-01
5.873201925395362677e-01
5.887660210275188488e-01
5.916323355106037907e-01
5.886826909396714047e-01
5.911137674921077556e-01
5.943268567117905299e-01
5.907036040873442362e-01
5.883295566020871892e-01
5.879912237089659488e-01
5.891168512203728280e-01
5.921065951187723941e-01
5.997628348302839196e-01
6.078325757413318708e-01
6.057064920698409516e-01
5.958199837087022610e-01
5.912140676558430563e-01
5.884443736270976721e-01
5.870632377300121219e-01
5.864893962149214657e-01
5.868353278397679951e-01
5.885424010426997254e-01
5.946800360563747612e-01
5.873310646720912853e-01
5.857596924180449305e-01
5.856550316029415226e-01
5.860937767011122901e-01
5.867802286284257152e-01
5.883796311756417374e-01
5.881051725882502357e-01
5.885914431537631053e-01
5.897437393830600172e-01
6.049073156288261588e-01
5.904749525627401852e-01
5.908451444467238689e-01
5.940565289156539697e-01
5.999838782221680322e-01
6.446774770936948284e-01
5.985987634390654843e-01
5.887471147044168740e-01
5.848688195124283062e-01
5.839429192909425526e-01
5.842344787834835573e-01
5.785800700597691915e-01
5.773840262352442076e-01
5.738164591547995075e-01
5.724019887921035776e-01
5.716620969568642074e-01
5.715085293303863168e-01
5.720904332831268091e-01
5.741815647386411259e-01
5.819665620269828255e-01
5.826112342870686245e-01
5.833162554637751906e-01
5.852264979507568743e-01
6.482478876184583072e-01
5.819250475681535528e-01
5.733173513363001295e-01
5.704664878674685635e-01
5.704336437488769507e-01
5.719949354518525375e-01
5.865400164118087512e-01
5.696186855243272618e-01
5.696029469036957282e-01
5.696183113300159473e-01
5.733751101831042751e-01
5.707925162575427924e-01
5.717435490531047604e-01
5.723273495859415583e-01
5.728581684854758826e-01
5.797115862306471135e-01
5.842209348973633753e-01
5.722101509849180090e-01
5.728144665942304092e-01
5.782839057958255591e-01
6.066317830472617301e-01
5.879463918736206329e-01
5.733912220057316711e-01
5.701305673776674299e-01
5.741512363711641642e-01
5.763787878533134235e-01
5.849220537461234937e-01
5.699670813211451526e-01
5.632656481710729413e-01
5.595476125671360323e-01
5.572739315641797031e-01
5.561488038842689052e-01
5.556907961517714156e-01
5.559589735138604771e-01
5.586443315507955143e-01
5.589789431677276710e-01
5.736703116191194107e-01
5.619771230103931536e-01
5.679034832396833155e-01
6.072465312905694912e-01
5.759445850518888355e-01
5.643015227859232708e-01
5.610342611131388102e-01
5.557654175733601765e-01
5.543243034825248161e-01
5.552704211761290143e-01
5.574825299881270846e-01
5.572527020977319223e-01
5.544567900231714974e-01
5.520361918890530628e-01
5.510439046792424689e-01
5.522651275658458925e-01
5.620683736108307293e-01
5.551722529764657743e-01
5.568677253879121825e-01
5.636518775586524255e-01
5.953698209715901912e-01
5.987565139472362796e-01
5.645083255124391242e-01
5.602696379127657389e-01
5.603839978764907359e-01
5.629571357999019199e-01
5.659829732967348592e-01
5.649016696161104356e-01
5.607271403149183264e-01
5.581826711000127395e-01
5.568856990704731391e-01
5.585623681023915710e-01
5.551453923738085550e-01
5.531212653532426859e-01
5.543829051331830016e-01
5.569650139723780757e-01
5.643445481913487161e-01
6.037667254352384605e-01
5.760683246865786478e-01
5.638574147164985284e-01
5.570467960288792986e-01
5.573635035563025975e-01
5.531514513880815276e-01
5.502179585248555549e-01
5.481288455365518342e-01
5.476207929176711842e-01
5.477765579852226230e-01
5.486066537046805358e-01
5.503775337676842794e-01
5.536757194892696354e-01
5.610762776576956323e-01
5.926547284734847709e-01
5.764216093251872675e-01
5.605450849136577318e-01
5.567568768961356218e-01
5.561535604420642098e-01
5.573943748316426694e-01
5.604902392166551950e-01
5.650178845929919591e-01
5.691626635323593364e-01
5.704202617342238879e-01
5.717746212405357964e-01
5.731833621371730247e-01
5.732984253596598023e-01
5.815440241155602763e-01
6.055211249126558615e-01
5.928640340080132409e-01
5.806424191070391760e-01
5.795859350793802767e-01
5.822169294081213087e-01
5.872698983044872811e-01
5.956625234556347515e-01
5.918774776090889311e-01
5.913344359417195273e-01
5.798288557650611574e-01
5.755407488565605911e-01
5.732728273769405192e-01
5.733685529111277601e-01
5.778974891176915651e-01
6.034382716240185296e-01
5.854122336516421887e-01
5.743283260359399733e-01
5.710237818253387498e-01
5.652141342753366215e-01
5.632394926537693802e-01
5.623598106695066878e-01
5.621624891905084853e-01
5.625098199191660431e-01
5.633936662596454870e-01
5.649177775145020064e-01
5.674571700914404770e-01
5.724907377781536244e-01
5.861580273270650121e-01
5.986833580117497666e-01
5.987584451801769569e-01
5.770425022907181845e-01
5.717714036147282242e-01
5.695956572864584455e-01
5.687598482840842129e-01
5.685417528657666919e-01
5.690341380567339735e-01
5.708361986111010200e-01
6.016391068864774816e-01
5.738830788500602909e-01
5.760444014227272813e-01
6.459286583565438944e-01
5.853033490009876827e-01
5.993684617493841849e-01
6.712398968204350558e-01
6.052770975721333269e-01
5.873921754291425712e-01
5.806936394523813938e-01
5.936228978205725371e-01
5.731108414177642496e-01
5.703383541829554204e-01
5.691247264132157646e-01
5.684357477393142677e-01
5.685417835874083670e-01
5.710361621231395679e-01
5.717422137454154507e-01
5.793809390291237982e-01
5.776015964550166304e-01
5.863018008808636994e-01
6.362725231745107735e-01
5.819994333321981683e-01
5.737782644494144879e-01
5.707464699777590189e-01
5.694875857067480673e-01
5.691886035898673368e-01
5.695677951627021729e-01
5.704603084454996642e-01
5.720486130125209678e-01
5.749973168001609736e-01
5.898714162963727414e-01
5.857246383176497595e-01
5.840084536195461196e-01
5.885187035184609172e-01
5.979212214179825402e-01
6.398864905682511983e-01
5.953635957092524578e-01
5.890285365990706179e-01
5.882229083213608156e-01
5.894890580852083506e-01
5.905307326655284683e-01
5.911620345182125869e-01
5.913136858494592030e-01
5.850830992618387683e-01
5.818630856506263882e-01
5.808585744832568398e-01
5.810299844585821161e-01
5.823622579892164808e-01
5.856600370473064032e-01
5.891980210066223300e-01
6.032327675523213584e-01
6.142708464207806696e-01
6.176831199244987580e-01
5.898774838502220952e-01
5.880594004712280665e-01
5.882348453211037054e-01
5.890516531702943981e-01
5.896128307490450249e-01
5.900792179226879153e-01
5.910447811872573398e-01
5.928917507296875833e-01
5.980483300624178655e-01
5.988522385614548638e-01
6.049621374335233392e-01
6.028451751428745009e-01
6.062973336201302743e-01
6.152536333330068663e-01
6.432042331985644568e-01
6.125031401927568675e-01
6.073081349172317900e-01
6.062655819470060825e-01
6.069790295967999461e-01
6.090478126399050396e-01
6.123414844711532190e-01
6.141252658022119393e-01
6.227863478073758507e-01
6.155003701992314280e-01
6.163863141871569473e-01
6.187165422880062104e-01
6.274442751163247234e-01
6.239993434336643663e-01
6.252500812652230788e-01
6.250086819222266943e-01
6.262779529592222838e-01
6.338576863750607915e-01
6.333363800916613773e-01
6.482502433954112631e-01
6.467760461274761896e-01
6.322958777903555649e-01
6.280327626494471849e-01
6.256372835065687754e-01
6.240543774571463143e-01
6.234132418675027987e-01
6.235970140124591499e-01
6.246154658379245994e-01
6.292665952845394317e-01
6.298904515784116143e-01
6.257913782760076149e-01
6.250595170390762512e-01
6.215057560271054493e-01
6.193993543201860019e-01
6.188874273294908690e-01
6.192328345977626824e-01
6.199216118966990319e-01
6.243566028280428393e-01
6.886913885054177786e-01
6.258822371213883518e-01
6.226825474530460758e-01
6.168125260472628879e-01
6.124851645757116714e-01
6.094962708703389742e-01
6.098478779704886721e-01
6.100383072109906157e-01
6.156984972524424116e-01
6.232642718556917760e-01
6.158201582109751326e-01
6.100141188359073929e-01
6.093768884059306279e-01
6.169432536624080976e-01
6.134076530730302457e-01
6.146495014224671039e-01
6.254525289050981707e-01
6.208134088978530807e-01
6.025163504097905687e-01
5.962200463811162532e-01
5.931813012303067678e-01
5.920939621045910872e-01
5.919858217950895174e-01
5.938309230650534731e-01
5.889605389468358654e-01
5.854763928813669915e-01
5.837708642259190617e-01
5.830082876683952975e-01
5.830029291043035133e-01
5.837417084405315260e-01
5.847178319931477519e-01
5.913769428338637724e-01
5.941330229399911511e-01
6.003742647801888488e-01
6.195171657186514524e-01
6.291060384504923997e-01
5.987708530515082339e-01
5.868465579121091569e-01
5.812871049478839369e-01
5.782252267961660586e-01
5.764091311002571549e-01
5.755904570210167437e-01
5.769107839681029137e-01
5.754739818282411656e-01
5.760883321415973812e-01
6.013299349259428883e-01
5.763859632196591809e-01
5.753723973333177977e-01
5.745174453653492108e-01
5.743648788881557943e-01
5.756655876613941958e-01
5.799848111108930615e-01
5.850002238883598160e-01
6.085285743619890386e-01
5.923307876981754871e-01
5.806805796537487518e-01
5.801044890347515359e-01
5.788506505742284647e-01
5.768199111284444403e-01
5.789988876243301608e-01
5.827038307036773723e-01
5.789399270482955551e-01
5.787770200944840626e-01
5.789574427018920888e-01
5.789061294479956876e-01
5.783470142109455869e-01
5.779953537825139875e-01
5.796585333017769681e-01
5.923092828521082653e-01
5.886533743586056522e-01
6.034469703336077240e-01
5.880766375987918071e-01
5.793545406401922060e-01
5.759710768053716290e-01
5.745386828444246641e-01
5.740088233370822524e-01
5.735092718141742152e-01
5.731137439593159133e-01
5.736431657405488549e-01
5.864626369079151136e-01
5.751926147957698854e-01
5.750298002381383222e-01
5.760834721516157053e-01
5.778196682766946202e-01
5.805408804307901072e-01
5.851764057469518443e-01
5.948332690184410243e-01
6.058662901196572026e-01
5.952262417225855362e-01
5.886324885465390455e-01
5.899608626210594009e-01
5.885967810432252145e-01
5.874770184658009153e-01
5.887106194071045628e-01
5.905835730595718758e-01
5.925293692474556950e-01
5.943138444624109784e-01
5.964562381452560569e-01
5.995995170233519023e-01
6.037302626230998115e-01
6.080842905420966726e-01
6.132101062419041959e-01
6.182124160240231037e-01
6.211337855890962656e-01
6.318557427497386580e-01
6.115880009514967908e-01
5.986081708972430526e-01
5.894097352330371908e-01
5.835063032125257232e-01
5.793947651284365730e-01
5.762849974202269854e-01
5.738937479812860065e-01
5.722008994061618115e-01
5.712934743466695497e-01
5.721907073550381861e-01
5.791242472958095799e-01
5.707103883617223872e-01
5.701119793850425443e-01
5.715223523560881702e-01
5.755744881115391065e-01
5.852078089649557224e-01
5.897032432985822581e-01
5.781023156505826766e-01
5.724742038421299917e-01
5.696524361051125140e-01
5.676254861657746842e-01
5.663235378821049881e-01
5.659352287993169028e-01
5.681920661357681146e-01
5.699712660083893212e-01
5.659315988514206364e-01
5.665735058458127860e-01
5.754583666177687240e-01
5.698457942207590943e-01
5.701693836045430563e-01
5.745187403740111831e-01
5.849402738693294523e-01
5.879518583002089072e-01
5.768082190564510769e-01
5.730025566380025914e-01
5.712646515886649068e-01
5.681658590249895058e-01
5.694981301392955109e-01
5.680272802561274759e-01
5.640596675260287629e-01
5.632732410403303858e-01
5.635054563223821367e-01
5.645399807531211733e-01
5.663478721204769917e-01
5.686784039190931894e-01
5.718506798136555602e-01
5.779604906862151337e-01
5.909710925572495555e-01
5.966424898875789529e-01
6.000603117490753702e-01
5.847372941000709146e-01
5.802380414968906219e-01
5.783713959450976771e-01
5.723412669088615568e-01
5.700601194558878593e-01
5.682904370644590308e-01
5.666125700479573979e-01
5.651854370024765872e-01
5.641148288816995038e-01
5.636305543575234056e-01
5.639358095537616578e-01
5.654282168117680252e-01
5.692290199075313861e-01
5.787612721561794515e-01
5.879891415169317126e-01
5.742304780524314367e-01
5.678437546105051803e-01
5.682958159243877150e-01
5.660480489281363159e-01
5.617269610951386438e-01
5.604994868582365841e-01
5.601865718892019563e-01
5.604244660479030804e-01
5.608164211819927081e-01
5.615287717640194964e-01
5.627816577932909237e-01
5.647199071691055838e-01
5.676915059065761326e-01
5.728461166910294722e-01
5.825858067041713717e-01
5.964783224948686513e-01
5.862387002601500141e-01
5.803754178575879497e-01
5.787849497271603250e-01
5.777578952329397444e-01
5.718210308097696482e-01
5.706446912795443138e-01
5.702405016186611331e-01
5.710867081763459918e-01
5.725473659809430238e-01
5.740024799794349875e-01
5.747616929144586662e-01
5.746081253366617236e-01
5.746246607661337213e-01
5.766132561629572217e-01
5.836592835430396420e-01
5.965394558062889763e-01
5.844359719145959531e-01
5.768861524795125817e-01
5.752047509776770928e-01
5.826039021230100534e-01
5.747154708612317586e-01
5.730436268378517051e-01
5.724863880544214245e-01
5.722357992206840160e-01
5.723186036769378759e-01
5.728000251095960449e-01
5.731789810427458942e-01
5.740690884679100492e-01
5.750758090656390431e-01
5.768337927294817646e-01
5.825749757361952108e-01
5.950675998540801981e-01
5.822275584775811197e-01
5.729145798042155624e-01
5.692250820038285974e-01
5.658124436804575774e-01
5.650494767962269682e-01
5.688001445531736255e-01
5.654846461971058114e-01
5.628261015065980644e-01
5.628744094112781982e-01
5.624674127556402725e-01
5.632694150184699433e-01
5.647837193232601027e-01
5.671079327351824517e-01
5.711658384826715507e-01
5.794166224084484895e-01
5.952954047159075834e-01
5.854116680966449104e-01
5.766885649821542614e-01
5.732772620247305051e-01
5.718260939181083469e-01
5.714462760630382165e-01
5.712299705343786282e-01
5.717982559169487722e-01
5.747935532149939242e-01
5.764028318082035085e-01
5.736247299485599527e-01
5.740741497277159766e-01
5.758854040873288005e-01
5.792558962927916166e-01
5.868368120610543137e-01
5.944213811250087520e-01
6.078539489911547467e-01
6.046688888386565486e-01
6.016639105520578124e-01
5.960143235212639334e-01
5.895875021565756269e-01
5.850122156969963516e-01
5.821533291643051777e-01
5.806109492438318309e-01
5.800190982693035346e-01
5.803555609221912048e-01
5.820024620390509273e-01
5.868275641554262512e-01
5.896557847985615108e-01
5.959423765595510680e-01
5.999376127996569608e-01
5.868884918902660397e-01
5.805130776766325162e-01
5.775519308147453179e-01
5.761850230585016108e-01
5.756465163947533936e-01
5.756394725671365453e-01
5.761335906331922496e-01
5.771897019942514584e-01
5.788264316771640772e-01
5.810468669109620787e-01
5.857590695737007191e-01
5.885186418754967397e-01
5.937667305512069893e-01
6.041974983923418252e-01
6.102817483813681720e-01
6.003019702839360594e-01
5.990039596475114081e-01
5.935104953492408297e-01
5.922386357081036445e-01
5.921535331410531233e-01
5.919730761770535254e-01
5.904083844245697765e-01
5.902829603579784479e-01
5.903684717523584036e-01
5.905402740558955976e-01
5.910822349813883436e-01
5.928283609123515818e-01
5.965781351723796755e-01
6.061493071337412664e-01
6.019000915797486639e-01
5.903692825058699523e-01
5.848048805403714967e-01
5.821717537132948816e-01
5.827717016611393408e-01
5.832849176446714967e-01
5.781669512082118212e-01
5.765647922812344728e-01
5.757444878533963806e-01
5.756451699646073505e-01
5.765983464447661522e-01
5.765454870029907974e-01
5.787785626984481846e-01
5.854707688411181499e-01
5.974906867580115355e-01
5.878673677903942796e-01
5.788386738604682780e-01
5.749022468282516396e-01
5.731580853053556135e-01
5.726819513310479337e-01
5.734208139693014461e-01
5.801942293449653398e-01
5.755867543204671311e-01
5.753672521928085981e-01
5.771999894245671836e-01
5.740622744474800365e-01
5.747518307995160836e-01
5.780660125183245679e-01
5.864154705906882148e-01
5.964032479874025183e-01
5.842451628226510429e-01
5.770559286833218948e-01
5.739518808559920249e-01
5.724793472624823965e-01
5.718937698282400284e-01
5.718182227599537537e-01
5.718563311231847912e-01
5.723015777670900084e-01
5.731265535856809867e-01
5.743734962256159537e-01
5.762861616982912771e-01
5.793173604430039703e-01
5.847619891614308507e-01
5.978006278670405793e-01
6.030837316890254041e-01
5.872946456044002561e-01
5.800592031592635145e-01
5.764356693044093705e-01
5.742807475437705644e-01
5.728875057933939807e-01
5.718217933479975423e-01
5.707960736294638293e-01
5.699449687803186393e-01
5.695297409302149116e-01
5.694215065906701456e-01
5.701007991565475441e-01
5.720831338944601940e-01
5.767563634681021068e-01
5.882995774959437485e-01
5.913447270606519979e-01
5.785840828506324529e-01
5.739750493164549328e-01
5.760803888841343756e-01
5.731123493453598172e-01
5.704912688992733738e-01
5.698961867664817937e-01
5.705755901435946020e-01
5.730679226382974223e-01
5.785360072594166736e-01
5.867493867633548632e-01
5.853345759982411245e-01
5.843819861729754317e-01
6.011181733472346078e-01
5.860662231376853049e-01
5.729297342826505934e-01
5.680140595910493362e-01
5.660058685434062875e-01
5.654840959174870507e-01
5.656325789810446869e-01
5.655406683840598081e-01
5.644881792238476415e-01
5.651101417642552249e-01
5.652386336460778482e-01
5.567121146721386582e-01
5.531172245578920288e-01
5.506874067808217310e-01
5.488785439381573816e-01
5.474926826401240731e-01
5.464376448034096168e-01
5.456319180292804605e-01
5.450904133468023050e-01
5.448040527418950285e-01
5.447840366696712344e-01
5.450682459656566170e-01
5.457531796370075350e-01
5.471143071202410058e-01
5.498487857086726827e-01
5.564092885300472302e-01
5.804600989137305156e-01
5.711131247131757682e-01
5.582841230579927982e-01
5.533361054623543440e-01
5.469879905390865327e-01
5.444949343002239983e-01
5.432567671008391441e-01
5.426385627180309035e-01
5.424346071142215342e-01
5.426114210575913033e-01
5.432936104169704405e-01
5.445741347283031830e-01
5.441484735646974213e-01
5.442384274669850308e-01
5.449263758049164297e-01
5.462482224679411358e-01
5.485422556590356935e-01
5.488912309168916259e-01
5.486015965380102166e-01
5.488052376260853515e-01
5.503374294696180558e-01
5.559252035480126697e-01
5.559185887793189895e-01
5.558789416666213290e-01
5.603417775310679527e-01
5.727961296640673439e-01
6.056531824813290443e-01
5.682178779476043662e-01
5.625284415829834295e-01
5.617973885644937937e-01
5.630224843656679301e-01
5.648939295200864352e-01
5.677373419512016239e-01
5.717098522374485237e-01
5.767219187117057499e-01
5.833159182322794623e-01
5.931567767601153562e-01
6.060506527604494487e-01
6.106539861832818161e-01
5.997298222813715052e-01
5.913210896393940041e-01
5.870561793278522567e-01
5.801426303070290613e-01
5.756081699851680611e-01
5.722370714505022882e-01
5.701312507817281050e-01
5.693710615949129084e-01
5.703367822738324433e-01
5.738117408724420221e-01
5.854476658732739036e-01
6.027348856061640614e-01
5.766933803234396416e-01
5.701191633401655467e-01
5.677241277707504308e-01
5.669065540732094455e-01
5.668337669623394470e-01
5.670761883610609955e-01
5.672192353643256135e-01
5.675328128008162443e-01
5.687475314776123669e-01
5.745780208355187879e-01
5.966898518086375391e-01
5.743835584568873776e-01
5.680413196301802303e-01
5.661608516363868526e-01
5.699367437022651028e-01
5.655741000236830240e-01
5.641331165443618234e-01
5.648360076776809402e-01
5.671236543930253671e-01
5.719683809718575374e-01
6.207002532242728021e-01
5.802937312425894278e-01
5.929837220277249799e-01
5.939728929199638019e-01
5.746933364100251795e-01
5.685640119316290875e-01
5.657978717049030326e-01
5.644115189052145709e-01
5.636071096846287931e-01
5.630739317657921239e-01
5.627762936320971354e-01
5.628767804132300823e-01
5.633868991671558968e-01
5.645534569664112379e-01
5.669359776291474917e-01
5.665685739322959824e-01
5.680664242360750071e-01
5.709826520038655540e-01
5.761296164096395556e-01
5.728829474514219866e-01
5.727874273243629411e-01
5.734923566672397444e-01
5.749102525716140999e-01
5.753232116573723243e-01
5.767357128748286099e-01
5.793122543961647386e-01
5.844005648535779418e-01
5.970719698134560049e-01
6.098156228658511147e-01
5.889535306002915416e-01
5.818143920091060073e-01
5.794650897457345184e-01
5.793252962251812521e-01
5.797326361345885859e-01
5.807601202842781474e-01
5.814185777926289544e-01
5.832291230620624267e-01
5.863068307789728317e-01
5.854281645899754860e-01
5.831069841719402902e-01
5.835099844455208240e-01
5.887253287575342497e-01
5.916165766783888502e-01
5.899865510552961823e-01
5.917469517507519816e-01
5.964673237307763776e-01
6.022908376897811999e-01
6.047906937943954286e-01
6.014590177380001457e-01
5.967609124233539397e-01
5.953501495454223136e-01
5.959362560642668116e-01
6.063406721097315266e-01
6.051679411615685789e-01
5.914955705146776044e-01
5.887276680237786275e-01
5.984524446507719642e-01
5.771302441047926335e-01
5.733558430841985132e-01
5.713816229189657703e-01
5.702778307616627185e-01
5.702605103160917066e-01
5.692904863668734050e-01
5.689162774122477062e-01
5.688801155227676265e-01
5.691216515595507452e-01
5.697424278655388585e-01
5.709284751885947973e-01
5.730576834674243614e-01
5.781686920235430405e-01
5.849553300392483779e-01
5.982260456795690517e-01
5.990785562725270408e-01
5.788075232069926912e-01
5.726680253597875581e-01
5.696743272720266038e-01
5.679451287239690727e-01
5.669182810371307113e-01
5.663554145075125890e-01
5.661159892164122631e-01
5.660309783335587541e-01
5.663583618918394125e-01
5.669682968313085603e-01
5.681007346060732432e-01
5.704080330963660073e-01
5.808177648872263621e-01
5.726055510697891648e-01
5.731662026501583851e-01
5.762699521098623157e-01
5.836779418252674434e-01
6.126829090372211128e-01
5.928875582600104943e-01
5.825063084692687632e-01
5.809754412682112124e-01
5.794636642730113252e-01
5.796343331099019780e-01
5.807200609855862616e-01
5.824997928695633265e-01
5.849599019930583621e-01
5.883294119919402210e-01
5.929139935388411109e-01
5.981470747690698087e-01
5.967322268885315584e-01
5.991693076098756343e-01
6.009397478281246485e-01
6.028100162789438166e-01
6.049802201518171829e-01
6.083069558252348630e-01
6.168013827728564547e-01
6.560141366576007771e-01
6.282550270360268696e-01
6.061037009288297028e-01
6.001354020697637903e-01
5.967467453786792220e-01
5.946507682859994981e-01
5.938351300208477568e-01
5.964621982018550872e-01
5.946248399621801850e-01
5.919257626463756417e-01
5.917475784732877386e-01
5.926007733454575765e-01
5.943109600278312366e-01
5.968094116556681428e-01
6.009507970475340688e-01
6.054615984587822242e-01
6.120929872319692544e-01
6.227606642582986796e-01
6.472974132748204878e-01
6.633292004700667155e-01
6.598047751396117766e-01
6.521173771679943387e-01
6.369701780784307044e-01
6.344444564313825863e-01
6.157820659903863181e-01
6.092486446314339110e-01
6.051205431484505404e-01
6.019772564795601300e-01
5.996375451782084420e-01
5.977319713336771700e-01
5.961800830767544079e-01
5.949637663136830845e-01
5.941801356002907042e-01
5.942083343166527643e-01
5.957426536629537583e-01
6.012055575615063985e-01
6.322136527773571935e-01
6.084799946570549345e-01
6.063743274765140967e-01
5.953774102542347402e-01
5.919868916578828744e-01
5.906089909797278548e-01
5.896300313215288025e-01
5.888605095772031506e-01
5.884622086093463933e-01
5.878506737505164725e-01
5.874329213763197499e-01
5.875768604739725065e-01
5.883445279063768130e-01
5.895013830684434630e-01
5.916142059540425713e-01
5.952459137243183429e-01
6.025426920339195247e-01
6.309256112694365815e-01
6.203178965857266691e-01
6.095142733297277404e-01
6.079172195813249413e-01
6.111981703839335367e-01
6.159108926593205302e-01
6.197448046162464808e-01
6.232943422922870846e-01
6.234844502058120019e-01
6.247440535718078447e-01
6.216224419818485725e-01
6.178667708330874975e-01
6.170615325059161105e-01
6.234321827486942746e-01
7.142435114200565982e-01
6.207974239053681842e-01
6.104331119098396208e-01
6.048620300061017252e-01
6.029857927027231224e-01
6.033951237394959977e-01
6.067098683602778486e-01
6.038176057516952966e-01
6.023836821663870467e-01
6.029347672282345805e-01
6.052076873146930991e-01
6.087753854871643666e-01
6.148314125929581486e-01
6.314407382803146618e-01
6.339311263557476650e-01
6.247739995900433163e-01
6.156165756403195743e-01
6.067611711429715671e-01
5.998989113896628922e-01
5.954941830523984292e-01
5.913898433321777004e-01
5.883754359348528640e-01
5.855598825053270895e-01
5.826378549596041845e-01
5.801144210416778746e-01
5.787545206283140065e-01
5.798383675789599012e-01
5.815581404468646021e-01
6.012179513513871143e-01
5.936104283473369048e-01
5.882438837511324570e-01
5.717216679697884052e-01
5.669678430351726695e-01
5.638851189344360471e-01
5.618297994036990373e-01
5.608372536197193670e-01
5.583956885153431582e-01
5.573726448876853423e-01
5.570176923269080094e-01
5.580826149565233374e-01
5.579400294966824214e-01
5.597620801196472318e-01
5.646638452416038456e-01
5.852728313556111450e-01
5.835690051705687553e-01
5.799902412237599725e-01
5.652009961452129083e-01
5.595160195325289409e-01
5.573277075979465867e-01
5.568532791034581653e-01
5.568597677249292888e-01
5.567891724520189767e-01
5.570337854843165903e-01
5.573522061289208906e-01
5.596495102895994167e-01
5.663619498826077958e-01
5.632079175682560557e-01
5.642043686507723921e-01
5.797819763532712223e-01
5.932845903428914935e-01
5.637540699759291396e-01
5.556332683361955294e-01
5.522370906586212547e-01
5.504735945150184273e-01
5.496079283019608130e-01
5.495259942197439074e-01
5.500793414196106790e-01
5.503212295022055223e-01
5.512757746855679875e-01
5.530994115779496179e-01
5.566468182249800778e-01
5.625969308110283507e-01
5.838297620317143277e-01
5.851635219647106645e-01
5.682330738777027213e-01
5.594003599380222846e-01
5.568250415068498604e-01
5.559229569337410526e-01
5.559693784386273707e-01
5.577036767825318542e-01
5.573951132345227322e-01
5.588141301636858627e-01
5.610655475066620435e-01
5.649035486043255672e-01
5.690073662324152126e-01
5.778800751746653308e-01
6.213401858121755383e-01
5.881270803172642392e-01
5.942720295116786788e-01
5.781243821963539808e-01
5.773405019331008248e-01
5.786321358972542628e-01
5.815237558492872827e-01
5.838497908914946910e-01
5.872671248885963369e-01
5.915373168475285270e-01
5.967458380733549062e-01
6.033889066535308432e-01
6.131051987616406018e-01
6.405826343869274186e-01
6.326314512930890643e-01
6.257349942983561064e-01
6.280274242885715008e-01
6.378981326256023543e-01
6.516254868934768796e-01
6.366438023096269161e-01
6.343834829534876762e-01
6.340469648251469970e-01
6.343170226403757050e-01
6.361094252037985397e-01
6.445414999844439885e-01
6.767849134848966663e-01
6.691285795797976554e-01
6.323754470689574303e-01
6.201487630650607263e-01
6.127525033759131379e-01
6.035704961735727236e-01
5.977554223552199453e-01
5.930534973460007686e-01
5.892102884616483571e-01
5.868176539453441309e-01
5.830104921692147446e-01
5.807720323573342114e-01
5.796179928612350540e-01
5.809803260139070336e-01
5.851148616157569871e-01
6.822511374699083975e-01
5.964410145824501353e-01
5.767211533385037114e-01
5.713985970239078283e-01
5.697141821462469169e-01
5.704239573367432259e-01
5.699648162466419699e-01
5.656424228557087597e-01
5.629339610440327046e-01
5.622656727234786045e-01
5.618178514595618678e-01
5.642222870828006442e-01
5.723542459684946015e-01
6.910815809128627585e-01
5.735768390669054861e-01
5.636397014409373352e-01
5.615398397377816542e-01
5.597375546157556947e-01
5.600744888532230847e-01
5.612081706258906788e-01
5.615612211923821651e-01
5.615914462809993291e-01
5.616397890876295707e-01
5.638418709187166256e-01
5.691229179336685373e-01
5.836775908561587789e-01
5.978346450223300801e-01
5.665715903437609224e-01
5.592382914101381441e-01
5.554100682903942987e-01
5.532555281787715495e-01
5.522813866106500713e-01
5.515971584668024619e-01
5.499247161484559498e-01
5.488005040133496770e-01
5.479723383474546239e-01
5.475495310551548034e-01
5.480532543585425742e-01
5.538100736335146435e-01
5.509323152027157944e-01
5.511251716142124835e-01
5.581924007822502976e-01
6.699285483065503533e-01
5.556843979951227031e-01
5.477297280206800956e-01
5.448782985166645831e-01
5.438147282025214135e-01
5.437827712350361553e-01
5.447232956661981484e-01
5.472271705513513940e-01
5.511552618045953977e-01
5.574160181986141938e-01
5.482966870688111838e-01
5.477883697778085370e-01
5.485879076187649694e-01
5.504700432424142198e-01
5.545803932682140669e-01
5.673857121604048981e-01
5.845481641720415844e-01
5.584331393717569814e-01
5.537604730406199272e-01
5.521891568749615065e-01
5.521801465017462940e-01
5.564304239834624299e-01
5.542868442030518539e-01
5.512846806018553147e-01
5.523830482468745640e-01
5.505598409469747434e-01
5.507375533514226040e-01
5.515582233005728030e-01
5.531307046468340038e-01
5.557536473326507576e-01
5.603834372307169298e-01
5.716871123206901384e-01
6.096101656387816758e-01
5.703351529587402657e-01
5.772002391553441303e-01
5.621081022380067793e-01
5.596111456001897633e-01
5.587639039971711297e-01
5.587172760061877019e-01
5.591639869378861594e-01
5.599570021556541377e-01
5.616580064979769249e-01
5.621211354006256933e-01
5.636555004773545763e-01
5.667667970416190304e-01
5.699922652543776280e-01
5.761533172898993804e-01
6.013664035584653789e-01
5.918375387421439537e-01
5.773259081126327352e-01
5.734725023663342913e-01
5.724607490022536327e-01
5.725319523947134392e-01
5.733738896247517758e-01
5.752079862586215731e-01
5.786240342811610482e-01
5.811547016320848247e-01
5.848450854695984580e-01
5.908377645780931164e-01
5.930515358982798579e-01
5.958351930554981468e-01
5.932648609860081690e-01
5.972252786549137049e-01
6.080243574465309386e-01
6.535723157372547165e-01
6.124519501457705850e-01
6.100966952209510019e-01
6.133332381539842171e-01
6.188845708552312974e-01
6.221211279722519416e-01
6.256284399229621318e-01
6.314511765034102053e-01
6.398410510579350952e-01
6.477981692703107530e-01
6.524054975993192063e-01
6.585847927537981095e-01
6.648803728666442536e-01
6.712020636601236934e-01
6.756871473427775721e-01
6.705016574492951298e-01
6.583831776221226173e-01
6.475793995214534915e-01
6.390318701357369235e-01
6.326443938751278306e-01
6.282873593765663234e-01
6.210389444631531086e-01
6.142857435275969058e-01
6.094407192297750520e-01
6.057592204239620193e-01
6.030968445234254904e-01
6.012868536674459419e-01
5.995956943358936586e-01
5.978597407367212124e-01
5.971196534606462158e-01
5.956118173506441682e-01
5.940720026929039443e-01
5.947299096666061047e-01
5.981462971320362643e-01
5.982678091645149410e-01
5.935721960198525604e-01
5.910070165156718902e-01
5.903766212306463812e-01
5.922912087082196075e-01
5.927671029295278338e-01
5.894465242347174394e-01
5.885309122681986471e-01
5.891614322033080775e-01
5.904687118445488547e-01
5.930020380152659643e-01
5.968085936072936581e-01
6.020043557488456987e-01
6.092037996404432443e-01
6.191703325779803757e-01
6.268915883545699286e-01
6.382599683538547897e-01
6.540394564846261360e-01
6.720717620694147687e-01
6.907379067111691917e-01
6.937023063735890949e-01
6.847879579160489616e-01
6.710439170576081302e-01
6.558166468397591542e-01
6.392576505940241738e-01
6.270075357654237846e-01
6.178277647705037179e-01
6.102266420216995169e-01
6.022279836190340685e-01
5.954176019976098466e-01
5.902736096472561700e-01
5.861853794720430777e-01
5.830892666968584548e-01
5.808894213674654639e-01
5.793786673536219789e-01
5.781950628011551796e-01
5.772131387052454876e-01
5.767941177837658806e-01
5.768797211480124476e-01
5.774365059556944013e-01
5.784845982020416777e-01
5.799815837583726097e-01
5.817627048185108896e-01
5.840643762794481830e-01
5.870062446121040445e-01
5.906383395494217980e-01
5.951090098677255247e-01
6.005825286532554541e-01
6.073113440420004894e-01
6.155200160057049397e-01
6.256551577862635716e-01
6.378399679701453051e-01
6.519746412304563421e-01
6.669785326173428563e-01
6.788927865866547506e-01
6.818474717154209275e-01
6.740182278442287123e-01
6.599953707354140331e-01
6.450052361257043732e-01
6.314196612953079102e-01
6.200357928588184908e-01
6.107625410115713471e-01
6.033669458019089715e-01
5.974230579577793909e-01
5.927389154699924667e-01
5.891672049858930338e-01
5.865146229861208926e-01
5.844687170020593792e-01
5.831048840326295002e-01
5.824408528032102295e-01
5.825614827587374256e-01
5.834289547911343243e-01
5.848779420706483601e-01
5.866980574015985272e-01
5.887264856764280463e-01
5.913186534383714221e-01
5.957481289320383233e-01
6.063786868346351389e-01
6.170311192331574546e-01
6.074940797681785964e-01
6.088695816281693984e-01
6.129677795403222218e-01
6.194103445382876938e-01
6.281320510797652190e-01
6.393839737741575657e-01
6.533638381060923317e-01
6.665910343115329928e-01
6.797193136446875172e-01
6.877670117320723309e-01
6.850356111834832173e-01
6.726298991169848973e-01
6.567255580272799431e-01
6.420793377202840269e-01
6.300601617534131726e-01
6.226227591374222659e-01
6.155177011999369840e-01
6.057252233031545918e-01
5.990802473969979447e-01
5.939342293532299255e-01
5.894361545551749515e-01
5.858029151034653825e-01
5.826508425289173010e-01
5.799992091107804004e-01
5.777933147745083486e-01
5.760612497651761421e-01
5.747351137579184144e-01
5.735725750751632379e-01
5.726599636665483661e-01
5.722208389537403184e-01
5.727858375912034949e-01
5.727971920583345700e-01
5.718471512324299066e-01
5.722408325993358913e-01
5.732737850187465956e-01
5.747042949951286506e-01
5.767241549282215995e-01
5.795059523147835234e-01
5.831929589259458035e-01
5.879656670746727931e-01
5.940435890315809431e-01
6.018373545297964755e-01
6.116719992732227995e-01
6.231743087408724291e-01
6.361642019750505250e-01
6.511949528813713028e-01
6.642761395799856583e-01
6.728262031345449978e-01
6.716681808797105857e-01
6.616204943094095015e-01
6.479227035790207090e-01
6.339084059950965688e-01
6.214949180774969051e-01
6.127617006523659038e-01
6.067712097546916761e-01
5.969714914678169171e-01
5.888641571109719530e-01
5.838153346072285643e-01
5.793484674037833182e-01
5.762030051755103743e-01
5.742176735055762871e-01
5.731735809759584965e-01
5.730228964019692395e-01
5.739960525223364307e-01
5.765734192087055288e-01
5.766775295069869189e-01
5.777967587986718723e-01
5.796609472953786479e-01
5.827285075143848747e-01
5.870697047776468613e-01
5.930294557219852880e-01
6.010418361570744050e-01
6.106046529227978636e-01
6.232160042652675758e-01
6.331601531075811140e-01
6.397564622072806628e-01
6.511816642087517870e-01
6.684419940293880869e-01
6.883172457572499514e-01
7.011602310583109343e-01
6.960428877201979558e-01
6.780308751212058560e-01
6.562455341929256392e-01
6.387744857394359599e-01
6.250613678340800616e-01
6.142799670664685907e-01
6.061882236931865897e-01
6.004803133261287229e-01
5.953592197215942239e-01
5.913652418170587399e-01
5.879166586877639933e-01
5.856780338388631879e-01
5.854353189151720871e-01
5.854700505113655806e-01
5.846239342401633454e-01
5.853538039226038325e-01
5.863054268156923099e-01
5.867078001789491903e-01
5.874243567175508884e-01
5.882364173876811764e-01
5.892242885217251480e-01
5.909860119820025126e-01
5.937408855149765019e-01
5.975915326023402141e-01
6.026560191458637528e-01
6.090879412340000076e-01
6.177610263756937448e-01
6.295020562945170539e-01
6.460544774266475665e-01
7.183070334333863105e-01
6.821477465858998279e-01
7.003709559395081552e-01
7.106665966187336592e-01
6.999778515476293705e-01
6.733498031302437292e-01
6.507610081365852173e-01
6.324383762734748782e-01
6.181019992324693346e-01
6.071212745864595917e-01
5.990109528076524859e-01
5.926196118341955366e-01
5.876741695233304030e-01
5.838519527753593952e-01
5.802657703917211141e-01
5.773132966935431432e-01
5.752645780863916425e-01
5.741953977248346330e-01
5.743076559402580106e-01
5.752901719694655247e-01
5.771016396555385120e-01
5.804331091190804148e-01
5.853252060984283078e-01
5.921519982134652027e-01
6.013292296910788259e-01
6.135161779460588383e-01
6.296536345550285407e-01
6.501894769165784682e-01
6.734618267999838981e-01
6.908551548976709089e-01
6.885949400472493043e-01
6.686809318413244885e-01
6.452951301315505983e-01
6.252403443658745008e-01
6.096934442702618417e-01
5.978075016666282160e-01
5.890893963444053805e-01
5.823709670295452723e-01
5.783892637869190168e-01
5.773067997491915238e-01
5.713754546597571427e-01
5.667937609357549533e-01
5.644242983916343270e-01
5.635385426126250374e-01
5.639843440174322486e-01
5.651269960371542167e-01
5.672568069878773933e-01
5.710181950977895049e-01
5.768826949331595788e-01
5.823361248538171386e-01
5.877692797321515394e-01
5.965934117298412609e-01
6.083014760645543140e-01
6.251302432155481092e-01
6.396300502971036250e-01
6.598561774826049442e-01
6.780004793049596579e-01
6.829299518510479894e-01
6.705058872766098688e-01
6.500464025831836912e-01
6.298981745534932841e-01
6.133369991299344459e-01
6.006019415004977269e-01
5.908436895339482797e-01
5.836787213712918421e-01
5.789047514057978905e-01
5.750570714058635957e-01
5.698439833196474735e-01
5.666446507832729740e-01
5.648550864367153368e-01
5.641635738382829723e-01
5.644433159517000531e-01
5.656715729580997776e-01
5.679976264921500206e-01
5.713357745834647394e-01
5.753161304340754789e-01
5.812551066331265170e-01
5.882945583672982703e-01
5.972039896941758741e-01
6.094747521543552038e-01
6.263243124931225925e-01
6.487600848315037139e-01
6.630898979558763617e-01
6.748644656086872917e-01
6.864684818971863445e-01
6.850327906326180161e-01
6.689867654586748591e-01
6.483731245313966163e-01
6.293347018675163884e-01
6.137806129799001642e-01
6.017138168786935193e-01
5.924735144794601727e-01
5.855520796705214748e-01
5.804874521912346541e-01
5.772760914532945042e-01
5.753127347825294224e-01
5.748540775255202018e-01
5.777202796416295305e-01
5.910181246172160341e-01
6.232573834578166716e-01
5.812483424716768932e-01
5.735194013000785018e-01
5.709598309411879624e-01
5.701158772343792869e-01
5.709749759447919626e-01
5.723393780313000834e-01
5.745580066933798635e-01
5.779680383409363520e-01
5.826309055826700556e-01
5.888046303554502758e-01
5.947126716919630685e-01
6.011368377139878483e-01
6.092119809442844147e-01
6.200410939372739128e-01
6.355777220689685647e-01
6.616579813896318329e-01
6.833342057707074702e-01
6.908373806213725654e-01
6.967319182162760027e-01
7.067162981198672478e-01
7.038941464232695289e-01
6.885065022125107514e-01
6.692759894289964651e-01
6.521932848830830354e-01
6.387162483699637683e-01
6.282666482446644940e-01
6.203402558835714453e-01
6.147876567190661001e-01
6.111899776588336497e-01
6.084696929304548307e-01
6.049342382804711038e-01
6.020353274829363110e-01
6.001374255601514829e-01
5.989977615823122159e-01
5.985731675608736424e-01
5.991563194690902039e-01
6.000385608542206928e-01
6.022196989343330253e-01
6.063368897530302393e-01
6.132190497934533191e-01
6.221649872668112424e-01
6.301455443431263070e-01
6.344687949371498048e-01
6.419520708731432102e-01
6.541584457822366971e-01
6.713645396910851160e-01
6.959811472306693947e-01
7.301993228810723657e-01
7.555009648920548715e-01
7.354096074110413328e-01
6.993694535554687564e-01
6.691087578890504428e-01
6.479721105961037120e-01
6.331524185919529257e-01
6.224862372452920622e-01
6.138949736842708171e-01
6.078240383434645455e-01
6.043003569580484013e-01
5.997509661469614395e-01
5.972922084266621967e-01
5.969749924861520451e-01
5.980599874478889078e-01
5.987545628718607960e-01
5.976765553651930407e-01
5.990488368721557100e-01
6.028873838074298996e-01
6.071712233494692690e-01
6.106682946356378761e-01
6.121762374712089727e-01
6.158678031851406720e-01
6.211045518735753834e-01
6.300968086340553720e-01
6.438042960843642915e-01
6.641971517491331856e-01
6.950446884128509417e-01
7.376590766320695325e-01
7.514835858959361126e-01
7.107551679729396943e-01
6.728846612260387383e-01
6.477777291241380020e-01
6.301904544989422874e-01
6.181224687130707496e-01
6.095996693746136286e-01
6.032188785354378746e-01
5.986787931112146355e-01
5.960387273878762215e-01
5.944187389384517628e-01
5.943703028194011750e-01
5.962697534104930419e-01
5.987117421379697380e-01
6.030942004648807142e-01
6.137673922841950791e-01
6.339662108695477416e-01
6.277329509935672958e-01
6.187044041207248046e-01
6.131221843142569128e-01
6.149452446341775458e-01
6.216743471742645077e-01
6.248203321147055567e-01
6.343441206094267981e-01
6.500405033397059773e-01
6.744355083127085981e-01
7.074276609905876256e-01
7.347023538944703613e-01
7.273806466543374372e-01
6.937458959701491290e-01
6.643774011995998707e-01
6.433754336206771729e-01
6.297615503666141867e-01
6.244877164353511700e-01
6.921924215420495186e-01
6.132389671995770453e-01
5.990848998246597334e-01
5.900494134161665682e-01
5.845502754967385473e-01
5.812579553110679420e-01
5.798066319296751869e-01
5.784219735600829582e-01
5.786558580673596408e-01
5.794813065522995688e-01
5.810657746688954184e-01
5.839072475448134902e-01
5.882469540703442190e-01
5.945798991296488145e-01
6.033888505281462811e-01
6.154797922789069231e-01
6.325231974201986906e-01
6.564220273962630969e-01
6.890370472381760480e-01
7.208066007000368813e-01
7.180141085406999135e-01
6.848720735440357865e-01
6.543461514845021476e-01
6.328723054835259099e-01
6.196194548014267722e-01
6.142714971931741985e-01
6.220496077850377059e-01
6.211436613775840332e-01
6.050969886819295152e-01
6.035552100484758986e-01
5.881271369145681938e-01
5.837412788385777374e-01
5.821439710513336419e-01
5.825774041590092711e-01
5.849506756765138205e-01
5.894500119229543200e-01
5.962811332140567355e-01
6.058065254954639878e-01
6.191937168459613616e-01
6.390431674265084627e-01
6.685869130151875783e-01
7.077719760108894809e-01
7.319235675070953073e-01
7.042955680689515496e-01
6.645588885629486464e-01
6.344666267894877310e-01
6.138376485330854226e-01
6.020133597336368991e-01
5.881299153192651730e-01
5.800371789108861309e-01
5.746480975317252993e-01
5.702523556270528982e-01
5.671732988654583085e-01
5.657858551301462313e-01
5.658972587370471041e-01
5.674254986398367118e-01
5.703925194222834172e-01
5.749167220604194384e-01
5.818173577775164196e-01
5.898841808194835723e-01
6.032559418146843377e-01
6.146849853024214383e-01
6.349465342434040815e-01
6.646601032359238381e-01
7.038299222579613712e-01
7.304273692984913913e-01
7.077384882414732292e-01
6.726627771070756712e-01
6.401596791369288386e-01
6.184486285326433741e-01
6.035461383133912117e-01
5.936346634650508935e-01
5.960202937182160765e-01
5.828856568496428858e-01
5.818790202396284528e-01
5.787122126446969661e-01
5.758536054832618101e-01
5.739296648552170144e-01
5.736487368838891765e-01
5.749057462850567513e-01
5.780387792042066541e-01
5.832480336815939470e-01
5.902915669389786624e-01
5.983743618557690880e-01
6.077053848613059861e-01
6.198705021016269745e-01
6.387585868710647929e-01
6.648258306105189197e-01
7.011529706837162923e-01
7.288013028801796356e-01
7.086498872722569731e-01
6.688528292559980937e-01
6.376710850594428104e-01
6.169951898570098514e-01
6.009544190593937296e-01
5.876369863526712534e-01
5.775799566788268891e-01
5.704736845453198812e-01
5.672024043408330218e-01
5.613772200577726856e-01
5.588986416749334163e-01
5.586122919953174781e-01
5.608588024282116224e-01
5.616922500208346714e-01
5.666658342002020010e-01
5.758371019613207631e-01
5.844265228123376454e-01
5.967421150449159217e-01
6.174579546499301408e-01
6.504010609376008611e-01
7.011537789216552019e-01
7.491683462219872469e-01
7.129465484891311933e-01
6.581153780157011912e-01
6.211594711415454606e-01
5.968435019743214554e-01
5.800358224493710191e-01
5.684226956078234361e-01
5.603351079634084630e-01
5.543247218186297953e-01
5.499551903058229607e-01
5.477096618900313407e-01
5.471774650122062100e-01
5.482797412335470577e-01
5.508551819118250314e-01
5.553209071944132935e-01
5.621789368175175161e-01
5.700690906156334892e-01
5.822293917644549843e-01
6.004341253969562864e-01
6.271889828877357242e-01
6.680961611657718624e-01
7.257055317090557178e-01
7.424929065668356420e-01
6.862295652037361249e-01
6.387655486090690893e-01
6.071874994211194920e-01
5.857423082471518994e-01
5.708950524169679186e-01
5.601445658687246310e-01
5.524415255434935723e-01
5.469977466123353560e-01
5.435003112499995348e-01
5.417761206494917658e-01
5.418341832493906995e-01
5.427259534457323786e-01
5.452761952010570790e-01
5.498579340739565557e-01
5.568428792149042739e-01
5.668893839818966995e-01
5.810716520436953747e-01
6.017619462824880250e-01
6.317382764217931435e-01
6.775221025717752532e-01
7.360706577284752417e-01
7.313202074708233802e-01
6.724527901681904840e-01
6.290663850665079160e-01
6.005713467393315463e-01
5.813286699261088764e-01
5.677349826982354131e-01
5.576758702872001150e-01
5.504351454403271227e-01
5.454528727271367172e-01
5.425702555006207684e-01
5.415448117110381876e-01
5.423375432684399700e-01
5.448830210462107804e-01
5.475172847493569028e-01
5.518061029735351619e-01
5.590612450207851358e-01
5.696684382716695749e-01
5.848257343435940836e-01
6.058333748880713188e-01
6.372147750440135816e-01
6.848272201026859296e-01
7.409185283845495240e-01
7.243434743316684576e-01
6.668308759165617605e-01
6.260542686515236932e-01
5.989705847262301042e-01
5.809443428284492006e-01
5.687510298804474562e-01
5.605478351564653350e-01
5.559442401690163349e-01
5.563114714090845458e-01
5.527477595305725355e-01
5.482686049916428717e-01
5.478504499115167681e-01
5.499805208943161494e-01
5.542429829758632742e-01
5.607038051426298519e-01
5.700413785221838392e-01
5.825344159766571162e-01
6.011905981385691211e-01
6.293373572959424234e-01
6.734397534942735408e-01
7.364536571235474893e-01
7.459247411329457123e-01
6.832865471832771931e-01
6.366850885876252919e-01
6.075847436820362990e-01
5.891242979683215530e-01
5.774072603428771489e-01
5.711986575482209672e-01
5.702944756534920057e-01
5.718947020930783554e-01
5.657369934901446129e-01
5.606886036270695151e-01
5.612551393087787943e-01
5.667133101418382335e-01
5.761234902957766968e-01
5.833076662152814063e-01
5.848726943727990957e-01
5.875745131241383312e-01
5.967014037764781786e-01
6.148568598319393841e-01
6.465019203282608151e-01
7.013125025361792719e-01
7.707281981097420243e-01
7.241441129443251246e-01
6.579170322564399376e-01
6.174086257401477651e-01
5.918809139418245158e-01
5.746989232872733444e-01
5.618312286663560418e-01
5.528180336820113228e-01
5.467265852570860618e-01
5.430371044395759794e-01
5.415052828227157056e-01
5.414547945182101030e-01
5.424202896619048087e-01
