-7.846006947476169557e-07
-2.348469341884040773e-06
-3.908064225011109727e-06
-5.464384241649078433e-06
-7.018536072878056586e-06
-8.571643569044162803e-06
-1.012679491119161668e-05
-1.170550329043784643e-05
-1.327322508326567174e-05
-1.484570512200189540e-05
-1.642761161457784169e-05
-1.802179508691992282e-05
-1.962552000267514529e-05
-2.124340545217595633e-05
-2.287723703964239519e-05
-2.452825602627939361e-05
-2.619674871040533759e-05
-2.788180286406038988e-05
-2.958151645882090008e-05
-3.129736928952908670e-05
-3.302517146530625780e-05
-3.476731132201482666e-05
-3.652809277854274228e-05
-3.830888278044675133e-05
-4.011393881186986476e-05
-4.194935555690282314e-05
-4.382034046557237161e-05
-4.573645532524039936e-05
-4.773751124664826762e-05
-4.987063845063310907e-05
-5.201803779497637947e-05
-5.417097952320482079e-05
-5.632441985337077739e-05
-5.848833805366382421e-05
-6.064439445563341025e-05
-6.280185945173322182e-05
-6.495013665197557629e-05
-6.709199599974624562e-05
-6.923042136097734556e-05
-7.136719897726795381e-05
-7.350249523863094936e-05
-7.563741161709103267e-05
-7.777430412692076800e-05
-7.991701055320987734e-05
-8.206830290324873545e-05
-8.422783693817770256e-05
-8.640176767726881479e-05
-8.856974184934252037e-05
-9.073868747710989169e-05
-9.290915885473705060e-05
-9.508295804239175197e-05
-9.726188202519026049e-05
-9.944707401254859747e-05
-1.016403742173377367e-04
-1.038425743463688988e-04
-1.060640113127453432e-04
-1.082931304027257013e-04
-1.105278090581807149e-04
-1.127654591089877201e-04
-1.150076182303561012e-04
-1.172550971131336439e-04
-1.195086297821612575e-04
-1.217710151739659352e-04
-1.240489917795351005e-04
-1.263289161097524982e-04
-1.286135393607779065e-04
-1.309037560667247746e-04
-1.331993668726161317e-04
-1.355002021087292619e-04
-1.378066462344174070e-04
-1.401191843438676088e-04
-1.424381456661683032e-04
-1.447637592439932064e-04
-1.470963683766202124e-04
-1.494370286967416916e-04
-1.517867280292906074e-04
-1.541465483325676900e-04
-1.565177315165922067e-04
-1.589018865514324474e-04
-1.612953643312931007e-04
-1.637007090348197025e-04
-1.661141983352321105e-04
-1.685369542198111859e-04
-1.709638798733648102e-04
-1.733968112251904614e-04
-1.758352198041324144e-04
-1.782819557513137809e-04
-1.807380794414115144e-04
-1.832014740431597843e-04
-1.856747931996416412e-04
-1.881589303334152419e-04
-1.906556268564951750e-04
-1.931688519425378558e-04
-1.956976020008882600e-04
-1.982411568688391412e-04
-2.008013884523540682e-04
-2.033733638971968460e-04
-2.059695108369563599e-04
-2.085751442936212285e-04
-2.111847335268812742e-04
-2.138081126382695984e-04
-2.164482490065733344e-04
-2.191064878942494687e-04
-2.217838989716502951e-04
-2.244809902142153035e-04
-2.271980467432044293e-04
-2.299364103542922422e-04
-2.327106950940072139e-04
-2.354594816396105017e-04
-2.382191807693834207e-04
-2.409659082539539199e-04
-2.437110210581350245e-04
-2.464710534983982626e-04
-2.492359235654051375e-04
-2.519818474671087216e-04
-2.547170800264453305e-04
-2.574506639638762806e-04
-2.602363597949963747e-04
-2.629829041863596117e-04
-2.657148775934148333e-04
-2.684435537835261343e-04
-2.712167481884186770e-04
-2.739531993781740837e-04
-2.766770873388058050e-04
-2.793958503989335540e-04
-2.821681001525799815e-04
-2.848960830063029803e-04
-2.876157433666648444e-04
-2.903367293763947643e-04
-2.930904580960014272e-04
-2.958037400949686813e-04
-2.985082124143945137e-04
-3.012082346076638828e-04
-3.039110135558686920e-04
-3.066329600888151319e-04
-3.093526569922788738e-04
-3.120571555880191639e-04
-3.147571481061373078e-04
-3.174565493878622746e-04
-3.201615640824329034e-04
-3.229198085107354288e-04
-3.256402842766181749e-04
-3.283533430268326114e-04
-3.310769852079564757e-04
-3.338045081715534934e-04
-3.365569654175670777e-04
-3.392755710673878156e-04
-3.419936258499678416e-04
-3.447302951052888531e-04
-3.474579773373731584e-04
-3.501978251406745457e-04
-3.529254667046233251e-04
-3.556452661194198228e-04
-3.583653093489624908e-04
-3.610907575868349539e-04
-3.638441106250667190e-04
-3.665867952946655350e-04
-3.693227629730788664e-04
-3.720671834034350312e-04
-3.748123596994945572e-04
-3.775713155401705379e-04
-3.803439084820725569e-04
-3.831151504131158347e-04
-3.858686208610961899e-04
-3.886370245234083143e-04
-3.914040222282588743e-04
-3.941597765521054342e-04
-3.969217275535674716e-04
-3.996825465802933408e-04
-4.024406624325571613e-04
-4.052357699919628686e-04
-4.080024041672736246e-04
-4.107787075162683266e-04
-4.135420385444898983e-04
-4.163681959786780240e-04
-4.191511404568748489e-04
-4.219316093072578155e-04
-4.247773389576270375e-04
-4.275686148285107180e-04
-4.303628629619415946e-04
-4.331476156963498525e-04
-4.359253539268914679e-04
-4.387087970748604349e-04
-4.415228490985967369e-04
-4.443396173336999766e-04
-4.471531656763394480e-04
-4.499397275097294369e-04
-4.527364656534693665e-04
-4.555652690632072677e-04
-4.583769798487402625e-04
-4.611813612555026864e-04
-4.639902283767316504e-04
-4.668478840375023253e-04
-4.696778564794445998e-04
-4.724954991169871832e-04
-4.753484069223157249e-04
-4.781945901711770475e-04
-4.810480230966751591e-04
-4.839139105545786634e-04
-4.868598570860749319e-04
-4.897698884250845097e-04
-4.926756918294250553e-04
-4.955836684883418997e-04
-4.984879134982689308e-04
-5.013759728570432728e-04
-5.042723020999284600e-04
-5.071956520980025473e-04
-5.100947003155997805e-04
-5.129914023919157628e-04
-5.159215561204577583e-04
-5.188358870642506560e-04
-5.217269036805749494e-04
-5.246128515236092582e-04
-5.275127030046622423e-04
-5.303866974443183224e-04
-5.332818237527847671e-04
-5.361590498980106645e-04
-5.390855820096573936e-04
-5.419846713763387669e-04
-5.449194000359813828e-04
-5.478361765230976843e-04
-5.507422878664458565e-04
-5.536709030938835596e-04
-5.565735110701908184e-04
-5.594932426201681963e-04
-5.624127047866300799e-04
-5.653283600320913038e-04
-5.684084378881903987e-04
-5.713526650592548606e-04
-5.742919330550266821e-04
-5.772322902585225179e-04
-5.802035748890821409e-04
-5.831722055460453191e-04
-5.861526135833017292e-04
-5.891316829242931874e-04
-5.920898673826835434e-04
-5.951693298756888240e-04
-5.980970012683384240e-04
-6.010552791796408556e-04
-6.039885423225754835e-04
-6.069420757738308581e-04
-6.098538329787350776e-04
-6.127636974377903556e-04
-6.158413873983414888e-04
-6.187551473588737139e-04
-6.216844401188970082e-04
-6.245967343038172359e-04
-6.275176635338608477e-04
-6.304466417160758951e-04
-6.333750763619638846e-04
-6.362858049162589680e-04
-6.392116903378708415e-04
-6.421416268256319171e-04
-6.450800999635575295e-04
-6.480499909778947298e-04
-6.509591612338105904e-04
-6.538950665704312826e-04
-6.568076904754915901e-04
-6.597811148735255316e-04
-6.627178919222931341e-04
-6.656408101513022757e-04
-6.685763788835119570e-04
-6.715454431698297810e-04
-6.745187661677531921e-04
-6.775351109566951635e-04
-6.805232357149915146e-04
-6.834679723002334839e-04
-6.863954058228260990e-04
-6.893334666978612191e-04
-6.922737300578685193e-04
-6.952066622327723877e-04
-6.981507301090372763e-04
-7.011088466319925772e-04
-7.040639940052439982e-04
-7.070227006417129090e-04
-7.100375726605268056e-04
-7.131195620513341993e-04
-7.161117797345184499e-04
-7.190972886556012966e-04
-7.220856339102965649e-04
-7.250549346952128715e-04
-7.280212338802716232e-04
-7.309940898139188903e-04
-7.339662024276050190e-04
-7.369405330567291301e-04
-7.399243601264871018e-04
-7.429149258795231248e-04
-7.459135990025567153e-04
-7.489288535329485796e-04
-7.519707708851797179e-04
-7.550859772603724096e-04
-7.581684953261724758e-04
-7.612081874122100800e-04
-7.642445648584628159e-04
-7.672704788814765919e-04
-7.702913290121848888e-04
-7.733108605296745708e-04
-7.763292990581316388e-04
-7.793505857512927903e-04
-7.823769756404308495e-04
-7.854058775430550199e-04
-7.884393528571065346e-04
-7.914838626883469175e-04
-7.945377222883243107e-04
-7.975960083745903262e-04
-8.006809283347404715e-04
-8.038132150243182394e-04
-8.069729904472966453e-04
-8.100936908126410430e-04
-8.132215533522835216e-04
-8.163129345469810616e-04
-8.193906860111122015e-04
-8.224677014853076784e-04
-8.255432188828404350e-04
-8.286170572949780322e-04
-8.316964408722204993e-04
-8.347797764585163094e-04
-8.378578337190356606e-04
-8.409431218568963473e-04
-8.440445052266820625e-04
-8.471422372064996154e-04
-8.502408240218528590e-04
-8.533687224072661337e-04
-8.565256052962544331e-04
-8.597049842965498456e-04
-8.629235364318033064e-04
-8.661147699898785746e-04
-8.692843156591356646e-04
-8.724213923555490524e-04
-8.755624305389897444e-04
-8.787098777567337038e-04
-8.818467478234337520e-04
-8.849782595615751646e-04
-8.881186335686352962e-04
-8.912605755337921210e-04
-8.943991974974530024e-04
-8.975415612120229980e-04
-9.006922223624425072e-04
-9.038473405246216785e-04
-9.070071187449180172e-04
-9.101833623389454786e-04
-9.133579071406439098e-04
-9.165281218501686311e-04
-9.197017899450488088e-04
-9.228897166533300833e-04
-9.260816047778064330e-04
-9.292733673049724530e-04
-9.324821694119966864e-04
-9.357134096636965381e-04
-9.389546477728272222e-04
-9.422220551291715651e-04
-9.455522042415287487e-04
-9.488577559305655384e-04
-9.521254783900756635e-04
-9.553800120356559233e-04
-9.586290532099805972e-04
-9.618703676240736300e-04
-9.651107502169908869e-04
-9.683573501413356155e-04
-9.716094968550414990e-04
-9.748733118027930189e-04
-9.781568324400691239e-04
-9.814403429146967284e-04
-9.847306608302686115e-04
-9.880335867614720158e-04
-9.913655681503819039e-04
-9.947690246776552669e-04
-1.000465711160747340e-03
-1.004002700371042778e-03
-1.007441224204264074e-03
-1.010841612754220797e-03
-1.014230065929599967e-03
-1.017590529148293399e-03
-1.020949900377710051e-03
-1.024317810107366888e-03
-1.027730900885814869e-03
-1.031071123390736588e-03
-1.034377290115684467e-03
-1.037685561906864784e-03
-1.041001421029585927e-03
-1.044296547815015686e-03
-1.047600822111860452e-03
-1.050939916269588714e-03
-1.054318398488018893e-03
-1.057635050365823837e-03
-1.060946861394795881e-03
-1.064263212485427879e-03
-1.067578842462446609e-03
-1.070909007049203332e-03
-1.074246136603895785e-03
-1.077603353237810424e-03
-1.081050417028550648e-03
-1.084499745160671935e-03
-1.087917249016023824e-03
-1.091381646814548745e-03
-1.094900690497002671e-03
-1.098499444584177809e-03
-1.102259142908845746e-03
-1.105895487904184904e-03
-1.109500599653090447e-03
-1.113059622854573050e-03
-1.116563521978863882e-03
-1.120062650550868177e-03
-1.123520907105657329e-03
-1.126959606206456854e-03
-1.130414933932066823e-03
-1.133920577731095669e-03
-1.137366167058284638e-03
-1.140800558039556378e-03
-1.144221601021233603e-03
-1.147628459408411850e-03
-1.151034114948989995e-03
-1.154436851768303463e-03
-1.157842579935453031e-03
-1.161248476338472280e-03
-1.164654421480726398e-03
-1.168066436941339603e-03
-1.171479949664600007e-03
-1.174896972428118858e-03
-1.178330308047037533e-03
-1.181775876960777794e-03
-1.185230519853419651e-03
-1.188748808971684667e-03
-1.192325444621666897e-03
-1.195848661757370479e-03
-1.199432065806194103e-03
-1.202970706438266646e-03
-1.206426951633865485e-03
-1.209884774885039427e-03
-1.213347802298314626e-03
-1.216789429444808945e-03
-1.220234547687715221e-03
-1.223695848899142291e-03
-1.227148064506855540e-03
-1.230613024475579742e-03
-1.234093642792255530e-03
-1.237597187772387919e-03
-1.241128702494598279e-03
-1.244750272381356382e-03
-1.248317799800169325e-03
-1.251849984597153131e-03
-1.255389268405959768e-03
-1.258939728778996070e-03
-1.262482314051904808e-03
-1.266097719936354338e-03
-1.269750805805158755e-03
-1.273346941415787192e-03
-1.276974273769271306e-03
-1.280660806555200537e-03
-1.284383396719879222e-03
-1.288229757221426297e-03
-1.292136138204225126e-03
-1.296026492998647583e-03
-1.299960237387542961e-03
-1.303895066554927595e-03
-1.307863691003996465e-03
-1.311878604043914542e-03
-1.315870247530548376e-03
-1.319903040144287942e-03
-1.323961311699428656e-03
-1.327995588084496248e-03
-1.332056474744880425e-03
-1.336136661423514838e-03
-1.340230981484946682e-03
-1.344294165932735652e-03
-1.348398635747427576e-03
-1.352496222729815400e-03
-1.356663619706988122e-03
-1.360796617037252076e-03
-1.364919862560154407e-03
-1.369035944022156670e-03
-1.373157760339638322e-03
-1.377301737494729394e-03
-1.381475355940575689e-03
-1.385663232709388737e-03
-1.389860097687267704e-03
-1.394112632212007874e-03
-1.398414016596571940e-03
-1.402729724060081118e-03
-1.407095992662643624e-03
-1.411496477408014094e-03
-1.415888503011997201e-03
-1.420315322075205167e-03
-1.424732551466689756e-03
-1.429183645861420437e-03
-1.433647337920840314e-03
-1.438410892238617400e-03
-1.443184139436115565e-03
-1.447866672201536531e-03
-1.452531263140599549e-03
-1.457271148606387179e-03
-1.462204103927944310e-03
-1.467270392446873295e-03
-1.472291969495831410e-03
-1.477420200734824718e-03
-1.482718870633781272e-03
-1.488005338465492322e-03
-1.493306421608830981e-03
-1.498714894178965196e-03
-1.504343203676761220e-03
-1.509982365164419527e-03
-1.515469305270245037e-03
-1.520851181467608448e-03
-1.526217551100716996e-03
-1.531578342872874643e-03
-1.536920491622573159e-03
-1.542258738488455627e-03
-1.547552708206945127e-03
-1.552842013229249751e-03
-1.558143085842123021e-03
-1.563445376443040047e-03
-1.568764803452360468e-03
-1.574119189757916537e-03
-1.579511699520641521e-03
-1.584944519988917833e-03
-1.590436403871797744e-03
-1.595955531542569972e-03
-1.601496708911964717e-03
-1.607066956128999635e-03
-1.612691326302928552e-03
-1.618489603072759131e-03
-1.624345522912906681e-03
-1.630152665733519690e-03
-1.635960927683921540e-03
-1.641731994157180630e-03
-1.647538899370748489e-03
-1.653274538785165504e-03
-1.659067851893847312e-03
-1.664943681121910934e-03
-1.670802816751471020e-03
-1.676629923206607309e-03
-1.682438833634058994e-03
-1.688253120373017779e-03
-1.694074893197949905e-03
-1.699925622625553245e-03
-1.705787487101817490e-03
-1.711667310882902804e-03
-1.717580443917898769e-03
-1.723493389974684042e-03
-1.729430226359518485e-03
-1.735425069056883984e-03
-1.741426575079696448e-03
-1.747423758355348689e-03
-1.753416348136194181e-03
-1.759433455228220922e-03
-1.765449229501059314e-03
-1.771495182341764618e-03
-1.777530510774893990e-03
-1.783663647823119369e-03
-1.789748072266506007e-03
-1.795862747950294214e-03
-1.801993216195896252e-03
-1.808127351571875430e-03
-1.814263132689730718e-03
-1.820406558784570805e-03
-1.826552326365638024e-03
-1.832700969264022817e-03
-1.838893384099482553e-03
-1.845076822056701538e-03
-1.851271707935531197e-03
-1.857469545176515524e-03
-1.863717858255231619e-03
-1.869949559775707648e-03
-1.876246035187323358e-03
-1.882515900103465256e-03
-1.888851270476776811e-03
-1.895170369053067461e-03
-1.901638502710412126e-03
-1.908114207754940672e-03
-1.914683828946439625e-03
-1.921086989790099508e-03
-1.927634358537932968e-03
-1.934069044662201087e-03
-1.940643309620404544e-03
-1.947160079796894649e-03
-1.953846978451467820e-03
-1.960614559295859038e-03
-1.967299922575271864e-03
-1.973929088871395621e-03
-1.980591945602183657e-03
-1.987244321954184656e-03
-1.993932327288394646e-03
-2.000649389084285801e-03
-2.007412394782415177e-03
-2.014298518121626635e-03
-2.021148200023303865e-03
-2.028026036894337025e-03
-2.034905685716292822e-03
-2.041861219828411400e-03
-2.048802505908442484e-03
-2.055842679182906529e-03
-2.062845885781539046e-03
-2.070009161505126372e-03
-2.077082435739896482e-03
-2.084352066541672599e-03
-2.091496937941972334e-03
-2.098836438709894558e-03
-2.106086146357655231e-03
-2.113455789069629276e-03
-2.120791031975488572e-03
-2.128233785872124528e-03
-2.135762266051055569e-03
-2.143461340565200324e-03
-2.152058970840697860e-03
-2.160301747515136483e-03
-2.168699810846108633e-03
-2.177138233485309549e-03
-2.185614549424008679e-03
-2.193952266508203408e-03
-2.202283936977078582e-03
-2.210599901039445037e-03
-2.218921718316724245e-03
-2.227314613868602855e-03
-2.235805291631143277e-03
-2.244483209875469676e-03
-2.253083670263666960e-03
-2.261765659577030796e-03
-2.270467965751143957e-03
-2.279248902253949716e-03
-2.288162891452616421e-03
-2.297232644867364115e-03
-2.306717540834113400e-03
-2.316497446540388694e-03
-2.326480477650938461e-03
-2.337154683414000012e-03
-2.349615444440900092e-03
-2.361679430527563461e-03
-2.373272828416150837e-03
-2.385144316786047547e-03
-2.397305437938701544e-03
-2.410696365244158201e-03
-2.425015820289200263e-03
-2.440697598563468240e-03
-2.456477222592901022e-03
-2.471461877072145263e-03
-2.485962068332403518e-03
-2.500709122479127799e-03
-2.515584228523382038e-03
-2.529057858241645640e-03
-2.542136905799408098e-03
-2.554876855845322758e-03
-2.567509940007095537e-03
-2.579964901464948390e-03
-2.592472635685849625e-03
-2.604726117135913732e-03
-2.617108694512593203e-03
-2.629445460173740479e-03
-2.642031420145074527e-03
-2.654913042697604197e-03
-2.668460566896513342e-03
-2.682673310986039006e-03
-2.695581706254834842e-03
-2.708120166564742526e-03
-2.720252618723884019e-03
-2.732316662481748537e-03
-2.744403569146736110e-03
-2.756965752538698133e-03
-2.770357001235401739e-03
-2.782744825702287983e-03
-2.794993383404942300e-03
-2.807354531455197311e-03
-2.819495145531702995e-03
-2.831672226619952326e-03
-2.843366023471349813e-03
-2.854451349529329995e-03
-2.865119760882883782e-03
-2.875557633637448873e-03
-2.885865801849574197e-03
-2.896123631119795760e-03
-2.906381219984544018e-03
-2.916670574849677955e-03
-2.927053991648831399e-03
-2.937507369567549098e-03
-2.948237165550260386e-03
-2.959164517214674106e-03
-2.970854342536299875e-03
-2.982203495131452442e-03
-2.993428343558424132e-03
-3.005138778851557113e-03
-3.016322427937812023e-03
-3.027536571349243033e-03
-3.038913473230042683e-03
-3.050373761073754686e-03
-3.061896541250996862e-03
-3.073634487133269921e-03
-3.087533968176070509e-03
-3.099559042558541755e-03
-3.111250703243473303e-03
-3.122862087764577410e-03
-3.134374465871059279e-03
-3.146000606530474641e-03
-3.157614829359167707e-03
-3.169428165761600802e-03
-3.181319763456480487e-03
-3.193542441775942820e-03
-3.206058730979455262e-03
-3.219053120340764629e-03
-3.232792901139647235e-03
-3.247689874096182372e-03
-3.263740114956781291e-03
-3.279645227493133142e-03
-3.294839393521598048e-03
-3.311458308406289852e-03
-3.325634919629338881e-03
-3.339544424382112631e-03
-3.353066973200702350e-03
-3.366304859040769593e-03
-3.379494175877462148e-03
-3.392785174949675131e-03
-3.406675816181592431e-03
-3.422204200229428395e-03
-3.436651471841467576e-03
-3.451573271697871981e-03
-3.468814889243221344e-03
-3.484353294794795275e-03
-3.499195792535547689e-03
-3.513104458521154605e-03
-3.526581674363482577e-03
-3.539895866053410778e-03
-3.553475741665090837e-03
-3.567755768171920749e-03
-3.583007655781123013e-03
-3.599618322531195069e-03
-3.613245703183110002e-03
-3.626175319683122567e-03
-3.639469036448739203e-03
-3.653983738655774971e-03
-3.667546007871891334e-03
-3.681354155108729209e-03
-3.696231870952915166e-03
-3.713903577783672638e-03
-3.727791249408252128e-03
-3.740500843966265698e-03
-3.752930314480984464e-03
-3.765311296222928483e-03
-3.777871753357087137e-03
-3.790917021520789909e-03
-3.805114595744729655e-03
-3.822579400836634278e-03
-3.842734360493094137e-03
-3.858123785643097214e-03
-3.873074161976797214e-03
-3.887724501395517507e-03
-3.902294607347367439e-03
-3.917242632634154731e-03
-3.932351225839680886e-03
-3.947410663304062872e-03
-3.962352355783571589e-03
-3.977179432181454644e-03
-3.991985984588719560e-03
-4.006763812229863220e-03
-4.021719097517695296e-03
-4.036809380952077753e-03
-4.051503432011771544e-03
-4.066004678188295252e-03
-4.080449373305095051e-03
-4.094728336507147404e-03
-4.108813657784926576e-03
-4.122702904908015498e-03
-4.136143477138420899e-03
-4.149303984151697655e-03
-4.162280607086343842e-03
-4.175083735012741215e-03
-4.187900252359599840e-03
-4.200841444453207174e-03
-4.213925848609023639e-03
-4.227224720391942192e-03
-4.240662456434063365e-03
-4.254199652752976846e-03
-4.267869945969837708e-03
-4.281687353235530402e-03
-4.295642538250876719e-03
-4.309662209763587271e-03
-4.323558718249742583e-03
-4.337169569837984184e-03
-4.350511710781712615e-03
-4.363265315731390537e-03
-4.375699824797463222e-03
-4.388032285974508007e-03
-4.400296701820294309e-03
-4.412675712959335250e-03
-4.425252925076339494e-03
-4.437974415422929475e-03
-4.450891500853537686e-03
-4.464176602663849636e-03
-4.477698539936514344e-03
-4.491548226825847756e-03
-4.505716982934560022e-03
-4.520033798354305965e-03
-4.534282005779544100e-03
-4.548099437043706672e-03
-4.561294813205885035e-03
-4.574066507042395813e-03
-4.586532206735549622e-03
-4.598880986784292801e-03
-4.611425547226821742e-03
-4.624021607171457937e-03
-4.636893534088026847e-03
-4.650303948145362298e-03
-4.663991420317370462e-03
-4.678430462129568035e-03
-4.694329396085827888e-03
-4.709662067698627830e-03
-4.724947866326822954e-03
-4.740252390794341686e-03
-4.755146468534587889e-03
-4.769324264576324524e-03
-4.782894143310012502e-03
-4.795896144968003760e-03
-4.808607111098539555e-03
-4.821413959920306525e-03
-4.834342988501272309e-03
-4.847677244536940933e-03
-4.861412349657978638e-03
-4.875581675253481961e-03
-4.890342199362351927e-03
-4.905654043330875957e-03
-4.921074793661439628e-03
-4.936161039577946497e-03
-4.950517758032013660e-03
-4.964227671991561230e-03
-4.977955529991806571e-03
-4.991113275040426345e-03
-5.004442900168881714e-03
-5.018068693568800143e-03
-5.032010961084965039e-03
-5.046455820761019950e-03
-5.061147636903906566e-03
-5.076151956434404866e-03
-5.091379060890188768e-03
-5.106538880567668137e-03
-5.121407049433424064e-03
-5.135973921685188515e-03
-5.150451590470450647e-03
-5.165234366880877559e-03
-5.180086121149063416e-03
-5.195288133848952050e-03
-5.210983155719328686e-03
-5.227328277148446389e-03
-5.244628860609723553e-03
-5.263306055898198110e-03
-5.285676079035295238e-03
-5.311147566454121893e-03
-5.328255336828680022e-03
-5.342782256710254529e-03
-5.356225597115682469e-03
-5.369148059848227739e-03
-5.381760059107176808e-03
-5.394094336360955033e-03
-5.406264518465819791e-03
-5.418386695463239811e-03
-5.430411375848653854e-03
-5.442393826643132648e-03
-5.454431217485233852e-03
-5.466425775834671263e-03
-5.478510702691452572e-03
-5.491244152734053863e-03
-5.503613284313146892e-03
-5.515909558964637860e-03
-5.528358017333090402e-03
-5.540892386818208060e-03
-5.553698865366829551e-03
-5.567045056830033367e-03
-5.580768507630451403e-03
-5.595232706556596547e-03
-5.610552837065796439e-03
-5.627078794634199355e-03
-5.646087767112950573e-03
-5.667036884833831500e-03
-5.693029336057642276e-03
-5.713598382705797896e-03
-5.731397466997245616e-03
-5.747085608461599548e-03
-5.762097326934001451e-03
-5.777378673810007470e-03
-5.791523630934380940e-03
-5.805173824304787900e-03
-5.819523436201956557e-03
-5.837310337601042676e-03
-5.865723670937628142e-03
-5.891484790508827452e-03
-5.932488511594669056e-03
-5.957616638384899410e-03
-5.980103921503054920e-03
-6.005612487322453674e-03
-6.040637994430997360e-03
-6.063513869658532229e-03
-6.086326565422739421e-03
-6.118431591570550054e-03
-6.145396691081606022e-03
-6.169489768895641824e-03
-6.197970087755910740e-03
-6.233330128945224757e-03
-6.258016489430362483e-03
-6.285863866210772422e-03
-6.311103368632275945e-03
-6.338403706110273816e-03
-6.364464954924931028e-03
-6.388397556065683602e-03
-6.413859899789597918e-03
-6.437040680106975721e-03
-6.466282511983112435e-03
-6.489291436052813111e-03
-6.521648576021221722e-03
-6.543236662873930243e-03
-6.580826194373612381e-03
-6.602957779003659766e-03
-6.652497543406132863e-03
-6.674330119564086949e-03
-6.714227460644650591e-03
-6.735535276448878506e-03
-6.768796975510027458e-03
-6.791328258264228701e-03
-6.820160087715243513e-03
-6.842582085205495268e-03
-6.867446216188510810e-03
-6.890732844083258257e-03
-6.915399347046657930e-03
-6.941316327075508497e-03
-6.964328611879011532e-03
-6.991493213823751773e-03
-7.013294833769001535e-03
-7.045498510031000805e-03
-7.067531809707650048e-03
-7.109950101828577118e-03
-7.131404213637115852e-03
-7.177178409395024161e-03
-7.198660411001589488e-03
-7.235916050252311216e-03
-7.258119900199311303e-03
-7.288074143490197443e-03
-7.310372578671064936e-03
-7.336481320160070929e-03
-7.359858480180281326e-03
-7.384759062062817847e-03
-7.410058281228204535e-03
-7.433444249475673615e-03
-7.460112021832054907e-03
-7.482561314550273401e-03
-7.513139140474578426e-03
-7.535714131075899047e-03
-7.574123583885761235e-03
-7.596175181833642043e-03
-7.642604367600891457e-03
-7.664509556626009079e-03
-7.707583872470946673e-03
-7.730151011470232092e-03
-7.763955528027888242e-03
-7.786462571827024171e-03
-7.814663154629752917e-03
-7.837967228361386596e-03
-7.864811096372381627e-03
-7.890013235374415679e-03
-7.914882267615164224e-03
-7.940618492054185573e-03
-7.964174677501878463e-03
-7.993458781688778103e-03
-8.019884781730879375e-03
-8.053852200203381884e-03
-8.077296172145698172e-03
-8.107057377352178129e-03
-8.130711629814491026e-03
-8.160271496500559607e-03
-8.185864577464729841e-03
-8.215778952230357035e-03
-8.240712331353039488e-03
-8.267996127756194191e-03
-8.293137273933548492e-03
-8.321437923732522002e-03
-8.349306292144587083e-03
-8.379958585203350907e-03
-8.408362013231474030e-03
-8.437397109678723695e-03
-8.462604872320422800e-03
-8.490663775838069860e-03
-8.515960880776440867e-03
-8.546613950660808534e-03
-8.571939230937797305e-03
-8.603184013002085351e-03
-8.627510788654202400e-03
-8.659939322641641013e-03
-8.684245626687236985e-03
-8.720050334566242789e-03
-8.744399004782965612e-03
-8.781887661465925810e-03
-8.804559572271775103e-03
-8.842513056225187462e-03
-8.865800758819375460e-03
-8.913348120753283865e-03
-8.937298412361793787e-03
-8.985585780955984703e-03
-9.008468275833347860e-03
-9.056562781248445049e-03
-9.081134146677993790e-03
-9.131314382984534461e-03
-9.155825238097659025e-03
-9.198692128450591809e-03
-9.221737752580838610e-03
-9.263677820302795851e-03
-9.287331665391307389e-03
-9.328893189013642839e-03
-9.352177808509276602e-03
-9.389312509775815663e-03
-9.412074183904550750e-03
-9.449680509592939259e-03
-9.473540923212842024e-03
-9.510450602644660023e-03
-9.533720209764728892e-03
-9.566744931779225247e-03
-9.589930655438227980e-03
-9.624807509561739138e-03
-9.649062231454452743e-03
-9.681630675579033785e-03
-9.704722705745849609e-03
-9.735513669034911999e-03
-9.759234105567449191e-03
-9.791592357160427973e-03
-9.815642275528446703e-03
-9.845244750009030099e-03
-9.868373851763423410e-03
-9.897771299876567674e-03
-9.921890880781769617e-03
-9.951796390828770988e-03
-9.975758715021432188e-03
-1.000344606092284927e-02
-1.002765769922353556e-02
-1.005652963245884379e-02
-1.008074839105099763e-02
-1.011005962097855093e-02
-1.013365887869255300e-02
-1.016208123197448465e-02
-1.018534290310668666e-02
-1.021508252814851136e-02
-1.023890652463488316e-02
-1.026941366821509938e-02
-1.029308210530255341e-02
-1.032357478052892130e-02
-1.034740472571993308e-02
-1.037944257376777202e-02
-1.040410964020410667e-02
-1.043823776903629597e-02
-1.046387599088371978e-02
-1.050617691984467861e-02
-1.053472040298297774e-02
-1.058600123480690769e-02
-1.061450478810976872e-02
-1.067048783787583055e-02
-1.069823893527932501e-02
-1.074591205788466564e-02
-1.077183360492828257e-02
-1.082269177597028342e-02
-1.084869438581292922e-02
-1.089766623914345534e-02
-1.092183067504104432e-02
-1.096632456826451829e-02
-1.099132791556645117e-02
-1.104249299307091814e-02
-1.106803307251169599e-02
-1.111391072485323761e-02
-1.113762497882742064e-02
-1.118165766831435981e-02
-1.120819033533726472e-02
-1.125982779487444407e-02
-1.128814606777295282e-02
-1.134028873544457028e-02
-1.137122727442874126e-02
-1.142396353239372164e-02
-1.144996737271875009e-02
-1.148990859952592203e-02
-1.151612936305967949e-02
-1.155193555384370629e-02
-1.157888059156853000e-02
-1.160786496999999251e-02
-1.163379215033377712e-02
-1.166118438573493510e-02
-1.169133075490247364e-02
-1.171890397832531239e-02
-1.175104535390680827e-02
-1.177558117143251426e-02
-1.181134843698949943e-02
-1.183724368461369636e-02
-1.188793373374696927e-02
-1.191235499731013725e-02
-1.195365035890338934e-02
-1.197843626840544573e-02
-1.201785128229659882e-02
-1.204521993832974314e-02
-1.207713761999495983e-02
-1.210670146751136045e-02
-1.213865509025491285e-02
-1.216714490620296463e-02
-1.219746317752035125e-02
-1.222741204031252416e-02
-1.225711344662872015e-02
-1.228599292342835714e-02
-1.231278700411975180e-02
-1.234065289765018392e-02
-1.236616810647872544e-02
-1.239383284378614558e-02
-1.241975221190472212e-02
-1.245027565150036430e-02
-1.247536504518897971e-02
-1.250387415855425122e-02
-1.252757328936304759e-02
-1.255912000633097048e-02
-1.258505903867257469e-02
-1.261992785156618169e-02
-1.264367972926638828e-02
-1.267649444232665790e-02
-1.270177082499601706e-02
-1.274233381254041841e-02
-1.276920284591298582e-02
-1.281319056979746129e-02
-1.284088844833175536e-02
-1.288652090433362041e-02
-1.291265133978103385e-02
-1.296167495738842490e-02
-1.298817732879475884e-02
-1.303992829859390579e-02
-1.306624598174555008e-02
-1.311631106797639390e-02
-1.314128939640579752e-02
-1.318229818035054901e-02
-1.320642162336638226e-02
-1.324902777169800761e-02
-1.327473502667730898e-02
-1.330925607111244080e-02
-1.333225674372073843e-02
-1.336380145826743249e-02
-1.338937814275398264e-02
-1.342235179326578542e-02
-1.344741501837154463e-02
-1.347382627141491263e-02
-1.349861515498673725e-02
-1.352766262786186946e-02
-1.355622757989904947e-02
-1.358591770889161499e-02
-1.361172532657406453e-02
-1.364212556220800732e-02
-1.366791266828748519e-02
-1.370273701236424113e-02
-1.372842321631750906e-02
-1.377073394493610881e-02
-1.379868038304798983e-02
-1.385226911526848959e-02
-1.388139258192278014e-02
-1.392951937503383864e-02
-1.395611631239113137e-02
-1.399533311685130510e-02
-1.402092783725206182e-02
-1.405610139438129291e-02
-1.408264051618324242e-02
-1.411310488422834464e-02
-1.413790679421178531e-02
-1.416421808160717166e-02
-1.419175129993066609e-02
-1.421902399838137487e-02
-1.424895236445988811e-02
-1.427414312681674069e-02
-1.430582907447652818e-02
-1.433078848269309091e-02
-1.437219070583828362e-02
-1.439775624562356082e-02
-1.444689426216072548e-02
-1.447434980985229380e-02
-1.452210040545987013e-02
-1.455315301410720075e-02
-1.458863541347898973e-02
-1.462073954570686229e-02
-1.466906949844304364e-02
-1.469707177083634519e-02
-1.474496883614706544e-02
-1.477176447202366294e-02
-1.480352862864731112e-02
-1.482834726579385087e-02
-1.486246704411431363e-02
-1.488867000059557189e-02
-1.492362185265372343e-02
-1.494812402303991039e-02
-1.498483379870119148e-02
-1.501074625199438906e-02
-1.505050172262156760e-02
-1.507791445002992781e-02
-1.510298067090398710e-02
-1.515373166753730683e-02
-1.517970771039867106e-02
-1.520627050474609998e-02
-1.524304547906996099e-02
-1.526826833734462596e-02
-1.529875710252381893e-02
-1.532867688645900284e-02
-1.535363061094152659e-02
-1.539061865492952208e-02
-1.541792714077816484e-02
-1.544292572597649738e-02
-1.549106123021559700e-02
-1.551708839791199335e-02
-1.554348794747695273e-02
-1.558733310862625565e-02
-1.561245447111359042e-02
-1.564129077927456368e-02
-1.567810406625358421e-02
-1.570312806927076643e-02
-1.573436957443186124e-02
-1.576868788963936563e-02
-1.579559988237122514e-02
-1.582872421971703858e-02
-1.585893041693720029e-02
-1.588748843970977376e-02
-1.592984763761617906e-02
-1.595586345570221276e-02
-1.598239199895590268e-02
-1.603640596186273193e-02
-1.606185199898979565e-02
-1.608771548282328379e-02
-1.613091578609959775e-02
-1.615704221808400565e-02
-1.618474500558242379e-02
-1.621875139401840471e-02
-1.624436762649683619e-02
-1.627425099359647298e-02
-1.630433546924769939e-02
-1.632897798017063362e-02
-1.636270291798136434e-02
-1.639182542414607813e-02
-1.641604893291481737e-02
-1.645566304493606413e-02
-1.648392088167505154e-02
-1.650843544908353611e-02
-1.654444111693276209e-02
-1.657547154221949981e-02
-1.659967811123397308e-02
-1.663035038332094651e-02
-1.666603683049094897e-02
-1.669074701731065868e-02
-1.671874444917409441e-02
-1.676394312013285148e-02
-1.678991262803342099e-02
-1.681612351329064836e-02
-1.686686585873808930e-02
-1.689505373917954412e-02
-1.692040442939635181e-02
-1.695712509629798692e-02
-1.698949826577600408e-02
-1.701502783453279211e-02
-1.704565542940139622e-02
-1.708773980896183264e-02
-1.711492081313803482e-02
-1.714352985228950743e-02
-1.719769902844958676e-02
-1.722951486876378446e-02
-1.725869441518323999e-02
-1.729806290233981692e-02
-1.733374857170522088e-02
-1.736155868675726133e-02
-1.739186921431712385e-02
-1.743231788299415275e-02
-1.745954758024981235e-02
-1.748693823265534686e-02
-1.754179549238787938e-02
-1.757103471723830967e-02
-1.760930599062227042e-02
-1.767494781023626338e-02
-1.769882370457742660e-02
-1.776403391720660085e-02
-1.778780614459773979e-02
-1.785487961401654999e-02
-1.787884588997468160e-02
-1.794165977680517443e-02
-1.796552055202393916e-02
-1.802041783163688127e-02
-1.804482409204155591e-02
-1.809246533728547934e-02
-1.812339140807284199e-02
-1.814767711752729440e-02
-1.817777310202173258e-02
-1.820990684977641383e-02
-1.823420220384719403e-02
-1.827592549711842818e-02
-1.830144456906490635e-02
-1.832592758356865748e-02
-1.835746404380611541e-02
-1.838809170027788653e-02
-1.841213354446591399e-02
-1.843799008063129463e-02
-1.847832436555973956e-02
-1.850412998913819607e-02
-1.852764649710714195e-02
-1.855835891724177955e-02
-1.858740943741798990e-02
-1.861072912949568448e-02
-1.863756631480961712e-02
-1.866937669956414414e-02
-1.869250272731637352e-02
-1.871754298689909390e-02
-1.876229430130971210e-02
-1.878586591997799538e-02
-1.881008303510767199e-02
-1.887330554735677790e-02
-1.889780753707381855e-02
-1.892209953158952018e-02
-1.895638181336734007e-02
-1.898257181211948641e-02
-1.900664163275689322e-02
-1.904356009095009572e-02
-1.906977295626677282e-02
-1.909457606301290244e-02
-1.913537819110366911e-02
-1.916225578661556739e-02
-1.918885446438611808e-02
-1.923448979149799953e-02
-1.926110424274618538e-02
-1.928806424858653390e-02
-1.934238375562014056e-02
-1.936885753200889848e-02
-1.939507808231433206e-02
-1.945825409971324582e-02
-1.948339455362757544e-02
-1.951012585036004943e-02
-1.954103260215778182e-02
-1.956541002127631934e-02
-1.959938142366324243e-02
-1.962459573377306477e-02
-1.964998613794355364e-02
-1.968680449479953687e-02
-1.971124026265236306e-02
-1.975358573347008040e-02
-1.977889365679152966e-02
-1.981159953866118428e-02
-1.983729605927930795e-02
-1.986577248536691709e-02
-1.989103646268564063e-02
-1.992006778455746030e-02
-1.994714229794924965e-02
-1.997528523065805750e-02
-2.000466979867521200e-02
-2.002993372185690735e-02
-2.009388595518846188e-02
-2.012112679199762333e-02
-2.014670931083206717e-02
-2.021147584261950847e-02
-2.023637708744818742e-02
-2.026320751280630272e-02
-2.032266635210400185e-02
-2.035059223079105362e-02
-2.037628070393737723e-02
-2.040355607088828460e-02
-2.043976078158526999e-02
-2.048669910810729800e-02
-2.051537625724830782e-02
-2.054091566855131834e-02
-2.056670422144768473e-02
-2.059805030108419199e-02
-2.065349132609139993e-02
-2.068269166827207961e-02
-2.070881517886447032e-02
-2.073489266549233268e-02
-2.076415841282608366e-02
-2.082890435911854965e-02
-2.086016748555274969e-02
-2.088759606880885578e-02
-2.091633759402999893e-02
-2.095340985475147022e-02
-2.099028985471718123e-02
-2.102356432951002496e-02
-2.104944582598622382e-02
-2.107486927167645518e-02
-2.110310605202925238e-02
-2.114999286439633863e-02
-2.118385901702402041e-02
-2.121001079992490546e-02
-2.123499553772478787e-02
-2.126223113796410491e-02
-2.131642268146671793e-02
-2.134689443163484412e-02
-2.137310789766289076e-02
-2.139854052317879951e-02
-2.142685366978991368e-02
-2.148868988019114745e-02
-2.151771915774314259e-02
-2.154277547927041514e-02
-2.156835845936744267e-02
-2.159875678815748046e-02
-2.167604363097141995e-02
-2.170725863701017389e-02
-2.173313748552829772e-02
-2.175812604769244984e-02
-2.178623139435587053e-02
-2.185624941943264954e-02
-2.188452188220180172e-02
-2.190983137945323733e-02
-2.193556277944852528e-02
-2.196577006173405788e-02
-2.203061547757523275e-02
-2.205916309127298192e-02
-2.208449613012397617e-02
-2.211058531362575241e-02
-2.214263003037464372e-02
-2.220357404564288206e-02
-2.223344771895452432e-02
-2.225973564392635939e-02
-2.228603142000940007e-02
-2.231722058758689453e-02
-2.236424112745671877e-02
-2.239345275022874837e-02
-2.242220033564934489e-02
-2.245169271388014476e-02
-2.248845285012124329e-02
-2.253325876905709624e-02
-2.256217022014905815e-02
-2.258959407074634385e-02
-2.261816969852414871e-02
-2.265334017144038370e-02
-2.270625794452330037e-02
-2.273598233677798230e-02
-2.276229906305515804e-02
-2.278872228351980223e-02
-2.281994761971795072e-02
-2.289169044956851362e-02
-2.292266478647331240e-02
-2.294957603225444842e-02
-2.297595985812228570e-02
-2.300503816100318843e-02
-2.307347782392366042e-02
-2.310301317326535209e-02
-2.312928559389471062e-02
-2.315569650824977899e-02
-2.318518754756171418e-02
-2.324390420631217147e-02
-2.327545046245849125e-02
-2.330142418964664675e-02
-2.332673977015387035e-02
-2.335510199959356381e-02
-2.340612946025932839e-02
-2.344007009645865391e-02
-2.346648204949575156e-02
-2.349115619966124502e-02
-2.351693786433950439e-02
-2.355672733052416312e-02
-2.358788849153692357e-02
-2.361318078220131511e-02
-2.363819439435632663e-02
-2.366579150727809999e-02
-2.370832917018839137e-02
-2.374382163977462046e-02
-2.377004193562770595e-02
-2.379483834101392414e-02
-2.382166453226208791e-02
-2.386169903880852594e-02
-2.389916743973330426e-02
-2.392675142133293686e-02
-2.395224752889257847e-02
-2.397829283574859360e-02
-2.401264130194558089e-02
-2.404851869952273624e-02
-2.407471318174236874e-02
-2.410020848507898883e-02
-2.412777538325039384e-02
-2.416410746525399222e-02
-2.421074493835306818e-02
-2.423981853476553372e-02
-2.426726042693660990e-02
-2.429838670629891340e-02
-2.433502327071501714e-02
-2.439694591035213023e-02
-2.442783891295585708e-02
-2.445448640726288758e-02
-2.448036059037683732e-02
-2.450859104787617149e-02
-2.456964000838912643e-02
-2.460084172218945930e-02
-2.462744567696717457e-02
-2.465385440555944996e-02
-2.468265193661267620e-02
-2.471924612000497845e-02
-2.479550075294911782e-02
-2.482992011526918841e-02
-2.485853061737386405e-02
-2.488546839163485735e-02
-2.491345747784057263e-02
-2.494894118486357115e-02
-2.499904081804604772e-02
-2.502866881839660440e-02
-2.505491251919766960e-02
-2.508064577151569718e-02
-2.510826259756582246e-02
-2.514614387686919805e-02
-2.518896298314743376e-02
-2.521819303071259899e-02
-2.524383777679173324e-02
-2.526894449638839024e-02
-2.529630171613295175e-02
-2.533892134664306184e-02
-2.537429068086860529e-02
-2.540072307355378811e-02
-2.542555911616661835e-02
-2.545098994439842777e-02
-2.548016934349095486e-02
-2.553890082257548322e-02
-2.557129456492268638e-02
-2.559732334994946346e-02
-2.562237509671372315e-02
-2.564924373442711847e-02
-2.568325026465023697e-02
-2.576266661699699867e-02
-2.579794267107760053e-02
-2.582842887299707790e-02
-2.585754190015820964e-02
-2.588691900523432121e-02
-2.592135826088537431e-02
-2.597955815609220842e-02
-2.600989339538950507e-02
-2.603670897059340295e-02
-2.606319957208591553e-02
-2.609178083687280214e-02
-2.613285505129281372e-02
-2.616954292470052845e-02
-2.619624549557220128e-02
-2.622135289698668270e-02
-2.624799913424646913e-02
-2.628445692187086902e-02
-2.632508021099022599e-02
-2.635234552014709131e-02
-2.637753142140630835e-02
-2.640387371649755011e-02
-2.643789652552075431e-02
-2.648694022530617698e-02
-2.651599679507610219e-02
-2.654223835881819316e-02
-2.656866332250906737e-02
-2.659930746818528480e-02
-2.665856898351370852e-02
-2.669152345118686043e-02
-2.672337580748851416e-02
-2.675369728343157671e-02
-2.678650883451449971e-02
-2.685631857897741170e-02
-2.688651650127882320e-02
-2.691291982129007110e-02
-2.693913199520936441e-02
-2.696880814657831582e-02
-2.703705549278845321e-02
-2.706795706491560427e-02
-2.709368264405853655e-02
-2.711884480284032506e-02
-2.714671113105815436e-02
-2.719433607745891379e-02
-2.722838263304494522e-02
-2.725517602155602681e-02
-2.728085626128462504e-02
-2.730826154233811920e-02
-2.734662564387191352e-02
-2.738382923555604531e-02
-2.741287741507614228e-02
-2.744342044014491666e-02
-2.747862809282519692e-02
-2.752160651712065587e-02
-2.756758264652370283e-02
-2.759837134622811217e-02
-2.762774004413415252e-02
-2.765956380800438374e-02
-2.770001198092664207e-02
-2.776464758181884651e-02
-2.779938056165831561e-02
-2.782953673131871586e-02
-2.785854522327047000e-02
-2.789020433029165691e-02
-2.796383535718094393e-02
-2.799612660490413685e-02
-2.802498713564072208e-02
-2.805428293921763405e-02
-2.808728722009945500e-02
-2.814409648071636294e-02
-2.818280366219461097e-02
-2.821479092355894114e-02
-2.824638270930535100e-02
-2.828109829778024942e-02
-2.832555858967489293e-02
-2.837197632605470421e-02
-2.840583690665587913e-02
-2.843549775487841380e-02
-2.846455625322907856e-02
-2.849586215451072047e-02
-2.854846712794500974e-02
-2.858830709182813568e-02
-2.861860585514541810e-02
-2.864618621554404498e-02
-2.867402102833194188e-02
-2.870442159094599432e-02
-2.875048123623646923e-02
-2.879287578937439473e-02
-2.882280706149209504e-02
-2.884970017692412014e-02
-2.887601456973298841e-02
-2.890377750476913477e-02
-2.893734593201113814e-02
-2.901472804272764439e-02
-2.904850964657890167e-02
-2.907613932168773285e-02
-2.910230240106082000e-02
-2.912916132633791566e-02
-2.915918955609164698e-02
-2.920142475897813394e-02
-2.924933401691076629e-02
-2.927963304001390821e-02
-2.930659465695406585e-02
-2.933345322481195616e-02
-2.936214065665876394e-02
-2.939633370920446964e-02
-2.947054702368601120e-02
-2.950601664082475040e-02
-2.953454863111992790e-02
-2.956163007476064752e-02
-2.958958440299463977e-02
-2.962112885584922140e-02
-2.966627853284875549e-02
-2.971848199555215952e-02
-2.975346860777239311e-02
-2.978607484642747938e-02
-2.982012796954425227e-02
-2.985446285828496915e-02
-2.988992380341359834e-02
-2.994394653257836936e-02
-2.998448840528633585e-02
-3.001457542039653870e-02
-3.004213023258328619e-02
-3.006955172086411832e-02
-3.009886921730442477e-02
-3.013495383673814310e-02
-3.021511273234445127e-02
-3.024964067838742388e-02
-3.027800198534758014e-02
-3.030460856536598691e-02
-3.033150146921481660e-02
-3.036126449283116369e-02
-3.040446418952846841e-02
-3.044902471871213656e-02
-3.047915605694795360e-02
-3.050643540407993459e-02
-3.053411428276808781e-02
-3.056450066661076104e-02
-3.060334813606779836e-02
-3.065647711850405521e-02
-3.068811808481297643e-02
-3.071589073055080998e-02
-3.074306251052572048e-02
-3.077135593747448716e-02
-3.080472958282964857e-02
-3.086739844591945836e-02
-3.090713784574106171e-02
-3.093719340672895779e-02
-3.096473895670148746e-02
-3.099283910819705667e-02
-3.102539022658179491e-02
-3.107390979967650235e-02
-3.112234838256999758e-02
-3.115480806207993059e-02
-3.118379228497769606e-02
-3.121263478481905995e-02
-3.124783649405504793e-02
-3.129433403423120819e-02
-3.132399236083349692e-02
-3.135169049727359880e-02
-3.138028722067864873e-02
-3.141450806429824105e-02
-3.146850377647947283e-02
-3.149849886710498481e-02
-3.152604761745381179e-02
-3.155455919753191729e-02
-3.158928566692531525e-02
-3.164796980815220984e-02
-3.167870779843218187e-02
-3.170636669129378582e-02
-3.173467735431700909e-02
-3.176883988343337517e-02
-3.183377034215750800e-02
-3.186549611243616464e-02
-3.189383046178639880e-02
-3.192271659515533155e-02
-3.195750053066870322e-02
-3.201796207045903842e-02
-3.205131714507702956e-02
-3.208074117363424183e-02
-3.211017328528353865e-02
-3.214652898274683590e-02
-3.220020788118116428e-02
-3.223049819768286639e-02
-3.225750974936281157e-02
-3.228548781851714455e-02
-3.232327347105179438e-02
-3.236567361912368046e-02
-3.239431844797746596e-02
-3.242070131489072082e-02
-3.244804000085310669e-02
-3.248647184476560756e-02
-3.252266925820701537e-02
-3.254994390606136268e-02
-3.257619235195263752e-02
-3.260427578364955004e-02
-3.264739826455376193e-02
-3.268063388817177284e-02
-3.270748843185999899e-02
-3.273454464272507192e-02
-3.276525810698349694e-02
-3.282160823079049994e-02
-3.285640575907866623e-02
-3.288619338462928088e-02
-3.291746291900032872e-02
-3.295401205605574813e-02
-3.303710440185880781e-02
-3.307274772096402415e-02
-3.310305110398137352e-02
-3.313248373395050184e-02
-3.316566151414124253e-02
-3.324178119115550611e-02
-3.327461751216798103e-02
-3.330387015977820386e-02
-3.333377618683297516e-02
-3.337112639541583992e-02
-3.343387417509136039e-02
-3.346777544876744503e-02
-3.350103080473620931e-02
-3.353219179671917960e-02
-3.359137971658077149e-02
-3.362399708999264103e-02
-3.365214211064948557e-02
-3.368153708367993548e-02
-3.374886864384285534e-02
-3.377948676385500448e-02
-3.380852387316013452e-02
-3.384172313700439805e-02
-3.392368398964928922e-02
-3.395571687280996009e-02
-3.398453850439431267e-02
-3.401690115309619067e-02
-3.406800918846020210e-02
-3.409770935162526051e-02
-3.412709123227530839e-02
-3.416408613330901289e-02
-3.420515757229058984e-02
-3.423575718239180166e-02
-3.426667700373009495e-02
-3.431309784992808698e-02
-3.434772544079212064e-02
-3.437676385547316915e-02
-3.440648839722237895e-02
-3.447053963732071846e-02
-3.449994565604697083e-02
-3.452722012478759428e-02
-3.455783415493529631e-02
-3.461576428808899042e-02
-3.464392109869163239e-02
-3.467145128330550996e-02
-3.470605208584587320e-02
-3.474831368280417720e-02
-3.477745681969346414e-02
-3.480933243775352626e-02
-3.485164451261246743e-02
-3.488548172211236587e-02
-3.491165725399569819e-02
-3.494028638908586171e-02
-3.498299963207529562e-02
-3.500911713885257459e-02
-3.503608091623178211e-02
-3.509568644607219401e-02
-3.512392913237805114e-02
-3.515075892910168864e-02
-3.518767814713974484e-02
-3.522306015316389871e-02
-3.525196692393339770e-02
-3.528863902619172599e-02
-3.531994186726405971e-02
-3.534988122533311294e-02
-3.539372865661527534e-02
-3.542727191590944180e-02
-3.546546609660972127e-02
-3.549622861281331865e-02
-3.554631253496509657e-02
-3.557491905768184193e-02
-3.561465815852626893e-02
-3.564508810104216607e-02
-3.568206263510087517e-02
-3.570987996926566765e-02
-3.577761006489854623e-02
-3.582333634251377852e-02
-3.586061410877039446e-02
-3.589862121479181489e-02
-3.593469862720999330e-02
-3.598039728483437560e-02
-3.601576977317488826e-02
-3.606938883192134515e-02
-3.609917414443819528e-02
-3.612723571030573844e-02
-3.616912623956114459e-02
-3.620604036010710569e-02
-3.623320074771829713e-02
-3.626637284645650716e-02
-3.633202545575908715e-02
-3.636140323327019530e-02
-3.639284708428358606e-02
-3.643063566207116466e-02
-3.645854902117440233e-02
-3.648518740275064065e-02
-3.653445274212907545e-02
-3.657427586493222638e-02
-3.664674292461855831e-02
-3.668172737586250509e-02
-3.672731749470325990e-02
-3.676577257847069014e-02
-3.680646540936893807e-02
-3.683482851551556081e-02
-3.687603148111562312e-02
-3.691271936350359884e-02
-3.694274667834140935e-02
-3.697329489614598064e-02
-3.703147013435470480e-02
-3.709129307254166452e-02
-3.715132755264516362e-02
-3.718876837572349103e-02
-3.722030387650532290e-02
-3.725603338583849400e-02
-3.728840118880216714e-02
-3.732543827675294246e-02
-3.736791608193446024e-02
-3.739974576163385134e-02
-3.743856074072682283e-02
-3.747792696712581861e-02
-3.754583969232905272e-02
-3.758095710415565449e-02
-3.761491627724300457e-02
-3.768592747104826390e-02
-3.772203698674481132e-02
-3.776473723667894689e-02
-3.780033103163149555e-02
-3.783895975916584664e-02
-3.788276885865182741e-02
-3.791451208488405555e-02
-3.795647253469214277e-02
-3.800965441149051216e-02
-3.804455568536224686e-02
-3.807539936404069625e-02
-3.810756856057440078e-02
-3.813405456264906679e-02
-3.816417058800569695e-02
-3.819268477734716338e-02
-3.822768840306600691e-02
-3.825801999876443649e-02
-3.830524731697471097e-02
-3.833700100004633349e-02
-3.839255749264502970e-02
-3.842461394149276899e-02
-3.846522968347143578e-02
-3.851116620762706777e-02
-3.854429695179373283e-02
-3.858012796713938819e-02
-3.861157991398744826e-02
-3.865291794376013446e-02
-3.869045242129531825e-02
-3.872897198557023746e-02
-3.877166618409721988e-02
-3.880235338366411213e-02
-3.883426567123204887e-02
-3.889536409235916370e-02
-3.893267543537992648e-02
-3.896664681484007797e-02
-3.901949432562901166e-02
-3.905012541391938985e-02
-3.908428238732086779e-02
-3.912635386273688454e-02
-3.916089657158161597e-02
-3.921543329351995233e-02
-3.924433467742816095e-02
-3.929096496575057440e-02
-3.932991796833851250e-02
-3.937694535295199749e-02
-3.940558252213444135e-02
-3.944527683109277927e-02
-3.948512205942322773e-02
-3.951614333565633963e-02
-3.955252370740236501e-02
-3.958381518649523034e-02
-3.963202255653452966e-02
-3.966133962184470452e-02
-3.969675033431385724e-02
-3.975618655678125890e-02
-3.979143327668521746e-02
-3.983985883743990097e-02
-3.988272997344521897e-02
-3.991486342323669056e-02
-3.996026025159282735e-02
-4.000747434800933089e-02
-4.003990923961497916e-02
-4.007055013087790218e-02
-4.009852289539317383e-02
-4.014106424493135705e-02
-4.018221459656201588e-02
-4.021387388303032662e-02
-4.024457759158839298e-02
-4.030156495809145145e-02
-4.034467231760807682e-02
-4.037551329316901860e-02
-4.041531001987075378e-02
-4.044779231630257765e-02
-4.047988576816741180e-02
-4.053450556471649424e-02
-4.056895081413436355e-02
-4.059894705191791076e-02
-4.064382331831184469e-02
-4.068471109804294716e-02
-4.073124888828461021e-02
-4.076849342586363889e-02
-4.083714631512336268e-02
-4.089010434984674536e-02
-4.091952101329354718e-02
-4.094692017827106234e-02
-4.098753521388143195e-02
-4.102216094682742398e-02
-4.105679244849058662e-02
-4.112561198155073594e-02
-4.118043644274316240e-02
-4.123046587289536102e-02
-4.126408749951393506e-02
-4.130399495162317969e-02
-4.133831999425585657e-02
-4.139408265695943001e-02
-4.145999873466243990e-02
-4.149351758597541462e-02
-4.153158590179517606e-02
-4.156691459937267297e-02
-4.159968243540468347e-02
-4.163751212815536284e-02
-4.168225836647887483e-02
-4.174158049989862285e-02
-4.178044045296358533e-02
-4.182898459592754303e-02
-4.187233565242653999e-02
-4.191167415686647413e-02
-4.196334004694668440e-02
-4.201317186177855323e-02
-4.206296908087636677e-02
-4.209322384307556675e-02
-4.212433939468462896e-02
-4.215399330014069079e-02
-4.220284548633534971e-02
-4.224051178835130926e-02
-4.229184778279737600e-02
-4.233462341304550236e-02
-4.236309281761008183e-02
-4.239775997626837878e-02
-4.243707528110240990e-02
-4.247223715917169962e-02
-4.250994047933442932e-02
-4.255299190808392584e-02
-4.258661245230954684e-02
-4.262210460203696982e-02
-4.265322415909356124e-02
-4.268845253704778298e-02
-4.273156364345587210e-02
-4.276438067022025891e-02
-4.281160892309210375e-02
-4.286096960684759871e-02
-4.293469047947340300e-02
-4.296696027086754910e-02
-4.301139189281411035e-02
-4.304247698616070483e-02
-4.307588269921969193e-02
-4.311738844698220774e-02
-4.314970123927008849e-02
-4.318573030487038444e-02
-4.324071038805343825e-02
-4.327121251153343007e-02
-4.330497150290890662e-02
-4.339235996660761874e-02
-4.342441975854915981e-02
-4.345541464167568257e-02
-4.351969565948010654e-02
-4.355410012610383408e-02
-4.358400141882634582e-02
-4.362813904333551207e-02
-4.366401835994015990e-02
-4.369413533733379484e-02
-4.373107903221273851e-02
-4.376903550742128335e-02
-4.379954651896478257e-02
-4.383446732454754358e-02
-4.387894611804521450e-02
-4.391020686224267333e-02
-4.394494273397864248e-02
-4.400837765929177525e-02
-4.404072126052538394e-02
-4.407523735756668781e-02
-4.415619923998426177e-02
-4.418954430845400960e-02
-4.422230169798679889e-02
-4.427836169236432085e-02
-4.431314097543892494e-02
-4.434367130901861742e-02
-4.438692092598972572e-02
-4.442516644198546416e-02
-4.445475063104487035e-02
-4.447262438106014404e-02
