5.598302218228569105e-01
5.617180999978880207e-01
5.625557599920263385e-01
5.651933124727469560e-01
5.666934881496968890e-01
5.685825909898964969e-01
5.699757841728150254e-01
5.712550015366062439e-01
5.722869491668711728e-01
5.745989060104422785e-01
5.762474167529287872e-01
5.774674804469761558e-01
5.807069826075877961e-01
5.823124340119517628e-01
5.845099436555285521e-01
5.876663933531196538e-01
5.911950018667068152e-01
5.952987440614423420e-01
5.983544311415477379e-01
6.004288394138789231e-01
6.001711231898385623e-01
6.006208893689691797e-01
6.022511453841135065e-01
6.026862455393685591e-01
6.030403009430763683e-01
6.043046939779331828e-01
6.042799876477920051e-01
6.048499515552338002e-01
6.120455634597381511e-01
6.036206951999737447e-01
6.029165856883640373e-01
6.074631502152278983e-01
6.008996145160835356e-01
5.999529020889622366e-01
5.946934976499422820e-01
5.957118120694555596e-01
5.929594864301421797e-01
5.885234259808382884e-01
5.848701597758205750e-01
5.816117355460620475e-01
5.770584170521475542e-01
5.743514949048073026e-01
5.703721131475927297e-01
5.674999793703269235e-01
5.649714886498283795e-01
5.625718955069561877e-01
5.691538589777033197e-01
5.598015661026427559e-01
5.561262486423560469e-01
5.534521864583871187e-01
5.514607477480416575e-01
5.513708837513225935e-01
5.553694232446536594e-01
5.484801292599039702e-01
5.420927637672073862e-01
5.385032819314800046e-01
5.359667472187741311e-01
5.343652869126847005e-01
5.323006336685651707e-01
5.291807251168919590e-01
5.268861271825009407e-01
5.248910028749502743e-01
5.233710515459675250e-01
5.223120765713169522e-01
5.213227945857182855e-01
5.203431420834919718e-01
5.195435599397562054e-01
5.186432844996110569e-01
5.171803043297674707e-01
5.167133485823692807e-01
5.177492873909093074e-01
5.182471595452055046e-01
5.188557739864630980e-01
5.190391727044878500e-01
5.197135574736465591e-01
5.215051269494389574e-01
5.245831437369744554e-01
5.282507003556448089e-01
5.338798500114045886e-01
5.380506306283013851e-01
5.441073756949471596e-01
5.473733437216298237e-01
5.512127185548564290e-01
5.503404850495844380e-01
5.480103266891733771e-01
5.413133916984738114e-01
5.404622792409431442e-01
5.459509491662704050e-01
5.390403892295020372e-01
5.387680680516110376e-01
5.402690967840373393e-01
5.400555770156530988e-01
5.423869807041101776e-01
5.440995417709481030e-01
5.429910351073314878e-01
5.482479982757373360e-01
5.388033826360989487e-01
5.465228121236358483e-01
5.435402560646523940e-01
5.267224604226159457e-01
5.197873125676457651e-01
5.160317296833049072e-01
5.136084512959524506e-01
5.131356126712183219e-01
5.132415930486926570e-01
5.164193254616054052e-01
5.240618196773194626e-01
5.541502328576449754e-01
5.277911926003240328e-01
5.337513929537632817e-01
5.253647980275576446e-01
5.205918701788674330e-01
5.374813720119973048e-01
5.371749392471012463e-01
5.191611487652186829e-01
5.108313214579536243e-01
5.131722155129579965e-01
5.643282029830575253e-01
5.200199826334943598e-01
5.107619190194132575e-01
5.117877698106486628e-01
5.561038854004602960e-01
5.137896596030364638e-01
5.066105233974129707e-01
5.061323552859232633e-01
5.532798689076344756e-01
5.001599761809766287e-01
4.967265141246103854e-01
5.069714936105368386e-01
5.303400514499417850e-01
4.879999838492499187e-01
4.806310981313136055e-01
4.786634651391336592e-01
4.843144868436639605e-01
5.070617753307021802e-01
4.919578344894845467e-01
4.789849036606030341e-01
4.773849794644398070e-01
4.806166129811489940e-01
4.927011999203239068e-01
5.319570445592954888e-01
4.949188512214078850e-01
4.906604906498233110e-01
4.962733932524734382e-01
5.081785899867671263e-01
5.330764761905509852e-01
4.924383066223614880e-01
4.860415163050025300e-01
5.028896467868334552e-01
4.907138121063482905e-01
5.014518471567777080e-01
4.894741435329919010e-01
4.768222248658298135e-01
4.737099131203840185e-01
4.783287729096153407e-01
5.121031458949935056e-01
4.933885374613936059e-01
4.780858445789960554e-01
4.771063071077625839e-01
4.795218617158562568e-01
4.944287292158911495e-01
5.038703563714238554e-01
5.057732927428085778e-01
4.954128434398837877e-01
5.134598701899409923e-01
4.979414441251757695e-01
4.875306497235576964e-01
4.921517274413302889e-01
5.008359628992951063e-01
5.097548972659382560e-01
5.263705508611016270e-01
4.933280922139318680e-01
5.063162836486665430e-01
4.926147118640722411e-01
5.464121745146874876e-01
5.031112516763560638e-01
4.869108719051192802e-01
5.460290580626843138e-01
4.888883213280363349e-01
4.912332894264914152e-01
4.838282443973463409e-01
4.697055587757926198e-01
4.753680873325364376e-01
5.079117195708701127e-01
5.001598107677912575e-01
5.017034320171817052e-01
4.721100134897385781e-01
4.783352356653735593e-01
4.919956519071698176e-01
4.727174250089499763e-01
4.619405975952201593e-01
4.812865766630638475e-01
5.389751151045429900e-01
4.805998162586990752e-01
4.577601559128610664e-01
4.848530242214458830e-01
4.748184558562469904e-01
4.680022071919041626e-01
4.697178306272438153e-01
5.385047846910174796e-01
4.652060324961503901e-01
4.666614575843825441e-01
4.727432508239223230e-01
4.895228065661348382e-01
4.564970633029606928e-01
4.606601145189127000e-01
4.947539659672471335e-01
4.688141912210435636e-01
4.593256510340946730e-01
5.043936857463555690e-01
4.847845998627992037e-01
4.589860496434064463e-01
4.723236034882811185e-01
5.004059611193208967e-01
4.554447193004227401e-01
4.659803168584584210e-01
4.463743339988596737e-01
4.961708992665317952e-01
4.658263541950057873e-01
4.917273192913816371e-01
4.751913311565574838e-01
4.735576216001497474e-01
4.869698590119351245e-01
4.509708992576058617e-01
4.746074242485417427e-01
4.558878745969762170e-01
4.499754546131649602e-01
5.956353356952917011e-01
4.634719309318110492e-01
4.631953561807395370e-01
4.519213101799045562e-01
4.940670869333119719e-01
4.692534186027943477e-01
4.857351762849309029e-01
5.029302772123303011e-01
4.666798567985131485e-01
6.004304934340078947e-01
4.482801043596483792e-01
5.032004140793482350e-01
4.597644579994092373e-01
4.850921029429671183e-01
4.318409139179726353e-01
4.361106708008738453e-01
6.067104461235464097e-01
4.327620270281277159e-01
4.670157158922236817e-01
4.282080526515932850e-01
4.419476649028334370e-01
4.514891037759691250e-01
4.418280674094016702e-01
4.437691425423483937e-01
4.559178655089318188e-01
4.750665094609655137e-01
4.545167906806087399e-01
5.090819827310799628e-01
4.184932111616828099e-01
4.637401583510520897e-01
4.267864113477189414e-01
4.882000661010187925e-01
4.414545940728857865e-01
4.407015175593068101e-01
4.468952861690825840e-01
4.603741002162626827e-01
4.907851952386034777e-01
5.580999024625477034e-01
4.740138487429157443e-01
4.402828502203182115e-01
4.259049265437933052e-01
4.195622372390092614e-01
4.183688685050176992e-01
4.200293131212988196e-01
4.266240924075591079e-01
4.291343140497687059e-01
4.377235635068313924e-01
4.557272075421568980e-01
4.950335766555942763e-01
5.611370581695438453e-01
4.947395872566683339e-01
4.543185535678035403e-01
4.371943214631633379e-01
4.285607216493979577e-01
4.245767446229359865e-01
4.227324976580487670e-01
4.239240949451480445e-01
4.263233065533714172e-01
4.305120000792729273e-01
4.367763636474572553e-01
4.476574367875234550e-01
4.659782038509458491e-01
4.996326387611183528e-01
5.696495091100396424e-01
5.328682947766757438e-01
4.853842044761201846e-01
4.650545586585024260e-01
4.521889073266814330e-01
4.451310943836827572e-01
4.397275424174674763e-01
4.364734933694447983e-01
4.363035820947996912e-01
4.379151257512943207e-01
4.406082971978680929e-01
4.436324259418951144e-01
4.488989787781870189e-01
4.578315944798231896e-01
4.711912674600184925e-01
4.936423183416130955e-01
5.381184677573312980e-01
5.735425049366975614e-01
5.227445202831350057e-01
5.256569143047319370e-01
4.775195558013661246e-01
4.695798573298684553e-01
4.591047232649093646e-01
4.569468870434518215e-01
4.573526997405227834e-01
4.546952162069570202e-01
4.531441324138343885e-01
4.537751244863478806e-01
4.559187791626028163e-01
4.617315224152291342e-01
4.658456596861113019e-01
4.734492119726124715e-01
4.851593479182157997e-01
5.066949231284341160e-01
5.494779683413999471e-01
5.758586347702103758e-01
5.325270385754575786e-01
5.106712409111906492e-01
4.877525355493045334e-01
4.719320721520275930e-01
4.623941362237665720e-01
4.575441664384781726e-01
4.496017565783803072e-01
4.429857859918927554e-01
4.373210876462236829e-01
4.335668941242108998e-01
4.322544746825125461e-01
4.317262021454287835e-01
4.335107490484971793e-01
4.388352060348605366e-01
4.372313871619513681e-01
4.367003544580553287e-01
4.392950977746403196e-01
4.400147621685527866e-01
4.434931457987728587e-01
4.479967873205906170e-01
4.551649130565443846e-01
4.690979090018224107e-01
4.779235192409137523e-01
4.984404793400587508e-01
5.335487846224100661e-01
5.729265303662093300e-01
5.501727267965536017e-01
5.209297161032510060e-01
4.911140972142535310e-01
4.749103296390843609e-01
4.661806318537103921e-01
4.606187537806010202e-01
4.581672730467625798e-01
4.578165469298847712e-01
4.587514572187937900e-01
4.585175622107297011e-01
4.653313897197239868e-01
4.635494376614111012e-01
4.625571520030706818e-01
4.595509667766678463e-01
4.611164892161729867e-01
4.935933587548799739e-01
4.672935661083059133e-01
4.707853628215317165e-01
4.756401246131823912e-01
4.854178980020779632e-01
4.788345461542788395e-01
4.934582459613127692e-01
5.389432338351936025e-01
5.556327402893448397e-01
4.973770655687576592e-01
4.812224508827410152e-01
4.752156174932212762e-01
4.922219426377608675e-01
4.781664822285449645e-01
4.849993972917511775e-01
5.121256252388247665e-01
6.082557758888861299e-01
5.096937560143781631e-01
4.929512617558415299e-01
4.994939203045498655e-01
4.932368161461965217e-01
4.965507568509358038e-01
5.063570862361156388e-01
5.293325047970117714e-01
5.760495936897026548e-01
5.798435891084018357e-01
5.238480392877465919e-01
5.254241551918242825e-01
5.193735666069514423e-01
5.279992499304976272e-01
6.226699193790772302e-01
5.537017998286596354e-01
5.568322003486227967e-01
5.411222568926585819e-01
5.254873219624786040e-01
5.205701206561000882e-01
5.139836905009491641e-01
5.175318428856121589e-01
5.312888653933950378e-01
5.907721070798963581e-01
5.515971419155444311e-01
5.334122647492525182e-01
5.172353563359429751e-01
5.081295654376025706e-01
5.057794429302946426e-01
5.034539459191333943e-01
5.013824812883965754e-01
5.001850796751680095e-01
5.004810172224948284e-01
5.043901643455914741e-01
5.116698417667394638e-01
5.148662782350440503e-01
5.208161885711405370e-01
5.340969138456226339e-01
5.552001372260462198e-01
5.901978426247626031e-01
6.247167109093677562e-01
6.207767001030087828e-01
6.314960321589836445e-01
5.919567188723240392e-01
5.726621705528595063e-01
5.422363349353479522e-01
5.240091899242986795e-01
5.141666285470641862e-01
5.123061713974873532e-01
5.059563487093141632e-01
5.073537055803560847e-01
4.991842863035303446e-01
5.018356131483635574e-01
5.288770475795955273e-01
5.436407488502241758e-01
6.035332727472841885e-01
5.695868026068784395e-01
5.298737930087968895e-01
5.123055433876666509e-01
5.121833415650861587e-01
5.012140696688545116e-01
5.520474362637457499e-01
5.902805977925027481e-01
4.973142267678735684e-01
5.100431239779822379e-01
5.418343599791902720e-01
5.083738849454872977e-01
5.488859068256140006e-01
5.417734329846430885e-01
5.330192407017093625e-01
5.343106170901532614e-01
5.046434738173765089e-01
5.219841370934713565e-01
5.609819697954345763e-01
5.184742686772008113e-01
5.408947214724818542e-01
5.549549531653561463e-01
5.295902187304628583e-01
5.500906414363718744e-01
5.678438973848185523e-01
5.446823531181751443e-01
5.426863457410746605e-01
5.449985050530726793e-01
5.466344697283849197e-01
5.749214761621997960e-01
5.602329671350030349e-01
5.644146961521071537e-01
5.679438860508762010e-01
5.725421574188511720e-01
5.711884259852215706e-01
5.862909693552850188e-01
5.702394217187279901e-01
5.640626975626633621e-01
5.751570039538528301e-01
5.888011858513968466e-01
5.830732136243217401e-01
5.784865870702251556e-01
5.954618800823950897e-01
5.632906569203374181e-01
5.513329258560991653e-01
5.575399576180442018e-01
5.723287637700626984e-01
5.648356700358097005e-01
5.843111339614780464e-01
5.632478193613518203e-01
5.598527925573321129e-01
5.592501019265215811e-01
5.692235807042608231e-01
5.608021817217780924e-01
5.856947738556381733e-01
5.662049850109445170e-01
5.641332709188994210e-01
5.833984843622501693e-01
5.870083602330196104e-01
5.691018903287639041e-01
5.804248207259808945e-01
5.694408465664841934e-01
5.680700337969771807e-01
5.942318064803352451e-01
5.503949110446456627e-01
5.475056888786301590e-01
5.775942766742211409e-01
5.696985373737960545e-01
5.623208836825905887e-01
5.482693234363922308e-01
5.576301744405216532e-01
5.594092763400264623e-01
5.470025779342693184e-01
5.441573823064159710e-01
5.483544009468817038e-01
5.570315985957223770e-01
5.380428021682303052e-01
5.317590509499211526e-01
5.295195327862154411e-01
5.290490495251015668e-01
5.306546020347823189e-01
5.371131417377922324e-01
5.572448476194578060e-01
5.661489453737418298e-01
5.256382368147490824e-01
5.333960237026189599e-01
5.357977461819213305e-01
5.920305298683606887e-01
5.011629037332401282e-01
5.545008254677611381e-01
6.214147578765497615e-01
5.498922588986311366e-01
5.103441096101013486e-01
4.937951262090470306e-01
4.856619242118702107e-01
4.838383570491820995e-01
4.955126659029076008e-01
4.914467460373848628e-01
5.081951600676268832e-01
5.261722042057703774e-01
5.086977397238564569e-01
5.109203592597513222e-01
5.491733841490418211e-01
5.355816285730456983e-01
5.072472208448443043e-01
4.874386300459683241e-01
5.480840800063766505e-01
4.837227855485808359e-01
5.343129129342990558e-01
4.764383551626262259e-01
5.633434638227916569e-01
5.377867312892782303e-01
5.503800088553816305e-01
4.992721249328639366e-01
4.942158804362262736e-01
4.876502291604340455e-01
4.818681747546662564e-01
4.843920128164842520e-01
4.758339063819934101e-01
4.865175580526423516e-01
4.704393764429799507e-01
4.976401968300852574e-01
4.635883882076796136e-01
4.930682143694637420e-01
4.536466942080950582e-01
5.042538334305007863e-01
4.491620571755436941e-01
5.237927884682873625e-01
4.473216495757927347e-01
5.580820435043356564e-01
4.502326272977613675e-01
6.055267654196901939e-01
4.467650768843783315e-01
6.006160560529336667e-01
4.476344633522350569e-01
5.571558084414246492e-01
4.526971321640380630e-01
5.236011934111576283e-01
4.549734510553631872e-01
5.002795923187399740e-01
4.547006973821421383e-01
4.906619747121394592e-01
4.579655097204161640e-01
4.719033220910296977e-01
4.601194051558530895e-01
4.636210925826050322e-01
4.734634910703149346e-01
4.559264774132081866e-01
4.780210261610791100e-01
4.495288439220888610e-01
4.972053794819620287e-01
4.514610642710370492e-01
5.395265943227081085e-01
4.535303503337853037e-01
5.878822596651900323e-01
4.491912027615194702e-01
5.963434251468329172e-01
4.470164076631465977e-01
6.103328909375940192e-01
4.585133665963712635e-01
5.348376482629680906e-01
4.533705661267089515e-01
4.798628344892248987e-01
4.657391328974630484e-01
4.631291246380696003e-01
5.016594695837853779e-01
4.590834023493419180e-01
5.797987169653525674e-01
4.553448843083583997e-01
5.315178008310572633e-01
4.559462156642542507e-01
4.790707296819600725e-01
4.656196786198287252e-01
4.621603259988305012e-01
4.927565531839260826e-01
4.609423783825190024e-01
5.760210107519648792e-01
4.736734242423416008e-01
5.139174112853768239e-01
4.767648337541895986e-01
4.820660934630074945e-01
5.073195422369309870e-01
4.836243730930299689e-01
6.267089050965296559e-01
4.918600136845179827e-01
5.275212372021589324e-01
5.057379982632849158e-01
5.172635123898421394e-01
5.418401724990458135e-01
5.022859762722289290e-01
6.236233427923517647e-01
5.148639535492124386e-01
5.516556706663582332e-01
5.482564669236567045e-01
5.582149298105738566e-01
5.638917705834223248e-01
5.370474840489234403e-01
5.463632726489390246e-01
5.252701486238923190e-01
5.637721573823507581e-01
5.101416182249455256e-01
5.714266398324743257e-01
5.046705232387879159e-01
6.038958014087044690e-01
4.942016755286894325e-01
6.262291155380261820e-01
4.877681747955093794e-01
5.889401595625810559e-01
4.889325840090511521e-01
5.429283298005772584e-01
4.976509033804927262e-01
5.315069148679008038e-01
5.222848643749899988e-01
5.205760501794873818e-01
5.146385054138470361e-01
4.998153286621337954e-01
5.127841338456908815e-01
4.874916035533549685e-01
5.337710728282115680e-01
4.999130799490060229e-01
5.793242482693894413e-01
4.887250785098750105e-01
6.211748921766657716e-01
4.905916669924408891e-01
5.616769881909694506e-01
4.897881614071571410e-01
5.209292371677194389e-01
4.828995268960539766e-01
4.933972949992023183e-01
4.775660611229458619e-01
4.747768218070128610e-01
4.839285763395691498e-01
4.640473605752290509e-01
5.004883390439911484e-01
4.563435375641304304e-01
5.552184038209021510e-01
4.624183788242807736e-01
6.082616456657187198e-01
4.636344866098891515e-01
5.490436246183606483e-01
4.655189914890598413e-01
5.096061691943336580e-01
4.604125559926862121e-01
4.889665082990497513e-01
4.670299460839982819e-01
4.778223791790325858e-01
4.776196929746810427e-01
5.003785287746856936e-01
4.933627894736762887e-01
4.710253197740550957e-01
5.074694094401336342e-01
4.728681291306079393e-01
5.456107276307803344e-01
4.965672429533573573e-01
5.789980492645494525e-01
4.944474185122881837e-01
5.914419936934068867e-01
5.072401427872893498e-01
5.307999855652035803e-01
5.287095276367672625e-01
5.307776165659717771e-01
6.213811987689539240e-01
5.398723328545141920e-01
5.519250782636504482e-01
5.599131814602231749e-01
5.164688104836271387e-01
6.274945883562680349e-01
5.085986503451248586e-01
5.082960074007202289e-01
5.377431887561764379e-01
4.964510705937719148e-01
5.501420478384588808e-01
5.270143243265766886e-01
5.141443571115350553e-01
6.066402669836061801e-01
5.504308713172731959e-01
5.670509239010192992e-01
5.457918740844485139e-01
5.032285830899397849e-01
6.047727669635911685e-01
4.957756456176829474e-01
5.052232616647786001e-01
5.451092715291250279e-01
5.135920477395640171e-01
5.808631381945331684e-01
5.263116893797979978e-01
5.073227781258867752e-01
6.066846944282356935e-01
5.065216639525780273e-01
5.149795027384009849e-01
5.191099748635334965e-01
5.041990199279043905e-01
6.126315525422565411e-01
5.089888813701576309e-01
4.983956754885731644e-01
5.464639768090294725e-01
4.878278091697517693e-01
5.186791528378523752e-01
5.189661134320395774e-01
5.085505703034883807e-01
5.965973179950183614e-01
5.697022591122132829e-01
5.331331797679609297e-01
6.504784350829219131e-01
5.475837634738275339e-01
5.674741384194428306e-01
5.789238860911823936e-01
5.322370702605090376e-01
5.533868159034899259e-01
5.218258605255893245e-01
4.931258163724104859e-01
5.451943040904855264e-01
4.965779683439853764e-01
4.814053610305602526e-01
5.500698680834609222e-01
4.888357650203717375e-01
4.728061723291339113e-01
5.468740398310144579e-01
4.855951935017651655e-01
4.786565721390081407e-01
5.877575200969243907e-01
4.851143772423555101e-01
4.794209210452664016e-01
5.708006161870836648e-01
4.636133685386227277e-01
4.772065109683424344e-01
4.998311156986108839e-01
4.510677748689988498e-01
4.769331312339342155e-01
4.898708775903992674e-01
4.479440667928359932e-01
4.787091607995564990e-01
4.846725578396504641e-01
4.549023507932989929e-01
5.186745798199781099e-01
4.732186472754584816e-01
4.700356984881484124e-01
6.059155447968455066e-01
4.619149284145703249e-01
4.625678042977391380e-01
5.482562637267199834e-01
4.416778771784168889e-01
4.483628879605172091e-01
5.416070490349504940e-01
4.331387912790645722e-01
4.416056014424025178e-01
5.353615129687444574e-01
4.343324128939618500e-01
4.518266462634387137e-01
5.230834400315766963e-01
4.529454721561080865e-01
4.806703140797126683e-01
4.913365142367071559e-01
4.569889612355861885e-01
5.351466097855520632e-01
4.530461209491316033e-01
4.432448634968661483e-01
6.022695538206788157e-01
4.400086739447291451e-01
4.381862645306952020e-01
5.973268451594296868e-01
4.454070946486535787e-01
4.520149258976035034e-01
5.852297819434355564e-01
4.695813148284362359e-01
4.627252227465450951e-01
5.445513143439598691e-01
4.829081134423341970e-01
4.677807203808101444e-01
5.342080987407101800e-01
4.703301515721796111e-01
4.481070579212865779e-01
5.704801039476734559e-01
4.441750471047448134e-01
4.495221700193464676e-01
5.316408420173952543e-01
4.413703502683221647e-01
4.634321562892280144e-01
5.187237253376260071e-01
4.635582769826649963e-01
5.187037978773618718e-01
4.710292379004241137e-01
4.690244049612100063e-01
5.230965409399879196e-01
4.442537009347353738e-01
4.678473482101072056e-01
4.676478372799632299e-01
4.385326159399523527e-01
5.646720801424911507e-01
4.538204839196942619e-01
4.606644339979643066e-01
5.671922051764642925e-01
4.724885224220746749e-01
5.315810941019256664e-01
4.814797555492927872e-01
4.774324688476999090e-01
5.803443842311142298e-01
4.649504810888548390e-01
4.755681089316880494e-01
5.301686676231874840e-01
4.778441339520805853e-01
5.326627827771667212e-01
5.461399326965554746e-01
6.127190256305136140e-01
6.974433822987043952e-01
5.540437609484363257e-01
5.088168441010016974e-01
5.314470958923904753e-01
4.528725628003129056e-01
4.818186845227860893e-01
4.590114476354221762e-01
4.298457119049832742e-01
4.936518030113179467e-01
4.393901817665886167e-01
4.173770267857901950e-01
5.042802586746444327e-01
4.291675578934706081e-01
4.174799805930188290e-01
5.405023395376086226e-01
4.300916925154756321e-01
4.209195547989070807e-01
5.677697110234068978e-01
4.323563504795319146e-01
4.378143812250597788e-01
6.092974302516384055e-01
4.696686498883579919e-01
4.992969680965222423e-01
5.958547285747844979e-01
5.631162087719197018e-01
6.315983321132933037e-01
5.874090209305629084e-01
5.814213737851479102e-01
5.241717767506151038e-01
5.414032845099999713e-01
5.549159178838962703e-01
4.929762979351859364e-01
4.764312788806971954e-01
4.482655236305162494e-01
4.461668054498316716e-01
4.659725165468160402e-01
5.433870114980778876e-01
6.029899388900721302e-01
5.201995593763258929e-01
6.576004274797305760e-01
5.067847324648931950e-01
4.654956446220957500e-01
5.103703139637685293e-01
6.117349709275238245e-01
4.723257025501543804e-01
4.715371371110736454e-01
5.909938901672650013e-01
5.332517371404004169e-01
4.990099891307547830e-01
5.848416267429599191e-01
6.504705200103421125e-01
5.237646754850515673e-01
5.507972156559961530e-01
5.011698620427025297e-01
5.145549146050532041e-01
5.021560538901009840e-01
4.858341814534739567e-01
5.122352478134091225e-01
4.675953678268107150e-01
5.349411294347982126e-01
4.522869286971077374e-01
5.721201112309957093e-01
4.427683665825599690e-01
6.279128393084963955e-01
4.390905332971359876e-01
6.815972361593153339e-01
4.337280823712028055e-01
6.439057148269943243e-01
4.352178958028227185e-01
5.771725911415300780e-01
4.395440021317627011e-01
5.270109037998756962e-01
4.483200072150351212e-01
4.929454582322481682e-01
4.643934236352700862e-01
4.740411257525315447e-01
4.902906298530371743e-01
4.599514052328922409e-01
5.283064617897499371e-01
4.503934855827065320e-01
5.734899739796662788e-01
4.353748717159794390e-01
6.440716722489675528e-01
4.280484675815948714e-01
6.765209824387243831e-01
4.279884721014604043e-01
6.060075238601456693e-01
4.334171641826641830e-01
5.431358374639222442e-01
4.442847047381801029e-01
5.032618511488543556e-01
4.615688151201527423e-01
4.783092543331955437e-01
4.839222798310641172e-01
4.610928029030407216e-01
5.115059325953369429e-01
4.488951709056162032e-01
5.529002692663744778e-01
4.405325167426004662e-01
6.136969748456444496e-01
4.350890107405580021e-01
6.790355984997021865e-01
4.342000404632785360e-01
6.479572652185137116e-01
4.366158174972726846e-01
5.776283248425156946e-01
4.434366820715717195e-01
5.285589366881658924e-01
4.556662602818621344e-01
4.956532128322048703e-01
4.722569449644630213e-01
4.758306501993770921e-01
4.974419448287992762e-01
4.649737109816437508e-01
5.349827261781806564e-01
4.879409349931427831e-01
5.753422952200485385e-01
4.611986540761330855e-01
5.531543375407218521e-01
4.678596297266253701e-01
5.388951257636378500e-01
4.810287464878954533e-01
5.322539755965228769e-01
4.862803434599647368e-01
5.290994232764613114e-01
4.970429014005356971e-01
5.289848491972909406e-01
5.106671781692478929e-01
5.400332483031805575e-01
5.231440541860633564e-01
5.401653607698818638e-01
5.036677129726194746e-01
5.395719016893392173e-01
4.901496905930177173e-01
5.454630484594967799e-01
4.836412558316772192e-01
5.578796580327252119e-01
4.879123606057628182e-01
5.843115496931777786e-01
4.774630728361448639e-01
5.924425287580831201e-01
4.700768100267930794e-01
6.114898004223562333e-01
4.618513568023531746e-01
6.363104267762571542e-01
4.583436046726958590e-01
6.637874892701298712e-01
4.569420007923268301e-01
6.856155664096315050e-01
4.635331249786547869e-01
6.906880348993016394e-01
4.666090638971805982e-01
6.754650195106909338e-01
4.654984285866166083e-01
6.558394907513640515e-01
4.505251918666535738e-01
6.406027890583441131e-01
4.453405615310852550e-01
6.271173654482272708e-01
4.439765678056113440e-01
6.150887393200417108e-01
4.435935485752234841e-01
6.031301505928048368e-01
4.487223211291928027e-01
5.936177285710345641e-01
4.473483363059951312e-01
5.818764058013207174e-01
4.475634968787223222e-01
5.714515953915870750e-01
4.482566625079858480e-01
5.612436195577280573e-01
4.471288356510758621e-01
5.513282674104108549e-01
4.454226430797599834e-01
5.422577615884145441e-01
4.459682343192718501e-01
5.358860068129168708e-01
4.466771118059300605e-01
5.261857214790942594e-01
4.459486914997290996e-01
5.180032910320024886e-01
4.480482392454305240e-01
5.152225202182889596e-01
4.597290795943356212e-01
5.125478667775411612e-01
4.469141207715485731e-01
5.159778428043317877e-01
4.426441155935189609e-01
5.177052276815765630e-01
4.403423468929038020e-01
5.227898762727560822e-01
4.403854282971763623e-01
5.299893757599069000e-01
4.427125036187177787e-01
5.391028438582198268e-01
4.494032744106629673e-01
5.520968952137741415e-01
4.628782026041013409e-01
5.776265281684713759e-01
4.809237075124284666e-01
6.299965190476330967e-01
5.122748554767555529e-01
6.931584544260339653e-01
5.367093512621684548e-01
7.128590888922317070e-01
5.071907967808165774e-01
6.803720895052023376e-01
4.751441451722100973e-01
6.760557857367623935e-01
4.630333583168655953e-01
6.715159603586562387e-01
4.599326046384182298e-01
6.707853040190550065e-01
4.568984996569044332e-01
6.666463628218537441e-01
4.557493664969366476e-01
6.643401500494974243e-01
4.630998720840808214e-01
6.675881192952218823e-01
4.799298891935506184e-01
6.761766228769869880e-01
5.065460498281725288e-01
6.893960409275069479e-01
5.263865715169150361e-01
6.945142706126605781e-01
4.884310868845209708e-01
6.305983446932957870e-01
4.719541534871647959e-01
5.641601930424090527e-01
4.731389472544345054e-01
5.190837558963408149e-01
4.850745165307601137e-01
4.923300903949106022e-01
5.103638404323084243e-01
4.764883964118834525e-01
5.450488416960119764e-01
4.651389898168139525e-01
5.969875004650136985e-01
4.528125142774896972e-01
6.609705302573136709e-01
4.485326244793715333e-01
6.520610992416360219e-01
4.548805260298773301e-01
5.859544805134475620e-01
4.729839654994783538e-01
5.509285336511283715e-01
5.216064344144053511e-01
5.439184309562141717e-01
5.123826398773559943e-01
5.235233473385394465e-01
5.029768300992690788e-01
4.940264866408455857e-01
4.926341979852230657e-01
4.707982211472369616e-01
4.859017112471570865e-01
4.555289408969775411e-01
4.881319897466530611e-01
4.444193337520278009e-01
4.962747376196475213e-01
4.381301600605080337e-01
5.093323241196632267e-01
4.343014953670218947e-01
5.267824902911459883e-01
4.342992000813925557e-01
5.477472482884391258e-01
4.386737436415539260e-01
5.734118470769917764e-01
4.470643222423822394e-01
6.002039463507236050e-01
4.627367543260785809e-01
6.295231502836411419e-01
4.767092555704986467e-01
6.548773768791885663e-01
4.670237799040030668e-01
6.719625476821871057e-01
4.527139419200827963e-01
6.742946236836054874e-01
4.497494903543706735e-01
6.691321358432292810e-01
4.469960071147262570e-01
6.400091254751886227e-01
4.408963149663083225e-01
6.086090398668593249e-01
4.392073032864213245e-01
5.741023891583734162e-01
4.354524228053073820e-01
5.409294608351570277e-01
4.369291893879806987e-01
5.189903719230125612e-01
4.425723582861881278e-01
4.911649008371317127e-01
4.484016017891174211e-01
4.780126758623466365e-01
4.713748421867436922e-01
4.960577396286336427e-01
4.511012083862581123e-01
5.113257495276559705e-01
4.409634325234291774e-01
5.536763427326242271e-01
4.443517440244706407e-01
6.168860067449313256e-01
4.680897758751478288e-01
6.827123295906213363e-01
5.147363134127516116e-01
6.781670016723345684e-01
4.777909774266911880e-01
6.178283412755286585e-01
4.521372582588986111e-01
5.542885521052839382e-01
4.513032637295378846e-01
5.072998852944049508e-01
4.493336897996230150e-01
4.727023429762903795e-01
4.647287309287552737e-01
4.530996329734492956e-01
4.963700397016979071e-01
4.466122832818578692e-01
5.403505570843355477e-01
4.420204140167205420e-01
6.099647131006853407e-01
4.502539706163013467e-01
6.735297022555613022e-01
4.865620650475883102e-01
6.494792927909380786e-01
5.430742886973920491e-01
6.205530455107893806e-01
5.988587034224341910e-01
6.902443529740098782e-01
4.943019801427441795e-01
6.451402325310470198e-01
4.786248563209753448e-01
5.577367639233579144e-01
4.554588261918314784e-01
5.465064940313947295e-01
4.425658530082794972e-01
5.567501947351461977e-01
4.341821278165234332e-01
5.848194443608033533e-01
4.382381179906602031e-01
5.832795117742648472e-01
4.633497192900540851e-01
4.356956430033945837e-01
6.662925693033117103e-01
4.311599686032625001e-01
4.530955038554211889e-01
5.753801936819173957e-01
4.177180284015302725e-01
4.976720910970360845e-01
5.005388288218569626e-01
4.140678652404612969e-01
5.615698797340556991e-01
4.539132651785757755e-01
4.172694805009132812e-01
6.501734802291765369e-01
4.319721783094729872e-01
4.358673283499910900e-01
6.242016890989450228e-01
4.204868730242556918e-01
4.672629396798492762e-01
5.542355661975876258e-01
4.273110411979086365e-01
5.129788342483381225e-01
5.212320649667711026e-01
4.531998726868775029e-01
5.741616251309750174e-01
5.064000562556540963e-01
4.601013411943676856e-01
6.281882120718679241e-01
4.647869586634114647e-01
4.436291346209521591e-01
6.695672292302976558e-01
4.336440939628617430e-01
4.481679934926168229e-01
6.122978970763863771e-01
4.253455693231562029e-01
4.782657389568232831e-01
5.584585642791202176e-01
4.172367069616869095e-01
4.882761499073067779e-01
5.118687887030262118e-01
4.100325643011806243e-01
5.182375088400632546e-01
4.833414454452926723e-01
4.129534678938371339e-01
5.760997000283709646e-01
4.602101550049898515e-01
4.217966902198170831e-01
5.507771638618577104e-01
4.903146532646388556e-01
4.168730792578033140e-01
5.002418975653665223e-01
5.398567534561868886e-01
4.257381476910893081e-01
4.764153254734379561e-01
6.217677272469487315e-01
4.453832245896917064e-01
4.557263325902630724e-01
6.588429230805344927e-01
4.846057866094561351e-01
4.543161415091120370e-01
5.636672678496402744e-01
5.254467572667310682e-01
4.490271206545718985e-01
5.041066400352198773e-01
6.086467825540357035e-01
4.669054894533622435e-01
4.870832080772945494e-01
6.860736910771246810e-01
5.127700701725717014e-01
5.040484396723446947e-01
6.129967301499685828e-01
5.450496863205276377e-01
4.753948900926808774e-01
5.275447299034283777e-01
5.884462336034743668e-01
4.613132671330394952e-01
4.834733142674697004e-01
6.771412339126089419e-01
4.909190179573987844e-01
6.056233809978992522e-01
7.519697988162792335e-01
4.266285762857101593e-01
7.437929133153580175e-01
4.122665315460674607e-01
7.322193889930792565e-01
4.017663817813117433e-01
7.066997039589913987e-01
3.960859567327143504e-01
6.754008483512370375e-01
4.108939517753719683e-01
6.607409898012103211e-01
4.991207313904483800e-01
4.115693037909629037e-01
4.976351104736082553e-01
4.979423522835836335e-01
4.259916623561158522e-01
6.291559725638082856e-01
4.300764871939324885e-01
4.055634704171948157e-01
5.151664489227205657e-01
5.049605659827635096e-01
3.958939615426971814e-01
4.281736802261580932e-01
5.971915793222176694e-01
4.269827526560259212e-01
3.825894231263954337e-01
4.994579593507979531e-01
4.726685585958319002e-01
3.768954488546941706e-01
4.424519323188246811e-01
5.137764817557045616e-01
3.701355269508575518e-01
4.059512625800008045e-01
6.298122299487936004e-01
3.787201193076350503e-01
3.867933514031107745e-01
7.233570651505948357e-01
3.997548518504371873e-01
3.867640879071750915e-01
5.382676433429469665e-01
4.273067204879633096e-01
3.809847365931061103e-01
5.584808232068884104e-01
4.263118525658169400e-01
3.945360758856820693e-01
5.945764025488396998e-01
4.403500572439335570e-01
4.283000300445657382e-01
6.422114867851468345e-01
4.607586037127213152e-01
4.520709208162909110e-01
7.133344940148440561e-01
4.643388743126537488e-01
4.518234217627412619e-01
7.429185164753947523e-01
4.278264465211008005e-01
4.640259020399102874e-01
5.379168781607835959e-01
4.264505871260922953e-01
5.776877645274572926e-01
4.525206749441291199e-01
4.337123254472798894e-01
5.850699755003538893e-01
4.260152191185871406e-01
6.054682879053187028e-01
4.327060787153929611e-01
5.118633347630779928e-01
4.326997825172675394e-01
4.945090105196019437e-01
4.399316629647648247e-01
4.762272256453464747e-01
4.588295129408597184e-01
4.639115525274823959e-01
4.740554886258416256e-01
4.261272852633972708e-01
7.251461966288480498e-01
4.471740283050168463e-01
4.321965355911003837e-01
7.426459670091276610e-01
4.227230324711753195e-01
4.304361373721858897e-01
6.916857157674302092e-01
4.496470800473229001e-01
4.150073805460587906e-01
4.322444490573215670e-01
5.316221906285177878e-01
6.166967486398192699e-01
4.443295321946207355e-01
4.091606621302381064e-01
4.304662908366378993e-01
4.993244154527197165e-01
6.811025706607479746e-01
4.572049022075188041e-01
4.122518792648618979e-01
4.176490311854045845e-01
4.740994359562750726e-01
7.305861885817115375e-01
5.001174534023420382e-01
4.398228488571377381e-01
4.570884997669023009e-01
5.770852162342319236e-01
5.923363765588490759e-01
5.488983591421303654e-01
4.309680652116113508e-01
4.061728010807240108e-01
4.367084142374323963e-01
6.148998540952976821e-01
5.059485822090212803e-01
4.112337541824394038e-01
4.014984516473757981e-01
4.443041512991828812e-01
6.811771021428902895e-01
4.850570079237199739e-01
4.163953410860972704e-01
4.073124515379695221e-01
4.591321784725710398e-01
7.199182280184174276e-01
4.843860553952858972e-01
4.169211140674867755e-01
4.202411189078568698e-01
5.097966640696519613e-01
7.511319689626562157e-01
4.784963718265665134e-01
4.118397456527535527e-01
4.084184266515447082e-01
4.674290729363835273e-01
7.512783719161797436e-01
4.624852949088923415e-01
4.062833347700441911e-01
4.074874722691999573e-01
4.756110110554559456e-01
7.234185212492043604e-01
4.579358372998972859e-01
4.027934910445200578e-01
4.085693457759453362e-01
4.846833382331041107e-01
6.919617952966441443e-01
4.553891186668710400e-01
4.128819262396836720e-01
4.270579749541634773e-01
5.130109980084477383e-01
6.609579973861943181e-01
4.925854307511128294e-01
4.657166495513510029e-01
4.627664747514116939e-01
5.446922013628149317e-01
6.148087839826028578e-01
4.555772042216958972e-01
4.323683784613706060e-01
4.502891860731808582e-01
5.231733841654908623e-01
6.549867414182333203e-01
4.570334740249153982e-01
4.130921908775336271e-01
4.194158952142455488e-01
4.881853245261342233e-01
7.400418844557716813e-01
4.787000747709868054e-01
4.270869911705231781e-01
4.311020310650962029e-01
4.882329724888603839e-01
7.532378928006076002e-01
4.973948667176862903e-01
4.335162374457786627e-01
4.272399466482024177e-01
4.665250803898421394e-01
6.961440802974155906e-01
4.992679740983694825e-01
4.141418514121704697e-01
3.954245627144167274e-01
4.333093769308065113e-01
6.365052793381601459e-01
4.952448680807752801e-01
4.003608277693567752e-01
3.856261574152855531e-01
4.212316338601049814e-01
5.993962025601140553e-01
5.077840794949739500e-01
4.054522384693274306e-01
3.866790070715275807e-01
4.206766397310292005e-01
5.823130352749632532e-01
5.213597190974306184e-01
4.064142327868433546e-01
3.837550415447260610e-01
4.136948988794753590e-01
5.630496253142811547e-01
5.351618585088238067e-01
4.152041258647338196e-01
3.909825540799578558e-01
4.163618521386769911e-01
5.452748025480560479e-01
5.648939154525147721e-01
4.292213027328853903e-01
4.034576354706620460e-01
4.242685912112704738e-01
5.258029592905562044e-01
6.142647415049076187e-01
4.563275402840576422e-01
4.465912605395560564e-01
4.846782572451266424e-01
5.232846311478261958e-01
6.877624214949270565e-01
4.578791060851793993e-01
4.055410033793153679e-01
4.060441649359576854e-01
4.574848658903961085e-01
7.188226717613329653e-01
4.992355714438346248e-01
4.233577829090897082e-01
4.109353867584329967e-01
4.345495640367894041e-01
5.151608317882253596e-01
7.344824920599967166e-01
4.925713169420214421e-01
4.291773997848316591e-01
4.108911585002210654e-01
4.308219006972499043e-01
5.274172058419168696e-01
6.422748564382403380e-01
4.431526582811424753e-01
3.883370151327212305e-01
3.800139854468461698e-01
4.146292985486056959e-01
5.454084712055863315e-01
5.908757357472059768e-01
4.363927563883405747e-01
3.789379096778037193e-01
3.740492117422916651e-01
4.195695939730027524e-01
5.971944381827868353e-01
5.300319356411612448e-01
4.037170309033327187e-01
3.709465987246243213e-01
3.798062273160443536e-01
4.408523487501392890e-01
6.865174526430551927e-01
4.933224125016638095e-01
4.044689962243855907e-01
3.864015456895213974e-01
4.102986083819900598e-01
4.946669851023998143e-01
7.451874826034855515e-01
5.028934864440525176e-01
4.585424678122245745e-01
4.514931868477102817e-01
4.651880829132356565e-01
5.352943919068847700e-01
7.017501217731281216e-01
4.744079089073399147e-01
4.096597753164648581e-01
3.955798093907277324e-01
4.227773670725253341e-01
5.669646571478291763e-01
5.296769278964286176e-01
4.016639792724409075e-01
3.744887441004756679e-01
4.004318689403977283e-01
5.280214375803804483e-01
5.676151841497294459e-01
4.139118427383726706e-01
3.824806373009027038e-01
4.036970533661382032e-01
5.054102978765708798e-01
6.288257914707330309e-01
4.395733829083638411e-01
4.100752849774031983e-01
4.265775397473495212e-01
5.086601893170303867e-01
7.199787105020667433e-01
5.155192316525538665e-01
4.793516194659234730e-01
4.640607187357700947e-01
5.055363564830551715e-01
7.392997187291381334e-01
4.675443591408302013e-01
4.037762941162365005e-01
3.978737451879570952e-01
4.516486204257184611e-01
7.242112877977033847e-01
4.729930005476041810e-01
3.969544820778604377e-01
3.886198071122082820e-01
4.326968587549307466e-01
6.258637874372120491e-01
5.104838930111491591e-01
4.166357024901730655e-01
4.047479501736698793e-01
4.409587302095035466e-01
5.780296911721085618e-01
5.753822290301421338e-01
4.814136469596617118e-01
4.873104007804706650e-01
5.201319497133639613e-01
5.874412193745489619e-01
6.279319859211569543e-01
4.961927615010636727e-01
4.698021865658868479e-01
4.871175988894850817e-01
5.599933339535861920e-01
6.946222996542942285e-01
5.115613422668495724e-01
4.739963909242838058e-01
4.723274798067805813e-01
5.160641716697812464e-01
7.606676294756010703e-01
5.154119231305875903e-01
4.582071260373391519e-01
4.542713884057755780e-01
4.941743001097058108e-01
6.699163485210583024e-01
5.513977717868897566e-01
4.852906268414826640e-01
4.905486837258002386e-01
5.516801951801103554e-01
6.679392267968760066e-01
6.322684089613149760e-01
5.163901499419352170e-01
4.805030269833641676e-01
5.341807141530026115e-01
5.125981256438144618e-01
6.582957728807076192e-01
5.615729834316020019e-01
4.594180653068004050e-01
4.274017685098518426e-01
4.375242630320496096e-01
4.699097611622340409e-01
6.149465279101334891e-01
5.853572693537488769e-01
4.518212656190607746e-01
4.063902991046693947e-01
3.962333653177186332e-01
4.170180072916172542e-01
4.925374759234551481e-01
7.488400832719270817e-01
4.963802409143744376e-01
4.147760760164292959e-01
3.891873657130198172e-01
3.949915928381423358e-01
4.367257761147005368e-01
5.676228357170747252e-01
6.144611395008288124e-01
4.525962326245267509e-01
4.059611169843765355e-01
3.973604033156180049e-01
4.179866140340046665e-01
4.851005174381007312e-01
7.336265172017633063e-01
5.116896597606115371e-01
4.282199412997870769e-01
4.043240719823791296e-01
4.123933745255172756e-01
4.543413107643126669e-01
5.808767588232816026e-01
6.265411590530919339e-01
4.967381713360713436e-01
4.871328091856571008e-01
5.204013473275562740e-01
5.194917391030484666e-01
5.225380043285359211e-01
6.620074256372604493e-01
5.751548560424214473e-01
4.602163590182041242e-01
4.145413413675288483e-01
4.035331285064855944e-01
4.241831624127676559e-01
5.035350203079519416e-01
7.478001703680349221e-01
4.900827051102250587e-01
4.144200508618648415e-01
3.915042220029348319e-01
3.998330479007585203e-01
4.455433110320026202e-01
5.864012691034075075e-01
5.975322592581071568e-01
4.516407594411125381e-01
4.133114600905760105e-01
4.234572082622026779e-01
4.570307935939240673e-01
5.505833888836479950e-01
6.542699131325985240e-01
4.776188859658305752e-01
4.270735794233351257e-01
4.148298465213950403e-01
4.243853950152463583e-01
4.819853605809590880e-01
6.845407120720097272e-01
5.450073584010832750e-01
4.502975610225478098e-01
4.249204080806749384e-01
4.340323413502858441e-01
4.805257543773537865e-01
6.033075340160647393e-01
6.170689068066858018e-01
4.700498005345222219e-01
4.289154321025981376e-01
4.375352280762562218e-01
5.294213909888283442e-01
6.268625649820614987e-01
4.496836747966191372e-01
4.185538736988901332e-01
4.233408835660847358e-01
5.016156544494247971e-01
6.606775067626302622e-01
4.467854108657101087e-01
4.033469421423687695e-01
4.130343988317791704e-01
4.926857825343022856e-01
6.730787212856016444e-01
4.457988399333067120e-01
3.994409358531633703e-01
4.071818274836920271e-01
4.845404643071125617e-01
6.984761552689627839e-01
4.519856005902284091e-01
4.060507388665611228e-01
4.180263305700048782e-01
5.013252087023829517e-01
6.943493144914174575e-01
4.937118303953281218e-01
4.306219695345914200e-01
4.214458991307108437e-01
4.998649479298073461e-01
6.345403436928765961e-01
4.293026085413250148e-01
3.880131092010083438e-01
4.085929565168227584e-01
5.265535461213264323e-01
5.654730201910922460e-01
4.106134395487665012e-01
3.818764755397570654e-01
4.088964862473087325e-01
5.546021721424591044e-01
5.332410528980489062e-01
4.109919273844718779e-01
3.941239912923166777e-01
4.330146832961331294e-01
6.076601583580412136e-01
5.210716842551131878e-01
4.226017445912231274e-01
4.083211738929157786e-01
4.504405140190106960e-01
6.642709023026592829e-01
5.077983351926289579e-01
4.428453305632217840e-01
4.508660300976899404e-01
5.078963403653167230e-01
7.591554980562866817e-01
5.063784852321343566e-01
4.376151276846302896e-01
4.271432514549310389e-01
4.815625327695187696e-01
7.441955230827249634e-01
4.727539644858126944e-01
4.215873897528299441e-01
4.292699386932499750e-01
5.115840154718789279e-01
6.811872753986260021e-01
4.724208876511464816e-01
4.688090431222876608e-01
4.514880866635559986e-01
6.705607951374762399e-01
4.592107172504082402e-01
3.990703722299990819e-01
4.313969681778849208e-01
7.248460451407087168e-01
4.569709018847435411e-01
4.207524655588476548e-01
4.639453036780014639e-01
7.439693736797625689e-01
4.524624008716666701e-01
4.209216955825134665e-01
4.766934770751181660e-01
6.432464303066528499e-01
4.373710913551156487e-01
4.226505861146429566e-01
5.140805366058138759e-01
5.513612387457877961e-01
4.316901835426009137e-01
4.310472412695016131e-01
5.872792260036805434e-01
4.789621370342573847e-01
4.056725293144844979e-01
4.255325732959567286e-01
7.088052142860085114e-01
4.277084597391327403e-01
3.748024021756507507e-01
4.263305267917029684e-01
6.688702810008014810e-01
3.951240470743783706e-01
3.711698988897657592e-01
4.628043132156462458e-01
5.471946223175936375e-01
4.026762694256982300e-01
4.426713318494674976e-01
5.544956021613588470e-01
4.799568723974541040e-01
3.711629316157555314e-01
4.162623081945563408e-01
5.785841496756206626e-01
3.622430603872552890e-01
3.692158590044358202e-01
6.731991139551398717e-01
3.947325192900974500e-01
3.622214937994416295e-01
4.899184466423751605e-01
4.740893941787849286e-01
3.993531580738187148e-01
5.108486882313854061e-01
4.298922643882951977e-01
4.485974649070208486e-01
6.040415774151557393e-01
4.908855798831092132e-01
5.558516497878231988e-01
4.384545099952593117e-01
6.263488304048393518e-01
4.275515153154186843e-01
5.244063800894879224e-01
4.145863819894770597e-01
5.096679745299177444e-01
3.874425614297600240e-01
7.019914984053974294e-01
6.050198815018599241e-01
5.233402710332665242e-01
5.277400420917817137e-01
5.207108266499658189e-01
5.965805288329987244e-01
5.128182578561804039e-01
6.666563807846324075e-01
4.125031569568274881e-01
3.855911445680592076e-01
5.770978547427966232e-01
5.183785161098237726e-01
3.725173756113981938e-01
4.865792259744406434e-01
6.816331289362358437e-01
4.046389864616128373e-01
4.600841384949490576e-01
5.205895224969597779e-01
4.054817854508179220e-01
3.938263662410526056e-01
6.404780923034646412e-01
5.850106381993669391e-01
7.325030875160086774e-01
5.369495583430942132e-01
5.805411828198990820e-01
5.288957144273842559e-01
5.499326415531801127e-01
4.452515842700499049e-01
5.380493136123991604e-01
4.999804166607378364e-01
4.804361731542339253e-01
4.585097679274949822e-01
6.943053854679664960e-01
6.972250056095169457e-01
6.658713563325601159e-01
5.436421612740530707e-01
4.578665513314765789e-01
5.363344497149421519e-01
4.597572486184703933e-01
5.103253801483242924e-01
5.589056541807302381e-01
4.395398289547783888e-01
5.208198603017620831e-01
5.275609208688690765e-01
7.120446266677371572e-01
4.957370443590559117e-01
4.630421693400427752e-01
7.240798087665816229e-01
5.046714200345628898e-01
5.790222530106833299e-01
5.021700588867912263e-01
5.140660014045562720e-01
5.661185007213664910e-01
4.552404589575735350e-01
5.660625686693980807e-01
6.222700546685085987e-01
5.031792079597651179e-01
4.243347071624655742e-01
5.143857136740022096e-01
4.124126968669418192e-01
5.885795351757937555e-01
4.070102588426888768e-01
5.303880330877180915e-01
4.472919272705311311e-01
5.855510049467550493e-01
4.786405179423859901e-01
6.720538085717464583e-01
4.899472589222715335e-01
5.686934855157699253e-01
6.042215528972447736e-01
5.006708208297403484e-01
5.071406862448419872e-01
4.510113560791041420e-01
5.573569679631737994e-01
5.147858683056524276e-01
5.081780203367323168e-01
5.545942825385981045e-01
4.168709715523701287e-01
4.449405672947930879e-01
6.810491793444209963e-01
5.007646099583435984e-01
4.721063026812091779e-01
6.235112673305021058e-01
4.258903207441558925e-01
4.589505921387965759e-01
5.505287569876508025e-01
4.863679616812979223e-01
6.550899476493678986e-01
4.038236051327694920e-01
5.745563011593839420e-01
5.351549885162013576e-01
5.725034054165749620e-01
3.976046529722678802e-01
5.220420808510223276e-01
5.281518925690070754e-01
4.238539600074868741e-01
4.829894006061089540e-01
4.487243417636241904e-01
5.878715280170656587e-01
4.295643597030905370e-01
4.984181903997662588e-01
6.484413458488338389e-01
5.430230237367877910e-01
5.878536740374107339e-01
5.876987118325587289e-01
5.193753112120381710e-01
5.661085390731542821e-01
6.292471532689677405e-01
4.806976681141369445e-01
4.803068241783100545e-01
4.286672294344809342e-01
6.028702875079867685e-01
5.934185678854186907e-01
4.550957191230272647e-01
4.303312999438998476e-01
6.605311932166749722e-01
5.689063987754174878e-01
4.269389108858932524e-01
5.921677802234331933e-01
4.674410859937505602e-01
4.645226679658349678e-01
6.322738460800645388e-01
4.780802050639685330e-01
5.121415062706269339e-01
5.817536594595755783e-01
5.526957756767536534e-01
6.092841665937265283e-01
5.010372738957117322e-01
6.974645591177782711e-01
6.562451472909865968e-01
4.425827700748581339e-01
4.181678036412646016e-01
6.052473996970978432e-01
4.721114850584710587e-01
5.073943984766773330e-01
7.241698910820182356e-01
6.331188705973125330e-01
6.331140093542947378e-01
4.611127289031002885e-01
5.703455204658514077e-01
4.747484241904751379e-01
6.352297358082501511e-01
6.777679325858532167e-01
4.753252287801189024e-01
5.275203376081719631e-01
4.990195049564150054e-01
4.683193789252687589e-01
5.916673102804854700e-01
5.935929193268562054e-01
6.726929563031215364e-01
5.584113320252436230e-01
6.362174303490283345e-01
5.746317678702727028e-01
5.688371945578224453e-01
6.493224260897416666e-01
6.192802316332668422e-01
6.040041593409483101e-01
4.138950886457491984e-01
4.955745430448029176e-01
4.355611010247704140e-01
5.970806333446295744e-01
5.002153948289261853e-01
6.235492343641678703e-01
5.464938819222769917e-01
4.339300219853329255e-01
4.885160565504074737e-01
5.278813603692900092e-01
4.770581727505077141e-01
5.055098002144269298e-01
5.504557633272425532e-01
4.470319243615499816e-01
4.854459461113537211e-01
4.486332462134834942e-01
4.934430271878137986e-01
5.602091209785258208e-01
4.729738362515699124e-01
6.086878275692805262e-01
6.269941729582184653e-01
7.189568957584816511e-01
4.471846325439559067e-01
5.716316514776829116e-01
4.553817219160728458e-01
5.144169709049379868e-01
6.198686438894330797e-01
4.619696799197967607e-01
4.837332229491714819e-01
6.541961516633647555e-01
4.327293556294750099e-01
4.435761016469665918e-01
7.451693731460575787e-01
4.338300690603145160e-01
4.228734647912278932e-01
6.707930689285648285e-01
4.503066708749648428e-01
4.144064726103791063e-01
5.772278982180908402e-01
4.804708615375187786e-01
4.144056707541194928e-01
5.208039156979707984e-01
5.249591827131497856e-01
4.235095020823378964e-01
4.922493876230201737e-01
5.982064241012462480e-01
4.997391950801761684e-01
4.979287645144792052e-01
6.963394531944322452e-01
4.615468715200933825e-01
4.663163763517622629e-01
7.423093508539054808e-01
4.678114562490224837e-01
4.423524778336895280e-01
6.300009119451945860e-01
4.705433504413482071e-01
4.144906552096122576e-01
5.406053838720090710e-01
4.933060494289366327e-01
3.994002639630172546e-01
4.819778486895163749e-01
