-2.609040637979731514e-07
-7.827824056727550328e-07
-1.304724278616831157e-06
-1.826734664422957621e-06
-2.348813978203523334e-06
-2.870965039036832422e-06
-3.393189477840508061e-06
-3.915489276140604602e-06
-4.437866444106930430e-06
-4.960323223612839172e-06
-5.482861549332973539e-06
-6.005484259774540590e-06
-6.528194719024327242e-06
-7.050994990875913970e-06
-7.573890164036534145e-06
-8.096884772768042637e-06
-8.619982916346913271e-06
-9.143185915716500745e-06
-9.666490034310193380e-06
-1.018989075352028095e-05
-1.071338578728653346e-05
-1.123697549465507706e-05
-1.176066207486670123e-05
-1.228444788170524049e-05
-1.280833568517714127e-05
-1.333232906330916734e-05
-1.385643187190588321e-05
-1.438064909198288888e-05
-1.490498525857919532e-05
-1.542944621768516100e-05
-1.595404085685814266e-05
-1.647877911203909918e-05
-1.700367785040235447e-05
-1.752876110006074128e-05
-1.805407415400583915e-05
-1.857971943719505248e-05
-1.910601984722593016e-05
-1.963568612595167906e-05
-2.016634700841013483e-05
-2.069502092549857508e-05
-2.122316457742190465e-05
-2.175110863256168869e-05
-2.227899216111772773e-05
-2.280688885603066041e-05
-2.333484595096191327e-05
-2.386289742262182045e-05
-2.439107283092045719e-05
-2.491939988091829150e-05
-2.544791315706174117e-05
-2.597667659842706200e-05
-2.650610948451426196e-05
-2.703523827385367895e-05
-2.756440110696090073e-05
-2.809373141088311598e-05
-2.862326341102061633e-05
-2.915301800043845759e-05
-2.968300840944237962e-05
-3.021324192009622323e-05
-3.074372263545122053e-05
-3.127444539452461925e-05
-3.180540003977494479e-05
-3.233657363510555882e-05
-3.286794636514489554e-05
-3.339949834590960620e-05
-3.393120149286499299e-05
-3.446303283061169509e-05
-3.499496839520777058e-05
-3.552698966502454425e-05
-3.605907995729573656e-05
-3.659122622490240673e-05
-3.712341864292589833e-05
-3.765565071256471441e-05
-3.818791898491102899e-05
-3.872022292639165642e-05
-3.925256417780520479e-05
-3.978494688805511714e-05
-4.031737589771378083e-05
-4.084985727792478372e-05
-4.138239749651440036e-05
-4.191500345940291083e-05
-4.244768208894189598e-05
-4.298044022199576375e-05
-4.351328472773641209e-05
-4.404622259612800406e-05
-4.457926083845098475e-05
-4.511240411542161155e-05
-4.564565765807770958e-05
-4.617902443715404814e-05
-4.671250307308749683e-05
-4.724608765771520780e-05
-4.777976167025244081e-05
-4.831350119227639794e-05
-4.884728520837544608e-05
-4.938110214935953479e-05
-4.991494766970472341e-05
-5.044882328808508731e-05
-5.098273219961146907e-05
-5.151667827196781957e-05
-5.205066653113377129e-05
-5.258470205393717123e-05
-5.311879024672006011e-05
-5.365293649151059441e-05
-5.418714618954378892e-05
-5.472142471718566270e-05
-5.525577707454765175e-05
-5.579020939050494121e-05
-5.632472628747109411e-05
-5.685933361654349483e-05
-5.739403781768182000e-05
-5.792884530730901815e-05
-5.846376462426139398e-05
-5.899880607207474981e-05
-5.953398724090064320e-05
-6.006933701041550222e-05
-6.060487105252754247e-05
-6.114050158290140757e-05
-6.167621069763651320e-05
-6.221202802914049812e-05
-6.274797304206547466e-05
-6.328406261879582217e-05
-6.382031382345942916e-05
-6.435674369698052288e-05
-6.489337163184671908e-05
-6.543022401706011237e-05
-6.596733374275576267e-05
-6.650475192304661221e-05
-6.704254209977111856e-05
-6.758080278157496679e-05
-6.811969492570568718e-05
-6.865947263434701853e-05
-6.920056116299644344e-05
-6.974349232535814735e-05
-7.028826616917172032e-05
-7.083368959392988273e-05
-7.137867102213757420e-05
-7.192298362868054795e-05
-7.246672603955506275e-05
-7.301004150994661046e-05
-7.355304840495069385e-05
-7.409583382422813003e-05
-7.463846419397679455e-05
-7.518098890124669254e-05
-7.572345060158358621e-05
-7.626588068954109900e-05
-7.680830475975675142e-05
-7.735074475923031656e-05
-7.789321818807426467e-05
-7.843574107579964760e-05
-7.897832653558367610e-05
-7.952098597008294689e-05
-8.006372909408199234e-05
-8.060656502095753240e-05
-8.114950145554633565e-05
-8.169254513645807236e-05
-8.223570264143109654e-05
-8.277898034880770695e-05
-8.332238753716580959e-05
-8.386592664699765720e-05
-8.440960433653277306e-05
-8.495342843439779301e-05
-8.549740506769154536e-05
-8.604154202396241402e-05
-8.658584535059521414e-05
-8.713032063067949196e-05
-8.767497424810866136e-05
-8.821981384754540301e-05
-8.876484460673683685e-05
-8.931007325407858133e-05
-8.985550509676976105e-05
-9.040114737768334408e-05
-9.094700683831558052e-05
-9.149308829836666490e-05
-9.203939882140854678e-05
-9.258594304295542088e-05
-9.313272946165351840e-05
-9.367976453977799878e-05
-9.422705396033848046e-05
-9.477460808571258610e-05
-9.532243485965707919e-05
-9.587054150739238167e-05
-9.641893976297666313e-05
-9.696764067979035673e-05
-9.751666190915830867e-05
-9.806601956741101134e-05
-9.861573188940653267e-05
-9.916582503277648897e-05
-9.971632841276889536e-05
-1.002672888811284579e-04
-1.008187564984774909e-04
-1.013708055657147611e-04
-1.019235722919953346e-04
-1.024772879689717087e-04
-1.030323254572751424e-04
-1.035883429694184343e-04
-1.041439360615070697e-04
-1.046992306908967052e-04
-1.052546055109182532e-04
-1.058102874061939147e-04
-1.063664136061737153e-04
-1.069230574364254949e-04
-1.074803116949407666e-04
-1.080382535468826788e-04
-1.085969542924392073e-04
-1.091564962719671072e-04
-1.097169478507797891e-04
-1.102783979261001690e-04
-1.108409437495794236e-04
-1.114046795798184775e-04
-1.119697441679390337e-04
-1.125362317252465161e-04
-1.131043021342925670e-04
-1.136741142069297439e-04
-1.142458540188684424e-04
-1.148197544946771842e-04
-1.153960420358091099e-04
-1.159749653092401189e-04
-1.165568386864990202e-04
-1.171419876145884942e-04
-1.177308607587246314e-04
-1.183238065654013127e-04
-1.189212988544907645e-04
-1.195237181408348448e-04
-1.201315569691052687e-04
-1.207452792089114268e-04
-1.213650868946425376e-04
-1.219911610469415209e-04
-1.226234313744800630e-04
-1.232614572543866416e-04
-1.239046969522261676e-04
-1.245521869049914798e-04
-1.252028898548473990e-04
-1.258557460748210843e-04
-1.265097506669699001e-04
-1.271640526371298208e-04
-1.278179667145717957e-04
-1.284709834973307707e-04
-1.291227265236560839e-04
-1.297729424929450204e-04
-1.304214938864234341e-04
-1.310682666874063429e-04
-1.317132735417780864e-04
-1.323565309706564719e-04
-1.329980562735366689e-04
-1.336379177127033913e-04
-1.342761657229241123e-04
-1.349128835385071667e-04
-1.355481341079878277e-04
-1.361819982861334211e-04
-1.368145408695564669e-04
-1.374458095781960765e-04
-1.380758947040483520e-04
-1.387048518336486680e-04
-1.393327881666905910e-04
-1.399597381203099289e-04
-1.405857467601245858e-04
-1.412108739425876891e-04
-1.418351797541905768e-04
-1.424587111092945335e-04
-1.430815194161105808e-04
-1.437036357183618662e-04
-1.443250754624703092e-04
-1.449459729128133034e-04
-1.455663212193147871e-04
-1.461861565005273533e-04
-1.468055184999927931e-04
-1.474244357932974481e-04
-1.480429519077341993e-04
-1.486611048696628856e-04
-1.492789354997636764e-04
-1.498964926431867184e-04
-1.505138198021338525e-04
-1.511309475199507091e-04
-1.517479073014360580e-04
-1.523645769831993846e-04
-1.529809391418446296e-04
-1.535970272712461338e-04
-1.542128751512716889e-04
-1.548284946788491823e-04
-1.554438866080420922e-04
-1.560590428015817821e-04
-1.566739355043367254e-04
-1.572885627462161651e-04
-1.579028822363826023e-04
-1.585169154844079387e-04
-1.591306276040871381e-04
-1.597440046540166136e-04
-1.603570434808299083e-04
-1.609697400190013283e-04
-1.615820935473299969e-04
-1.621941136409343898e-04
-1.628058032553392209e-04
-1.634171707367571003e-04
-1.640282337603826690e-04
-1.646390079610426938e-04
-1.652495026962519376e-04
-1.658597278643147988e-04
-1.664697016284799602e-04
-1.670794412220732994e-04
-1.676889592246988414e-04
-1.682982743029803885e-04
-1.689074086290709431e-04
-1.695163784229958281e-04
-1.701251990232632849e-04
-1.707338723897500188e-04
-1.713423752839338121e-04
-1.719507074346982023e-04
-1.725588791025023383e-04
-1.731669046847184035e-04
-1.737747973435954663e-04
-1.743825705231571987e-04
-1.749902373984202342e-04
-1.755978059282403692e-04
-1.762052888195642097e-04
-1.768126924476254302e-04
-1.774200225473920867e-04
-1.780272857141440568e-04
-1.786344844275644661e-04
-1.792416225534498864e-04
-1.798487041431151567e-04
-1.804557320942423715e-04
-1.810627111199503148e-04
-1.816696444651988429e-04
-1.822765415998572891e-04
-1.828834105535026566e-04
-1.834902633104373848e-04
-1.840971121908063779e-04
-1.847039715993092912e-04
-1.853108598368624627e-04
-1.859177981694548620e-04
-1.865248119539142380e-04
-1.871319314988850735e-04
-1.877391910204417869e-04
-1.883466295962143988e-04
-1.889542731892124294e-04
-1.895621090312049617e-04
-1.901699858952721200e-04
-1.907776338018196682e-04
-1.913848741317281110e-04
-1.919917374287871681e-04
-1.925983270886222343e-04
-1.932047415631465981e-04
-1.938110554630112503e-04
-1.944173203178856113e-04
-1.950235772889552521e-04
-1.956298565319869454e-04
-1.962361844412008338e-04
-1.968425838319021182e-04
-1.974490756316837903e-04
-1.980556796649102225e-04
-1.986624154308724854e-04
-1.992693028866066030e-04
-1.998763618573651257e-04
-2.004836149718247640e-04
-2.010910825341882813e-04
-2.016987854140950276e-04
-2.023067443802650800e-04
-2.029149760536252955e-04
-2.035235041508709486e-04
-2.041323415840068378e-04
-2.047414961028337643e-04
-2.053509720968405006e-04
-2.059607654643080821e-04
-2.065708624868767274e-04
-2.071812514636839353e-04
-2.077919130251126845e-04
-2.084028300034512782e-04
-2.090140015684749386e-04
-2.096254313879164499e-04
-2.102371351356824292e-04
-2.108491358659980719e-04
-2.114614732945385711e-04
-2.120741963216321579e-04
-2.126873649924698739e-04
-2.133010685099190340e-04
-2.139153965958762171e-04
-2.145304859776375750e-04
-2.151465153430454080e-04
-2.157637011632740354e-04
-2.163823197368630602e-04
-2.170025612463488685e-04
-2.176242499563052490e-04
-2.182467117595177086e-04
-2.188692211091414208e-04
-2.194915073765457691e-04
-2.201136132291559022e-04
-2.207356829665441111e-04
-2.213578443175379107e-04
-2.219801940189780609e-04
-2.226027881225833838e-04
-2.232256465920512412e-04
-2.238487619774520709e-04
-2.244721140095551348e-04
-2.250956721421282225e-04
-2.257194148718166815e-04
-2.263433342162279871e-04
-2.269674602656257534e-04
-2.275919388896596729e-04
-2.282166030885823815e-04
-2.288415421393130700e-04
-2.294670279466837215e-04
-2.300934627018635936e-04
-2.307216280250656837e-04
-2.313531318782757751e-04
-2.319906527979975763e-04
-2.326320034030660011e-04
-2.332705976318960595e-04
-2.339060406322257535e-04
-2.345393062189726763e-04
-2.351710378932780898e-04
-2.358016320218592199e-04
-2.364313666355366550e-04
-2.370604236467954706e-04
-2.376889352070366002e-04
-2.383170100227482990e-04
-2.389447150319412572e-04
-2.395721150008078837e-04
-2.401992550297160633e-04
-2.408261358588514867e-04
-2.414527240930386398e-04
-2.420789997997774279e-04
-2.427049883454435175e-04
-2.433307026140640872e-04
-2.439561867046968757e-04
-2.445814779346022760e-04
-2.452065840282680043e-04
-2.458315581229664204e-04
-2.464564028555882302e-04
-2.470811394025274055e-04
-2.477057762342305125e-04
-2.483303264648739628e-04
-2.489547988907547804e-04
-2.495792049742595609e-04
-2.502035531435353732e-04
-2.508278512584061204e-04
-2.514521081605769481e-04
-2.520763293071270894e-04
-2.527005243464497397e-04
-2.533247011299311069e-04
-2.539488662308686528e-04
-2.545730285319347530e-04
-2.551971967088562110e-04
-2.558213823432575751e-04
-2.564455982815294632e-04
-2.570698625047329600e-04
-2.576941996869086537e-04
-2.583186453786190384e-04
-2.589432475912367693e-04
-2.595680701448221939e-04
-2.601930999434065583e-04
-2.608182164361982913e-04
-2.614433366977531037e-04
-2.620684612292256688e-04
-2.626936200142981903e-04
-2.633188471716785273e-04
-2.639441775715845040e-04
-2.645696469627534242e-04
-2.651952977869020955e-04
-2.658211686934475182e-04
-2.664473065677741559e-04
-2.670737421844870951e-04
-2.677004741422628342e-04
-2.683274555522752181e-04
-2.689545807839088809e-04
-2.695817660116617276e-04
-2.702089920280092983e-04
-2.708362715309053925e-04
-2.714636337863840509e-04
-2.720911198320630220e-04
-2.727187840205758107e-04
-2.733466912540061244e-04
-2.739749153600756770e-04
-2.746035445074790360e-04
-2.752326641470848045e-04
-2.758623376581947895e-04
-2.764925864972012093e-04
-2.771233606647660608e-04
-2.777545610632703443e-04
-2.783860649321345804e-04
-2.790177667714166532e-04
-2.796495978174551311e-04
-2.802815139423264768e-04
-2.809134876331498276e-04
-2.815455034531622047e-04
-2.821775532431125555e-04
-2.828096324051232457e-04
-2.834417398847044467e-04
-2.840738773810524975e-04
-2.847060465134276797e-04
-2.853382562462147831e-04
-2.859705159887759862e-04
-2.866028373976758914e-04
-2.872352319620574690e-04
-2.878677126398887509e-04
-2.885002929330360288e-04
-2.891329867763525741e-04
-2.897658104151767944e-04
-2.903987832127974400e-04
-2.910319347890766295e-04
-2.916653130987656439e-04
-2.922990211993159448e-04
-2.929331465580942151e-04
-2.935673404358407623e-04
-2.942014835792816640e-04
-2.948356402716623137e-04
-2.954698474647576845e-04
-2.961041209141868080e-04
-2.967384660038652200e-04
-2.973728843005396527e-04
-2.980073771879920841e-04
-2.986419446772137221e-04
-2.992765935194707794e-04
-2.999113294942512553e-04
-3.005461645327889286e-04
-3.011811123436736182e-04
-3.018161881979120054e-04
-3.024514098396435813e-04
-3.030867961543171063e-04
-3.037223703077351900e-04
-3.043581587186539039e-04
-3.049941926941412973e-04
-3.056305200869191552e-04
-3.062671489485468967e-04
-3.069039843346388352e-04
-3.075410088275720710e-04
-3.081782572253999319e-04
-3.088157607401553761e-04
-3.094535433513234679e-04
-3.100916215679205834e-04
-3.107300183123884452e-04
-3.113687318618829636e-04
-3.120077802967191616e-04
-3.126471724683721476e-04
-3.132869115879399757e-04
-3.139270023685414301e-04
-3.145674430951039824e-04
-3.152082365833752675e-04
-3.158493804070738875e-04
-3.164908694294199520e-04
-3.171327053513861571e-04
-3.177748849370054529e-04
-3.184173915008470246e-04
-3.190602228870798029e-04
-3.197033740635069066e-04
-3.203468418144783669e-04
-3.209906189831635004e-04
-3.216346981527173909e-04
-3.222790753031334887e-04
-3.229237457651468191e-04
-3.235687094339523284e-04
-3.242139655516007579e-04
-3.248595135900700370e-04
-3.255053465320845163e-04
-3.261514707789681111e-04
-3.267978920853398250e-04
-3.274446136560804632e-04
-3.280916385773879895e-04
-3.287389724790923395e-04
-3.293866240601239781e-04
-3.300345979606600366e-04
-3.306829146993983670e-04
-3.313315580344422528e-04
-3.319805424653043957e-04
-3.326298770531810334e-04
-3.332795645595298950e-04
-3.339296122158996738e-04
-3.345800212901650639e-04
-3.352307925461595062e-04
-3.358819228338472129e-04
-3.365334087044313804e-04
-3.371852490162696725e-04
-3.378374391019844936e-04
-3.384899760314752371e-04
-3.391428537159457690e-04
-3.397960689092149877e-04
-3.404496213450514119e-04
-3.411035084259772532e-04
-3.417577308920671797e-04
-3.424122911567240024e-04
-3.430671889623759796e-04
-3.437224365396840398e-04
-3.443780380786298778e-04
-3.450340067931989552e-04
-3.456903316121362479e-04
-3.463470318383343738e-04
-3.470041187501049507e-04
-3.476615959236983855e-04
-3.483194731327410310e-04
-3.489777582018627200e-04
-3.496364572715959795e-04
-3.502955852215938748e-04
-3.509551500052721096e-04
-3.516151456181004775e-04
-3.522755874297844869e-04
-3.529364917413957414e-04
-3.535978622902780089e-04
-3.542597085631760123e-04
-3.549220507579331496e-04
-3.555849113449083276e-04
-3.562483160415297334e-04
-3.569122962301385371e-04
-3.575769007482243467e-04
-3.582421676751046391e-04
-3.589081753259115715e-04
-3.595750110557682788e-04
-3.602427845375011373e-04
-3.609116587657279496e-04
-3.615818429991701777e-04
-3.622536356248096112e-04
-3.629274679358696076e-04
-3.636039032448579178e-04
-3.642837269444143544e-04
-3.649675670093222024e-04
-3.656550435319205761e-04
-3.663438970435972664e-04
-3.670314729463663994e-04
-3.677166908171436432e-04
-3.683996855168292228e-04
-3.690809216534418624e-04
-3.697608442905231385e-04
-3.704398341477510570e-04
-3.711181830062804110e-04
-3.717961529451363489e-04
-3.724739611462579703e-04
-3.731518526841615113e-04
-3.738301219388118213e-04
-3.745091739510986173e-04
-3.751881772064979970e-04
-3.758659850295886784e-04
-3.765430518921641934e-04
-3.772196655956738809e-04
-3.778959658037317482e-04
-3.785720287312610566e-04
-3.792479044018026713e-04
-3.799236264080407821e-04
-3.805992240810684990e-04
-3.812747231242141766e-04
-3.819501464989993877e-04
-3.826255185088722754e-04
-3.833008608803423201e-04
-3.839761980755085347e-04
-3.846515559412511109e-04
-3.853269626722388708e-04
-3.860024468578249213e-04
-3.866780334793595841e-04
-3.873537462905085604e-04
-3.880296128375704257e-04
-3.887056630318408423e-04
-3.893819236797657624e-04
-3.900584214884261769e-04
-3.907351823735361052e-04
-3.914122318056101335e-04
-3.920895985123351579e-04
-3.927673053772950951e-04
-3.934453633056556043e-04
-3.941238015376935522e-04
-3.948026418097994039e-04
-3.954819016180888269e-04
-3.961616048682170543e-04
-3.968417677299163060e-04
-3.975224112688913181e-04
-3.982035590573973494e-04
-3.988852346900051415e-04
-3.995674650827396590e-04
-4.002502706158539425e-04
-4.009336866303003788e-04
-4.016177421413136273e-04
-4.023024654614681950e-04
-4.029878967791722388e-04
-4.036740670322336300e-04
-4.043610212085546607e-04
-4.050487921197776231e-04
-4.057374024815096902e-04
-4.064268919409252945e-04
-4.071172568103076372e-04
-4.078085594814151449e-04
-4.085008143449586626e-04
-4.091940981819641721e-04
-4.098885005731078834e-04
-4.105841410002586400e-04
-4.112812371905860687e-04
-4.119803602545824006e-04
-4.126847406948908059e-04
-4.133886687279764161e-04
-4.140909225011091266e-04
-4.147934110687589992e-04
-4.154965141508482063e-04
-4.162003230737676418e-04
-4.169048316782220098e-04
-4.176099585757597765e-04
-4.183155801605886737e-04
-4.190215440448286088e-04
-4.197276863441290473e-04
-4.204338528657203256e-04
-4.211399104283586325e-04
-4.218457795661656462e-04
-4.225514010682829280e-04
-4.232566909451174197e-04
-4.239613854112311842e-04
-4.246652353577795580e-04
-4.253683049033618602e-04
-4.260707394857510266e-04
-4.267726687651185458e-04
-4.274742054625191301e-04
-4.281754373621771137e-04
-4.288764463271643734e-04
-4.295773118706547322e-04
-4.302780947137430090e-04
-4.309788549325954676e-04
-4.316796457012328503e-04
-4.323805184149875913e-04
-4.330815200220827776e-04
-4.337826951233969552e-04
-4.344840860810439409e-04
-4.351857357753896594e-04
-4.358876834646974174e-04
-4.365899677317708338e-04
-4.372926223856765660e-04
-4.379956870425028015e-04
-4.386992029058456311e-04
-4.394032025273331143e-04
-4.401077181496182433e-04
-4.408127884512058614e-04
-4.415184430682783656e-04
-4.422247117006339323e-04
-4.429316333096622316e-04
-4.436392270302791374e-04
-4.443475098795390821e-04
-4.450565192046784802e-04
-4.457662830136266408e-04
-4.464768407660413274e-04
-4.471882402440341409e-04
-4.479005482518338965e-04
-4.486138459413036017e-04
-4.493282326941683280e-04
-4.500438808689999348e-04
-4.507609431346759621e-04
-4.514796713800395267e-04
-4.522003664162443926e-04
-4.529234107174540114e-04
-4.536493892836057640e-04
-4.543789741255910286e-04
-4.551129501887407613e-04
-4.558522894984040619e-04
-4.565977512732688481e-04
-4.573499936442182445e-04
-4.581090913799990005e-04
-4.588743817367513245e-04
-4.596449342165742635e-04
-4.604197751688632323e-04
-4.611996611115776190e-04
-4.619847157391054893e-04
-4.627681429261176760e-04
-4.635515006806700811e-04
-4.643348772429556348e-04
-4.651182382063856480e-04
-4.659015478687411616e-04
-4.666847903359583327e-04
-4.674679665587211375e-04
-4.682510929852057302e-04
-4.690341966095967763e-04
-4.698173095167845759e-04
-4.706004723130652323e-04
-4.713837328151893047e-04
-4.721671551519701637e-04
-4.729508415292071888e-04
-4.737347783958512082e-04
-4.745188275637746145e-04
-4.753030504838218206e-04
-4.760875110165763147e-04
-4.768722537168423870e-04
-4.776573193017163987e-04
-4.784427413281333585e-04
-4.792285494414905145e-04
-4.800147730523729450e-04
-4.808014419837025599e-04
-4.815885916039652770e-04
-4.823762418207921954e-04
-4.831644296081627488e-04
-4.839531761853255176e-04
-4.847425149500095287e-04
-4.855324852630626964e-04
-4.863231180940452703e-04
-4.871144470722788000e-04
-4.879065188342357473e-04
-4.886993686827878491e-04
-4.894930714266498839e-04
-4.902876341064121846e-04
-4.910831337504584226e-04
-4.918796548712967009e-04
-4.926772902487108752e-04
-4.934761504462592541e-04
-4.942763862113563889e-04
-4.950781586353647512e-04
-4.958816610596272767e-04
-4.966871487480650771e-04
-4.974949024608710246e-04
-4.983053213355459476e-04
-4.991185857456947872e-04
-4.999349586963797165e-04
-5.007544443300648851e-04
-5.015767713224539293e-04
-5.024014492460704417e-04
-5.032278566843295664e-04
-5.040554836076571732e-04
-5.048839662740167711e-04
-5.057130849311919363e-04
-5.065427433381675115e-04
-5.073729195065324049e-04
-5.082036078262186507e-04
-5.090348611260786527e-04
-5.098667293591541139e-04
-5.106992720973480004e-04
-5.115325321480845844e-04
-5.123665383388598116e-04
-5.132013114758082750e-04
-5.140368343896639658e-04
-5.148730918391741795e-04
-5.157100100178224622e-04
-5.165475234419902861e-04
-5.173855738642707536e-04
-5.182241107386520440e-04
-5.190630945582919153e-04
-5.199025036571880420e-04
-5.207423219922846513e-04
-5.215825510329619163e-04
-5.224231991749483939e-04
-5.232642798219666602e-04
-5.241058258500519429e-04
-5.249478277153940553e-04
-5.257903231874472283e-04
-5.266333309835724563e-04
-5.274768710411548156e-04
-5.283209689300738532e-04
-5.291656378196840649e-04
-5.300108983913309757e-04
-5.308567705477607035e-04
-5.317032669739374384e-04
-5.325504139105374790e-04
-5.333982117244895349e-04
-5.342466705188231302e-04
-5.350958037889652630e-04
-5.359456205878965207e-04
-5.367961352775729722e-04
-5.376473699856276767e-04
-5.384993564834239521e-04
-5.393521532949252517e-04
-5.402058703872780754e-04
-5.410608276503747760e-04
-5.419183381721870418e-04
-5.427768862461546107e-04
-5.436349828910058690e-04
-5.444933945637497885e-04
-5.453523696062889670e-04
-5.462120322291541541e-04
-5.470724690027628512e-04
-5.479337647248394561e-04
-5.487960097264599213e-04
-5.496593132813254456e-04
-5.505238430725256649e-04
-5.513898466978917057e-04
-5.522577520103988391e-04
-5.531283143948018122e-04
-5.540031476400919530e-04
-5.548864153049892778e-04
-5.557882711967332412e-04
-5.566958793354892521e-04
-5.575929418296654561e-04
-5.584839800937269061e-04
-5.593717442017309693e-04
-5.602575633950612755e-04
-5.611422039626390301e-04
-5.620261171256357713e-04
-5.629096020400847777e-04
-5.637928595825236755e-04
-5.646760441698761568e-04
-5.655592699898015496e-04
-5.664426239286868281e-04
-5.673261751442115752e-04
-5.682099850808919328e-04
-5.690940844991221326e-04
-5.699785265171897208e-04
-5.708632970561344777e-04
-5.717484277377726798e-04
-5.726339332154939399e-04
-5.735198237477590055e-04
-5.744061109586029445e-04
-5.752928129765244591e-04
-5.761799493746444512e-04
-5.770675410367021030e-04
-5.779556237546223940e-04
-5.788442013636707628e-04
-5.797332991114290124e-04
-5.806229464416778896e-04
-5.815131600069856077e-04
-5.824039600390573668e-04
-5.832953544787633504e-04
-5.841873561829302730e-04
-5.850799622093560970e-04
-5.859731656866484784e-04
-5.868669678843474458e-04
-5.877613656963820432e-04
-5.886563537652600431e-04
-5.895519806214943870e-04
-5.904482221493756455e-04
-5.913450842803813501e-04
-5.922424583193475200e-04
-5.931402508316807598e-04
-5.940384522498121100e-04
-5.949370930931063839e-04
-5.958362189288912703e-04
-5.967358563853109032e-04
-5.976360286839010882e-04
-5.985367380688666472e-04
-5.994379998236487594e-04
-6.003398186978925466e-04
-6.012421845708049162e-04
-6.021450851332321719e-04
-6.030485107541005974e-04
-6.039524479343194585e-04
-6.048568826055866765e-04
-6.057618200024927901e-04
-6.066672238156378683e-04
-6.075731030370512542e-04
-6.084794445502250682e-04
-6.093862537355221320e-04
-6.102935184656432810e-04
-6.112012490557816591e-04
-6.121094512109293007e-04
-6.130181303020121319e-04
-6.139272916653171208e-04
-6.148369481415727478e-04
-6.157470948935372945e-04
-6.166577459307820419e-04
-6.175689057302813367e-04
-6.184805748983279727e-04
-6.193927604043469870e-04
-6.203054606533919824e-04
-6.212186702474475908e-04
-6.221323869999295653e-04
-6.230466050693994617e-04
-6.239613252585485270e-04
-6.248765477030460147e-04
-6.257922913297520040e-04
-6.267086099109864250e-04
-6.276256496893228842e-04
-6.285439328898023703e-04
-6.294667855600843964e-04
-6.303936387622721682e-04
-6.313175494732092830e-04
-6.322405393710539556e-04
-6.331631757118261206e-04
-6.340856855211463028e-04
-6.350081840640342534e-04
-6.359307426149207743e-04
-6.368534114189472461e-04
-6.377762262996800047e-04
-6.386992142589642540e-04
-6.396223995891459069e-04
-6.405457989834273391e-04
-6.414694246504870634e-04
-6.423932819656918980e-04
-6.433173749189613488e-04
-6.442416985950050190e-04
-6.451662503735855481e-04
-6.460910404716413424e-04
-6.470160967273486108e-04
-6.479415114618580773e-04
-6.488676738072296502e-04
-6.497943531453831412e-04
-6.507203445352827131e-04
-6.516463522203697067e-04
-6.525727721498064682e-04
-6.535013073107887038e-04
-6.544281211838809398e-04
-6.553546334432391873e-04
-6.562810804955354627e-04
-6.572075365868235153e-04
-6.581340373443822500e-04
-6.590606034695412063e-04
-6.599872475052670495e-04
-6.609139766654559267e-04
-6.618407936628267763e-04
-6.627676898535161953e-04
-6.636946797736742454e-04
-6.646217502250806319e-04
-6.655488951514687557e-04
-6.664761093546633930e-04
-6.674033883501406805e-04
-6.683307311520225724e-04
-6.692581395363328411e-04
-6.701856193650490567e-04
-6.711131818384341585e-04
-6.720408459286453251e-04
-6.729686467017437224e-04
-6.738966210617647334e-04
-6.748246668822899252e-04
-6.757527546765729198e-04
-6.766809370465365348e-04
-6.776092522084997682e-04
-6.785377299075578961e-04
-6.794663985851823185e-04
-6.803952882303843097e-04
-6.813244324128664431e-04
-6.822538674062794684e-04
-6.831836323776263598e-04
-6.841137632628280230e-04
-6.850443079706725058e-04
-6.859753437316040703e-04
-6.869069750360390358e-04
-6.878393501118518216e-04
-6.887727010690403162e-04
-6.897073774416728753e-04
-6.906440398748436849e-04
-6.915840146061169591e-04
-6.925305547712534704e-04
-6.934913952889587563e-04
-6.944582016746858599e-04
-6.954177446235609850e-04
-6.963727630672211788e-04
-6.973253365878395726e-04
-6.982765181124950260e-04
-6.992269163238473695e-04
-7.001769188562656510e-04
-7.011267923499042709e-04
-7.020767509750003299e-04
-7.030269886180162686e-04
-7.039777041761841048e-04
-7.049291141026925445e-04
-7.058814865008589123e-04
-7.068351444946552320e-04
-7.077905344106127927e-04
-7.087482289439561711e-04
-7.097089272286583039e-04
-7.106733686036426079e-04
-7.116414546830540644e-04
-7.126110444027888846e-04
-7.135788578446211616e-04
-7.145432840827137255e-04
-7.155043691681184370e-04
-7.164626199871459988e-04
-7.174185338038041593e-04
-7.183725134886076447e-04
-7.193249211674412891e-04
-7.202760137917652017e-04
-7.212259856842484496e-04
-7.221750938795068464e-04
-7.231234572396827431e-04
-7.240711817678713302e-04
-7.250183712682600756e-04
-7.259651009056122817e-04
-7.269114486311289980e-04
-7.278574709247420671e-04
-7.288032259861187967e-04
-7.297487665380852917e-04
-7.306941306001180081e-04
-7.316393521363817598e-04
-7.325845074082071307e-04
-7.335296191680606981e-04
-7.344747316490041200e-04
-7.354198891516006142e-04
-7.363651409834082173e-04
-7.373105410476421540e-04
-7.382561497553119523e-04
-7.392020376827401762e-04
-7.401482822233518277e-04
-7.410949912822761831e-04
-7.420422282379268708e-04
-7.429901326633236991e-04
-7.439386607043241284e-04
-7.448876186830766244e-04
-7.458365991145354812e-04
-7.467851876318265525e-04
-7.477331548633170399e-04
-7.486804690989279365e-04
-7.496271921897390556e-04
-7.505734267144736904e-04
-7.515192740042975217e-04
-7.524648113289567064e-04
-7.534101058396247552e-04
-7.543552086317628635e-04
-7.553001693255678717e-04
-7.562450255000907617e-04
-7.571898081938366332e-04
-7.581345464625632857e-04
-7.590792664154966118e-04
-7.600239878526870996e-04
-7.609687338863135864e-04
-7.619135235145124696e-04
-7.628583736823957295e-04
-7.638033021328816119e-04
-7.647483257651188637e-04
-7.656934624833411362e-04
-7.666387306354272013e-04
-7.675841487573276112e-04
-7.685297304820259967e-04
-7.694754506779588610e-04
-7.704213592303332803e-04
-7.713674420467553361e-04
-7.723137182401584866e-04
-7.732602077203942770e-04
-7.742069319043309861e-04
-7.751539101668036835e-04
-7.761011609991319560e-04
-7.770487050697827414e-04
-7.779965623958551291e-04
-7.789447573329777441e-04
-7.798933156136778067e-04
-7.808422560278138747e-04
-7.817916080756770469e-04
-7.827413843037867025e-04
-7.836916257009107767e-04
-7.846423608356412061e-04
-7.855936175273914301e-04
-7.865454295907792215e-04
-7.874978318982428505e-04
-7.884508539149903683e-04
-7.894045367987656547e-04
-7.903588998968702484e-04
-7.913139832276261387e-04
-7.922698219184898250e-04
-7.932264437746638919e-04
-7.941838834871761676e-04
-7.951421669122327174e-04
-7.961013410436867943e-04
-7.970614468327807955e-04
-7.980225297525844752e-04
-7.989846842824110951e-04
-7.999479487779126430e-04
-8.009124309258375263e-04
-8.018782681510350230e-04
-8.028456050321874926e-04
-8.038146522917344328e-04
-8.047856454735935472e-04
-8.057588635128620780e-04
-8.067346783114937026e-04
-8.077135201971508138e-04
-8.086959966916440479e-04
-8.096827413236473703e-04
-8.106745185243457996e-04
-8.116722997821845809e-04
-8.126771350859263165e-04
-8.136901531354823192e-04
-8.147124767952096391e-04
-8.157447483233548624e-04
-8.167869978770170292e-04
-8.178383143546685830e-04
-8.188969140200397234e-04
-8.199602662185556667e-04
-8.210258915076762420e-04
-8.220917669011784668e-04
-8.231564471642416336e-04
-8.242190317577779979e-04
-8.252789861735720933e-04
-8.263361217255571489e-04
-8.273903900244405918e-04
-8.284418788525593769e-04
-8.294907009699370448e-04
-8.305370091309383085e-04
-8.315809881546121218e-04
-8.326228047351724726e-04
-8.336626366413080191e-04
-8.347006620853525405e-04
-8.357370086643500784e-04
-8.367718237884957944e-04
-8.378052458277718273e-04
-8.388373863207343462e-04
-8.398683397264905537e-04
-8.408981861077746700e-04
-8.419269886985603080e-04
-8.429548060592262360e-04
-8.439816746087513977e-04
-8.450076412338525245e-04
-8.460327254845578793e-04
-8.470569608800548878e-04
-8.480803808088577256e-04
-8.491030040151947844e-04
-8.501248555181639688e-04
-8.511459254852971057e-04
-8.521662763540938101e-04
-8.531858800918667995e-04
-8.542048362922827209e-04
-8.552231191953918454e-04
-8.562407909313840548e-04
-8.572578584860046647e-04
-8.582743482825616610e-04
-8.592902880592001580e-04
-8.603057000997615944e-04
-8.613206196406153481e-04
-8.623350598964130143e-04
-8.633490871545745904e-04
-8.643627130547892889e-04
-8.653759722717646596e-04
-8.663889022436643828e-04
-8.674015315307537222e-04
-8.684138995816992335e-04
-8.694260393397046371e-04
-8.704379842245923982e-04
-8.714497717442482028e-04
-8.724614331030444703e-04
-8.734730094951403956e-04
-8.744845343937601712e-04
-8.754960431003322441e-04
-8.765075729976201657e-04
-8.775191599187381897e-04
-8.785308417590398378e-04
-8.795426562309138774e-04
-8.805546413503950731e-04
-8.815668350476979498e-04
-8.825792816028465992e-04
-8.835920109103723163e-04
-8.846050689215179119e-04
-8.856184984118442571e-04
-8.866323415585020129e-04
-8.876466394026616413e-04
-8.886614409822080063e-04
-8.896767880829381525e-04
-8.906927303147238462e-04
-8.917093192662983725e-04
-8.927266020903878996e-04
-8.937446547140348585e-04
-8.947635010556620472e-04
-8.957832072883364916e-04
-8.968038502885633534e-04
-8.978254982601185930e-04
-8.988481917094892637e-04
-8.998720164163920288e-04
-9.008970563498808204e-04
-9.019233988852848327e-04
-9.029511414385682500e-04
-9.039804249099114841e-04
-9.050113844900620208e-04
-9.060443038080290279e-04
-9.070796996357710640e-04
-9.081173634406525252e-04
-9.091562163031641219e-04
-9.101965474407336387e-04
-9.112386575291786528e-04
-9.122827396178534443e-04
-9.133289397913468832e-04
-9.143774656660275113e-04
-9.154283701827692354e-04
-9.164817978738470927e-04
-9.175378829724412100e-04
-9.185968000794408894e-04
-9.196587886112217447e-04
-9.207241144697508872e-04
-9.217931499582165955e-04
-9.228665325978768763e-04
-9.239454294279747515e-04
-9.250321385632087612e-04
-9.261320596141153771e-04
-9.272524274254179133e-04
-9.283663466381764096e-04
-9.294729005887569784e-04
-9.305796447659497872e-04
-9.316792711493437906e-04
-9.327726557758486692e-04
-9.338621816374903517e-04
-9.349492243548862547e-04
-9.360345895574884167e-04
-9.371188281854792024e-04
-9.382026729944925592e-04
-9.392885671667405845e-04
-9.403769556595165113e-04
-9.414611942435424652e-04
-9.425435300131068672e-04
-9.436246015237514939e-04
-9.447046675833403739e-04
-9.457838273391194761e-04
-9.468621087450612706e-04
-9.479393920514000982e-04
-9.490157378515551301e-04
-9.500910005717511098e-04
-9.511651738856041760e-04
-9.522382335714896229e-04
-9.533101479953787205e-04
-9.543809353671495188e-04
-9.554506285914809993e-04
-9.565192681701972788e-04
-9.575869111405621581e-04
-9.586536140514523296e-04
-9.597193824776306670e-04
-9.607843837450280589e-04
-9.618486147795479724e-04
-9.629121344110203040e-04
-9.639750049619255634e-04
-9.650372722219691113e-04
-9.660989963966581939e-04
-9.671602155659764222e-04
-9.682209638737226953e-04
-9.692812808432815785e-04
-9.703411862505006980e-04
-9.714007258619927754e-04
-9.724599079892204401e-04
-9.735187545933943198e-04
-9.745772903799743148e-04
-9.756355297066976462e-04
-9.766934928818749029e-04
-9.777511999620180916e-04
-9.788086666340234387e-04
-9.798659062596470903e-04
-9.809229147212938926e-04
-9.819797326554580152e-04
-9.830363676436304488e-04
-9.840928340815180420e-04
-9.851491306472892617e-04
-9.862052379101537980e-04
-9.872611424324162499e-04
-9.883168439491774038e-04
-9.893723370634210923e-04
-9.904275983795285399e-04
-9.914825764988366430e-04
-9.925372003821708589e-04
-9.935914759621189418e-04
-9.946454310099106522e-04
-9.956991253751157345e-04
-9.967526386891467638e-04
-9.978060495547946829e-04
-9.988594471815881448e-04
-9.999129254016914103e-04
-1.000966593647456548e-03
-1.002020582319906872e-03
-1.003075067890990546e-03
-1.004130304295469678e-03
-1.005186682835113032e-03
-1.006244931266553344e-03
-1.007306607608948745e-03
-1.008376162241808593e-03
-1.009461044979120814e-03
-1.010539048516223559e-03
-1.011611003582713053e-03
-1.012680259483644818e-03
-1.013746902561285523e-03
-1.014810891704742701e-03
-1.015872783428628523e-03
-1.016933120065011131e-03
-1.017992276785451011e-03
-1.019050544653565815e-03
-1.020108078466197554e-03
-1.021165007178748141e-03
-1.022221426261848976e-03
-1.023277416021928232e-03
-1.024333015605893848e-03
-1.025388238178881473e-03
-1.026443168878343748e-03
-1.027497787196240964e-03
-1.028552113623182329e-03
-1.029606147490480517e-03
-1.030659903832220614e-03
-1.031713381870136281e-03
-1.032766584435185209e-03
-1.033819511005451552e-03
-1.034872170899037158e-03
-1.035924576361590965e-03
-1.036976762521568673e-03
-1.038028767368026628e-03
-1.039080611948905997e-03
-1.040132288174566710e-03
-1.041183803023315591e-03
-1.042235187754370074e-03
-1.043286472242721530e-03
-1.044337683196561173e-03
-1.045388849461481584e-03
-1.046439991032155348e-03
-1.047491133248201756e-03
-1.048542299496468821e-03
-1.049593515565883095e-03
-1.050644803059053167e-03
-1.051696185206951739e-03
-1.052747687013688704e-03
-1.053799333888383316e-03
-1.054851152512248369e-03
-1.055903170666172564e-03
-1.056955420269845014e-03
-1.058007934518823134e-03
-1.059060748436646548e-03
-1.060113903439519056e-03
-1.061167448863753471e-03
-1.062221441395672095e-03
-1.063275954569231629e-03
-1.064331069028368049e-03
-1.065386893888242703e-03
-1.066443559969987298e-03
-1.067501209488841418e-03
-1.068559953052328204e-03
-1.069619723922166088e-03
-1.070680195247142308e-03
-1.071741214189736446e-03
-1.072803451115378337e-03
-1.073866459486150227e-03
-1.074927682539028595e-03
-1.075987550210544264e-03
-1.077046684159088663e-03
-1.078105419912600560e-03
-1.079163937185434463e-03
-1.080222363026406285e-03
-1.081280774132942213e-03
-1.082339219668271291e-03
-1.083397740077152172e-03
-1.084456358022789502e-03
-1.085515094130462543e-03
-1.086573962028936080e-03
-1.087632971254692826e-03
-1.088692128093260436e-03
-1.089751436845864951e-03
-1.090810901260175214e-03
-1.091870518765358788e-03
-1.092930290536364701e-03
-1.093990215782048026e-03
-1.095050293006050168e-03
-1.096110520399595778e-03
-1.097170896050436717e-03
-1.098231418047324048e-03
-1.099292084568159744e-03
-1.100352893941614063e-03
-1.101413844819654209e-03
-1.102474934395303308e-03
-1.103536164674512321e-03
-1.104597532294193662e-03
-1.105659039199013982e-03
-1.106720684037720837e-03
-1.107782466981177549e-03
-1.108844388518881452e-03
-1.109906449487718660e-03
-1.110968651089061510e-03
-1.112030995027213365e-03
-1.113093483356086821e-03
-1.114156116179598754e-03
-1.115218901473480351e-03
-1.116281840723654106e-03
-1.117344938871500659e-03
-1.118408201798315460e-03
-1.119471636637725531e-03
-1.120535253136045739e-03
-1.121599063966360887e-03
-1.122663088830688771e-03
-1.123727356048265236e-03
-1.124791903757915712e-03
-1.125856746392650543e-03
-1.126921741005593169e-03
-1.127986762990973446e-03
-1.129051850282780656e-03
-1.130117055028856399e-03
-1.131182410146869266e-03
-1.132247937367880652e-03
-1.133313651919487519e-03
-1.134379567432897140e-03
-1.135445694238734760e-03
-1.136512038558246118e-03
-1.137578611276945928e-03
-1.138645419904493750e-03
-1.139712473876564047e-03
-1.140779780294254309e-03
-1.141847348335334189e-03
-1.142915187939963495e-03
-1.143983308430795987e-03
-1.145051727067802894e-03
-1.146120447957255095e-03
-1.147189492594846705e-03
-1.148258881348840355e-03
-1.149328638274105252e-03
-1.150398797097551551e-03
-1.151469396244997334e-03
-1.152540481763053570e-03
-1.153612116107538554e-03
-1.154684350072043841e-03
-1.155757227975784396e-03
-1.156830737879643856e-03
-1.157904752000837867e-03
-1.158979121144487756e-03
-1.160053706196428891e-03
-1.161128437114689049e-03
-1.162203298965325260e-03
-1.163278308531245919e-03
-1.164353500457959711e-03
-1.165428923840639008e-03
-1.166504658215439250e-03
-1.167580903927323277e-03
-1.168659319328857471e-03
-1.169736243797347974e-03
-1.170812826939204854e-03
-1.171889479924081989e-03
-1.172966304331390930e-03
-1.174043346618525163e-03
-1.175120634121507024e-03
-1.176198187863630729e-03
-1.177276023354156820e-03
-1.178354159918293398e-03
-1.179432599288765537e-03
-1.180511359074598587e-03
-1.181590449538361121e-03
-1.182669879300601856e-03
-1.183749661049060542e-03
-1.184829804796949659e-03
-1.185910322341721113e-03
-1.186991227059341902e-03
-1.188072530215578126e-03
-1.189154256354130190e-03
-1.190236429579050181e-03
-1.191319063765128305e-03
-1.192402192204955469e-03
-1.193485851517239738e-03
-1.194570090172653032e-03
-1.195654961004155581e-03
-1.196740528568551731e-03
-1.197826885645514317e-03
-1.198914155688846073e-03
-1.200002485183704337e-03
-1.201092032152573097e-03
-1.202182749331481837e-03
-1.203274185606617586e-03
-1.204365818462838078e-03
-1.205457490572769963e-03
-1.206549287768088341e-03
-1.207641337189424569e-03
-1.208733754037072394e-03
-1.209826624234744408e-03
-1.210920015187744170e-03
-1.212014011403583780e-03
-1.213108611146651583e-03
-1.214203869985719386e-03
-1.215299826487492574e-03
-1.216396505426597940e-03
-1.217493941965464010e-03
-1.218592162619325237e-03
-1.219691198938832599e-03
-1.220791078681116026e-03
-1.221891830633703435e-03
-1.222993486517887085e-03
-1.224096025443377478e-03
-1.225199316997382937e-03
-1.226303219244440079e-03
-1.227407607622743591e-03
-1.228512428488093278e-03
-1.229617682879768914e-03
-1.230723401544620010e-03
-1.231829621091140581e-03
-1.232936368231074553e-03
-1.234043682417973464e-03
-1.235151572597681380e-03
-1.236260058477989254e-03
-1.237369158376355749e-03
-1.238478885548843778e-03
-1.239589249105166324e-03
-1.240700262384875074e-03
-1.241811928606728621e-03
-1.242924255682953394e-03
-1.244037250370033654e-03
-1.245150911987180642e-03
-1.246265258879830640e-03
-1.247380292291655479e-03
-1.248495947070882295e-03
-1.249612221784435206e-03
-1.250729120681470796e-03
-1.251846650751065049e-03
-1.252964815809498589e-03
-1.254083625931379231e-03
-1.255203073631250277e-03
-1.256323075123910726e-03
-1.257443582735939813e-03
-1.258564602939493682e-03
-1.259686152099703804e-03
-1.260808255656886701e-03
-1.261930923946996685e-03
-1.263054174242439487e-03
-1.264178015636163721e-03
-1.265302457833739069e-03
-1.266427509961087772e-03
-1.267553173060598226e-03
-1.268679487974488929e-03
-1.269806416524965620e-03
-1.270933996106005104e-03
-1.272062214327296381e-03
-1.273191085666480760e-03
-1.274320620311519825e-03
-1.275450831309310473e-03
-1.276581723359759835e-03
-1.277713311642836302e-03
-1.278845611294543438e-03
-1.279978633181633185e-03
-1.281112428338948561e-03
-1.282246969938061198e-03
-1.283382320506398777e-03
-1.284518546074919776e-03
-1.285655733928359190e-03
-1.286794014319414536e-03
-1.287933666046625625e-03
-1.289075240742398876e-03
-1.290220062190483574e-03
-1.291371183440803705e-03
-1.292520505216554483e-03
-1.293665035106750238e-03
-1.294807966360500551e-03
-1.295950406074886097e-03
-1.297092836692881335e-03
-1.298235510593048758e-03
-1.299378590418398538e-03
-1.300522176462592938e-03
-1.301666351294916701e-03
-1.302811184458185778e-03
-1.303956742965350912e-03
-1.305103052675282704e-03
-1.306250152155130628e-03
-1.307398020377714687e-03
-1.308546658118969752e-03
-1.309696021702499991e-03
-1.310846081518657336e-03
-1.311996828574746310e-03
-1.313148279626474846e-03
-1.314300473316265538e-03
-1.315453448560877092e-03
-1.316607276876435861e-03
-1.317761990717647436e-03
-1.318917660343865705e-03
-1.320074282813887834e-03
-1.321231897922325871e-03
-1.322390520121730084e-03
-1.323550178397248089e-03
-1.324710882444346538e-03
-1.325872629959645721e-03
-1.327035418557609425e-03
-1.328199260987816821e-03
-1.329364157384604894e-03
-1.330530096013804453e-03
-1.331697096907724642e-03
-1.332865090614920867e-03
-1.334034103980030750e-03
-1.335204137927537005e-03
-1.336375185246096997e-03
-1.337547229738333954e-03
-1.338720255370517975e-03
-1.339894280596887199e-03
-1.341069237972947192e-03
-1.342245104063333194e-03
-1.343421833102986795e-03
-1.344599378745869878e-03
-1.345777696243000143e-03
-1.346956732867776729e-03
-1.348136444369929521e-03
-1.349316793451849072e-03
-1.350497750392420926e-03
-1.351679286683449277e-03
-1.352861431431540140e-03
-1.354044105773777318e-03
-1.355227340397613389e-03
-1.356411145655767037e-03
-1.357595528044597266e-03
-1.358780504004952761e-03
-1.359966085923147716e-03
-1.361152298647638759e-03
-1.362339160765113633e-03
-1.363526689240779355e-03
-1.364714916709974801e-03
-1.365903882859731411e-03
-1.367093570493804755e-03
-1.368284038360867427e-03
-1.369475293478528144e-03
-1.370667387245894098e-03
-1.371860371602084960e-03
-1.373054300357057222e-03
-1.374249255135628900e-03
-1.375445357775006983e-03
-1.376642828418650488e-03
-1.377841970069182409e-03
-1.379043415787428728e-03
-1.380247860691019568e-03
-1.381454371270018910e-03
-1.382660675439795206e-03
-1.383866521579624198e-03
-1.385072297460654411e-03
-1.386278303828092362e-03
-1.387484735951627357e-03
-1.388691722152390895e-03
-1.389899365013214094e-03
-1.391107728318852210e-03
-1.392316886257294328e-03
-1.393526865860694741e-03
-1.394737736851059395e-03
-1.395949565089926736e-03
-1.397162458457779088e-03
-1.398376587979588415e-03
-1.399592271705274449e-03
-1.400810134487562308e-03
-1.402031073130194372e-03
-1.403253594355335920e-03
-1.404475875883992586e-03
-1.405698196260241062e-03
-1.406920950361101319e-03
-1.408144325396487595e-03
-1.409368361589780072e-03
-1.410593069700705193e-03
-1.411818475417381258e-03
-1.413044605503066542e-03
-1.414271539679323730e-03
-1.415499225320915322e-03
-1.416727738415834992e-03
-1.417957078959086736e-03
-1.419187302032831610e-03
-1.420418376237297942e-03
-1.421650360563742055e-03
-1.422883278409448060e-03
-1.424117153335013874e-03
-1.425352009117419883e-03
-1.426587856144023725e-03
-1.427824769199670385e-03
-1.429062705339712025e-03
-1.430301734542727132e-03
-1.431541852476070353e-03
-1.432783142483629035e-03
-1.434025519117421155e-03
-1.435269065980793179e-03
-1.436513811536754837e-03
-1.437759783216141507e-03
-1.439006993512625954e-03
-1.440255481983343522e-03
-1.441505301715051424e-03
-1.442756350564566858e-03
-1.444008689943099277e-03
-1.445262259408441885e-03
-1.446517049856876902e-03
-1.447773024390253127e-03
-1.449030116654204114e-03
-1.450288261157228753e-03
-1.451547378646611541e-03
-1.452807416057244616e-03
-1.454068262098817677e-03
-1.455329882628975113e-03
-1.456592149156055171e-03
-1.457855032698240905e-03
-1.459118469465670032e-03
-1.460382428769335661e-03
-1.461646877098266017e-03
-1.462911787290188670e-03
-1.464177141383249392e-03
-1.465442935668304081e-03
-1.466709159786416805e-03
-1.467975815212518853e-03
-1.469242908632706346e-03
-1.470510449098183514e-03
-1.471778447127647382e-03
-1.473046918570863895e-03
-1.474315873927434239e-03
-1.475585329492212772e-03
-1.476855300814428062e-03
-1.478125802981233861e-03
-1.479396857437476065e-03
-1.480668469315271629e-03
-1.481940660948088961e-03
-1.483213445686581977e-03
-1.484486833152054430e-03
-1.485760840500893742e-03
-1.487035476669729128e-03
-1.488310750872745558e-03
-1.489586670818554559e-03
-1.490863235072747983e-03
-1.492140474631864500e-03
-1.493418361358189728e-03
-1.494696922483829127e-03
-1.495976146279165420e-03
-1.497256076869679653e-03
-1.498536658656846043e-03
-1.499817949787707327e-03
-1.501099976276232262e-03
-1.502382768811982849e-03
-1.503666339808362729e-03
-1.504950694802387190e-03
-1.506235800401989344e-03
-1.507521540417555705e-03
-1.508807892719010724e-03
-1.510094819598184479e-03
-1.511382330864896595e-03
-1.512670395482529351e-03
-1.513959038334400375e-03
-1.515248268093238870e-03
-1.516538095444719403e-03
-1.517828530793297048e-03
-1.519119587474415667e-03
-1.520411279697597706e-03
-1.521703627593407049e-03
-1.522996655171859892e-03
-1.524290379911308335e-03
-1.525584826827741658e-03
-1.526880029941279915e-03
-1.528176022479565965e-03
-1.529472835632539329e-03
-1.530770506136813758e-03
-1.532069105340427839e-03
-1.533368641423615841e-03
-1.534669178036573989e-03
-1.535970781475159974e-03
-1.537273504190639350e-03
-1.538577425243103924e-03
-1.539882615085863549e-03
-1.541189145320420728e-03
-1.542497109557450230e-03
-1.543806599312858019e-03
-1.545117752188129856e-03
-1.546430690797295782e-03
-1.547745463113314734e-03
-1.549062274710411025e-03
-1.550381280610135803e-03
-1.551702636944596314e-03
-1.553026561622816715e-03
-1.554353235130423450e-03
-1.555682920072021247e-03
-1.557015866047728458e-03
-1.558352274103058654e-03
-1.559692506644227983e-03
-1.561036845454166766e-03
-1.562385553980583097e-03
-1.563738952054083420e-03
-1.565097158882644557e-03
-1.566460428184202058e-03
-1.567828869150633686e-03
-1.569202509598910389e-03
-1.570581236384760437e-03
-1.571964790693880509e-03
-1.573352866123589600e-03
-1.574744879685452403e-03
-1.576140385586288772e-03
-1.577538777997156139e-03
-1.578939427066217149e-03
-1.580341445086452801e-03
-1.581743595571394323e-03
-1.583144411109738137e-03
-1.584542684244127919e-03
-1.585937801883652298e-03
-1.587329476092524949e-03
-1.588717788026161593e-03
-1.590102892418898684e-03
-1.591485010765003594e-03
-1.592864460761678203e-03
-1.594241439306531838e-03
-1.595616145033451616e-03
-1.596988784943742523e-03
-1.598359550296968301e-03
-1.599728617418083587e-03
-1.601096175610439154e-03
-1.602462333387233429e-03
-1.603827228168208663e-03
-1.605191026008423449e-03
-1.606553812801836401e-03
-1.607915765308387535e-03
-1.609276969388839795e-03
-1.610637537191594859e-03
-1.611997581810520330e-03
-1.613357221490141491e-03
-1.614716586489040040e-03
-1.616075775262681979e-03
-1.617434916898141672e-03
-1.618794032230863600e-03
-1.620153120954426207e-03
-1.621512213258013979e-03
-1.622871446046447730e-03
-1.624231149548460706e-03
-1.625592276495946287e-03
-1.626965319117101849e-03
-1.628327262756079641e-03
-1.629686799446639078e-03
-1.631045614512993680e-03
-1.632404167036805021e-03
-1.633762670771976566e-03
-1.635121269768058383e-03
-1.636480065479006818e-03
-1.637839143290076294e-03
-1.639198574767131156e-03
-1.640558429062632939e-03
-1.641918769281103252e-03
-1.643279648206430466e-03
-1.644641127336310404e-03
-1.646003239814675112e-03
-1.647365992547444868e-03
-1.648729356987455041e-03
-1.650093227555160524e-03
-1.651457417330415289e-03
-1.652821648128743881e-03
-1.654185589670897905e-03
-1.655548924849203907e-03
-1.656911413253303600e-03
-1.658272914458969183e-03
-1.659633391913994949e-03
-1.660992869411348494e-03
-1.662351395562033929e-03
-1.663709078481456771e-03
-1.665065935908094374e-03
-1.666422048217763852e-03
-1.667777485661714465e-03
-1.669132325836431008e-03
-1.670486642672552868e-03
-1.671840489933740237e-03
-1.673193964401575862e-03
-1.674547105126267255e-03
-1.675899993249907460e-03
-1.677252689766706162e-03
-1.678605257458110067e-03
-1.679957750766791769e-03
-1.681310225039034378e-03
-1.682662733393347487e-03
-1.684015326940180302e-03
-1.685368055698299727e-03
-1.686720966575960823e-03
-1.688074119714388921e-03
-1.689427534831033917e-03
-1.690781272830621518e-03
-1.692135377962644682e-03
-1.693489895599809003e-03
-1.694844871793721452e-03
-1.696200354927679399e-03
-1.697556394552934833e-03
-1.698913036889071471e-03
-1.700270348175769719e-03
-1.701628358975026956e-03
-1.702987128783139958e-03
-1.704346720764360334e-03
-1.705707189545324631e-03
-1.707068607449624409e-03
-1.708431040514324373e-03
-1.709794563252264865e-03
-1.711159257542727019e-03
-1.712525196522429738e-03
-1.713892508596770448e-03
-1.715261301103332414e-03
-1.716631696808357255e-03
-1.718003837230641651e-03
-1.719377913905861810e-03
-1.720754152878201104e-03
-1.722132803729459205e-03
-1.723514148334381879e-03
-1.724898588017498291e-03
-1.726286552455325030e-03
-1.727678703457580234e-03
-1.729075730105056330e-03
-1.730478561888793010e-03
-1.731888474312825998e-03
-1.733307128272687514e-03
-1.734736262684055674e-03
-1.736178133540322577e-03
-1.737634010485655800e-03
-1.739102862760799617e-03
-1.740579551429144445e-03
-1.742056394456237278e-03
-1.743527512059417361e-03
-1.744990568251503227e-03
-1.746445692948794814e-03
-1.747893956428159257e-03
-1.749336545470048243e-03
-1.750774444604918934e-03
-1.752208597136539758e-03
-1.753639727879674481e-03
-1.755068450832841798e-03
-1.756495305602068235e-03
-1.757920747922359084e-03
-1.759345304698900492e-03
-1.760769541275908345e-03
-1.762194343826073428e-03
-1.763621730120901177e-03
-1.765062311356646596e-03
-1.766500902651624294e-03
-1.767929149464553262e-03
-1.769354181419768857e-03
-1.770777662257971841e-03
-1.772200269007706552e-03
-1.773622377097661129e-03
-1.775044249458068712e-03
-1.776466045376845493e-03
-1.777887912820630412e-03
-1.779309974862197663e-03
-1.780732344990321181e-03
-1.782155124895656861e-03
-1.783578416033493319e-03
-1.785002319110828850e-03
-1.786426932509965759e-03
-1.787852376177623270e-03
-1.789278763729584831e-03
-1.790706231485583722e-03
-1.792134944222922854e-03
-1.793565088981319278e-03
-1.794996942020454789e-03
-1.796430856088715444e-03
-1.797867311430945136e-03
-1.799306790032262349e-03
-1.800749073820884227e-03
-1.802192305235927883e-03
-1.803634559677136373e-03
-1.805075686510670963e-03
-1.806516256991463898e-03
-1.807956816739064720e-03
-1.809397760929698507e-03
-1.810839389246532427e-03
-1.812281918789016011e-03
-1.813725544928312949e-03
-1.815170414539379884e-03
-1.816616703178897119e-03
-1.818064553956499907e-03
-1.819514115046105829e-03
-1.820965431874488338e-03
-1.822418494078825724e-03
-1.823873208291360015e-03
-1.825329601729985818e-03
-1.826787794289019828e-03
-1.827517876142104036e-03
