5.117282854184195262e-01
5.116427384936930167e-01
5.115838316775566108e-01
5.115489374530939326e-01
5.115360461279161441e-01
5.115475805174938273e-01
5.115876363713189878e-01
5.116646785818266263e-01
5.118003610418351279e-01
5.120854445123206311e-01
5.127950296851171430e-01
5.122908947805954183e-01
5.121986328696456203e-01
5.122840141325089025e-01
5.124662895948494112e-01
5.127104400373119208e-01
5.130519067989656179e-01
5.136143972750452091e-01
5.142829243120110583e-01
5.142215060957266992e-01
5.141650985177358413e-01
5.143153357766525602e-01
5.142746652447990341e-01
5.140448565274206016e-01
5.139371428896798433e-01
5.137686339370066690e-01
5.136480816108434100e-01
5.135604349461296847e-01
5.135113745722200695e-01
5.135033717888595195e-01
5.135482567921449970e-01
5.136492637064283828e-01
5.138367267030886643e-01
5.141928544294841474e-01
5.143009082022004241e-01
5.147090785899088861e-01
5.156968059289591677e-01
5.204856564250289752e-01
5.178690278921609380e-01
5.154006647398242658e-01
5.147303906440191534e-01
5.144691891151468299e-01
5.143929408825268501e-01
5.144369115903800749e-01
5.145835828526934552e-01
5.148377360593804353e-01
5.152100213530411699e-01
5.157794049880790599e-01
5.167391491540469506e-01
5.188106261418452547e-01
5.297334529501592781e-01
5.223337048325623622e-01
5.183708885199944660e-01
5.172595463356040035e-01
5.169056553729469705e-01
5.170319570028153455e-01
5.164337131969212180e-01
5.163145867185449100e-01
5.163724610477404831e-01
5.165501635415497006e-01
5.168736935397449939e-01
5.172249959536653341e-01
5.170864273451085680e-01
5.165435143878817081e-01
5.160558931800037774e-01
5.156768989521280933e-01
5.153479867929713354e-01
5.150342769592345382e-01
5.147275138906586278e-01
5.144259393076493492e-01
5.141419740831907337e-01
5.138748465637625884e-01
5.136311141634477551e-01
5.134331372785232439e-01
5.132365792078740219e-01
5.130209744388332105e-01
5.128815327388672740e-01
5.128179903351256508e-01
5.128219095051166354e-01
5.128019885191273941e-01
5.126687348505647446e-01
5.126498094927307569e-01
5.130138039863214594e-01
5.121557313227934616e-01
5.118331128317953338e-01
5.116558675121958277e-01
5.115237004650907693e-01
5.114050476463130046e-01
5.112738993461108938e-01
5.111144366027694508e-01
5.109184958279175959e-01
5.106903139996975538e-01
5.104450784194969337e-01
5.102027281207031084e-01
5.099743710537137931e-01
5.097656478074947817e-01
5.095752650714331367e-01
5.094001337524262096e-01
5.092418326726786404e-01
5.090977675875405506e-01
5.089674368790797487e-01
5.088478741019178964e-01
5.087369177713816359e-01
5.086337467840519322e-01
5.085394950017394500e-01
5.084505087130363199e-01
5.083682045006642225e-01
5.082904026238983519e-01
5.082176712460172441e-01
5.081514220693618133e-01
5.080878071004887309e-01
5.080282067799158918e-01
5.079877604609100983e-01
5.079595535882778234e-01
5.079372056899912335e-01
5.078072929998084240e-01
5.076683272793457435e-01
5.075694343577168421e-01
5.074963516198008895e-01
5.074418245292691143e-01
5.074025933251397058e-01
5.073770116443011569e-01
5.073550578362540087e-01
5.073217142387553835e-01
5.072740339581924829e-01
5.072258591340916833e-01
5.071964277631191287e-01
5.071982326286564868e-01
5.072393068616180001e-01
5.073266165095307034e-01
5.074687516489471140e-01
5.076515007483873854e-01
5.077740391581920809e-01
5.077230951116677993e-01
5.075934524175319540e-01
5.075044831648339860e-01
5.074855916299345626e-01
5.075527117157124790e-01
5.078147880987120555e-01
5.080857360987722782e-01
5.077574498216349541e-01
5.077267787063424187e-01
5.077382919759674262e-01
5.077318726242904257e-01
5.076846685232103695e-01
5.075994560550297630e-01
5.074916321143347897e-01
5.073815829763579366e-01
5.072775393517965359e-01
5.071845798748606526e-01
5.071136730217622457e-01
5.070715192346830769e-01
5.070662556331065884e-01
5.071182211043172572e-01
5.073215717683128290e-01
5.085550091807357065e-01
5.073782572099010402e-01
5.072399231777694473e-01
5.071827644080370012e-01
5.071563126285356660e-01
5.071938572437723058e-01
5.072705684178184793e-01
5.073806285828074136e-01
5.075219309172078752e-01
5.076540484043432500e-01
5.077325741993979902e-01
5.078264774388563385e-01
5.080776150902037713e-01
5.080182260543322226e-01
5.080625327933452340e-01
5.081195512650257262e-01
5.081664300383493815e-01
5.081877824757108364e-01
5.081871511458427859e-01
5.081757440259174752e-01
5.081575899563063325e-01
5.081374590358154197e-01
5.081205520566104417e-01
5.081126840627452346e-01
5.081147902016748263e-01
5.081112341019269341e-01
5.080990767650657158e-01
5.081040552285247536e-01
5.081363707664732221e-01
5.081954337259233512e-01
5.082784440530663250e-01
5.083831545431967136e-01
5.085258997246794310e-01
5.087347097353475123e-01
5.090677063185380380e-01
5.097633541266031187e-01
5.102036358679825634e-01
5.113027492156463349e-01
5.120695749389883034e-01
5.111099231791640385e-01
5.102150939128254903e-01
5.097370699056553711e-01
5.094813508959646908e-01
5.093490685484178826e-01
5.092908828165371160e-01
5.092832965878987261e-01
5.093181188531294978e-01
5.093943380362219164e-01
5.094903984113380302e-01
5.095268740903301508e-01
5.094631152164638133e-01
5.093694084065557570e-01
5.093156785327269676e-01
5.093128402142279576e-01
5.093593799494683383e-01
5.094697298178806344e-01
5.095898381333302529e-01
5.095982384644235363e-01
5.096748196519857999e-01
5.097962517892719037e-01
5.099511270986232248e-01
5.101394399713321537e-01
5.103587167311665063e-01
5.106148595751408559e-01
5.109174273528183097e-01
5.113191441868061293e-01
5.123468089201907993e-01
5.121479415378593636e-01
5.123160498239747174e-01
5.125136225905179144e-01
5.123205986566821135e-01
5.123442955877565153e-01
5.123782563617091945e-01
5.123728160866234393e-01
5.123096451769870718e-01
5.121874294478190315e-01
5.120156094863878016e-01
5.118086536522128416e-01
5.115855082914396723e-01
5.113522219016717330e-01
5.111249093355585416e-01
5.109074340047216056e-01
5.107065045046031981e-01
5.105266841019435731e-01
5.103671223356216480e-01
5.102303063156083951e-01
5.101107971256167994e-01
5.100059204288872605e-01
5.099173575408635362e-01
5.098477716330249709e-01
5.097999916152906597e-01
5.098008802027134134e-01
5.097449543242792425e-01
5.096757847269792752e-01
5.096622627139970607e-01
5.096781799410334823e-01
5.097181696200792089e-01
5.097805990175141577e-01
5.098627791023643274e-01
5.099648606747485546e-01
5.100854796380484002e-01
5.102227639109054858e-01
5.103785874803959954e-01
5.105514008281955007e-01
5.107474521410506618e-01
5.109708035684552563e-01
5.112203041213065902e-01
5.114795936377029006e-01
5.116899767889131478e-01
5.117924024228289737e-01
5.118003772988698463e-01
5.117793160951371600e-01
5.117727731025899507e-01
5.117905487399093678e-01
5.118329313573241057e-01
5.119091003716457200e-01
5.120230492727285698e-01
5.121110956341337062e-01
5.120693322823577365e-01
5.119882927060197542e-01
5.119436226191680372e-01
5.119313327192374086e-01
5.119314651881418099e-01
5.119210424486932975e-01
5.118768063708158955e-01
5.117959237234618319e-01
5.116863174986362450e-01
5.115625088861488479e-01
5.114470156510558807e-01
5.113957845412842040e-01
5.117064073053170237e-01
5.115388844129625801e-01
5.109232369338974067e-01
5.106790637088438611e-01
5.105287153375476228e-01
5.104337528362388188e-01
5.103927367195107978e-01
5.104187930993254740e-01
5.105483119177772755e-01
5.107811778234853106e-01
5.107285299534911616e-01
5.105722091741469182e-01
5.105717923611274855e-01
5.106997160855607509e-01
5.109512696159792533e-01
5.113356351121221000e-01
5.118429763771689123e-01
5.123035035266083614e-01
5.123956963776039597e-01
5.121036296124210629e-01
5.117647457741385519e-01
5.112464393294547937e-01
5.107112825548444368e-01
5.103691069053604146e-01
5.101379042896476701e-01
5.099771375518281635e-01
5.098614332704537455e-01
5.097731994234241393e-01
5.097052182455992231e-01
5.096544565443527075e-01
5.096178460433690161e-01
5.095921309380688768e-01
5.095757217022610641e-01
5.095667167132893471e-01
5.095630656314814599e-01
5.095650689634838582e-01
5.095749604101015295e-01
5.095948838083029786e-01
5.096252861062317008e-01
5.096676312886921911e-01
5.097287803168942810e-01
5.098148205423794765e-01
5.099278902415742554e-01
5.100710698204941052e-01
5.102493624495455515e-01
5.104701744049929824e-01
5.107374804191946449e-01
5.110674481161024962e-01
5.114516801541422186e-01
5.118619345001041987e-01
5.121722801333440378e-01
5.121990012850009544e-01
5.119435644096939075e-01
5.116009793769689118e-01
5.112953878528504470e-01
5.110614799406029141e-01
5.108951347631484063e-01
5.107813081370146113e-01
5.107090289290407981e-01
5.106749445877528659e-01
5.106783269914164647e-01
5.107244378927801032e-01
5.108416773685279244e-01
5.111855811603994715e-01
5.116993526098211342e-01
5.110674649940760705e-01
5.109704904183857144e-01
5.109806684577217206e-01
5.110360774416931040e-01
5.111198369206251257e-01
5.112243817267286827e-01
5.113468511082767121e-01
5.114860965803444959e-01
5.116384902679792512e-01
5.117984494562458631e-01
5.119630556664347409e-01
5.121355299690020235e-01
5.123096115833427611e-01
5.124848593579733880e-01
5.126545310822508972e-01
5.128233711138753259e-01
5.130028119321025093e-01
5.132249031021015595e-01
5.136984122545138476e-01
5.137188494609541412e-01
5.136971125082971934e-01
5.138341757111622998e-01
5.140211075022711462e-01
5.142454992516055645e-01
5.145026018184929439e-01
5.148007539972943025e-01
5.151423957200237380e-01
5.155119598724615670e-01
5.158993197998948954e-01
5.162956638913585028e-01
5.166156184132618678e-01
5.167610171407156505e-01
5.167577417589792610e-01
5.167233704862943533e-01
5.167269464638821752e-01
5.167797310667929800e-01
5.168729895768497951e-01
5.169940343526708837e-01
5.171367974542567802e-01
5.172989407728811884e-01
5.174849628954525382e-01
5.177130961462563796e-01
5.179925997024353856e-01
5.183620603404902605e-01
5.188639275877129364e-01
5.195830803979287760e-01
5.207393753123349400e-01
5.221859830768685873e-01
5.248119644241252546e-01
5.283597832327672217e-01
5.269253218712551812e-01
5.240360481451205032e-01
5.227502567957973412e-01
5.225343113925871030e-01
5.225854458602038344e-01
5.231384142170685259e-01
5.282534534082534705e-01
5.279401295095502711e-01
5.217518111906638278e-01
5.200421557222610902e-01
5.191727148389495561e-01
5.186419602894531966e-01
5.182951957577552893e-01
5.180702045992684468e-01
5.179274358517097498e-01
5.178520016211684007e-01
5.178256414374553529e-01
5.178202004609725462e-01
5.178105366946859078e-01
5.178350679290349978e-01
5.178690005141068919e-01
5.176182562851012747e-01
5.174918529432371850e-01
5.174198174230451031e-01
5.173809556507112939e-01
5.173670012710087640e-01
5.173723881326222074e-01
5.173935225832625440e-01
5.174296037835888207e-01
5.174805438361193000e-01
5.175472364842460538e-01
5.176283128756242746e-01
5.177242763895579802e-01
5.178346614844897555e-01
5.179596688514870317e-01
5.181017881460932006e-01
5.182579907192735869e-01
5.184290285020539679e-01
5.186122575684984914e-01
5.188066847449417374e-01
5.190158548579799636e-01
5.192403914660378428e-01
5.194832604161933043e-01
5.197471275053032747e-01
5.200360046301245598e-01
5.203646293812415058e-01
5.207404458343874998e-01
5.211426714016661466e-01
5.214757292284347701e-01
5.216482045553304525e-01
5.217711072226267621e-01
5.219441836008152924e-01
5.221708693420855640e-01
5.224290296513692811e-01
5.227328672554053535e-01
5.231031645504784500e-01
5.235404520043400733e-01
5.240423666792689561e-01
5.246140242024532885e-01
5.252451573318607236e-01
5.259101201263254310e-01
5.264871185906359052e-01
5.264601885822710603e-01
5.261696866621363711e-01
5.261164112627548795e-01
5.262742355863976318e-01
5.262292394111640625e-01
5.258753155705774285e-01
5.255741547215001530e-01
5.253697612801179195e-01
5.252194916827228610e-01
5.251006004401991278e-01
5.250123755542497328e-01
5.249561391529173893e-01
5.249288909714521223e-01
5.249270856230012772e-01
5.249486863793355607e-01
5.249930423267277213e-01
5.250449050576823096e-01
5.250611290674230824e-01
5.249952830806254855e-01
5.248591791620016433e-01
5.247079027167976806e-01
5.245776915063337098e-01
5.244784186995878894e-01
5.244097030259178283e-01
5.243659531860752621e-01
5.243457818896359868e-01
5.243472487435244522e-01
5.243686315582345436e-01
5.244068570482567360e-01
5.244597349004563869e-01
5.245235802631412758e-01
5.245985322845283516e-01
5.246869387004157170e-01
5.247944504684116662e-01
5.249246030216621062e-01
5.250881081209056722e-01
5.252995620809592925e-01
5.255978518537063326e-01
5.259241766815908603e-01
5.259179668319956535e-01
5.259318559478886046e-01
5.259438001934988449e-01
5.259651451966063096e-01
5.260580645428455382e-01
5.261696851533829156e-01
5.262877347253487326e-01
5.264143331491435429e-01
5.265550828753693402e-01
5.267144640122338739e-01
5.268947025609171941e-01
5.271087101667706332e-01
5.273622628037957227e-01
5.276614795947641712e-01
5.280205668991513335e-01
5.284558094123976701e-01
5.290379034907936040e-01
5.299066355824926244e-01
5.314779130152456066e-01
5.331593191400798570e-01
5.338474015568197562e-01
5.326945896343882048e-01
5.312213342898290946e-01
5.303202294516016213e-01
5.298015708086846187e-01
5.295109468289687094e-01
5.293618202065822897e-01
5.293030800829677807e-01
5.293082434131277658e-01
5.293678358379184656e-01
5.294795156733174135e-01
5.296361058211533912e-01
5.297993463623194010e-01
5.299068929964557695e-01
5.300082464412270156e-01
5.301340102459151105e-01
5.302733603646105909e-01
5.304176473735159325e-01
5.305616952442809842e-01
5.307067298711554137e-01
5.308600030197625497e-01
5.310225014769770491e-01
5.311990815604147320e-01
5.313916746342546293e-01
5.315976587148377730e-01
5.318005107749658178e-01
5.319692955720064509e-01
5.321217200110268664e-01
5.322820453875678481e-01
5.324559318218865522e-01
5.326492260772168752e-01
5.328611009901351725e-01
5.330980187143607996e-01
5.333635787119083149e-01
5.336526437216659868e-01
5.339133987081321475e-01
5.341177552418933105e-01
5.343314096873861274e-01
5.345743328347224432e-01
5.348296945578878692e-01
5.350904000357273871e-01
5.353557295330451105e-01
5.356295784474398580e-01
5.359189016244096937e-01
5.362219518388375850e-01
5.365410046609792039e-01
5.368826901800004547e-01
5.372813439982716543e-01
5.378828651586198273e-01
5.397343287179006133e-01
5.385001411604808386e-01
5.384483310472668594e-01
5.386220163912144310e-01
5.388631110460783136e-01
5.391371135130227366e-01
5.394332688801284359e-01
5.397478113363826102e-01
5.400744947935940399e-01
5.404254318812995450e-01
5.407997136494330226e-01
5.412035903055081310e-01
5.416631108358141988e-01
5.422277551026911668e-01
5.430088012529352692e-01
5.438028642698525816e-01
5.436039854545063887e-01
5.435050568796845338e-01
5.436188081122019788e-01
5.438254631096010039e-01
5.440911547589133423e-01
5.443961788891685805e-01
5.447396347078934387e-01
5.451083104258422907e-01
5.454938567703148111e-01
5.459065659499369172e-01
5.463378713670568043e-01
5.467981528739189745e-01
5.472862243308085350e-01
5.478082271423911909e-01
5.483675954553249854e-01
5.489720366151366049e-01
5.496396149434863432e-01
5.503833674840999945e-01
5.512177233212001148e-01
5.521815068148341332e-01
5.533072576121562669e-01
5.546378293734989251e-01
5.562601383034446734e-01
5.582307742362518921e-01
5.606170109428371129e-01
5.632003612693267103e-01
5.651554539627674512e-01
5.653512244643694729e-01
5.638658337788672315e-01
5.618849864524034787e-01
5.601794131738763172e-01
5.588999285990605692e-01
5.579809876334521634e-01
5.573199254040251960e-01
5.568937496785351104e-01
5.566860672967329782e-01
5.566944280025084568e-01
5.569539693104682554e-01
5.575915041786704274e-01
5.588352957599990178e-01
5.590891833914186648e-01
5.575951501133503685e-01
5.566402609389534684e-01
5.560959775761903368e-01
5.557691972430069960e-01
5.556113161207106854e-01
5.555177752201124752e-01
5.555721055888946935e-01
5.553333432340978870e-01
5.552414887905935403e-01
5.552137345970403759e-01
5.552177669408330241e-01
5.552424953380281636e-01
5.552871990723752260e-01
5.553530250228214671e-01
5.554450407896237563e-01
5.555629833261668260e-01
5.556362571882536017e-01
5.557153427009187130e-01
5.558169011067419785e-01
5.559324473317537318e-01
5.560542015885060474e-01
5.561802734607576015e-01
5.563158342179771454e-01
5.564599587396262814e-01
5.566037862318456986e-01
5.568611112455444934e-01
5.568923789121604795e-01
5.569931717478858735e-01
5.571284539444799622e-01
5.572813790963154768e-01
5.574544473749645235e-01
5.576486838805225776e-01
5.579240024827756272e-01
5.580819674781566375e-01
5.583017448920040149e-01
5.585574999762468185e-01
5.588388629548629583e-01
5.591429596384884793e-01
5.594398627807768420e-01
5.597185247054856649e-01
5.600132859261220952e-01
5.603288026987631731e-01
5.606644074231884600e-01
5.610234808424097164e-01
5.614003837534090602e-01
5.617253059085444145e-01
5.620159754825364562e-01
5.623602333422509369e-01
5.627755488263797012e-01
5.632284761039547671e-01
5.636465410143256527e-01
5.641199095715865308e-01
5.647797882372000977e-01
5.659042668436078394e-01
5.695908524401012141e-01
5.684489732173574339e-01
5.666556180538729892e-01
5.663865269946259939e-01
5.664525489801687241e-01
5.666441631850021032e-01
5.668960760395793663e-01
5.671756175069204708e-01
5.674648251953920974e-01
5.677531768562590342e-01
5.680369404969246583e-01
5.683156764686916329e-01
5.686122671040698684e-01
5.689443340027400264e-01
5.693434815144329253e-01
5.697556815778188621e-01
5.699155794777522877e-01
5.697200457263726925e-01
5.694788680253107804e-01
5.693390582387291010e-01
5.693100224897607031e-01
5.694068121886640688e-01
5.696843268505049629e-01
5.702139133183391495e-01
5.707115577170065457e-01
5.703199339188703698e-01
5.697516740931294343e-01
5.694207349829324416e-01
5.692572812333926979e-01
5.691912146111351989e-01
5.691845292765078668e-01
5.692265375526779358e-01
5.693073551205556360e-01
5.694214621549021915e-01
5.695700387507011131e-01
5.697703369780755533e-01
5.700322201577372461e-01
5.701858788287049729e-01
5.702957554328887957e-01
5.704761507418615318e-01
5.707085784243949300e-01
5.709710240076129040e-01
5.712249611724745657e-01
5.714690521900329667e-01
5.717403854016575027e-01
5.720499819216269266e-01
5.723768377293755316e-01
5.726332545701151577e-01
5.727741770256168374e-01
5.728907284215746243e-01
5.730410526798945803e-01
5.732312410110645962e-01
5.734459169512050591e-01
5.736701022390116034e-01
5.738967034643019938e-01
5.741416081798675908e-01
5.744212570752765812e-01
5.747462076981065815e-01
5.751190753311071768e-01
5.755290630249908501e-01
5.759554688808576906e-01
5.763777044669017302e-01
5.767308553815120309e-01
5.769690667344034019e-01
5.770334819710110086e-01
5.769101721013139006e-01
5.766307229533245149e-01
5.762792716277076455e-01
5.761060715783422603e-01
5.755775358398246278e-01
5.748230225067743060e-01
5.743182137011236810e-01
5.739098601645110653e-01
5.735426087002667428e-01
5.731552854926206253e-01
5.728188789160473249e-01
5.725368824171114257e-01
5.722995496269341897e-01
5.721025634651847325e-01
5.719412896582530825e-01
5.718204221324839631e-01
5.717470381080149711e-01
5.717467723412199554e-01
5.718639498125845932e-01
5.719308334234417535e-01
5.716887160046586480e-01
5.714665488626584633e-01
5.713476246449851192e-01
5.713010458119266444e-01
5.713102430414126465e-01
5.713771605903504858e-01
5.715149439816054056e-01
5.717350518314998631e-01
5.719284213730727595e-01
5.718647134840911805e-01
5.717154321184880761e-01
5.716418741459406982e-01
5.716323745892388786e-01
5.716477937541539767e-01
5.716594437129908224e-01
5.716678339797939268e-01
5.716832376953063788e-01
5.717093263925425717e-01
5.717476430633551265e-01
5.718036634966037202e-01
5.718886084423814298e-01
5.720337743990817625e-01
5.721467117991386742e-01
5.722046682264561035e-01
5.723409815002611367e-01
5.725321614167545592e-01
5.727715912768692741e-01
5.730568310094912299e-01
5.733914780161771807e-01
5.737615043092233469e-01
5.741543774747812634e-01
5.745446169271959391e-01
5.749433111922995776e-01
5.753894766955431894e-01
5.756099211943307425e-01
5.755803266033967525e-01
5.754076645733144924e-01
5.752419117790145142e-01
5.751373754290250995e-01
5.751558260250955179e-01
5.752688864009002367e-01
5.754002596692723293e-01
5.753948505210004782e-01
5.751251899859087802e-01
5.748074556613805841e-01
5.745759722016799964e-01
5.744368199774552153e-01
5.743666086100512880e-01
5.743543819407831430e-01
5.744174985672434453e-01
5.746094630321714192e-01
5.750664389242277075e-01
5.763538811832277231e-01
5.936818293772020416e-01
5.765415205429450518e-01
5.747768249306413058e-01
5.740708149956006423e-01
5.736735977833657962e-01
5.734200000861222613e-01
5.732728293474707026e-01
5.732230800782142088e-01
5.731278094297361791e-01
5.729165296601790303e-01
5.727515454346955304e-01
5.726384259989242276e-01
5.725599730562638268e-01
5.725069647653580063e-01
5.724757430339080244e-01
5.724638262493260132e-01
5.724709321663365991e-01
5.724985341516428683e-01
5.725515140155186256e-01
5.726360307894050594e-01
5.727548347498722103e-01
5.727256779613146831e-01
5.726760327857933763e-01
5.726805606608240673e-01
5.727211730696732950e-01
5.728026661578015100e-01
5.729123564424353221e-01
5.730967232518269228e-01
5.735039845481006981e-01
5.747950444036868944e-01
5.743015377928133436e-01
5.734318246389402685e-01
5.734709282043833900e-01
5.730648797280895046e-01
5.727026353933332148e-01
5.725391431244696294e-01
5.724448806285733493e-01
5.723909246922888050e-01
5.723702234947432022e-01
5.723867681308212330e-01
5.724362254120010096e-01
5.725469223548577125e-01
5.727666341174624254e-01
5.731000934841135042e-01
5.733725274961267715e-01
5.739318962603054963e-01
5.735024760535668564e-01
5.725984237158686652e-01
5.721249562090823249e-01
5.718191659106288682e-01
5.716121134989462504e-01
5.714593224556930862e-01
5.713400893866824592e-01
5.712460304549877854e-01
5.711633871445461752e-01
5.710786895498689564e-01
5.709890059423331499e-01
5.709043618767919437e-01
5.708334770716293471e-01
5.707802517003661702e-01
5.707329380337041735e-01
5.706302631201575215e-01
5.704265964083542473e-01
5.701886269288110043e-01
5.699648791940237214e-01
5.697658856450417142e-01
5.695906387519232839e-01
5.694350946480989384e-01
5.692969927130335783e-01
5.691658937712765765e-01
5.690525630210251373e-01
5.689649963316190107e-01
5.689007273153505739e-01
5.688594252363605719e-01
5.688417953568480900e-01
5.688425147571835039e-01
5.688361088157888323e-01
5.688216242219362728e-01
5.688087563478837483e-01
5.687781545859801335e-01
5.687377541965791261e-01
5.686972970576980035e-01
5.686683369963364543e-01
5.686605332242052890e-01
5.686666301960306980e-01
5.686425145141705828e-01
5.685360212801396917e-01
5.683746151387643053e-01
5.682162280307456736e-01
5.680894316688136492e-01
5.679961241880819856e-01
5.679356230425601781e-01
5.679078956767051878e-01
5.679197643590941924e-01
5.679917798683558061e-01
5.681782750618173949e-01
5.686730594905654579e-01
5.700371354157176551e-01
5.695127377427950943e-01
5.681772954738237846e-01
5.675686848678533902e-01
5.672054267871450284e-01
5.669497489299870630e-01
5.667533097845461887e-01
5.665953849192698621e-01
5.664660255104824182e-01
5.663524842243768953e-01
5.662534463157102849e-01
5.661675879726495442e-01
5.660926851187715325e-01
5.660248394280844586e-01
5.659616951505345162e-01
5.658797278927989449e-01
5.658128025018609453e-01
5.657639678621642076e-01
5.657284236679552825e-01
5.657014455402924469e-01
5.656797499339097923e-01
5.656623030310494737e-01
5.656519663607968429e-01
5.656576559318594599e-01
5.657028595634188139e-01
5.658789876300325261e-01
5.667282184193276340e-01
5.658122240576213269e-01
5.656381984589512468e-01
5.656553510447397404e-01
5.661519656842838311e-01
5.658904046701304091e-01
5.653434303733663180e-01
5.651204762238277723e-01
5.649839733698276412e-01
5.648922903762685355e-01
5.648362393530982350e-01
5.648091304030907756e-01
5.648053462169038141e-01
5.648135148855386589e-01
5.648200699826335658e-01
5.648154444919618600e-01
5.648012202697109130e-01
5.647855437253896937e-01
5.647707755353409409e-01
5.647419953058790965e-01
5.646921053692675052e-01
5.646332437997002573e-01
5.645899843240809179e-01
5.645888834741982221e-01
5.646828460209089018e-01
5.651207255314675271e-01
5.654150131130916135e-01
5.646722999089199835e-01
5.644837842793826166e-01
5.644611397960558330e-01
5.646557701818458730e-01
5.644456324078902520e-01
5.644495237859223913e-01
5.645046104552787769e-01
5.645895037189212484e-01
5.646967378676562843e-01
5.648230461640345590e-01
5.649644074373830760e-01
5.651159848552391729e-01
5.652668097698350103e-01
5.653966082422607897e-01
5.654865338209283943e-01
5.655339800085451563e-01
5.655493429008959794e-01
5.655492329476849989e-01
5.655568213040680359e-01
5.656187896476123633e-01
5.658423098194543810e-01
5.665283557482195809e-01
5.691181136424674492e-01
5.745510332147699684e-01
5.667839095916308301e-01
5.648477850066678796e-01
5.638178178128673279e-01
5.630918795980761615e-01
5.625700151047325903e-01
5.621901532422596270e-01
5.619294188219622344e-01
5.617549754347728186e-01
5.615918752105151235e-01
5.614619565411728130e-01
5.613665450987709304e-01
5.612849093271595757e-01
5.611291485752452068e-01
5.608356534439149499e-01
5.604808901575388802e-01
5.601721154264233116e-01
5.599537185472094336e-01
5.598331567310993462e-01
5.598185814132630167e-01
5.599452744159399975e-01
5.603266933320070198e-01
5.612572085094210683e-01
5.630829513691737453e-01
5.624111382824037442e-01
5.603233408115835257e-01
5.591515953078712853e-01
5.584494794222086833e-01
5.579611176175304221e-01
5.575985064508536260e-01
5.573313551638096053e-01
5.571535918808969701e-01
5.569109010102397672e-01
5.567102594314049524e-01
5.565865453846197131e-01
5.565417003867328960e-01
5.566511534511475734e-01
5.576164931044800266e-01
5.566774580918910642e-01
5.566124425620986305e-01
5.567450414389782942e-01
5.570006294347233933e-01
5.572704967880552918e-01
5.572939964691245862e-01
5.569196417296787827e-01
5.563261989954522146e-01
5.557266467830165313e-01
5.550921507142021483e-01
5.545863329289443255e-01
5.541449771560644777e-01
5.537566956778808835e-01
5.534003622962316848e-01
5.530734527054934624e-01
5.527834569875411663e-01
5.525233744949546999e-01
5.522854974906080683e-01
5.520534736818504262e-01
5.518138082841119729e-01
5.515794202498235377e-01
5.513537105159289631e-01
5.511488562487191212e-01
5.509641288277762339e-01
5.508005900922879894e-01
5.506673451712583711e-01
5.505755893585936311e-01
5.505490149552717538e-01
5.506349822570187902e-01
5.509965277043878951e-01
5.537786035024867548e-01
5.513883092393341290e-01
5.504261648843791210e-01
5.500736223445310547e-01
5.498794569352545292e-01
5.497649521528644723e-01
5.497066135020758360e-01
5.496893683073416081e-01
5.496820766914289891e-01
5.496255612313155625e-01
5.494607395143835671e-01
5.491918370228728863e-01
5.488679032679480985e-01
5.485542044310870446e-01
5.482988444392732363e-01
5.481019329814240670e-01
5.479123545071815649e-01
5.476610748733909961e-01
5.473933567805810974e-01
5.471575798621786113e-01
5.469642732961036424e-01
5.468020277315860378e-01
5.466614845747682638e-01
5.465453800117994199e-01
5.464498647435943601e-01
5.463679150597167133e-01
5.463005709889729999e-01
5.462490520489261536e-01
5.462152937768717242e-01
5.462000626396850134e-01
5.462035372290706681e-01
5.462283888822729860e-01
5.462799034454633995e-01
5.463539796079508459e-01
5.464160257912134000e-01
5.464191474051079966e-01
5.463819428056504446e-01
5.463570669632810128e-01
5.463689377761038468e-01
5.464223680753873547e-01
5.465192055546954641e-01
5.466609578754133558e-01
5.468424884959622867e-01
5.470322663127632490e-01
5.471441184329166596e-01
5.470954098732347948e-01
5.469115711471477237e-01
5.467026431713185586e-01
5.465468275358313921e-01
5.464522925840273881e-01
5.463750745241584550e-01
5.463005323134321189e-01
5.462052889632810215e-01
5.459747485674769640e-01
5.457548914568525200e-01
5.456769034219509651e-01
5.458393528628755487e-01
5.476696484427793221e-01
5.456694168063112027e-01
5.452667031172420131e-01
5.452293865478461399e-01
5.456291316587057461e-01
5.449168540985280806e-01
5.446236020126309363e-01
5.444586639792521332e-01
5.443432386241716658e-01
5.442555668037647454e-01
5.441903828812781896e-01
5.441444228193619281e-01
5.441185868295280725e-01
5.441150068231417336e-01
5.441374527020613749e-01
5.441917444751396271e-01
5.442814708960420633e-01
5.444075193752869746e-01
5.445616942412754291e-01
5.447444339895982646e-01
5.449634208060405438e-01
5.452242167670512396e-01
5.455330268480795830e-01
5.458682481186145630e-01
5.462239901392371699e-01
5.465573890807343682e-01
5.468105867468942005e-01
5.469360404920940999e-01
5.468917068045815455e-01
5.466537803498993098e-01
5.462376677468763209e-01
5.456981769418197681e-01
5.450872974477323218e-01
5.444607681744627614e-01
5.438593590324530824e-01
5.432981888921110114e-01
5.428023870199606415e-01
5.423789292756923119e-01
5.421175751665918696e-01
5.417347967479666515e-01
5.413832026779041851e-01
5.411515972215289461e-01
5.409877523463423321e-01
5.408796304974047287e-01
5.408220254525251125e-01
5.408163716645075780e-01
5.408737057894973388e-01
5.410000482347211426e-01
5.411181330932571809e-01
5.411125589812143533e-01
5.413705191763802382e-01
5.406143856462832797e-01
5.403039106004897674e-01
5.399764712669894440e-01
5.395964050916423060e-01
5.391678198666153277e-01
5.387207121540650290e-01
5.382791052947933919e-01
5.378463853804312800e-01
5.374356698460927007e-01
5.370446791827286903e-01
5.366789118599727404e-01
5.363384584717392212e-01
5.360232660061661214e-01
5.357347309702440441e-01
5.354793470747106765e-01
5.352513355141094165e-01
5.350589791133414375e-01
5.349010970784365826e-01
5.347816220182549651e-01
5.347139023899050159e-01
5.347022492231073842e-01
5.346552997055175060e-01
5.346557573376211625e-01
5.347174794769813388e-01
5.348274560172309178e-01
5.349779945546392357e-01
5.351522558259430573e-01
5.353317417294057856e-01
5.355008807691133965e-01
5.357014987830346353e-01
5.362090717050937982e-01
5.377579756326628102e-01
5.358397332024513737e-01
5.348643327278630455e-01
5.343467470670558717e-01
5.339892203380891544e-01
5.337213372551289359e-01
5.335258065661333537e-01
5.334031911462476794e-01
5.333864325344737090e-01
5.335776728424067583e-01
5.334859611953621794e-01
5.331462650771402467e-01
5.329945164886267239e-01
5.329217209477061790e-01
5.328953171259390720e-01
5.329059861747204030e-01
5.329510347183498142e-01
5.330305601357865353e-01
5.331425399438768364e-01
5.332812762926955052e-01
5.334460448911894082e-01
5.336368004728726522e-01
5.338572261654080942e-01
5.341015147968356525e-01
5.343516091610018837e-01
5.346107130551369657e-01
5.348742464069957681e-01
5.351561880005062388e-01
5.354660045768535603e-01
5.358402376702262604e-01
5.362181014698239601e-01
5.366143435742617429e-01
5.372043884178487883e-01
5.381148303086166207e-01
5.385867269787725231e-01
5.381757718572706128e-01
5.380862652795485035e-01
5.382304223724809766e-01
5.385075138382890980e-01
5.388762214121936012e-01
5.393277399957326912e-01
5.398558052012611963e-01
5.404623078509175338e-01
5.411690988594561880e-01
5.419843639542309965e-01
5.429545459070943547e-01
5.441296784863198788e-01
5.455921005827464310e-01
5.475084408169514916e-01
5.501921175900901240e-01
5.544455436584700969e-01
5.623001249607421093e-01
5.748154766192176135e-01
5.686671786009765972e-01
5.591178378376093772e-01
5.545474080254738647e-01
5.517555211194536957e-01
5.501159495434071456e-01
5.491823852108744797e-01
5.486736770453327638e-01
5.484865395235222207e-01
5.486636663098229949e-01
5.495104838535598279e-01
5.527130448785465555e-01
5.533163507200353770e-01
5.496734488414292130e-01
5.487016891498447402e-01
5.483277068208994853e-01
5.480826993883320952e-01
5.477451602286935728e-01
5.472534153776588139e-01
5.466195712697092812e-01
5.458729132504923642e-01
5.450454609044143028e-01
5.441914512975962737e-01
5.433592595866033603e-01
5.425973791847510386e-01
5.419870982046794960e-01
5.418375183517551985e-01
5.445726011349966145e-01
5.403061920555015663e-01
5.393962533124150305e-01
5.388050982372637465e-01
5.383796014410104913e-01
5.380859052536960396e-01
5.378947911331471987e-01
5.377636508238947677e-01
5.376849531717838859e-01
5.376780235870203262e-01
5.375510034668526949e-01
5.373055531941800522e-01
5.371428603717308681e-01
5.370336749092231576e-01
5.369928348184734856e-01
5.369851054299276116e-01
5.368007423157648006e-01
5.362569756618870143e-01
5.355859953128108142e-01
5.350490874522362272e-01
5.347071922089987606e-01
5.345547775071428642e-01
5.345192968380455545e-01
5.345813411640530921e-01
5.347700091034754966e-01
5.351152207187653831e-01
5.355604431653681052e-01
5.357687685645238229e-01
5.352760091538765197e-01
5.340947907361124347e-01
5.326945782796477236e-01
5.314012309799738265e-01
5.302978341895751013e-01
5.293398228008469042e-01
5.284159900642881880e-01
5.274911331440600426e-01
5.265842616481746230e-01
5.257465125223089730e-01
5.249883946111865152e-01
5.242788341316795275e-01
5.236093178202181342e-01
5.229565860643394792e-01
5.223296541115327596e-01
5.217755246882133102e-01
5.213010679491602017e-01
5.209425202066974014e-01
5.207328286925745342e-01
5.207266682756200860e-01
5.210599186940736427e-01
5.221274965057222106e-01
5.239864227761159565e-01
5.229894706647855163e-01
5.229172067750694763e-01
5.230995447915456342e-01
5.218465442232856910e-01
5.196903226424322009e-01
5.177915359450394606e-01
5.162840900860578008e-01
5.151166177451214079e-01
5.141374611686743146e-01
5.133026668071294374e-01
5.125716071728512180e-01
5.119177820663657341e-01
5.113317883743033754e-01
5.107808188433307084e-01
5.102645947431608819e-01
5.097751250042173998e-01
5.093064321932994076e-01
5.088554292788169953e-01
5.084291418611102120e-01
5.080156892334638519e-01
5.076258107677208420e-01
5.072447570122331495e-01
5.068597691858993670e-01
5.064800159485806086e-01
5.061310177082992690e-01
5.058563931938891978e-01
5.056761398208278191e-01
5.054603447108205749e-01
5.049301717487207908e-01
5.043099202900889200e-01
5.037793862598509698e-01
5.033279707793387736e-01
5.029306008358142011e-01
5.025776719499276401e-01
5.022493224777302423e-01
5.019469513327069476e-01
5.016701183155648502e-01
5.014128215271176359e-01
5.011782805080859937e-01
5.009618050657953514e-01
5.007630749790277225e-01
5.005791014985243592e-01
5.004050728721906038e-01
5.002472477284665153e-01
5.001071950549522693e-01
4.999897976733872484e-01
4.999002314842214689e-01
4.998432087690771741e-01
4.998263289666424747e-01
4.998576305833950517e-01
4.999543966140352347e-01
5.001373984697932151e-01
5.004393755499989549e-01
5.009003520966935907e-01
5.015956717917885443e-01
5.024821468950597669e-01
5.032548139611027205e-01
5.038596606665515232e-01
5.040755398096562478e-01
5.048834963688855204e-01
5.047909666635882475e-01
5.020631656502412277e-01
5.000307845454675659e-01
4.987176483504556779e-01
4.977923016485985008e-01
4.970850940941698437e-01
4.965167566124140675e-01
4.960423147272456923e-01
4.956351121886742317e-01
4.952836001623766582e-01
4.949651098787072878e-01
4.946780208081587582e-01
4.944167274954746061e-01
4.941769123110604234e-01
4.939586990586710691e-01
4.937526770671759047e-01
4.935615389467588598e-01
4.933879119925307366e-01
4.932384983320922123e-01
4.931749626304063328e-01
4.929982471153041002e-01
4.927633090329360255e-01
4.926069615688016268e-01
4.924787799833342805e-01
4.923338579575667895e-01
4.921550570320906148e-01
4.919798414615428328e-01
4.918122870014045578e-01
4.916430319381834280e-01
4.914718510038261212e-01
4.912970605816667780e-01
4.911108917907908156e-01
4.909157869630360604e-01
4.907134926404276287e-01
4.905088367702838958e-01
4.903025381637331481e-01
4.900934656176122450e-01
4.898861838454178774e-01
4.896914984572252605e-01
4.895178649513237112e-01
4.893780942157567870e-01
4.892795630463633305e-01
4.892354844237470357e-01
4.892626211020348892e-01
4.893885466775163562e-01
4.896543017999310798e-01
4.901304628836090083e-01
4.909281055563547991e-01
4.922349244580122574e-01
4.938556399933419216e-01
4.937528317536061251e-01
4.917987653886646826e-01
4.901011397122173596e-01
4.889562882062876703e-01
4.881500942273375165e-01
4.875723360677817753e-01
4.871333588162354289e-01
4.867881152373588205e-01
4.865132481714489199e-01
4.862869435716467015e-01
4.861087022713501682e-01
4.859772139565665672e-01
4.858874061546767376e-01
4.858413174864780193e-01
4.858468752867307616e-01
4.859260969265765673e-01
4.861250407582525801e-01
4.865924096844223001e-01
4.870405247078445354e-01
4.876722669683616895e-01
4.883029494502352241e-01
4.876120929853476893e-01
4.867090738176593767e-01
4.861517928005528733e-01
4.858241619724316673e-01
4.856234091764305982e-01
4.855050597525760181e-01
4.854305474105338192e-01
4.853758062780402782e-01
4.853188714469143794e-01
4.852474838212584851e-01
4.851630461969524410e-01
4.850699395051462637e-01
4.849788468185032286e-01
4.848997182902555769e-01
4.848439353907282312e-01
4.848277301392382443e-01
4.848844276105058193e-01
4.851452540116095169e-01
4.872881584455519555e-01
4.853477366344653432e-01
4.845024394397934864e-01
4.841145438481435082e-01
4.838365346679335821e-01
4.836120639348195360e-01
4.834232063733699403e-01
4.832569609541153000e-01
4.831090810907008870e-01
4.829715734580237174e-01
4.828404663358564775e-01
4.827158252665401106e-01
4.825998809898932596e-01
4.824942698103997785e-01
4.823973346734615197e-01
4.823110439773841129e-01
4.822386427753427851e-01
4.821840649171205695e-01
4.821506702672642142e-01
4.821392867196620524e-01
4.821522010416581239e-01
4.821907578297663366e-01
4.822577491250488180e-01
4.823545067659186780e-01
4.824857304705111316e-01
4.826539822120667345e-01
4.828550444806199993e-01
4.830787235115060474e-01
4.833156345017211586e-01
4.835819360857925853e-01
4.838978014290136187e-01
4.842272644721816177e-01
4.844975392679612969e-01
4.846977627562059077e-01
4.849025636731716382e-01
4.851559365747818431e-01
4.854530974819307731e-01
4.857745379516443807e-01
4.860924797444728385e-01
4.863814062507358371e-01
4.866130124132974633e-01
4.867551151632295570e-01
4.867889118380487878e-01
4.867037915104667767e-01
4.865063123235131570e-01
4.862102325999094754e-01
4.858424117221861738e-01
4.854317589082894902e-01
4.850087758543344396e-01
4.845910390776924093e-01
4.841872565952010654e-01
4.838009257085486015e-01
4.834240213101106409e-01
4.830426324230097102e-01
4.826667267144528761e-01
4.823168827463594210e-01
4.820140409761269340e-01
4.817704944308374704e-01
4.815970705957701159e-01
4.815128934125573745e-01
4.815591601895821139e-01
4.818656064470511202e-01
4.828767859388942707e-01
4.836459798326843695e-01
4.819707299733277939e-01
4.812542781422817773e-01
4.809167338261233215e-01
4.807276506268910454e-01
4.806092924362514451e-01
4.805407670641645979e-01
4.805344237254523532e-01
4.806810663347261259e-01
4.812888809558500958e-01
4.805965631194711318e-01
4.801416441684791536e-01
4.799118108829396046e-01
4.797644612344590387e-01
4.796728888003539693e-01
4.796336408338426338e-01
4.796122287700926301e-01
4.795087188885964191e-01
4.793576711323224715e-01
4.792348039387998582e-01
4.791172950248053786e-01
4.790197337558164126e-01
4.789595725955574923e-01
4.789320636159623001e-01
4.789331332091145699e-01
4.789598508365371377e-01
4.790107051801270055e-01
4.790842130852877023e-01
4.791841015146440230e-01
4.793120041735060011e-01
4.794722069268125275e-01
4.796705998493429601e-01
4.799268825675310213e-01
4.802819662887770069e-01
4.809158602031007868e-01
4.816756592707658879e-01
4.812009326291332711e-01
4.812285464875538654e-01
4.814395352043935317e-01
4.817456860318142242e-01
4.821267546324280451e-01
4.826004011703003416e-01
4.831772684760384240e-01
4.838855793521384951e-01
4.848183785556001157e-01
4.861023562004122001e-01
4.881066489437518308e-01
4.917962797286878351e-01
4.995076031473104083e-01
4.981080080709462399e-01
4.921303886967781094e-01
4.898137558817975412e-01
4.889063436522894657e-01
4.886682788738260230e-01
4.888320438312483973e-01
4.893834198423961390e-01
4.899052843220285669e-01
4.906332820266919303e-01
4.915960815992693189e-01
4.927546208286007756e-01
4.940731088450135422e-01
4.954495536207988993e-01
4.967028368601072441e-01
4.975002145050136937e-01
4.975275390874394077e-01
4.967439759453833314e-01
4.953903969452709277e-01
4.938040193542311829e-01
4.922248766147234722e-01
4.907938663862155271e-01
4.895067415616015105e-01
4.883929549767618838e-01
4.874389408976880222e-01
4.866240040320216620e-01
4.859367447824751718e-01
4.853347196639857253e-01
4.848124820868796037e-01
4.843546969369632027e-01
4.839501995199820272e-01
4.835810645778884087e-01
4.832323065555363950e-01
4.828993721316172105e-01
4.825780459151814972e-01
4.822664742685052186e-01
4.819706611960288267e-01
4.816838899880563907e-01
4.814137239247184841e-01
4.811614523907820073e-01
4.809290272835733959e-01
4.807135607740104510e-01
4.805111388899411251e-01
4.803180625482776911e-01
4.801298306713314701e-01
4.799408523178803065e-01
4.797529661005431878e-01
4.795645785237422909e-01
4.793812532189056230e-01
4.792066350879829462e-01
4.790429668566687504e-01
4.788923785606657990e-01
4.787600594800572873e-01
4.786450368708922709e-01
4.785520392125497957e-01
4.784781199512671002e-01
4.784217268336743989e-01
4.783889285097752686e-01
4.784281056333577475e-01
4.783672608318441655e-01
4.783699105700931486e-01
4.784026546873446084e-01
4.784507694199400252e-01
4.785074663927588734e-01
4.785711023778979611e-01
4.786438211147875932e-01
4.787277194112892764e-01
4.788244130972932333e-01
4.789443008218424724e-01
4.790980988302351307e-01
4.792758300065571575e-01
4.793734914358760979e-01
4.793936793990830059e-01
4.794760910440100110e-01
4.796727824038123367e-01
4.800162062778450811e-01
4.804533811145783040e-01
4.805392912059052168e-01
4.802033412772447885e-01
4.799736355226030260e-01
4.800882438286838694e-01
4.798281022424056297e-01
4.798682490580162274e-01
4.800002446413029200e-01
4.802046495282340510e-01
4.804788859650583333e-01
4.808280917437044999e-01
4.812631376942178019e-01
4.817914427671753375e-01
4.824547972010330699e-01
4.832731258944906738e-01
4.843045027829097071e-01
4.855906986567126160e-01
4.872094800301653428e-01
4.892597358868480684e-01
4.913504309162690098e-01
4.935866428364100722e-01
4.959438883446479762e-01
4.974314528097815158e-01
4.970431226374336098e-01
4.949623881791146429e-01
4.923162299586047452e-01
4.898257369048224508e-01
4.877665769244511340e-01
4.861006010192524540e-01
4.847746526182353799e-01
4.837150601097475189e-01
4.828622782216895892e-01
4.821814172917086583e-01
4.816172254677535958e-01
4.811572802744577548e-01
4.807830316218467681e-01
4.804803705604331898e-01
4.802383487996510492e-01
4.800510782515424180e-01
4.799058266730528155e-01
4.798008660358083488e-01
4.797320521790640058e-01
4.796961390499977496e-01
4.796905512107986769e-01
4.797132145860088515e-01
4.797622411590873881e-01
4.798361788292371255e-01
4.799325540578230909e-01
4.800496238228487145e-01
4.801878445875859547e-01
4.803446589609347561e-01
4.805184242841894493e-01
4.807075280929727912e-01
4.809066512278175609e-01
4.811185870047665625e-01
4.813318634537571139e-01
4.815334174394744204e-01
4.817235509272498328e-01
4.819076385472558788e-01
4.820966942717619386e-01
4.822924106743360917e-01
4.824955675893455309e-01
4.827062980062458708e-01
4.829211239228311525e-01
4.831474166601840703e-01
4.833825778569711407e-01
4.836283718270908971e-01
4.838857696534438202e-01
4.841620401835075027e-01
4.844706350637177916e-01
4.848346670662082025e-01
4.852576744117414465e-01
4.854713715150059117e-01
4.856972785181221663e-01
4.859896345316669919e-01
4.863190213732970779e-01
4.866697117254720761e-01
4.870449625987024467e-01
4.874428595677705589e-01
4.878558797564620519e-01
4.882460658081508864e-01
4.886506423324242787e-01
4.890841070600235319e-01
4.895443410171350651e-01
4.900290959576739103e-01
4.905491174139011146e-01
4.911040810521127287e-01
4.916983984481518299e-01
4.923380384824089795e-01
4.930197032989355188e-01
4.937772442373383197e-01
4.946159065048584269e-01
4.955570673520136582e-01
4.966285742369140332e-01
4.978435389169184599e-01
4.992796372779183534e-01
5.009482276375722964e-01
5.028339927823141098e-01
5.047940448936117930e-01
5.064247186542178980e-01
5.072044262646022705e-01
5.067437848993467941e-01
5.053080575555516374e-01
5.034904858115885062e-01
5.017284461968024578e-01
5.002278027240384395e-01
4.989736711593086294e-01
4.979762231422797392e-01
4.971969018135944940e-01
4.968415957980608644e-01
4.960892098956910523e-01
4.951138969550991642e-01
4.944844225786965697e-01
4.939799394594878712e-01
4.935627180964674565e-01
4.932257340698555925e-01
4.929417146160035568e-01
4.927079546277494670e-01
4.925191738385564233e-01
4.923739864249265796e-01
4.922706443275256527e-01
4.922109648855767516e-01
4.921948085796389871e-01
4.921854971754445751e-01
4.921657255702416855e-01
4.921793607318616925e-01
4.922332642131063141e-01
4.923243332831001018e-01
4.924509842278953498e-01
4.926188931692946915e-01
4.928438735518420599e-01
4.931681585425297665e-01
4.933141721836873383e-01
4.932216673807226504e-01
4.932452614545805858e-01
4.933620327246051596e-01
4.935419432212979629e-01
4.937785602760459969e-01
4.940669061498676462e-01
4.944173089610550687e-01
4.948253117012035296e-01
4.952881632824989167e-01
4.958230831588251175e-01
4.964242034418597793e-01
4.970916954666805276e-01
4.978246845142420551e-01
4.986081904542855603e-01
4.994661690299886381e-01
5.003782811973306321e-01
5.013657497621124559e-01
5.024517015044188684e-01
5.035883392934826785e-01
5.045219420762987461e-01
5.056063914130096704e-01
5.067631050863807829e-01
5.079620089322576248e-01
5.090181521740411164e-01
5.096974373191937024e-01
5.096376921280034722e-01
5.087207526081891640e-01
5.072043224253259819e-01
5.055094620847380149e-01
5.038510518016288131e-01
5.023770333404817823e-01
5.011167675604782934e-01
5.000613553900897790e-01
4.992034747983206122e-01
4.984952261511538252e-01
4.979355002147849429e-01
4.975117500104842549e-01
4.972153258471886939e-01
4.970408377088733065e-01
4.969847274864500619e-01
4.970415205507232037e-01
4.972112868893867055e-01
4.975044532103706230e-01
4.979474644612145173e-01
4.985615909661066936e-01
4.994004636153140941e-01
5.004789537472758010e-01
5.018402426310289988e-01
5.034869799039485283e-01
5.053757885166787478e-01
5.073519301849427343e-01
5.088857146827319156e-01
5.092891092095295225e-01
5.083730887110252672e-01
5.067102185264865666e-01
5.050062577929184116e-01
5.038033068145099103e-01
5.038227223734361715e-01
5.144796575460391930e-01
5.029511339040991791e-01
4.996452089312742872e-01
4.981535848821722068e-01
4.972240669516334033e-01
4.965799220998887709e-01
4.961520774639296971e-01
4.958774193200592428e-01
4.957406839975601054e-01
4.957275779993191023e-01
4.958309382769190976e-01
4.960445026257884193e-01
4.963592946839056608e-01
4.967834600364376407e-01
4.973039809480208073e-01
4.979172233909860967e-01
4.985913946344676106e-01
4.992699517596962955e-01
4.998848589065376657e-01
5.003567504381322140e-01
5.004776549499379001e-01
5.002897390905221009e-01
4.998044735426161456e-01
4.990881741924718118e-01
4.982383175615813231e-01
4.973381055911121895e-01
4.964445758509066220e-01
4.956048087400014013e-01
4.948087904091114098e-01
4.940783859368801934e-01
4.934153958950276420e-01
4.928227287709254223e-01
4.922896735600516549e-01
4.918023818001628356e-01
4.913562983092220060e-01
4.909559459573393236e-01
4.905948951362847921e-01
4.902847737025573527e-01
4.900086642940830739e-01
4.897701705502383596e-01
4.895690096972716843e-01
4.894047300320362726e-01
4.892759877522364076e-01
4.891817096069030479e-01
4.891153083852274319e-01
4.890749729696169945e-01
4.890585496992735925e-01
4.890687995304648372e-01
4.891081244306941245e-01
4.891801085272215466e-01
4.892840068428899736e-01
4.894218382428694447e-01
4.895922397604942078e-01
4.897887097062808559e-01
4.900125966144082135e-01
4.902670808691503290e-01
4.905638656593824254e-01
4.909066053761001469e-01
4.912979349791284922e-01
4.917505611731795567e-01
4.922677709532773394e-01
4.928554856199433565e-01
4.935183853279175858e-01
4.942457919912723874e-01
4.950604943049498607e-01
4.959533265763974019e-01
4.969338971956695494e-01
4.980533859471533709e-01
4.993557419699553024e-01
5.007841823091492284e-01
5.020840040142302563e-01
5.029842090185552284e-01
5.036701093525665085e-01
5.045500153131962096e-01
5.058247758251290804e-01
5.075553610883553057e-01
5.097742861230631917e-01
5.126176634224560713e-01
5.160739886751904981e-01
5.199483142355703080e-01
5.237626656168232753e-01
5.263105881641358952e-01
5.267411517852649272e-01
5.250450138310958081e-01
5.218699316103256880e-01
5.180444483410154843e-01
5.143412888455055620e-01
5.111162733567017336e-01
5.084542614788022385e-01
5.062739572100717345e-01
5.044895778336888625e-01
5.030405829503958870e-01
5.018417010793440047e-01
5.008603927157009306e-01
5.000663566263382487e-01
4.994232203766037492e-01
4.989210513423775195e-01
4.985680364189515323e-01
4.983990998340863121e-01
4.985893560318438444e-01
5.003811282123865611e-01
4.994568786147531858e-01
4.977989291287846507e-01
4.972348034365275393e-01
4.969405454051429860e-01
4.967575539255076889e-01
4.966359747566627680e-01
4.965595008206202809e-01
4.965168918225369987e-01
4.964997022360117529e-01
4.964998272511286226e-01
4.965000682803953902e-01
4.964643394203414606e-01
4.963754329579390112e-01
4.962718282955185800e-01
4.961953661589795783e-01
4.961643731165821247e-01
4.961895100786231083e-01
4.962790613319393307e-01
4.964430759611436761e-01
4.966894449075914264e-01
4.970375917991070591e-01
4.974757940598597550e-01
4.979626252391480823e-01
4.984184651795336429e-01
4.987784401230230813e-01
4.989048922520176732e-01
4.988229562079030677e-01
4.987950654304575959e-01
4.988913506278265242e-01
4.989704195686548993e-01
4.991011872893174051e-01
4.993576383301793209e-01
4.997203450305292560e-01
5.001827981778583787e-01
5.007174561402444324e-01
5.013426115374431946e-01
5.020510463017634484e-01
5.028456932628271314e-01
5.037301714784625517e-01
5.047013711898760135e-01
5.057811830195966252e-01
5.070159907680106270e-01
5.084396143303557825e-01
5.101386353904562299e-01
