-1.302420688853445085e-06
-3.907577513562188187e-06
-6.513000625596454540e-06
-9.118693740650662960e-06
-1.172466976184782794e-05
-1.433091070335290595e-05
-1.693745116038147813e-05
-1.954427357397925391e-05
-2.215138970551588926e-05
-2.475877611962662428e-05
-2.736647888956778019e-05
-2.997447413510823111e-05
-3.258277422324429295e-05
-3.519136298302250054e-05
-3.780027083066794802e-05
-4.040948195893623307e-05
-4.301900774661415738e-05
-4.562884240755238352e-05
-4.823899803074738202e-05
-5.084946527411648987e-05
-5.346025652286368057e-05
-5.607135872809365651e-05
-5.868279706100487658e-05
-6.129455879633205484e-05
-6.390665347877355629e-05
-6.651907563404169110e-05
-6.913183574697168154e-05
-7.174492866157677895e-05
-7.435836307101428844e-05
-7.697212850288348562e-05
-7.958624591231089340e-05
-8.220070511333332774e-05
-8.481551401418041536e-05
-8.743067380778679620e-05
-9.004618448804624364e-05
-9.266205062707921769e-05
-9.527827092647989105e-05
-9.789484860855957038e-05
-1.005117827921342410e-04
-1.031290800703743571e-04
-1.057467335497941363e-04
-1.083647582063029802e-04
-1.109831473810052316e-04
-1.136019070050453550e-04
-1.162210358519599751e-04
-1.188405378771406617e-04
-1.214604121434481598e-04
-1.240806638554969865e-04
-1.267012883879869989e-04
-1.293222980157660018e-04
-1.319436892942560391e-04
-1.345654632131099149e-04
-1.371876214525391546e-04
-1.398101656836514550e-04
-1.424330975967613711e-04
-1.450564188182346115e-04
-1.476801309715503052e-04
-1.503042356807426927e-04
-1.529287345420904387e-04
-1.555536291355519296e-04
-1.581789210172157567e-04
-1.608046117745898229e-04
-1.634307029272363820e-04
-1.660571960181433937e-04
-1.686840925653187995e-04
-1.713113941409494245e-04
-1.739391021087222100e-04
-1.765672186653244324e-04
-1.791957439979396938e-04
-1.818246799799583258e-04
-1.844540285793616619e-04
-1.870838073587677286e-04
-1.897139850963736052e-04
-1.923445797495926257e-04
-1.949755924296470155e-04
-1.976070266659357699e-04
-2.002388800625976017e-04
-2.028711561156137932e-04
-2.055038559700683720e-04
-2.081369999805682269e-04
-2.107705520343339245e-04
-2.134045317910837625e-04
-2.160389403775830885e-04
-2.186737799967364282e-04
-2.213090520936100702e-04
-2.239447581274811583e-04
-2.265808995318696617e-04
-2.292174777803746011e-04
-2.318544943367140121e-04
-2.344919506860332348e-04
-2.371298483158090775e-04
-2.397681887448266380e-04
-2.424069734680012189e-04
-2.450462056627911167e-04
-2.476858861382158494e-04
-2.503260384519867543e-04
-2.529666186650292303e-04
-2.556076491734282641e-04
-2.582491354996552246e-04
-2.608910734233083062e-04
-2.635334703546821089e-04
-2.661763238727132830e-04
-2.688196441571477635e-04
-2.714634202127808038e-04
-2.741076621223248466e-04
-2.767523672976279769e-04
-2.793975659569625236e-04
-2.820432068134648418e-04
-2.846893194813349126e-04
-2.873359005071129957e-04
-2.899829661412445247e-04
-2.926304903428933457e-04
-2.952784893281990009e-04
-2.979269567526809936e-04
-3.005759243190908592e-04
-3.032253274138918542e-04
-3.058751980002938353e-04
-3.085255340992132389e-04
-3.111763336094419685e-04
-3.138275944826185437e-04
-3.164793149055267207e-04
-3.191314933953526278e-04
-3.217841289442358033e-04
-3.244372210213786190e-04
-3.270907695225311329e-04
-3.297447748189519245e-04
-3.323992376105255886e-04
-3.350541589133282372e-04
-3.377095399647034313e-04
-3.403653821686392078e-04
-3.430216849104050780e-04
-3.456784572735127625e-04
-3.483356918352331633e-04
-3.509934295130578974e-04
-3.536516004288836612e-04
-3.563102460152345330e-04
-3.589693603245347475e-04
-3.616289638277425667e-04
-3.642890278781063529e-04
-3.669495733026328921e-04
-3.696105937738281000e-04
-3.722721303001108595e-04
-3.749341134980932466e-04
-3.775965845571604973e-04
-3.802595367534689075e-04
-3.829229871108452699e-04
-3.855869145792389929e-04
-3.882513362235551213e-04
-3.909162453247239100e-04
-3.935816854548912502e-04
-3.962475827613554102e-04
-3.989139809738029285e-04
-4.015808733449643952e-04
-4.042482785338030737e-04
-4.069161732918047392e-04
-4.095845763424366126e-04
-4.122534814476885856e-04
-4.149229318028968549e-04
-4.175928560752328877e-04
-4.202632978399511998e-04
-4.229342512708234025e-04
-4.256057364462328962e-04
-4.282777213897581703e-04
-4.309502314032709336e-04
-4.336232832643505120e-04
-4.362968550960522052e-04
-4.389709688851217706e-04
-4.416456207301244774e-04
-4.443208540680920748e-04
-4.469966099617250777e-04
-4.496729333948179530e-04
-4.523498245998514022e-04
-4.550273120490500034e-04
-4.577053811567477482e-04
-4.603840648199630792e-04
-4.630633720474897075e-04
-4.657433523339582493e-04
-4.684239800351042149e-04
-4.711053045732827016e-04
-4.737873788690505350e-04
-4.764702524628905422e-04
-4.791539879057671314e-04
-4.818386604417135288e-04
-4.845243554234546224e-04
-4.872111574770743303e-04
-4.898991166901733862e-04
-4.925882211802568023e-04
-4.952783755071132887e-04
-4.979693730854384270e-04
-5.006609763498204302e-04
-5.033529909472811426e-04
-5.060452953682403887e-04
-5.087378350441262853e-04
-5.114305974823762924e-04
-5.141235967415225261e-04
-5.168168923833649231e-04
-5.195104225425017930e-04
-5.222042560447670567e-04
-5.248984048190630247e-04
-5.275929052021011145e-04
-5.302877492070479093e-04
-5.329829715584599725e-04
-5.356785760162185994e-04
-5.383746185446680599e-04
-5.410710325591816527e-04
-5.437678715526361728e-04
-5.464651339489590143e-04
-5.491628451442798209e-04
-5.518609870843738108e-04
-5.545595838395422916e-04
-5.572586286711755932e-04
-5.599581726229985179e-04
-5.626581413374909246e-04
-5.653585797881222064e-04
-5.680594921096959737e-04
-5.707608843928957398e-04
-5.734627592444141442e-04
-5.761651243065823991e-04
-5.788679719535005930e-04
-5.815713511556630522e-04
-5.842751833495807290e-04
-5.869795173152336787e-04
-5.896843445494237557e-04
-5.923896865971389758e-04
-5.950955183572359530e-04
-5.978018612488034123e-04
-6.005087061836666962e-04
-6.032160969566824349e-04
-6.059239614613076697e-04
-6.086323334679732966e-04
-6.113412621625569088e-04
-6.140506659577660287e-04
-6.167605920198715452e-04
-6.194710343261355945e-04
-6.221820109912901131e-04
-6.248934982036047359e-04
-6.276055138371150477e-04
-6.303180520250695196e-04
-6.330311565805324392e-04
-6.357447515702441265e-04
-6.384588796457535409e-04
-6.411735370529525468e-04
-6.438887395621151200e-04
-6.466044648140156781e-04
-6.493207287733282485e-04
-6.520375271577005805e-04
-6.547549079407577466e-04
-6.574727846415662214e-04
-6.601912054020608878e-04
-6.629101654996860660e-04
-6.656296858427168672e-04
-6.683497343561439763e-04
-6.710703321411992661e-04
-6.737914740625461363e-04
-6.765132103776494432e-04
-6.792354506972575479e-04
-6.819582454643535741e-04
-6.846815892006530291e-04
-6.874055038927906480e-04
-6.901299453739850875e-04
-6.928549429796593273e-04
-6.955805156880767726e-04
-6.983066295892514930e-04
-7.010333080365027669e-04
-7.037605439422778275e-04
-7.064883909336794332e-04
-7.092167544650029853e-04
-7.119456890239961311e-04
-7.146751877772361539e-04
-7.174052757715765338e-04
-7.201359159185738434e-04
-7.228671286219068293e-04
-7.255989212496816165e-04
-7.283312985109091642e-04
-7.310642668363342977e-04
-7.337978318491256147e-04
-7.365320132716179913e-04
-7.392668359907927922e-04
-7.420023521398366739e-04
-7.447386849901427297e-04
-7.474760336936281391e-04
-7.502138875139507945e-04
-7.529520301750025624e-04
-7.556905852823536662e-04
-7.584296219074193601e-04
-7.611691736557624210e-04
-7.639092599748265044e-04
-7.666498927949572106e-04
-7.693910807851089828e-04
-7.721328299943319706e-04
-7.748751450528112983e-04
-7.776180267601295881e-04
-7.803615402076635732e-04
-7.831055747087312113e-04
-7.858501923044824977e-04
-7.885953836457293420e-04
-7.913411773668999061e-04
-7.940875333061203634e-04
-7.968344797250059841e-04
-7.995820034478740013e-04
-8.023301097863644316e-04
-8.050788051268131795e-04
-8.078280907726220761e-04
-8.105779663373224864e-04
-8.133284338900370614e-04
-8.160794954441552562e-04
-8.188311513053214696e-04
-8.215834022707868556e-04
-8.243362537648790678e-04
-8.270897039026614550e-04
-8.298437537460623403e-04
-8.325984026197330579e-04
-8.353536507005321354e-04
-8.381095034918351061e-04
-8.408659629686177084e-04
-8.436230275171707760e-04
-8.463806945466778586e-04
-8.491389668772164612e-04
-8.518978473437410770e-04
-8.546573406602586687e-04
-8.574174460320715951e-04
-8.601781626281779225e-04
-8.629394914633214952e-04
-8.657014335342605449e-04
-8.684639823066664377e-04
-8.712271577788754939e-04
-8.739909417642133249e-04
-8.767553995530086297e-04
-8.795204189314675958e-04
-8.822860652818453886e-04
-8.850523239744001458e-04
-8.878192116502647835e-04
-8.905867135340361784e-04
-8.933548464379326148e-04
-8.961235954279000993e-04
-8.988930280745544010e-04
-9.016630280451742863e-04
-9.044336630337213023e-04
-9.072049178341368147e-04
-9.099768230778071398e-04
-9.127493365291838856e-04
-9.155224889541013766e-04
-9.182962648625059288e-04
-9.210707317528488147e-04
-9.238457739270122815e-04
-9.266214589706001092e-04
-9.293977711716250312e-04
-9.321747423398640819e-04
-9.349523283337379809e-04
-9.377305610906994104e-04
-9.405094246243139722e-04
-9.432889868238314435e-04
-9.460691316220959379e-04
-9.488499269998396102e-04
-9.516313567806689022e-04
-9.544134538130855105e-04
-9.571961549245111556e-04
-9.599795016824730354e-04
-9.627635186983951598e-04
-9.655481595088888369e-04
-9.683334574547286522e-04
-9.711193959648367624e-04
-9.739060452705894377e-04
-9.766932851313914199e-04
-9.794811859095142736e-04
-9.822697307269034894e-04
-9.850589551693156309e-04
-9.878488085499625981e-04
-9.906393265995960817e-04
-9.934304921228598317e-04
-9.962223241714029953e-04
-9.990148054147551804e-04
-1.001807955021694063e-03
-1.004601755535294849e-03
-1.007396226234358316e-03
-1.010191349539613093e-03
-1.012987144863197742e-03
-1.015783594478736340e-03
-1.018580768759380639e-03
-1.021378548174078915e-03
-1.024177003201676150e-03
-1.026976115879207896e-03
-1.029775924925591113e-03
-1.032576374321969581e-03
-1.035377502903833680e-03
-1.038179292448648816e-03
-1.040981805974228180e-03
-1.043784924606216968e-03
-1.046588706561268900e-03
-1.049393230069917138e-03
-1.052198365371626032e-03
-1.055004185909647063e-03
-1.057810673079973007e-03
-1.060617866788238217e-03
-1.063425709150078724e-03
-1.066234240201802130e-03
-1.069043441078498802e-03
-1.071853351910734276e-03
-1.074663914569118361e-03
-1.077475169305674996e-03
-1.080287097020460330e-03
-1.083099718497515518e-03
-1.085913009458927547e-03
-1.088726978212828378e-03
-1.091541628016057253e-03
-1.094356967256460145e-03
-1.097172994198647444e-03
-1.099989709630433410e-03
-1.102807114356840756e-03
-1.105625209145255639e-03
-1.108443994775387687e-03
-1.111263472032941735e-03
-1.114083636505558417e-03
-1.116904491542447531e-03
-1.119726045698765660e-03
-1.122548297154413177e-03
-1.125371244063533283e-03
-1.128194887189404305e-03
-1.131019227285312567e-03
-1.133844265091221715e-03
-1.136670001355200021e-03
-1.139496426239228200e-03
-1.142323566900582676e-03
-1.145151397656807291e-03
-1.147980007057403107e-03
-1.150809241320494003e-03
-1.153639189011568256e-03
-1.156469829685868866e-03
-1.159301207011909085e-03
-1.162133256950248494e-03
-1.164966023274982554e-03
-1.167799485307763341e-03
-1.170633733484138794e-03
-1.173468610418781921e-03
-1.176304206623735027e-03
-1.179140501229469784e-03
-1.181977538565415209e-03
-1.184815242627479392e-03
-1.187653652408027227e-03
-1.190492774049367597e-03
-1.193332608251607141e-03
-1.196173155665225529e-03
-1.199014416964350183e-03
-1.201856392807898466e-03
-1.204699083861004993e-03
-1.207542490790025624e-03
-1.210386614256542259e-03
-1.213231454902929940e-03
-1.216077013397098838e-03
-1.218923290396412007e-03
-1.221770286548795603e-03
-1.224618002503841119e-03
-1.227466438936009041e-03
-1.230315585181052107e-03
-1.233165458827345518e-03
-1.236016091359926072e-03
-1.238867410536359515e-03
-1.241719464740054235e-03
-1.244572232129148581e-03
-1.247425811109592608e-03
-1.250280029431616313e-03
-1.253134985583659322e-03
-1.255990657604066918e-03
-1.258847094320891813e-03
-1.261704222913273554e-03
-1.264562092324839071e-03
-1.267420680448605452e-03
-1.270280083771058166e-03
-1.273140134555150738e-03
-1.276000929335108225e-03
-1.278862446068340653e-03
-1.281724735551437178e-03
-1.284587721751773159e-03
-1.287451456963184526e-03
-1.290315916433915078e-03
-1.293181200517912188e-03
-1.296047137431255436e-03
-1.298913827774583751e-03
-1.301781246767719225e-03
-1.304649447620764846e-03
-1.307518353921177656e-03
-1.310388019130859227e-03
-1.313258418734197797e-03
-1.316129654297726326e-03
-1.319001554174303870e-03
-1.321874195272298991e-03
-1.324747665407688402e-03
-1.327621806316625630e-03
-1.330496720716722869e-03
-1.333372385501463420e-03
-1.336248856137589591e-03
-1.339126058997885949e-03
-1.342004050184364417e-03
-1.344882807325697982e-03
-1.347762437142407954e-03
-1.350642771840493417e-03
-1.353523919209842497e-03
-1.356405861940301882e-03
-1.359288662529323233e-03
-1.362172255370386331e-03
-1.365056707343659248e-03
-1.367941992545973484e-03
-1.370828156036285606e-03
-1.373715231145933302e-03
-1.376603250502039799e-03
-1.379492252316372181e-03
-1.382382288909855816e-03
-1.385273414631904565e-03
-1.388165702713051175e-03
-1.391059232937807977e-03
-1.393954099129346424e-03
-1.396850347002320802e-03
-1.399747962288255820e-03
-1.402646843881361072e-03
-1.405546795742340649e-03
-1.408447575725890744e-03
-1.411348989189931125e-03
-1.414250911775050135e-03
-1.417153294366091387e-03
-1.420056124832758115e-03
-1.422959385833366674e-03
-1.425863195140153472e-03
-1.428767406061459688e-03
-1.431672140146500460e-03
-1.434577393536362599e-03
-1.437483234302039392e-03
-1.440389607572645225e-03
-1.443296579740072083e-03
-1.446204138722317900e-03
-1.449112394929841230e-03
-1.452021188563357157e-03
-1.454930627353245853e-03
-1.457840693841250257e-03
-1.460751445968910822e-03
-1.463662807776988650e-03
-1.466574823751232159e-03
-1.469487513985456850e-03
-1.472400964807052404e-03
-1.475315006065902601e-03
-1.478229739978687007e-03
-1.481145144425655147e-03
-1.484061273051118235e-03
-1.486978054178744735e-03
-1.489895540903951598e-03
-1.492813710093576773e-03
-1.495732661956794551e-03
-1.498652228915209328e-03
-1.501572510836157726e-03
-1.504493483937663356e-03
-1.507415200280526335e-03
-1.510337567105501932e-03
-1.513260642943992096e-03
-1.516184466665015940e-03
-1.519108964921245253e-03
-1.522034189229137802e-03
-1.524960115220297396e-03
-1.527886839822301113e-03
-1.530814198266061688e-03
-1.533742284871908446e-03
-1.536671079973683796e-03
-1.539600629704485080e-03
-1.542530865271563023e-03
-1.545461832725858464e-03
-1.548393512190160415e-03
-1.551325996998698109e-03
-1.554259123482948368e-03
-1.557192984995015017e-03
-1.560127561341495550e-03
-1.563062898406020196e-03
-1.565998927217870929e-03
-1.568935693713635615e-03
-1.571873177398708243e-03
-1.574811470767212285e-03
-1.577750411547174103e-03
-1.580690091547487519e-03
-1.583630491495013892e-03
-1.586571655877055953e-03
-1.589513516904061952e-03
-1.592456119162366512e-03
-1.595399443068301615e-03
-1.598343580693772914e-03
-1.601288369179720839e-03
-1.604233879248906369e-03
-1.607180194065471746e-03
-1.610127160996843720e-03
-1.613074872020225925e-03
-1.616023307346448057e-03
-1.618972510097016482e-03
-1.621922415237286863e-03
-1.624873065892651347e-03
-1.627824442195779930e-03
-1.630776632995933895e-03
-1.633729481769541358e-03
-1.636683077383738194e-03
-1.639637399896698433e-03
-1.642592490670891081e-03
-1.645548288147669069e-03
-1.648504833685504600e-03
-1.651462107304269011e-03
-1.654420197501726975e-03
-1.657378948450860534e-03
-1.660338448639553377e-03
-1.663298678046820633e-03
-1.666259678094861307e-03
-1.669221387099684151e-03
-1.672183846491481773e-03
-1.675147036210855589e-03
-1.678111045214314423e-03
-1.681075716748914317e-03
-1.684041139789038688e-03
-1.687007294243536570e-03
-1.689974221337431359e-03
-1.692941859801178062e-03
-1.695910250881893511e-03
-1.698879352788562613e-03
-1.701849197652594015e-03
-1.704819817571978646e-03
-1.707791160012517295e-03
-1.710763335910359118e-03
-1.713736186903291880e-03
-1.716709783242231779e-03
-1.719684102486573885e-03
-1.722659208844956602e-03
-1.725635085876975339e-03
-1.728611662393020332e-03
-1.731588962915808771e-03
-1.734567098936490304e-03
-1.737545912297244755e-03
-1.740525473523546474e-03
-1.743505759863706039e-03
-1.746486835640381763e-03
-1.749468682568200428e-03
-1.752451233115848162e-03
-1.755434509919773234e-03
-1.758418623192370411e-03
-1.761403417816498340e-03
-1.764388940594163735e-03
-1.767375201716103739e-03
-1.770362244165157861e-03
-1.773350004721452322e-03
-1.776338526391918471e-03
-1.779327787624684909e-03
-1.782317877107364446e-03
-1.785308640271265901e-03
-1.788300165847411805e-03
-1.791292432225977116e-03
-1.794285483962543282e-03
-1.797279232912063485e-03
-1.800273734595791986e-03
-1.803269022568554369e-03
-1.806265030732223664e-03
-1.809261803639050648e-03
-1.812259319638909183e-03
-1.815257667535097319e-03
-1.818256692732278523e-03
-1.821256484075051141e-03
-1.824257019872321806e-03
-1.827258344852755734e-03
-1.830260392660432167e-03
-1.833263208070978756e-03
-1.836266769343786187e-03
-1.839271165052558388e-03
-1.842276241250107027e-03
-1.845282086541000233e-03
-1.848288679153098357e-03
-1.851296063817398085e-03
-1.854304174352283674e-03
-1.857313055545817271e-03
-1.860322685551918376e-03
-1.863333153140134257e-03
-1.866344304182643299e-03
-1.869356227486518307e-03
-1.872368901162269061e-03
-1.875382370204792259e-03
-1.878396568129048205e-03
-1.881411539969346514e-03
-1.884427263785459772e-03
-1.887443828463397644e-03
-1.890461079843031023e-03
-1.893479084407623247e-03
-1.896497919973927360e-03
-1.899517443399889594e-03
-1.902537743781129720e-03
-1.905558799042084139e-03
-1.908580654497060713e-03
-1.911603243357040682e-03
-1.914626611002279155e-03
-1.917650735269726958e-03
-1.920675706106877989e-03
-1.923701367616215130e-03
-1.926727809779094081e-03
-1.929755010387279590e-03
-1.932783014929828624e-03
-1.935811756526240046e-03
-1.938841280739289630e-03
-1.941871565251052090e-03
-1.944902692808336830e-03
-1.947934522197325435e-03
-1.950967136219228237e-03
-1.954000512471076867e-03
-1.957034696805193263e-03
-1.960069621944060536e-03
-1.963105333791959062e-03
-1.966141809869648149e-03
-1.969179134287846189e-03
-1.972217163398903850e-03
-1.975255981379264725e-03
-1.978295565641330356e-03
-1.981335961673047485e-03
-1.984377103248058383e-03
-1.987419035872961537e-03
-1.990461713676228150e-03
-1.993505172028120498e-03
-1.996549423062710105e-03
-1.999594444221819423e-03
-2.002640320567405929e-03
-2.005686906826120719e-03
-2.008734288127866918e-03
-2.011782441802001387e-03
-2.014831413604922794e-03
-2.017881137070576258e-03
-2.020931658021751787e-03
-2.023982953673453267e-03
-2.027035106955898947e-03
-2.030087977236361141e-03
-2.033141647478919900e-03
-2.036196094885700525e-03
-2.039251362894400899e-03
-2.042307389954478580e-03
-2.045364219573908571e-03
-2.048421828855562232e-03
-2.051480289843254923e-03
-2.054539465921934038e-03
-2.057599435394186216e-03
-2.060660198907049434e-03
-2.063721757161074422e-03
-2.066784110823172149e-03
-2.069847260579349424e-03
-2.072911207145700097e-03
-2.075975951203679060e-03
-2.079041493464717227e-03
-2.082107834641022670e-03
-2.085174975458681246e-03
-2.088242910508464334e-03
-2.091311637430370851e-03
-2.094381175337556300e-03
-2.097451546651418752e-03
-2.100522690464678988e-03
-2.103594648576789794e-03
-2.106667401331696610e-03
-2.109740966862672096e-03
-2.112815317710126095e-03
-2.115890472616732687e-03
-2.118966437058555918e-03
-2.122043210303292682e-03
-2.125120793146972886e-03
-2.128199186420043354e-03
-2.131278390968938119e-03
-2.134358407594127982e-03
-2.137439237159366456e-03
-2.140520874171492061e-03
-2.143603328990661971e-03
-2.146686599358349490e-03
-2.149770686157737032e-03
-2.152855590287328091e-03
-2.155941312661724396e-03
-2.159027854205075592e-03
-2.162115215834536919e-03
-2.165203398502124621e-03
-2.168292403169735927e-03
-2.171382230804375091e-03
-2.174472882395916962e-03
-2.177564358940897726e-03
-2.180656661461610746e-03
-2.183749790980793470e-03
-2.186843748556155376e-03
-2.189938521976020347e-03
-2.193034208757604908e-03
-2.196130649299798954e-03
-2.199227933310843319e-03
-2.202326039840385441e-03
-2.205425014950579410e-03
-2.208524792162047667e-03
-2.211625417833928964e-03
-2.214726870623406896e-03
-2.217829241825897135e-03
-2.220932375315287644e-03
-2.224036362655890109e-03
-2.227141182221448190e-03
-2.230246881420594462e-03
-2.233353392738668397e-03
-2.236460763904823956e-03
-2.239568958954274436e-03
-2.242677999177211667e-03
-2.245787892257267160e-03
-2.248898639917062958e-03
-2.252010243954716273e-03
-2.255122706264822696e-03
-2.258236043301109497e-03
-2.261350261942074447e-03
-2.264465333219778387e-03
-2.267581354010395067e-03
-2.270698161515372071e-03
-2.273815853076288640e-03
-2.276934407211217426e-03
-2.280053875147625142e-03
-2.283174187800884880e-03
-2.286295397041615551e-03
-2.289417450675346188e-03
-2.292540396094944199e-03
-2.295664250145157403e-03
-2.298788993032485628e-03
-2.301914729672227544e-03
-2.305041291131071368e-03
-2.308168786677833317e-03
-2.311297195254136128e-03
-2.314426579675621376e-03
-2.317556871518244854e-03
-2.320688136744575303e-03
-2.323820360420225661e-03
-2.326953664858133486e-03
-2.330087888025800247e-03
-2.333223159986075324e-03
-2.336359468331106193e-03
-2.339496848757227632e-03
-2.342635374214196986e-03
-2.345775095197732973e-03
-2.348916078017682096e-03
-2.352058401723589043e-03
-2.355202155007951603e-03
-2.358347424784024149e-03
-2.361494269558117587e-03
-2.364642655219517664e-03
-2.367792476340113694e-03
-2.370943515336065843e-03
-2.374095511230911448e-03
-2.377248250257313344e-03
-2.380401600485138047e-03
-2.383555505530265961e-03
-2.386709956195720572e-03
-2.389864967923593930e-03
-2.393020565642278719e-03
-2.396176790788739908e-03
-2.399333707193695986e-03
-2.402491247039617583e-03
-2.405649494742645444e-03
-2.408808442230458979e-03
-2.411968227394645226e-03
-2.415128660339216360e-03
-2.418289875096624186e-03
-2.421451852323119880e-03
-2.424614668159019715e-03
-2.427778236331334938e-03
-2.430942630981203223e-03
-2.434107827859244289e-03
-2.437273957567986926e-03
-2.440440812330857412e-03
-2.443608502438632257e-03
-2.446777023684898467e-03
-2.449946396370195068e-03
-2.453116625730555889e-03
-2.456287716703697832e-03
-2.459459673904818011e-03
-2.462632501697203935e-03
-2.465806204219433972e-03
-2.468980778036811152e-03
-2.472156230477140504e-03
-2.475332568745991502e-03
-2.478509796305372603e-03
-2.481687912621044489e-03
-2.484866922736417294e-03
-2.488046831592538588e-03
-2.491227646069127388e-03
-2.494409359234617263e-03
-2.497592113131164027e-03
-2.500775655659870367e-03
-2.503960126999271729e-03
-2.507145493749751708e-03
-2.510331768377893624e-03
-2.513518977601103543e-03
-2.516707126108075343e-03
-2.519896175233071745e-03
-2.523086139512797921e-03
-2.526277033648938186e-03
-2.529468859925332325e-03
-2.532661620604392816e-03
-2.535855317916113627e-03
-2.539049954078054228e-03
-2.542245531260034497e-03
-2.545442042961476581e-03
-2.548639504283300994e-03
-2.551837913031262950e-03
-2.555037271327220694e-03
-2.558237581240629943e-03
-2.561438844857155672e-03
-2.564641064247363822e-03
-2.567844241460726096e-03
-2.571048378524731781e-03
-2.574253495587708329e-03
-2.577459585700214717e-03
-2.580666659953267938e-03
-2.583874684177422942e-03
-2.587083734751027819e-03
-2.590293701085988332e-03
-2.593504659877288177e-03
-2.596716538972421162e-03
-2.599929395928790576e-03
-2.603143251349138154e-03
-2.606358069970560187e-03
-2.609574005515091777e-03
-2.612790793714903081e-03
-2.616008588598894846e-03
-2.619227354302533506e-03
-2.622447169012942503e-03
-2.625667920139962419e-03
-2.628889686180135854e-03
-2.632112430672850500e-03
-2.635336310427005557e-03
-2.638561056243271530e-03
-2.641786825317571363e-03
-2.645013580433230871e-03
-2.648241402282813794e-03
-2.651470154688473357e-03
-2.654699908645752338e-03
-2.657930676096764699e-03
-2.661162459022259341e-03
-2.664395259377339009e-03
-2.667629079085021004e-03
-2.670863920049115769e-03
-2.674099784120920198e-03
-2.677336673100771947e-03
-2.680574588736717168e-03
-2.683813532670220603e-03
-2.687053506502445899e-03
-2.690294511723090309e-03
-2.693536549737030050e-03
-2.696779621882972044e-03
-2.700023729423350893e-03
-2.703268852538909250e-03
-2.706515023925382124e-03
-2.709762297315010393e-03
-2.713010547840566389e-03
-2.716259860994885145e-03
-2.719510195548613396e-03
-2.722761724052724652e-03
-2.726014147896527184e-03
-2.729267639985155647e-03
-2.732522158776506949e-03
-2.735777791864846265e-03
-2.739034411609275743e-03
-2.742292105945454139e-03
-2.745550832951249021e-03
-2.748810767326248516e-03
-2.752071608031592120e-03
-2.755333508087320915e-03
-2.758596436028604160e-03
-2.761860426416351544e-03
-2.765125480844288219e-03
-2.768391600939112962e-03
-2.771658788294439901e-03
-2.774927044477015770e-03
-2.778196371081675942e-03
-2.781466769641083303e-03
-2.784738241709772133e-03
-2.788010788794204053e-03
-2.791284412409167359e-03
-2.794559114033479119e-03
-2.797834895132855770e-03
-2.801111757164354010e-03
-2.804389724309186427e-03
-2.807668763850745819e-03
-2.810949023237530042e-03
-2.814230211538926163e-03
-2.817512510654762714e-03
-2.820795875937309738e-03
-2.824080401032325049e-03
-2.827365948496640691e-03
-2.830652612099582299e-03
-2.833940346774532770e-03
-2.837229336870139562e-03
-2.840519263577090392e-03
-2.843810311392025447e-03
-2.847102434806347837e-03
-2.850395728725474420e-03
-2.853690053292612383e-03
-2.856985503479458899e-03
-2.860282033457006712e-03
-2.863579829438189783e-03
-2.866878568895558921e-03
-2.870178438126758103e-03
-2.873479390918975973e-03
-2.876781522902271959e-03
-2.880084692682860492e-03
-2.883388972224287805e-03
-2.886694326811656275e-03
-2.890000792788893769e-03
-2.893308370939040586e-03
-2.896617062006723309e-03
-2.899926866722357666e-03
-2.903237785773060686e-03
-2.906549819827075609e-03
-2.909862969530774279e-03
-2.913177211562256730e-03
-2.916492582418661605e-03
-2.919809094688807782e-03
-2.923126700793865496e-03
-2.926445592356552439e-03
-2.929765435668918450e-03
-2.933086422327813025e-03
-2.936408504549015142e-03
-2.939731766923414646e-03
-2.943056059474979946e-03
-2.946381472669901136e-03
-2.949708006780626945e-03
-2.953035662046632481e-03
-2.956364438658098948e-03
-2.959694336802431991e-03
-2.963025356613746553e-03
-2.966357486211435024e-03
-2.969690743646502540e-03
-2.973025122957495547e-03
-2.976360624153628898e-03
-2.979697247197377052e-03
-2.983034992035782373e-03
-2.986373858552493488e-03
-2.989713846624941773e-03
-2.993054956072271899e-03
-2.996397186695753945e-03
-2.999740538257578137e-03
-3.003085010474970673e-03
-3.006430603044063510e-03
-3.009777315610917547e-03
-3.013125147793505043e-03
-3.016474099175381340e-03
-3.019824145678362548e-03
-3.023175346001938379e-03
-3.026527640360154869e-03
-3.029881122945110583e-03
-3.033235651086929607e-03
-3.036591318683501406e-03
-3.039948078084275807e-03
-3.043306115107724530e-03
-3.046665102960588456e-03
-3.050025227215091839e-03
-3.053386440429406434e-03
-3.056748835339129222e-03
-3.060112270543813295e-03
-3.063476838518153222e-03
-3.066842492074894899e-03
-3.070209413014279853e-03
-3.073577281003214701e-03
-3.076946277703052068e-03
-3.080316355930201588e-03
-3.083687606704521578e-03
-3.087059890721555178e-03
-3.090433298531314321e-03
-3.093807783636548514e-03
-3.097183521313384702e-03
-3.100560202535573850e-03
-3.103938002429695864e-03
-3.107316874571330878e-03
-3.110696907402177303e-03
-3.114077965023831496e-03
-3.117460135527272413e-03
-3.120843372945492078e-03
-3.124227847547289549e-03
-3.127613258888772840e-03
-3.130999733527706219e-03
-3.134387417095596540e-03
-3.137776034802364222e-03
-3.141165754356634032e-03
-3.144556530693121132e-03
-3.147948448713799863e-03
-3.151341377116367859e-03
-3.154735400542563184e-03
-3.158130474271825250e-03
-3.161526760460442453e-03
-3.164923972612254666e-03
-3.168322272509072057e-03
-3.171721616065714677e-03
-3.175122085346093748e-03
-3.178523553128975720e-03
-3.181926101084475711e-03
-3.185329685811533196e-03
-3.188734462562070604e-03
-3.192140156872969037e-03
-3.195546923426384467e-03
-3.198954719862645568e-03
-3.202363624743465031e-03
-3.205773515806864538e-03
-3.209184471209103329e-03
-3.212596449342020044e-03
-3.216009598227431709e-03
-3.219423655868025591e-03
-3.222838769898705991e-03
-3.226254899497793538e-03
-3.229672119963278298e-03
-3.233090313983666420e-03
-3.236509556497790818e-03
-3.239929770064042813e-03
-3.243351009528327999e-03
-3.246773291820992391e-03
-3.250196577604058668e-03
-3.253621004360662816e-03
-3.257046329272705876e-03
-3.260472689514570810e-03
-3.263900046583501080e-03
-3.267328471423525116e-03
-3.270757853865102760e-03
-3.274188264604127596e-03
-3.277619665941644556e-03
-3.281052188256028401e-03
-3.284485602376929769e-03
-3.287920038019587210e-03
-3.291355459248523907e-03
-3.294791933424523478e-03
-3.298229356606396934e-03
-3.301667795881479961e-03
-3.305107216534763914e-03
-3.308547740675682469e-03
-3.311989155127759155e-03
-3.315431581847438913e-03
-3.318874987479625283e-03
-3.322319436484866273e-03
-3.325764831952349176e-03
-3.329211238336515777e-03
-3.332658623984019464e-03
-3.336107104531693679e-03
-3.339556482874761478e-03
-3.343006874932497041e-03
-3.346458251373474191e-03
-3.349910635611519361e-03
-3.353363999889502622e-03
-3.356818356200830245e-03
-3.360273764411614295e-03
-3.363730151843546956e-03
-3.367187579115360485e-03
-3.370646024763779280e-03
-3.374105597533705314e-03
-3.377566142175769670e-03
-3.381027772168976320e-03
-3.384490477479129567e-03
-3.387954332036313687e-03
-3.391419280478924492e-03
-3.394885393479540880e-03
-3.398352728610110063e-03
-3.401821341589394976e-03
-3.405291300373591845e-03
-3.408762665628173316e-03
-3.412235543753694422e-03
-3.415710007620531563e-03
-3.419186090817927237e-03
-3.422663723885888132e-03
-3.426142741899229627e-03
-3.429622883885263818e-03
-3.433103879914134460e-03
-3.436585533139968618e-03
-3.440067736831253775e-03
-3.443550453109733844e-03
-3.447033685519240720e-03
-3.450517456717316911e-03
-3.454001796112660116e-03
-3.457486733718040384e-03
-3.460972297394060426e-03
-3.464458511205692481e-03
-3.467945464179389425e-03
-3.471433046319027937e-03
-3.474921345839376841e-03
-3.478410353240701802e-03
-3.481900117797698258e-03
-3.485390595447945827e-03
-3.488881831673729117e-03
-3.492373811369464676e-03
-3.495866605484954093e-03
-3.499360109349369807e-03
-3.502854391632781450e-03
-3.506349432698119273e-03
-3.509845271334688377e-03
-3.513341861286822798e-03
-3.516839237694635578e-03
-3.520337381888505313e-03
-3.523836352954279327e-03
-3.527336053541385574e-03
-3.530836541485338209e-03
-3.534337798059672409e-03
-3.537839853157143111e-03
-3.541342663309521299e-03
-3.544846257202527440e-03
-3.548350616944584424e-03
-3.551855757611632747e-03
-3.555361661657041594e-03
-3.558868343283783098e-03
-3.562375785345017754e-03
-3.565884012014963744e-03
-3.569392985017127984e-03
-3.572902727776661180e-03
-3.576413212811435649e-03
-3.579924456680094735e-03
-3.583436462602951345e-03
-3.586949217868395934e-03
-3.590462759455737007e-03
-3.593977017590455070e-03
-3.597492028806659192e-03
-3.601007781157794518e-03
-3.604524291064281627e-03
-3.608041528940120202e-03
-3.611559510774076109e-03
-3.615078225507772913e-03
-3.618597704355464018e-03
-3.622117887387643620e-03
-3.625638805435316137e-03
-3.629160448357371394e-03
-3.632682825954192118e-03
-3.636205914786083682e-03
-3.639729726630624995e-03
-3.643254259527828331e-03
-3.646779511565556575e-03
-3.650305480853210938e-03
-3.653832165555037648e-03
-3.657359563860596019e-03
-3.660887674008295178e-03
-3.664416494269961966e-03
-3.667946022970491882e-03
-3.671476258446770835e-03
-3.675007199123281332e-03
-3.678538843422951565e-03
-3.682071189831881419e-03
-3.685604239500595014e-03
-3.689137993130753301e-03
-3.692672438549204905e-03
-3.696207577880250561e-03
-3.699743419339207584e-03
-3.703279947738336020e-03
-3.706817171103105046e-03
-3.710355083631822204e-03
-3.713893703018222858e-03
-3.717432995040348409e-03
-3.720972977229952683e-03
-3.724513644412952296e-03
-3.728055003465180484e-03
-3.731597041749523669e-03
-3.735139766002815165e-03
-3.738683171620738044e-03
-3.742227273587417358e-03
-3.745772043014072850e-03
-3.749317494751047697e-03
-3.752863624716828994e-03
-3.756410438052193435e-03
-3.759957925527301903e-03
-3.763506092170576522e-03
-3.767054934341707018e-03
-3.770604463528726136e-03
-3.774154657819162040e-03
-3.777705528576813521e-03
-3.781257072578259049e-03
-3.784809293867263946e-03
-3.788362185394800186e-03
-3.791915751110708221e-03
-3.795469988140287576e-03
-3.799024906105841204e-03
-3.802580486792606074e-03
-3.806136737674603587e-03
-3.809693668607949668e-03
-3.813251262274386377e-03
-3.816809526371756078e-03
-3.820368458273049050e-03
-3.823928062811177142e-03
-3.827488339601003986e-03
-3.831049280506482191e-03
-3.834610888160283615e-03
-3.838173171822778507e-03
-3.841736116916960597e-03
-3.845299730161011453e-03
-3.848864009359242999e-03
-3.852428958508902213e-03
-3.855994577571797421e-03
-3.859560859671984367e-03
-3.863127807133381886e-03
-3.866695427823363396e-03
-3.870263709380483697e-03
-3.873832657731890450e-03
-3.877402271013519197e-03
-3.880972551314587626e-03
-3.884543496201486867e-03
-3.888115107716250129e-03
-3.891687384545705619e-03
-3.895260331872041348e-03
-3.898833940396251307e-03
-3.902408215287311855e-03
-3.905983155339742829e-03
-3.909558762750564576e-03
-3.913135034245507349e-03
-3.916711972017372645e-03
-3.920289573865032295e-03
-3.923867841471584406e-03
-3.927446775378595767e-03
-3.931026374549562163e-03
-3.934606643096749679e-03
-3.938187573998663815e-03
-3.941769171343811884e-03
-3.945351434188504314e-03
-3.948934364546907716e-03
-3.952517959608603526e-03
-3.956102221395974006e-03
-3.959687149010626683e-03
-3.963272746177359807e-03
-3.966859006751199956e-03
-3.970445934424526868e-03
-3.974033528392761916e-03
-3.977621791513619165e-03
-3.981210722236228072e-03
-3.984800318640790984e-03
-3.988390581405321100e-03
-3.991981514863573999e-03
-3.995573113511619034e-03
-3.999165379978575352e-03
-4.002758313449206184e-03
-4.006351916757133758e-03
-4.009946187532698048e-03
-4.013541126737019127e-03
-4.017136733661219594e-03
-4.020733011260047007e-03
-4.024329956889949322e-03
-4.027927571840783649e-03
-4.031525855303641492e-03
-4.035124808415391229e-03
-4.038724431405404935e-03
-4.042324723538603948e-03
-4.045925687878759724e-03
-4.049527323180535099e-03
-4.053129627923479639e-03
-4.056732602725543479e-03
-4.060336251834106847e-03
-4.063940570350088599e-03
-4.067545560695218221e-03
-4.071151222078017717e-03
-4.074757557703145849e-03
-4.078364566016290382e-03
-4.081972246089748957e-03
-4.085580598228388816e-03
-4.089189626910072484e-03
-4.092799327071294790e-03
-4.096409701246805923e-03
-4.100020748587618336e-03
-4.103632472557294797e-03
-4.107244872015858306e-03
-4.110857944921941787e-03
-4.114471692150067916e-03
-4.118086119049402249e-03
-4.121701219136575389e-03
-4.125316995653993679e-03
-4.128933447701932380e-03
-4.132550579057925333e-03
-4.136168388428007603e-03
-4.139786873668893641e-03
-4.143406035683971922e-03
-4.147025880525512243e-03
-4.150646400926549795e-03
-4.154267597672678392e-03
-4.157889476271936502e-03
-4.161512033490133433e-03
-4.165135270647102317e-03
-4.168759186885306889e-03
-4.172383786723354859e-03
-4.176009066312325047e-03
-4.179635027341865872e-03
-4.183261668849858061e-03
-4.186888995513338152e-03
-4.190517003463400947e-03
-4.194145692841488859e-03
-4.197775064895492569e-03
-4.201405123086532356e-03
-4.205035863077410951e-03
-4.208667288396195083e-03
-4.212299397936547507e-03
-4.215932196414362565e-03
-4.219565677097136813e-03
-4.223199844779479406e-03
-4.226834698279113844e-03
-4.230470241429085121e-03
-4.234106469423237762e-03
-4.237743386156345160e-03
-4.241380990361531822e-03
-4.245019287384632634e-03
-4.248658269560334766e-03
-4.252297942260341301e-03
-4.255938304200013178e-03
-4.259579359571330492e-03
-4.263221103102288190e-03
-4.266863539044263298e-03
-4.270506664081463732e-03
-4.274150481533900425e-03
-4.277794992853856115e-03
-4.281440196606367543e-03
-4.285086091041168110e-03
-4.288732683072837837e-03
-4.292379971035154007e-03
-4.296027953395342713e-03
-4.299676634981874912e-03
-4.303326009764130156e-03
-4.306976082640967540e-03
-4.310626852000787324e-03
-4.314278331301490965e-03
-4.317930497463318140e-03
-4.321583364046088782e-03
-4.325236929322073820e-03
-4.328891198625450798e-03
-4.332546165396355953e-03
-4.336201835066555432e-03
-4.339858205812396896e-03
-4.343515292188571131e-03
-4.347173069495946507e-03
-4.350831552398015667e-03
-4.354490738966987351e-03
-4.358150635060842326e-03
-4.361811233721146763e-03
-4.365472540969417281e-03
-4.369134554724873887e-03
-4.372797289165397672e-03
-4.376460721172925616e-03
-4.380124865092205333e-03
-4.383789718733988039e-03
-4.387455285300378982e-03
-4.391121562420829960e-03
-4.394788551903783258e-03
-4.398456260624183933e-03
-4.402124681142871587e-03
-4.405793820577041942e-03
-4.409463676527169973e-03
-4.413134265044638127e-03
-4.416805561253234202e-03
-4.420477580900805670e-03
-4.424150322708264582e-03
-4.427823793608065550e-03
-4.431497986992716243e-03
-4.435172910056239814e-03
-4.438848561800101677e-03
-4.442524958746751906e-03
-4.446202076582972396e-03
-4.449879932249101167e-03
-4.453558525183920480e-03
-4.457237863978669168e-03
-4.460917942582187656e-03
-4.464598770178573872e-03
-4.468280343820074663e-03
-4.471962670373530457e-03
-4.475645755644630519e-03
-4.479329604366588669e-03
-4.483014221834613622e-03
-4.486699614062672481e-03
-4.490385787823680808e-03
-4.494072750877875499e-03
-4.497760512146897760e-03
-4.501449081968478261e-03
-4.505138465807245751e-03
-4.508828684546717369e-03
-4.512519769368839029e-03
-4.516211709461259716e-03
-4.519904545760788928e-03
-4.523598303747600191e-03
-4.527293025777145985e-03
-4.530988741449193391e-03
-4.534685512925573647e-03
-4.538383389538269697e-03
-4.542082455266327479e-03
-4.545782793879737937e-03
-4.549484484520083249e-03
-4.553187577874817649e-03
-4.556892048179661536e-03
-4.560597772691021845e-03
-4.564304520946471655e-03
-4.568012018970279975e-03
-4.571720041886995212e-03
-4.575428449408946996e-03
-4.579137185499848606e-03
-4.582846250196115356e-03
-4.586555663198876864e-03
-4.590265457491637946e-03
-4.593975667332883539e-03
-4.597686326638483756e-03
-4.601397462600576027e-03
-4.605109104306115420e-03
-4.608821275247088067e-03
-4.612533995916434648e-03
-4.616247284132901640e-03
-4.619961155458263136e-03
-4.623675623506628973e-03
-4.627390701936184847e-03
-4.631106399683004859e-03
-4.634822728176057893e-03
-4.638539691476761817e-03
-4.642257324400156371e-03
-4.645975583440709045e-03
-4.649694500206913439e-03
-4.653414077785522629e-03
-4.657134337063495444e-03
-4.660855255492313276e-03
-4.664576853232516029e-03
-4.668299129614750242e-03
-4.672022109704743187e-03
-4.675745758636273841e-03
-4.679470101080274169e-03
-4.683195135142037557e-03
-4.686920865669574887e-03
-4.690647295596317434e-03
-4.694374427329006672e-03
-4.698102263220871322e-03
-4.701830805488249609e-03
-4.705560056252666712e-03
-4.709290017534284445e-03
-4.713020691255231931e-03
-4.716752078731567543e-03
-4.720484181974571314e-03
-4.724217003532094061e-03
-4.727950544783143805e-03
-4.731684807034231000e-03
-4.735419791819683866e-03
-4.739155500628866591e-03
-4.742891934902071505e-03
-4.746629094494081436e-03
-4.750366984630272071e-03
-4.754105602760017035e-03
-4.757844958929169366e-03
-4.761585040065519081e-03
-4.765325856357249812e-03
-4.769067405520965863e-03
-4.772809712131009796e-03
-4.776552734157557545e-03
-4.780296496120439720e-03
-4.784040995697624865e-03
-4.787786243324321234e-03
-4.791532224985295407e-03
-4.795278951267301082e-03
-4.799026419472052218e-03
-4.802774654970809465e-03
-4.806523614056867899e-03
-4.810273322209956959e-03
-4.814023776425813139e-03
-4.817774987913803209e-03
-4.821526941405807065e-03
-4.825279648223324003e-03
-4.829033105037905393e-03
-4.832787338451383086e-03
-4.836542302503188395e-03
-4.840298023864542110e-03
-4.844054498893468619e-03
-4.847811739394525254e-03
-4.851569728947180415e-03
-4.855328479385079277e-03
-4.859087986714305529e-03
-4.862848276677822490e-03
-4.866609299008395340e-03
-4.870371082591584688e-03
-4.874133651000200906e-03
-4.877896958683902717e-03
-4.881661031647777094e-03
-4.885425865117642985e-03
-4.889191470229148351e-03
-4.892957830578636980e-03
-4.896724957230813580e-03
-4.900492844965187444e-03
-4.904261520688790732e-03
-4.908030935869667211e-03
-4.911801117412517570e-03
-4.915572059757233880e-03
-4.919343774452800133e-03
-4.923116243573666395e-03
-4.926889478814588941e-03
-4.930663474407404046e-03
-4.934438259188711484e-03
-4.938213781247591250e-03
-4.941990069624480064e-03
-4.945767118570532084e-03
-4.949544940670014270e-03
-4.953323517389529584e-03
-4.957102861531170745e-03
-4.960882967405488841e-03
-4.964663865092533435e-03
-4.968445501942087006e-03
-4.972227908207393909e-03
-4.976011078211328709e-03
-4.979795025191302571e-03
-4.983579730835407950e-03
-4.987365208510396997e-03
-4.991151446547270609e-03
-4.994938454761732594e-03
-4.998726237153583440e-03
-5.002514787911471750e-03
-5.006304138061357101e-03
-5.010094234352280296e-03
-5.013885107890136972e-03
-5.017676752725797051e-03
-5.021469183148274951e-03
-5.025262379573014471e-03
-5.029056356367744840e-03
-5.032851107420466263e-03
-5.036646666577548892e-03
-5.040442975284387117e-03
-5.044240067450411757e-03
-5.048037936797977743e-03
-5.051836598206960183e-03
-5.055636031170873679e-03
-5.059436257521809921e-03
-5.063237260492625680e-03
-5.067039080683510832e-03
-5.070841660437697129e-03
-5.074645025835322620e-03
-5.078449170713650318e-03
-5.082254117427353890e-03
-5.086059844972457000e-03
-5.089866353768401908e-03
-5.093673648300378609e-03
-5.097481763096767260e-03
-5.101290638434119451e-03
-5.105100308928078867e-03
-5.108910767843033440e-03
-5.112722023553062378e-03
-5.116534064956157479e-03
-5.120346896731797770e-03
-5.124160535019961493e-03
-5.127974957099712405e-03
-5.131790179217277093e-03
-5.135606194299979776e-03
-5.139423027594958171e-03
-5.143240638370127904e-03
-5.147059051954006037e-03
-5.150878261091840216e-03
-5.154698282585967739e-03
-5.158519092745117440e-03
-5.162340708451784721e-03
-5.166163122271805186e-03
-5.169986360196499042e-03
-5.173810380323273783e-03
-5.177635208719610915e-03
-5.181460837780371698e-03
-5.185287285004891444e-03
-5.189114525618654383e-03
-5.192942577211590027e-03
-5.196771432002145197e-03
-5.200601117458458766e-03
-5.204431589037383787e-03
-5.208262874292213240e-03
-5.212094965265090529e-03
-5.215927875774739597e-03
-5.219761582182402826e-03
-5.223596100533134390e-03
-5.227431431493068104e-03
-5.231267575707576611e-03
-5.235104529343836965e-03
-5.238942299760185328e-03
-5.242780909519795252e-03
-5.246620310985328217e-03
-5.250460533506529082e-03
-5.254301568647479215e-03
-5.258143435459605719e-03
-5.261986106875893299e-03
-5.265829602035365653e-03
-5.269673912354000400e-03
-5.273519068273890831e-03
-5.277365020103674809e-03
-5.281211798396023838e-03
-5.285059394367075392e-03
-5.288907827496136527e-03
-5.292757070234133110e-03
-5.296607137331821313e-03
-5.300458022225118526e-03
-5.304309732775069897e-03
-5.308162269638150299e-03
-5.312015633492372935e-03
-5.315869824987884407e-03
-5.319724844781936746e-03
-5.323580693544549547e-03
-5.327437376941968061e-03
-5.331294893148652569e-03
-5.335153268335890431e-03
-5.339012447194035893e-03
-5.342872463431458385e-03
-5.346733307603601659e-03
-5.350595000477076368e-03
-5.354457512603882918e-03
-5.358320864879084766e-03
-5.362185037242728214e-03
-5.366050045880421671e-03
-5.369915896676791256e-03
-5.373782579861319242e-03
-5.377650130642064319e-03
-5.381518491033854268e-03
-5.385387696338117536e-03
-5.389257736590491454e-03
-5.393128633545685169e-03
-5.397000356327508186e-03
-5.400872926759947568e-03
-5.404746334718324441e-03
-5.408620626239035722e-03
-5.412495722005306042e-03
-5.416371668153785457e-03
-5.420248454359732904e-03
-5.424126103080850747e-03
-5.428004582339163164e-03
-5.431883914677859693e-03
-5.435764089582573177e-03
-5.439645154601158161e-03
-5.443527027735872714e-03
-5.447409756609622455e-03
-5.451293330534290327e-03
-5.455177772566432992e-03
-5.459063049817469704e-03
-5.462949185435883592e-03
-5.466836168520616823e-03
-5.470724047726860384e-03
-5.474612739149731233e-03
-5.478502291483056119e-03
-5.482392693715421039e-03
-5.486283957633841801e-03
-5.490176067207142019e-03
-5.494069028420756062e-03
-5.497962865068872773e-03
-5.501857543146582152e-03
-5.505753086533005103e-03
-5.509649483909195844e-03
-5.513546785241740800e-03
-5.517444904367896363e-03
-5.521343891340513288e-03
-5.525243734704199383e-03
-5.529144458796486639e-03
-5.533046028906474234e-03
-5.536948469468838674e-03
-5.540851768899068830e-03
-5.544755978317716938e-03
-5.548661003495269917e-03
-5.552566892545796051e-03
-5.556473649245941004e-03
-5.560381280580894980e-03
-5.564289784169007547e-03
-5.568199163916931482e-03
-5.572109407997571928e-03
-5.576020569100226254e-03
-5.579932556811662003e-03
-5.583845424061539831e-03
-5.587759158723781816e-03
-5.591673786965234427e-03
-5.595589272105572221e-03
-5.599505640521917904e-03
-5.603422879908670495e-03
-5.607341044404634545e-03
-5.611260028724696092e-03
-5.615179893706634395e-03
-5.619100688111999808e-03
-5.623022314521719522e-03
-5.626944828604707460e-03
-5.630868227923024882e-03
-5.634792533403820691e-03
-5.638717707799667522e-03
-5.642643774894540165e-03
-5.646570721548171967e-03
-5.650498561007188947e-03
-5.654427293962593915e-03
-5.658356920988261152e-03
-5.662287445993952062e-03
-5.666218869541106429e-03
-5.670151194665185024e-03
-5.674084421977920734e-03
-5.678018557397357391e-03
-5.681953600191747000e-03
-5.685889552510370315e-03
-5.689826417116128354e-03
-5.693764196406769784e-03
-5.697702893263212331e-03
-5.701642510825277732e-03
-5.705583052539431321e-03
-5.709524522183206940e-03
-5.713466932821487099e-03
-5.717410284812762811e-03
-5.721354585856985864e-03
-5.725299818059359502e-03
-5.729245999356646912e-03
-5.733193141609582710e-03
-5.737141252940336500e-03
-5.741090331518039491e-03
-5.745040402045153982e-03
-5.748991480221787853e-03
-5.752943566130319653e-03
-5.756896690307988784e-03
-5.760850857950194914e-03
-5.764806105960529337e-03
-5.768762447038833230e-03
-5.772719932617853544e-03
-5.776678556778658269e-03
-5.780638392555825789e-03
-5.784599489352171275e-03
-5.788561900669675353e-03
-5.792525679009341566e-03
-5.796490865229597667e-03
-5.800457471043185542e-03
-5.804425443586946898e-03
-5.808394696537155788e-03
-5.812365067097369220e-03
-5.816336372676755850e-03
-5.820308453489020373e-03
-5.824281199432124190e-03
-5.828254551925593496e-03
-5.832228491534086068e-03
-5.836203026398534277e-03
-5.840178168635135059e-03
-5.844153943406094065e-03
-5.848130375485927068e-03
-5.852107487826940790e-03
-5.856085303778790774e-03
-5.860063844400520416e-03
-5.864043127825846469e-03
-5.868023169261382677e-03
-5.872003995272767618e-03
-5.875985598978172852e-03
-5.879968024066650756e-03
-5.883951232247164320e-03
-5.887935265061705614e-03
-5.891920114765691885e-03
-5.895905855710870114e-03
-5.899892377170812274e-03
-5.903879750456697550e-03
-5.907867966960300699e-03
-5.911857065006964618e-03
-5.915846999568707965e-03
-5.919837808323391570e-03
-5.923829478914677260e-03
-5.927822084217826415e-03
-5.931815500467618740e-03
-5.935809794587632027e-03
-5.939804972778239822e-03
-5.943801038092111355e-03
-5.947797993415604445e-03
-5.951795841497520279e-03
-5.955794584944662518e-03
-5.959794233074799941e-03
-5.963794784965448237e-03
-5.967796248259604752e-03
-5.971798607670608661e-03
-5.975801900569677194e-03
-5.979806075933735698e-03
-5.983811169747443870e-03
-5.987817168913833754e-03
-5.991824145297419690e-03
-5.995831960478148481e-03
-5.999840693719171725e-03
-6.003850409951105860e-03
-6.007860984393986747e-03
-6.011872489870007108e-03
-6.015884911959146208e-03
-6.019898286740432702e-03
-6.023912562670097337e-03
-6.027927775929753373e-03
-6.031943911641524103e-03
-6.035961044466686687e-03
-6.039979045689314319e-03
-6.043997990168414880e-03
-6.048017862489651897e-03
-6.052038699842388070e-03
-6.056060448725308909e-03
-6.060083137923721885e-03
-6.064106755657827641e-03
-6.068131316142588716e-03
-6.072156820652541143e-03
-6.076183270453450191e-03
-6.080210666815299980e-03
-6.084239010955450055e-03
-6.088268304140442844e-03
-6.092298547576424639e-03
-6.096329742502404336e-03
-6.100361890124306186e-03
-6.104394991641393098e-03
-6.108429048260810568e-03
-6.112464061176825503e-03
-6.116500031584481967e-03
-6.120536960658617964e-03
-6.124574849591502002e-03
-6.128613690240758416e-03
-6.132653497792572850e-03
-6.136694278205623299e-03
-6.140736013660053061e-03
-6.144778783336302119e-03
-6.148822451281010792e-03
-6.152867096939185210e-03
-6.156912702127703696e-03
-6.160959307018876174e-03
-6.165006854110255397e-03
-6.169055383757116040e-03
-6.173104877418400527e-03
-6.177155416784096964e-03
-6.181206861680554887e-03
-6.185259293980505113e-03
-6.189312694778736912e-03
-6.193367105677749507e-03
-6.197422467079882757e-03
-6.201478820765382594e-03
-6.205536147465551267e-03
-6.209594531202511369e-03
-6.213653827923382167e-03
-6.217714121855677512e-03
-6.221775393335793325e-03
-6.225837685446156122e-03
-6.229900936457921645e-03
-6.233965189638368543e-03
-6.238030424974727595e-03
-6.242096729476398487e-03
-6.246163953960603976e-03
-6.250232185621262815e-03
-6.254301404111872742e-03
-6.258371632467785162e-03
-6.262442839144899409e-03
-6.266515036094100211e-03
-6.270588268424859280e-03
-6.274662471483449799e-03
-6.278737690550095785e-03
-6.282813904693762552e-03
-6.286891204630662422e-03
-6.290969434904369884e-03
-6.295048686421167439e-03
-6.299128937882758628e-03
-6.303210235981238085e-03
-6.307292513760942576e-03
-6.311375840776456414e-03
-6.315460161440467068e-03
-6.319545592229913744e-03
-6.323631972944721014e-03
-6.327719373980689177e-03
-6.331807773511943793e-03
-6.335897243024968262e-03
-6.339987758712917199e-03
-6.344079254965606651e-03
-6.348171754667175648e-03
-6.352265375369370304e-03
-6.356359957362833768e-03
-6.360455570484480070e-03
-6.364552192110850548e-03
-6.368649896334455107e-03
-6.372748657492155466e-03
-6.376848409622493108e-03
-6.380949175430861153e-03
-6.385051076687076055e-03
-6.389153948045511733e-03
-6.393257811971309046e-03
-6.397362816828233711e-03
-6.401468795106168841e-03
-6.405575820052411551e-03
-6.409683867913518185e-03
-6.413793016605495723e-03
-6.417903239107181079e-03
-6.422014466233694208e-03
-6.426126721803870900e-03
-6.430240133762810117e-03
-6.434354528476182722e-03
-6.438469982017136495e-03
-6.442586469660782633e-03
-6.446704072244124895e-03
-6.450822762263941357e-03
-6.454942440349498156e-03
-6.459063171702417172e-03
-6.463185062651199964e-03
-6.467307932012777982e-03
-6.471431886394873878e-03
-6.475556900278345296e-03
-6.479683030110261477e-03
-6.483810195109906971e-03
-6.487938452006347667e-03
-6.492067774800491797e-03
-6.496198273513886789e-03
-6.500329760887435526e-03
-6.504462347230677288e-03
-6.508596006048694704e-03
-6.512730795847354592e-03
-6.516866633068718606e-03
-6.521003547632520103e-03
-6.525141584536653383e-03
-6.529280673428394799e-03
-6.533420873990225530e-03
-6.537562158809739898e-03
-6.541704642622492294e-03
-6.545848130657061503e-03
-6.549992737967302858e-03
-6.554138436599465933e-03
-6.558285287184051349e-03
-6.562433203875506216e-03
-6.566582247633401259e-03
-6.570732389950650898e-03
-6.574883750086635281e-03
-6.579036125680448599e-03
-6.583189636315212034e-03
-6.587344252909299591e-03
-6.591500037474662399e-03
-6.595656902893987095e-03
-6.599814911520063276e-03
-6.603974033670745314e-03
-6.608134332593773586e-03
-6.612295719436334096e-03
-6.616458257796664633e-03
-6.620621917385105526e-03
-6.624786762735812573e-03
-6.628952703168655702e-03
-6.633119803593823249e-03
-6.637288033061850001e-03
-6.639372605688476092e-03
