6.376099235206184046e-01
6.375865324624020447e-01
6.375634239631358113e-01
6.375405986464920405e-01
6.375180586368514035e-01
6.374958079512388354e-01
6.374738528029291196e-01
6.374522016561348092e-01
6.374308651533282521e-01
6.374098558195916420e-01
6.373891877128943229e-01
6.373688759397874160e-01
6.373489362782932544e-01
6.373293848040664233e-01
6.373102376559693916e-01
6.372915108317159794e-01
6.372732201206907643e-01
6.372561876460632879e-01
6.372380088797118258e-01
6.372211185959537616e-01
6.372047248876079317e-01
6.371888420722234825e-01
6.371734839966498587e-01
6.371586638135825487e-01
6.371443937140242042e-01
6.371306845109343531e-01
6.371175451112796040e-01
6.371049818040842583e-01
6.370929973813187486e-01
6.370815900181866498e-01
6.370707519383809192e-01
6.370604677717552899e-01
6.370507126772062545e-01
6.370422848194741139e-01
6.370334267622744795e-01
6.370249507044488668e-01
6.370167726259042817e-01
6.370087877298430401e-01
6.370008689988884143e-01
6.369928668871122079e-01
6.369846106561067867e-01
6.369759119124371871e-01
6.369665707055043313e-01
6.369563843799791458e-01
6.369451588427595956e-01
6.369327214413884608e-01
6.369189340630184715e-01
6.369037047304720867e-01
6.368869959053344854e-01
6.368696907001158980e-01
6.368502013619751212e-01
6.368294500382195578e-01
6.368076011232950417e-01
6.367848461034054663e-01
6.367613904347669829e-01
6.367374415099158469e-01
6.367131987768288592e-01
6.366888465185194246e-01
6.366645493155633773e-01
6.366404498761807362e-01
6.366166687413385983e-01
6.365933053281008780e-01
6.365704398186327051e-01
6.365481354923245849e-01
6.365264412014697282e-01
6.365063421515598785e-01
6.364859375826414922e-01
6.364662255012391023e-01
6.364472193702603864e-01
6.364289280170971619e-01
6.364113569092968437e-01
6.363945092610981957e-01
6.363783869784616076e-01
6.363629915672474047e-01
6.363483249069319392e-01
6.363343899816825688e-01
6.363211915085428272e-01
6.363087364493300591e-01
6.362970343631715320e-01
6.362860976079743880e-01
6.362759413613804371e-01
6.362669975918129328e-01
6.362584212745461265e-01
6.362506862243002548e-01
6.362438180574391255e-01
6.362378448645478191e-01
6.362327972278407628e-01
6.362287082695150531e-01
6.362256137099251418e-01
6.362235519116433702e-01
6.362225638838981956e-01
6.362226932200394369e-01
6.362239859369049899e-01
6.362266272503946940e-01
6.362304513355940827e-01
6.362355897790221704e-01
6.362420931323791162e-01
6.362492436906289628e-01
6.362584855714572551e-01
6.362692220762387052e-01
6.362814829225778013e-01
6.362952833425457033e-01
6.363106179595594547e-01
6.363274529364953969e-01
6.363457161501845372e-01
6.363652851094576679e-01
6.363859726191448685e-01
6.364075103962287816e-01
6.364295316961740001e-01
6.364515545904821936e-01
6.364729692040395070e-01
6.364930334925391620e-01
6.365108836854670438e-01
6.365255656657147210e-01
6.365357239014933777e-01
6.365414063325085525e-01
6.365412361698352672e-01
6.365346594151212178e-01
6.365214468986774010e-01
6.365017329039144300e-01
6.364760010774085375e-01
6.364450210732286450e-01
6.364097526314476116e-01
6.363712400004748471e-01
6.363305173841161677e-01
6.362885382735237183e-01
6.362461325626104225e-01
6.362039885742839518e-01
6.361626536994610115e-01
6.361225467544365797e-01
6.360856994025321232e-01
6.360488000129645991e-01
6.360137966615450056e-01
6.359807840645915755e-01
6.359498162518946174e-01
6.359209183495306839e-01
6.358940957992174070e-01
6.358693416008698307e-01
6.358466418200143799e-01
6.358259798300519572e-01
6.358073394656689192e-01
6.357907074579366435e-01
6.357760752139994809e-01
6.357634403251759547e-01
6.357528076537124484e-01
6.357441903201758171e-01
6.357376105379569653e-01
6.357331004578415934e-01
6.357307029748906491e-01
6.357304726435000219e-01
6.357324766046204001e-01
6.357367958006344688e-01
6.357435262254035324e-01
6.357527804900421353e-01
6.357646896135300540e-01
6.357794052040698363e-01
6.357971019906261123e-01
6.358179808955090051e-01
6.358422726127815894e-01
6.358702420506212594e-01
6.359021935097508571e-01
6.359384770282296984e-01
6.359755734870072841e-01
6.360213000448118326e-01
6.360727157449977964e-01
6.361304399665200782e-01
6.361951954746717375e-01
6.362678292024064319e-01
6.363493381255103110e-01
6.364409014411192000e-01
6.365439209520116215e-01
6.366600714862994392e-01
6.367913640434267331e-01
6.369402242574146999e-01
6.371095887556209592e-01
6.373030202015439460e-01
6.375248373914371713e-01
6.377740274507900375e-01
6.380610506074418931e-01
6.384007940417812943e-01
6.387946375761160978e-01
6.392494502134024037e-01
6.397684351742924935e-01
6.403449374568466190e-01
6.409514428857130408e-01
6.415192387523737105e-01
6.419549988416154429e-01
6.421454292301975730e-01
6.420186888927967850e-01
6.416104845857173444e-01
6.410299626842356213e-01
6.403897064869622513e-01
6.397648254449761485e-01
6.391916883712260855e-01
6.386925684539572767e-01
6.382431668706942673e-01
6.378496465813291438e-01
6.375044404476302162e-01
6.372002493152005842e-01
6.369306446781828335e-01
6.366901967964669895e-01
6.364744094442845723e-01
6.362795897466033690e-01
6.361027090186449628e-01
6.359412766171306242e-01
6.357932339566173541e-01
6.356568686045679373e-01
6.355307462634357529e-01
6.354136573083157824e-01
6.353045749324033320e-01
6.352026221819246921e-01
6.351112688830408137e-01
6.350211714730339407e-01
6.349362604606634264e-01
6.348560416058444122e-01
6.347767175350234048e-01
6.347048073957758385e-01
6.346364294834292430e-01
6.345712900892164221e-01
6.345091288005364483e-01
6.344497139812015352e-01
6.343928391006223855e-01
6.343383194712829409e-01
6.342859895585344354e-01
6.342357006249771390e-01
6.341873187678066515e-01
6.341407231721264415e-01
6.340998364269658794e-01
6.340563564772424554e-01
6.340143728782046129e-01
6.339738035331835553e-01
6.339345737695603056e-01
6.338966156844925148e-01
6.338598674216152640e-01
6.338242726228515700e-01
6.337897798970454355e-01
6.337563424038692439e-01
6.337239174357278682e-01
6.336924660967694356e-01
6.336619529334256429e-01
6.336323457505103063e-01
6.336036153115403025e-01
6.335757351526688508e-01
6.335486813776318726e-01
6.335224325264156020e-01
6.334969694175164312e-01
6.334722750608317021e-01
6.334483344979648933e-01
6.334251348331996212e-01
6.334026651220969750e-01
6.333809163855864677e-01
6.333598815982246499e-01
6.333395557815229004e-01
6.333199360733516858e-01
6.333010219096758542e-01
6.332828151690175211e-01
6.332653205718460354e-01
6.332485460037658997e-01
6.332325030680162614e-01
6.332185821652839275e-01
6.332039848202404286e-01
6.331901813693661119e-01
6.331772069675727366e-01
6.331651070309399776e-01
6.331539403664685484e-01
6.331437837699029902e-01
6.331347386579884162e-01
6.331269412056201862e-01
6.331205775081656384e-01
6.331159072015150047e-01
6.331133373968474976e-01
6.331132698712852447e-01
6.331166017652893885e-01
6.331245917698646863e-01
6.331392855539933473e-01
6.331634830561787552e-01
6.332046266969222348e-01
6.332753339856173058e-01
6.334045939296781835e-01
6.336648112887426354e-01
6.340624121157578674e-01
6.338091961759720894e-01
6.334257463584893610e-01
6.332184554042664670e-01
6.330926187661635174e-01
6.330061831969239217e-01
6.329411229413554052e-01
6.328890483091792474e-01
6.328456187736507532e-01
6.328084095214103755e-01
6.327759977614327846e-01
6.327481441254436678e-01
6.327230568489949913e-01
6.327011749929520867e-01
6.326824322768791475e-01
6.326669293805757821e-01
6.326549381694194230e-01
6.326469309866675772e-01
6.326436408579787507e-01
6.326460375106841560e-01
6.326558243486749555e-01
6.326754667854338487e-01
6.327086972419782018e-01
6.327604825258749122e-01
6.328401469728424100e-01
6.329558918742689277e-01
6.330994563411623810e-01
6.331985780487832116e-01
6.331360536497562252e-01
6.329548821930526259e-01
6.327729371388662871e-01
6.326286742476646685e-01
6.325150877490627321e-01
6.324239209720595722e-01
6.323500437567857180e-01
6.322875561163231461e-01
6.322344842036201618e-01
6.321862822565023077e-01
6.321428191531656138e-01
6.321021999699222294e-01
6.320654864331342049e-01
6.320311896940427054e-01
6.319988992748617473e-01
6.319682989784329852e-01
6.319404459977326916e-01
6.319124790321580809e-01
6.318856021868582973e-01
6.318596822314054284e-01
6.318346083166120897e-01
6.318102877129417871e-01
6.317866426760891940e-01
6.317636082311282042e-01
6.317411301990535355e-01
6.317191633091553404e-01
6.316976692937941174e-01
6.316766152314419180e-01
6.316559720899410646e-01
6.316357139021776534e-01
6.316158170602659272e-01
6.315962600111291181e-01
6.315770230186148471e-01
6.315580881075707476e-01
6.315394389480425419e-01
6.315210608432642037e-01
6.315029405706629184e-01
6.314850664490568866e-01
6.314674281625675123e-01
6.314500167209089465e-01
6.314328243165342469e-01
6.314158442761178547e-01
6.313990709055611328e-01
6.313824994280373692e-01
6.313661257765356138e-01
6.313499466262986193e-01
6.313339592003284206e-01
6.313181612327271042e-01
6.313039792336871958e-01
6.312885380804762470e-01
6.312732819120947525e-01
6.312582097379707546e-01
6.312433208175054489e-01
6.312286145801601078e-01
6.312140906483747482e-01
6.311997487106674187e-01
6.311855886399500015e-01
6.311716103699462899e-01
6.311578139268980703e-01
6.311441993595007238e-01
6.311307667851775438e-01
6.311175163227112916e-01
6.311044481112555449e-01
6.310915622719236451e-01
6.310788589257380066e-01
6.310663381604416644e-01
6.310540000542885775e-01
6.310418446483608834e-01
6.310298719760606412e-01
6.310180820403904489e-01
6.310064748671312396e-01
6.309950504108643443e-01
6.309838087056768297e-01
6.309727497737894764e-01
6.309618736914559545e-01
6.309511805456330391e-01
6.309406705166349383e-01
6.309303438340936321e-01
6.309206666688675913e-01
6.309106993596729218e-01
6.309013660598619122e-01
6.308917600847346874e-01
6.308823399435788959e-01
6.308731064886853313e-01
6.308640606463652434e-01
6.308552034649894669e-01
6.308465360420397738e-01
6.308380595696271298e-01
6.308297752311831097e-01
6.308216841705833744e-01
6.308137873146774099e-01
6.308060852604016056e-01
6.307985779392127901e-01
6.307912642635730149e-01
6.307843058502483613e-01
6.307773653318848872e-01
6.307707603628229798e-01
6.307641653091157208e-01
6.307577295474782186e-01
6.307514429965619396e-01
6.307452991122359798e-01
6.307392971958847294e-01
6.307334429181246094e-01
6.307277467444842856e-01
6.307223493191324026e-01
6.307170022377570628e-01
6.307117284682134395e-01
6.307067792258291838e-01
6.307020363600486235e-01
6.306975039871269839e-01
6.306931851926518284e-01
6.306890824836268727e-01
6.306851981213140723e-01
6.306817051940248886e-01
6.306782542102814526e-01
6.306750286619924317e-01
6.306720314460189103e-01
6.306692656794282703e-01
6.306667348950167895e-01
6.306644429171959221e-01
6.306623939247355537e-01
6.306605923806001268e-01
6.306590431005604236e-01
6.306577511738861164e-01
6.306567220077792246e-01
6.306559611683525413e-01
6.306554745310819499e-01
6.306552681074661937e-01
6.306553480618309893e-01
6.306557065238911353e-01
6.306563641588450730e-01
6.306573265141963702e-01
6.306585996721711940e-01
6.306601895804349045e-01
6.306621020618788931e-01
6.306643428920402084e-01
6.306669179728104924e-01
6.306698336280044392e-01
6.306730970340691522e-01
6.306767167759456116e-01
6.306807034864094774e-01
6.306850704951756370e-01
6.306898343944778995e-01
6.306950154322793489e-01
6.307006376767776423e-01
6.307064509498918614e-01
6.307130191079735049e-01
6.307201204623830160e-01
6.307277921239360374e-01
6.307360737639647885e-01
6.307450073700924253e-01
6.307546372756780428e-01
6.307650100988863029e-01
6.307761751299774122e-01
6.307881844523474113e-01
6.308010933357599548e-01
6.308149605288644324e-01
6.308298487454399028e-01
6.308458250194649564e-01
6.308629612346897675e-01
6.308813344826602609e-01
6.309010278085150913e-01
6.309221306846247712e-01
6.309447397787141254e-01
6.309689596810308387e-01
6.309949039296298690e-01
6.310226960274936125e-01
6.310524708112532632e-01
6.310843758456200492e-01
6.311185734669254588e-01
6.311552428403278681e-01
6.311945826673348581e-01
6.312368142400064386e-01
6.312821852393395439e-01
6.313309740095373046e-01
6.313834947185595903e-01
6.314401031350102000e-01
6.314954716359801878e-01
6.315610545747291082e-01
6.316320672045607765e-01
6.317091070166884759e-01
6.317928615831472916e-01
6.318841252806802755e-01
6.319838198431597664e-01
6.320930202634839068e-01
6.322129872652595406e-01
6.323452087382553932e-01
6.324914525323531711e-01
6.326538349573539444e-01
6.328349094836265287e-01
6.330377834692916261e-01
6.332662727948059622e-01
6.335251094491679558e-01
6.338059329271736875e-01
6.341426587724590114e-01
6.345323316846180894e-01
6.349873667598887605e-01
6.355242261855916786e-01
6.361653193642327064e-01
6.369327568762255254e-01
6.378926732727031590e-01
6.391084389724042136e-01
6.408057990061348796e-01
6.435920368958815141e-01
6.501273142204307964e-01
6.497573934675895391e-01
6.439228324116571534e-01
6.414488620289797716e-01
6.398322041286431672e-01
6.385857293633933063e-01
6.375370276884774201e-01
6.366525359063561762e-01
6.359023516906444629e-01
6.352627507146643149e-01
6.347139247464732570e-01
6.342395273208316642e-01
6.338262851694814737e-01
6.334635243776207680e-01
6.331426900549520509e-01
6.328569182555777717e-01
6.326006801666619328e-01
6.323694976399758527e-01
6.321597198958276431e-01
6.319683503041951811e-01
6.317929118502116914e-01
6.316313429539610613e-01
6.314884769248898522e-01
6.313492784647545264e-01
6.312138840663708006e-01
6.310929885960203656e-01
6.309795842288246082e-01
6.308728911635146375e-01
6.307722338159817976e-01
6.306770243398254205e-01
6.305867490134388076e-01
6.305009571894565346e-01
6.304192519932430017e-01
6.303412827125249862e-01
6.302667382195006329e-01
6.301953417576647842e-01
6.301268462255223968e-01
6.300610303736080553e-01
6.300033765943494624e-01
6.299421412096696260e-01
6.298830600338686247e-01
6.298259852199558084e-01
6.297707825610792121e-01
6.297173298552510845e-01
6.296655156266097730e-01
6.296152378087364054e-01
6.295664029139573792e-01
6.295189249993652369e-01
6.294727249474396658e-01
6.294277297065054011e-01
6.293838717639099745e-01
6.293410885359017604e-01
6.292993219507921898e-01
6.292585178797862611e-01
6.292186259412146931e-01
6.291795990156640039e-01
6.291413930001101829e-01
6.291039664588295999e-01
6.290672804544006347e-01
6.290312982507408890e-01
6.289959851727906504e-01
6.289613082836486013e-01
6.289272364069478094e-01
6.288937398427981718e-01
6.288607903019717282e-01
6.288283607266040853e-01
6.287964252764288720e-01
6.287649591820287931e-01
6.287339387450245898e-01
6.287033411520639437e-01
6.286758953772717540e-01
6.286460453531236281e-01
6.286165572976557536e-01
6.285874121226571187e-01
6.285585916390761252e-01
6.285300786479552926e-01
6.285018569100567776e-01
6.284739112645758574e-01
6.284462276058179198e-01
6.284187929867832700e-01
6.283915955233039252e-01
6.283646246061503904e-01
6.283378707894008430e-01
6.283113258624930531e-01
6.282849827845018442e-01
6.282588357418443792e-01
6.282328800532257507e-01
6.282071121843292305e-01
6.281815295539930899e-01
6.281561306415084367e-01
6.281309147701533702e-01
6.281058820774435558e-01
6.280810333552966362e-01
6.280563700255263893e-01
6.280318939768466668e-01
6.280076075287922555e-01
6.279835132038974477e-01
6.279596138209958545e-01
6.279359122801491111e-01
6.279124115511993676e-01
6.278891145461176215e-01
6.278660241374465212e-01
6.278452366398282747e-01
6.278225480818759863e-01
6.277980188663858652e-01
6.277778152449613458e-01
6.277537599585539807e-01
6.277339545355345996e-01
6.277103802011378963e-01
6.276909778523680483e-01
6.276678891333909993e-01
6.276488927027416009e-01
6.276262916905892553e-01
6.276077018287359310e-01
6.275855881395592251e-01
6.275674034941545187e-01
6.275457741855872129e-01
6.275279913224386386e-01
6.275068411345118280e-01
6.274894547013138979e-01
6.274687760112889201e-01
6.274517786833475608e-01
6.274315616936203543e-01
6.274149444152026245e-01
6.273968359327597444e-01
6.273789290425527687e-01
6.273612203403413634e-01
6.273437061642395118e-01
6.273263826801999121e-01
6.273092458245794756e-01
6.272922913759841901e-01
6.272755148300735994e-01
6.272589115884431576e-01
6.272424768342149681e-01
6.272262056061527202e-01
6.272115739880588237e-01
6.271956005277664614e-01
6.271797752387059388e-01
6.271640925521824173e-01
6.271485468259512253e-01
6.271331322933467733e-01
6.271178431463311220e-01
6.271026734223080767e-01
6.270876172072004096e-01
6.270726685266126976e-01
6.270578214376163473e-01
6.270430699903427607e-01
6.270284083411740150e-01
6.270138307186178261e-01
6.269993315236097597e-01
6.269849052335539907e-01
6.269705466210164779e-01
6.269562506603386653e-01
6.269420126329862120e-01
6.269278281007134579e-01
6.269136930277618980e-01
6.268996037529178667e-01
6.268855570928220100e-01
6.268715502447826937e-01
6.268575810007493976e-01
6.268436476441486827e-01
6.268297490414250772e-01
6.268158845960341008e-01
6.268020543476514606e-01
6.267882589159676776e-01
6.267744995722162038e-01
6.267607781061902417e-01
6.267483624790737284e-01
6.267347207245058671e-01
6.267211256057595437e-01
6.267075812766990106e-01
6.266940923792367890e-01
6.266806640809489126e-01
6.266673019757456053e-01
6.266540121333638025e-01
6.266408009962117776e-01
6.266276754099131541e-01
6.266146424526464198e-01
6.266017095830916928e-01
6.265888844717296680e-01
6.265761750353204818e-01
6.265635893390889555e-01
6.265511356533405296e-01
6.265388223617573971e-01
6.265266580055613987e-01
6.265146511437336141e-01
6.265028105082757204e-01
6.264911448730402510e-01
6.264796631153018991e-01
6.264683741492981239e-01
6.264572870173440444e-01
6.264464108333542836e-01
6.264357548651104945e-01
6.264253284312655268e-01
6.264151410997568226e-01
6.264052025963517956e-01
6.263955229101804134e-01
6.263861122732108377e-01
6.263769812980111151e-01
6.263689564618483141e-01
6.263603903174673748e-01
6.263521372033321599e-01
6.263442097147354781e-01
6.263366212280374601e-01
6.263293858934242397e-01
6.263225189443160090e-01
6.263160367282379903e-01
6.263099569547312395e-01
6.263042988386646748e-01
6.262990834300691256e-01
6.262943338340013488e-01
6.262900756141547287e-01
6.262863370696175602e-01
6.262831498782455153e-01
6.262805495428345193e-01
6.262785761414364494e-01
6.262772750948220057e-01
6.262766982603598098e-01
6.262769051157908162e-01
6.262779089287504597e-01
6.262798560408947557e-01
6.262828240687295933e-01
6.262869220980330498e-01
6.262922794913313718e-01
6.262990508005158441e-01
6.263074220777505863e-01
6.263176190084538408e-01
6.263299173981377033e-01
6.263446566403814142e-01
6.263622568039707295e-01
6.263832397161419596e-01
6.264076408347278857e-01
6.264366346899290505e-01
6.264719835322415387e-01
6.265141733518860834e-01
6.265643135781592266e-01
6.266231463640373756e-01
6.266901252228168628e-01
6.267607715116373379e-01
6.268274427009636884e-01
6.268731464981482926e-01
6.268827660269656876e-01
6.268510893925404170e-01
6.267896223310075454e-01
6.267158098285821044e-01
6.266425961960536695e-01
6.265762634646674378e-01
6.265186658843779899e-01
6.264705983106354514e-01
6.264288474193395739e-01
6.263935086675045394e-01
6.263635506320247570e-01
6.263380992661869984e-01
6.263164380939073572e-01
6.262979867587785687e-01
6.262822754889304511e-01
6.262689216850449991e-01
6.262576103014034778e-01
6.262480780361565635e-01
6.262401008854684425e-01
6.262334846355989137e-01
6.262280580600542157e-01
6.262236687940079261e-01
6.262201819498499633e-01
6.262176012901223832e-01
6.262155633842695357e-01
6.262141531434246566e-01
6.262133328206200833e-01
6.262130971990514938e-01
6.262134722975829515e-01
6.262145106111207671e-01
6.262162842152294573e-01
6.262188770657164394e-01
6.262223783199645233e-01
6.262268773029788793e-01
6.262324609110569984e-01
6.262392125650394492e-01
6.262472127441200964e-01
6.262565402422201055e-01
6.262672740206861599e-01
6.262789190734581179e-01
6.262926389704870367e-01
6.263080176116117004e-01
6.263251530031902492e-01
6.263441524012040018e-01
6.263651340379438048e-01
6.263893181470484572e-01
6.264147783097125943e-01
6.264426676168415309e-01
6.264731686253862675e-01
6.265064858237998635e-01
6.265428490528266448e-01
6.265825171734721311e-01
6.266257826725721847e-01
6.266729770190774262e-01
6.267244772880566916e-01
6.267754197152557438e-01
6.268363887295297365e-01
6.269031010049034291e-01
6.269762052391363305e-01
6.270564552218083065e-01
6.271447311287499105e-01
6.272420663500757332e-01
6.273496805100134965e-01
6.274690209995688051e-01
6.276018147654988111e-01
6.277501332408413903e-01
6.279164728725680211e-01
6.281038541922282503e-01
6.283159401636407848e-01
6.285571710921795674e-01
6.288262131946488198e-01
6.291341299540644805e-01
6.294965617766219435e-01
6.299147422797791718e-01
6.303960031904295436e-01
6.309442464171783893e-01
6.315538865423253601e-01
6.321988970519116791e-01
6.328179025539083513e-01
6.332975620985863419e-01
6.335385394754166066e-01
6.334501171518175378e-01
6.330585968567588040e-01
6.324734760922537946e-01
6.318150149567215434e-01
6.311666367210280182e-01
6.305702743163323909e-01
6.300401210340448310e-01
6.295859373279167892e-01
6.291806843130033355e-01
6.288279306171996597e-01
6.285200784217203074e-01
6.282503855003185311e-01
6.280131408998070874e-01
6.278036196747808217e-01
6.276179624158888526e-01
6.274530432467930741e-01
6.273063502508434697e-01
6.271758870666953589e-01
6.270600964181874959e-01
6.269578049103147199e-01
6.268681873175265817e-01
6.267907500887719419e-01
6.267253339877172369e-01
6.266742979175263795e-01
6.266333244578042860e-01
6.266061973885036496e-01
6.265945415437136345e-01
6.266006360733813452e-01
6.266274102324954631e-01
6.266780818093729000e-01
6.267547333838244805e-01
6.268518486375669330e-01
6.269576423293226064e-01
6.270304975461431507e-01
6.270175892946218132e-01
6.268999431753728979e-01
6.267095620882761065e-01
6.264993295743879198e-01
6.262993558371406921e-01
6.261288323070807182e-01
6.259775189097386283e-01
6.258458944413246572e-01
6.257294503507981887e-01
6.256255420784146981e-01
6.255282953740486374e-01
6.254398595053070053e-01
6.253583470286473434e-01
6.252847561023052725e-01
6.252149788147193243e-01
6.251501229698126494e-01
6.250895616473783889e-01
6.250327449818879888e-01
6.249792037699896108e-01
6.249285426312463088e-01
6.248804296385066515e-01
6.248356113117966570e-01
6.247917573281418502e-01
6.247497415867453441e-01
6.247093931185649929e-01
6.246705652077516602e-01
6.246331312137128888e-01
6.245969812124241294e-01
6.245620192890760647e-01
6.245281613469397808e-01
6.244938504084895925e-01
6.244620292339949641e-01
6.244311119290318901e-01
6.244010470506433652e-01
6.243717887405156874e-01
6.243432959344425992e-01
6.243155319338012932e-01
6.242909249693803231e-01
6.242644637890975012e-01
6.242386448236272312e-01
6.242134441092602737e-01
6.241888402494428778e-01
6.241648139362792058e-01
6.241413480319439877e-01
6.241184271121631433e-01
6.240960373496834412e-01
6.240741661534566775e-01
6.240528020394375819e-01
6.240319342005312686e-01
6.240115522502417411e-01
6.239916455400080775e-01
6.239722029340705189e-01
6.239532119091366624e-01
6.239346578637168239e-01
6.239173529171521126e-01
6.238995978472978710e-01
6.238822139278100698e-01
6.238651669866404070e-01
6.238484143759849276e-01
6.238319034768843308e-01
6.238155704307788429e-01
6.237993393658591845e-01
6.237831224593916035e-01
6.237668212172744475e-01
6.237503293208425115e-01
6.237335372482732954e-01
6.237163386002754217e-01
6.236986376669900745e-01
6.236803573474513085e-01
6.236614462150243954e-01
6.236428013436866591e-01
6.236226270324772836e-01
6.236018527491484775e-01
6.235805459567131948e-01
6.235587936050963620e-01
6.235366940689074378e-01
6.235143495559198890e-01
6.234918592795051229e-01
6.234693149130157153e-01
6.234467972108816980e-01
6.234243746210588188e-01
6.234021029031924233e-01
6.233800259255277698e-01
6.233581767087673642e-01
6.233365789965819026e-01
6.233152485034012535e-01
6.232951604057980211e-01
6.232743748878096790e-01
6.232538709700833346e-01
6.232336463542813565e-01
6.232136966707644277e-01
6.231940161842202119e-01
6.231745983610510464e-01
6.231554363103724015e-01
6.231365231106625879e-01
6.231178520353639616e-01
6.230994166923394806e-01
6.230812110940573412e-01
6.230632296761968725e-01
6.230454672820666673e-01
6.230279191282523943e-01
6.230097826128325744e-01
6.229942373819252754e-01
6.229772973707505823e-01
6.229605555533916927e-01
6.229440085744845090e-01
6.229276532285085155e-01
6.229114866062084310e-01
6.228955059697900420e-01
6.228797089475779369e-01
6.228640934173698129e-01
6.228486576716391054e-01
6.228334001681483656e-01
6.228183199400180170e-01
6.228034163491138475e-01
6.227886892583867073e-01
6.227741389237582137e-01
6.227597662076413965e-01
6.227455724749646482e-01
6.227315597751624798e-01
6.227177306057737338e-01
6.227040883447533259e-01
6.226906370203209029e-01
6.226773815052519812e-01
6.226643274264096473e-01
6.226520759736450250e-01
6.226394355028072036e-01
6.226270186288783703e-01
6.226148346991552396e-01
6.226028939097730808e-01
6.225912071145286442e-01
6.225797854628577488e-01
6.225686397737606459e-01
6.225577795124390690e-01
6.225477006015929238e-01
6.225374121206008748e-01
6.225274095907676886e-01
6.225176723278471602e-01
6.225081602173526685e-01
6.224988064163600177e-01
6.224895111944656056e-01
6.224801383007088074e-01
6.224707496107285687e-01
6.224607106493206254e-01
6.224500703412312319e-01
6.224387024599340457e-01
6.224265604284870967e-01
6.224136904991119934e-01
6.224002195939105642e-01
6.223863238935994913e-01
6.223725225954493956e-01
6.223583274946814514e-01
6.223442067701386859e-01
6.223302651749528236e-01
6.223165740904068599e-01
6.223031779942073127e-01
6.222901014678807741e-01
6.222773553254757894e-01
6.222649413985817946e-01
6.222528560111584284e-01
6.222410923732550891e-01
6.222296421584387893e-01
6.222184964976665844e-01
6.222076465710489890e-01
6.221970839299162392e-01
6.221868006417220487e-01
6.221772544582394593e-01
6.221674963364385302e-01
6.221579971146840027e-01
6.221487506569488568e-01
6.221397509140723647e-01
6.221309919614923523e-01
6.221224677081709231e-01
6.221141718878977489e-01
6.221060976243424356e-01
6.220982376683130699e-01
6.220905839665703541e-01
6.220831276599262383e-01
6.220758588064494443e-01
6.220687664369668468e-01
6.220618383097276105e-01
6.220550609713964008e-01
6.220484194335579309e-01
6.220418975486684543e-01
6.220354777788659195e-01
6.220291414412403297e-01
6.220228687430404690e-01
6.220166392071977413e-01
6.220104318643359109e-01
6.220042258003051217e-01
6.219980003747807018e-01
6.219917361386312349e-01
6.219854151618818827e-01
6.219790217854215264e-01
6.219725430923639387e-01
6.219659696436045104e-01
6.219592958313887587e-01
6.219525203940309277e-01
6.219456464037630417e-01
6.219393510947901493e-01
6.219323146178559192e-01
6.219252147287679389e-01
6.219180718180349343e-01
6.219109097603832126e-01
6.219037554963117165e-01
6.218966382931544468e-01
6.218895892730810226e-01
6.218826406453314970e-01
6.218758252189560132e-01
6.218691755776767360e-01
6.218627238927711964e-01
6.218565012010172088e-01
6.218505371102800439e-01
6.218448593019159087e-01
6.218394933641642197e-01
6.218344623795342141e-01
6.218297867968866077e-01
6.218254839752659358e-01
6.218215683269410210e-01
6.218180509377443377e-01
6.218149395976624305e-01
6.218122386571698357e-01
6.218099492482470625e-01
6.218080693477602283e-01
6.218065942243394817e-01
6.218055167126714800e-01
6.218048282227413015e-01
6.218045194219257166e-01
6.218045814709879382e-01
6.218050072200254075e-01
6.218057928195357409e-01
6.218068536465716223e-01
6.218083340359651379e-01
6.218101957281512160e-01
6.218124619456402158e-01
6.218151659606323545e-01
6.218183515613422419e-01
6.218220736453462516e-01
6.218263979472877789e-01
6.218314007657930187e-01
6.218371682314330906e-01
6.218437956837701286e-01
6.218513867733740375e-01
6.218600528583009268e-01
6.218699122691618841e-01
6.218810902960250075e-01
6.218937190064579568e-01
6.219079377023699617e-01
6.219238935283893932e-01
6.219417426834370488e-01
6.219616517762135421e-01
6.219837997712199806e-01
6.220083800584869094e-01
6.220356034059563166e-01
6.220657009631844758e-01
6.220989281106451552e-01
6.221355687763329145e-01
6.221759407649153362e-01
6.222204018277471826e-01
6.222693571015396330e-01
6.223232677374744837e-01
6.223826617551977414e-01
6.224481467535109003e-01
6.225135884071739678e-01
6.225927498375450897e-01
6.226803857579609192e-01
6.227776039531903729e-01
6.228857136255208093e-01
6.230062707965194901e-01
6.231411349623825480e-01
6.232925401402287235e-01
6.234631829545584925e-01
6.236563310234268798e-01
6.238759516877174782e-01
6.241268567477645801e-01
6.244078474684710001e-01
6.247387040938133795e-01
6.251211783248189491e-01
6.255635607127632003e-01
6.260730547580659611e-01
6.266382332713226200e-01
6.272759704520076696e-01
6.279396254059939064e-01
6.285543001352800196e-01
6.289977139293023711e-01
6.291559449529593451e-01
6.289664161399382003e-01
6.284857459246343536e-01
6.278471245703753922e-01
6.271530411033011676e-01
6.264848299632246320e-01
6.258766434429701153e-01
6.253378174718076110e-01
6.248656893618330654e-01
6.244529888118243166e-01
6.240914166200014490e-01
6.237799646606546622e-01
6.234974142302533995e-01
6.232456976173544883e-01
6.230200105557777146e-01
6.228163882905253246e-01
6.226315616143370812e-01
6.224628287405067351e-01
6.223079479619743060e-01
6.221650500328268496e-01
6.220325678226453769e-01
6.219091799486309302e-01
6.217937659985460774e-01
6.216853705415277265e-01
6.215831744177073848e-01
6.214864715370135295e-01
6.213946502338396627e-01
6.213071780218755169e-01
6.212235892445622243e-01
6.211434748175304055e-01
6.210664739688261937e-01
6.209922672161174440e-01
6.209205706499321131e-01
6.208511310764444069e-01
6.207837220433055636e-01
6.207181404079858966e-01
6.206542035136110025e-01
6.205917467514298069e-01
6.205306215412834669e-01
6.204706935714300320e-01
6.204118413479285943e-01
6.203539548923469038e-01
6.202969347063920225e-01
6.202458104029364705e-01
6.201902014810061203e-01
6.201352206502083186e-01
6.200808013648404504e-01
6.200268839537231846e-01
6.199734150378988229e-01
6.199203471263725618e-01
6.198676380984201595e-01
6.198152507939823641e-01
6.197631525614705206e-01
6.197113148827032569e-01
6.196597129504081147e-01
6.196083253199365926e-01
6.195571335107434852e-01
6.195061217651511853e-01
6.194552767343546318e-01
6.194069064643664690e-01
6.193563570699647247e-01
6.193059474300642853e-01
6.192556723742557168e-01
6.192055287350534121e-01
6.191555153981401771e-01
6.191056333492389596e-01
6.190558856873129567e-01
6.190062775768804260e-01
6.189568161205043495e-01
6.189075101447862881e-01
6.188583699068178623e-01
6.188094067402216680e-01
6.187606326679098157e-01
6.187120600117017588e-01
6.186614896917969064e-01
6.186177688934415553e-01
6.185698612248707873e-01
6.185222002485116777e-01
6.184747954265420455e-01
6.184276551715142123e-01
6.183807868378574657e-01
6.183341967195497002e-01
6.182878901044509545e-01
6.182418713043981162e-01
6.181961437655513203e-01
6.181507101160390594e-01
6.181055722567311284e-01
6.180607314247245077e-01
6.180161882801029627e-01
6.179719429609852321e-01
6.179279951566988283e-01
6.178843441389328950e-01
6.178409888453441079e-01
6.177979279001326596e-01
6.177551596645475263e-01
6.177126822629573910e-01
6.176704936249725053e-01
6.176285915040725660e-01
6.175869735109819070e-01
6.175456371163272618e-01
6.175045796951271759e-01
6.174637985250501782e-01
6.174232908095736994e-01
6.173830536839898242e-01
6.173430842356184556e-01
6.173033795074190921e-01
6.172639365148945290e-01
6.172247522391233199e-01
6.171893896321333228e-01
6.171471477306784692e-01
6.171122420203261072e-01
6.170705416944904931e-01
6.170360818517593993e-01
6.169949099164085959e-01
6.169608850118539767e-01
6.169202284412322879e-01
6.168866277136917375e-01
6.168464737440426671e-01
6.168132866931872460e-01
6.167736229012990012e-01
6.167408393496089936e-01
6.167016537550709110e-01
6.166692639269193421e-01
6.166305450658459142e-01
6.165985396467292823e-01
6.165602766601624429e-01
6.165286468761976835e-01
6.164908295772055791e-01
6.164595672465591480e-01
6.164253270007774566e-01
6.163912837926683874e-01
6.163574357373228230e-01
6.163237810472660394e-01
6.162903180379405432e-01
6.162570451206756950e-01
6.162239608144118863e-01
6.161910637375889177e-01
6.161583526112550668e-01
6.161258262543457542e-01
6.160934835860715220e-01
6.160642777562972405e-01
6.160322831225024665e-01
6.160004695644666350e-01
6.159688363565354319e-01
6.159373828572956011e-01
6.159061084990868906e-01
6.158750127923279249e-01
6.158440953149609820e-01
6.158133557112778211e-01
6.157827936847438677e-01
6.157524089978037019e-01
6.157222014651843045e-01
6.156921709534296516e-01
6.156623173722085562e-01
6.156326406792564931e-01
6.156031408724967902e-01
6.155711227528420926e-01
6.155446721115122033e-01
6.155130402786846977e-01
6.154869118456441912e-01
6.154556669617572418e-01
6.154298614187780903e-01
6.153990044526848058e-01
6.153735227362243654e-01
6.153430549680123374e-01
6.153178982743932046e-01
6.152878212959909110e-01
6.152629910854411355e-01
6.152333068143048811e-01
6.152088048242164708e-01
6.151795155145733940e-01
6.151553437692395265e-01
6.151313229019694795e-01
6.151026128568390927e-01
6.150789257227591289e-01
6.150506177107395445e-01
6.150272671030694305e-01
6.149993646740061770e-01
6.149763537203190022e-01
6.149488608395135003e-01
6.149261930223827166e-01
6.148991140835249336e-01
6.148767932502495759e-01
6.148501330989695202e-01
6.148281634808998586e-01
6.148019274292235714e-01
6.147803136535856527e-01
6.147545075045623975e-01
6.147332546184657298e-01
6.147078846848819111e-01
6.146869981713967146e-01
6.146620713084547383e-01
6.146415571151516710e-01
6.146170807471931230e-01
6.145969453088094836e-01
6.145729274707897316e-01
6.145531777502081239e-01
6.145296271256613929e-01
6.145102706475353838e-01
6.144871966274039199e-01
6.144682415292260780e-01
6.144456542654679332e-01
6.144271093444670928e-01
6.144050198230927018e-01
6.143868946043191670e-01
6.143689635339603106e-01
6.143476195095776138e-01
6.143301234224575191e-01
6.143093081167804170e-01
6.142922585989740725e-01
6.142719864841961197e-01
6.142553960844684413e-01
6.142356828205948194e-01
6.142195651049399130e-01
6.142004276049188860e-01
6.141847972001663880e-01
6.141678223963160654e-01
6.141511262458038134e-01
6.141347133380673506e-01
6.141185883877049445e-01
6.141027562280528818e-01
6.140872217894735030e-01
6.140719900814469723e-01
6.140570661578994560e-01
6.140424550913053947e-01
6.140281619231799937e-01
6.140141916166499403e-01
6.140005489893620716e-01
6.139872386471801891e-01
6.139742648933599334e-01
6.139616316341833802e-01
6.139493422579085369e-01
6.139373995162605846e-01
6.139258053725122899e-01
6.139145608463647541e-01
6.139036658334500185e-01
6.138931189248445497e-01
6.138838701859546942e-01
6.138739783211233370e-01
6.138644211510011495e-01
6.138551902176919706e-01
6.138462747862656332e-01
6.138376616964464905e-01
6.138293352487353971e-01
6.138212771625394248e-01
6.138134666146756180e-01
6.138058803705089828e-01
6.137984930522799587e-01
6.137912775326080927e-01
6.137842054979104622e-01
6.137772481459863316e-01
6.137703770934426206e-01
6.137635653834305760e-01
6.137567886456103405e-01
6.137500263245436738e-01
6.137432629579162580e-01
6.137364894101627888e-01
6.137297040287700289e-01
6.137229136102708704e-01
6.137161342006023368e-01
6.137093915807606548e-01
6.137027214953850729e-01
6.136961695717652043e-01
6.136897909837306653e-01
6.136836498637525672e-01
6.136778185551173825e-01
6.136723767227609816e-01
6.136674104734131108e-01
6.136630114536538727e-01
6.136596259287090405e-01
6.136565809794763959e-01
6.136543946925645532e-01
6.136531742636762710e-01
6.136530301884368654e-01
6.136540764298119566e-01
6.136564307918884742e-01
6.136602155384247581e-01
6.136655581988852415e-01
6.136725926493838967e-01
6.136814603623738096e-01
6.136923119198186560e-01
6.137053087553172581e-01
6.137206251874955942e-01
6.137384507420923230e-01
6.137589928486877344e-01
6.137824799240749751e-01
6.138091650105793606e-01
6.138393299631133004e-01
6.138732904027883741e-01
6.139114015482188824e-01
6.139540651717362296e-01
6.139994755852205000e-01
6.140524151830030197e-01
6.141114547983523853e-01
6.141772801694680428e-01
6.142506860575741579e-01
6.143325984220416869e-01
6.144241019192762110e-01
6.145264741567086908e-01
6.146412285025305566e-01
6.147701676720327413e-01
6.149084780546874018e-01
6.150717791638466991e-01
6.152570077777135271e-01
6.154679371098771279e-01
6.157091403623190518e-01
6.159861374876639539e-01
6.163055127801077004e-01
6.166749160519734430e-01
6.171027492678614612e-01
6.175851020921427903e-01
6.181495249219985944e-01
6.187824199069974496e-01
6.194616796768540601e-01
6.201309250832408582e-01
6.206828212445683057e-01
6.209999693828787137e-01
6.209777264825648846e-01
6.206280447487874108e-01
6.200481116763963962e-01
6.193749900325329349e-01
6.187136374685671125e-01
6.181327491038124400e-01
6.176369196992453903e-01
6.171574397179819815e-01
6.166153833245623384e-01
6.161159715577361196e-01
6.156908216753559371e-01
6.153294251597785092e-01
6.150168254361797482e-01
6.147424247307170520e-01
6.144987644252224435e-01
6.142803868368765796e-01
6.140831529377850373e-01
6.139077436654218900e-01
6.137434559909219489e-01
6.135924909854256759e-01
6.134531465319333909e-01
6.133240172998395412e-01
6.132039332653311803e-01
6.130919132251320125e-01
6.129871285537434877e-01
6.128888741716714827e-01
6.127965442051298561e-01
6.127096104294657009e-01
6.126276015735888647e-01
6.125500819172428058e-01
6.124766277369654288e-01
6.124068013147503375e-01
6.123416188296334495e-01
6.122789401676558274e-01
6.122167941375644684e-01
6.121560279658975201e-01
6.120960159911597032e-01
6.120362548240080303e-01
6.119764587329806771e-01
6.119166021873794215e-01
6.118568839141180771e-01
6.117989816951613369e-01
6.117405280087766517e-01
6.116818920050646202e-01
6.116259221409320324e-01
6.115714203210379507e-01
6.115184423962413129e-01
6.114669909290004757e-01
6.114170333789089584e-01
6.113707122747863432e-01
6.113235103495536782e-01
6.112776193678192138e-01
6.112329708730251943e-01
6.111894987764150411e-01
6.111471407297739411e-01
6.111058387338103026e-01
6.110655393265207458e-01
6.110261934537416506e-01
6.109877562782008997e-01
6.109501868209264996e-01
6.109134476175909212e-01
6.108775043311974740e-01
6.108423253966660527e-01
6.108078816339160833e-01
6.107741458942599344e-01
6.107410926519225569e-01
6.107086976823369318e-01
6.106769376373226699e-01
6.106457896585281153e-01
6.106152309359619279e-01
6.105852382759977548e-01
6.105557876014852114e-01
6.105268534526072655e-01
6.104984083980826703e-01
6.104704225156600828e-01
6.104428627568005972e-01
6.104156923656772760e-01
6.103888702808755173e-01
6.103623506234384655e-01
6.103360822304033650e-01
6.103100083542983834e-01
6.102864636599578674e-01
6.102605828655673914e-01
6.102346995281621167e-01
6.102087362140596882e-01
6.101826120979210177e-01
6.101562444522217188e-01
6.101295505955603993e-01
6.101024501565724956e-01
6.100748676340518317e-01
6.100467350391949317e-01
6.100179945220992606e-01
6.099886006913246561e-01
6.099585225950709955e-01
6.099277449917497318e-01
6.098962689516488345e-01
6.098641116346342761e-01
6.098313053417735441e-01
6.097978958477269229e-01
6.097639402420942378e-01
6.097295043590205132e-01
6.096946601650670150e-01
6.096594830720249991e-01
6.096240495043987462e-01
6.095884347292476191e-01
6.095527111026670664e-01
6.095169466734916552e-01
6.094812042230791649e-01
6.094455406007529552e-01
6.094100064862344457e-01
6.093746462997620128e-01
6.093394983823067212e-01
6.093045952822934153e-01
6.092699641870261695e-01
6.092387792989046869e-01
6.092047256284178758e-01
6.091709969299610172e-01
6.091376040106057932e-01
6.091045546775689656e-01
6.090718541168737010e-01
6.090395053480054388e-01
6.090075095250984116e-01
6.089758662691515667e-01
6.089445739188823481e-01
6.089136297944128806e-01
6.088830303807108990e-01
6.088527715271548901e-01
6.088228485453811567e-01
6.087932564090444698e-01
6.087639898087573442e-01
6.087350432659739408e-01
6.087064111855563509e-01
6.086754848660272943e-01
6.086500679305110184e-01
6.086197965416191291e-01
6.085949154043320819e-01
6.085652750706238567e-01
6.085409102584889984e-01
6.085118782248709612e-01
6.084880113265611623e-01
6.084619645288917855e-01
6.084361800572529733e-01
6.084106535733094789e-01
6.083853808988943790e-01
6.083603580938212740e-01
6.083355814051378818e-01
6.083133113343467402e-01
6.082889948547227643e-01
6.082649147559544556e-01
6.082410681049034151e-01
6.082174521629983843e-01
6.081940644175892752e-01
6.081709025579514760e-01
6.081479644975423815e-01
6.081252483352758142e-01
6.081027524070379275e-01
6.080804752455535311e-01
6.080584156002712959e-01
6.080365724078606871e-01
6.080149448178018279e-01
6.079935321573362028e-01
6.079723339405225246e-01
6.079513498089608170e-01
6.079305795586281702e-01
6.079100230634576496e-01
6.078896802497255614e-01
6.078695510048222062e-01
6.078496351259605746e-01
6.078299321838667169e-01
6.078104414065675920e-01
6.077911614603148660e-01
6.077720902869195863e-01
6.077532247938031151e-01
6.077354266934640314e-01
6.077169488724943891e-01
6.076986583479947468e-01
6.076805444537646261e-01
6.076625935920655364e-01
6.076456173990860687e-01
6.076279333448717512e-01
6.076103526365015384e-01
6.075928487895425611e-01
6.075753933017659092e-01
6.075579570141884655e-01
6.075405120178214435e-01
6.075230338232068261e-01
6.075055036335933467e-01
6.074879102297054967e-01
6.074702512294583023e-01
6.074525333424489748e-01
6.074347717395369717e-01
6.074169884622182547e-01
6.073992103621248528e-01
6.073814668112286208e-01
6.073646116761833857e-01
6.073470206414836037e-01
6.073295475291163870e-01
6.073122154268062456e-01
6.072950439833030289e-01
6.072780494366846193e-01
6.072612448571002020e-01
6.072446405096961763e-01
6.072274817080490772e-01
6.072113092895762287e-01
6.071953553235811540e-01
6.071796227572205940e-01
6.071641136022331020e-01
6.071488291153608330e-01
6.071337700147483307e-01
6.071189365962420537e-01
6.071043288881390332e-01
6.070912896821799576e-01
6.070771122742926185e-01
6.070631597259760204e-01
6.070494315895853532e-01
6.070359274090297852e-01
6.070226466830407341e-01
6.070095889508687614e-01
6.069967537452746198e-01
6.069841406277662887e-01
6.069717491581807511e-01
6.069595789382056239e-01
6.069476295794217213e-01
6.069359007398085204e-01
6.069243920542507498e-01
6.069131032369117218e-01
6.069020340138011615e-01
6.068911841639840210e-01
6.068805534926153822e-01
6.068701418832266326e-01
6.068599492739240597e-01
6.068499757057043142e-01
6.068402212616496039e-01
6.068306861832705179e-01
6.068213708096272807e-01
6.068122756252776195e-01
6.068034012324615700e-01
6.067947483963552768e-01
6.067863179999101186e-01
6.067781110559041791e-01
6.067701285843761783e-01
6.067623716421405300e-01
6.067548411352507998e-01
6.067482377246022907e-01
6.067411408790046590e-01
6.067342707850469363e-01
6.067276260542293631e-01
6.067212041679552748e-01
6.067150014707224370e-01
6.067090133371115801e-01
6.067032347977838747e-01
6.066976615129165973e-01
6.066922913511321180e-01
6.066871259766393187e-01
6.066821723598710969e-01
6.066774436001173276e-01
6.066729589636130626e-01
6.066687430090934585e-01
6.066648242786584211e-01
6.066614123177758167e-01
6.066581654125153822e-01
6.066553107904726350e-01
6.066527593317025957e-01
6.066508122313801765e-01
6.066493618516728414e-01
6.066484449250417743e-01
6.066481003995414234e-01
6.066483700418348057e-01
6.066492992914159776e-01
6.066509380029930787e-01
6.066533414468879837e-01
6.066565714387924801e-01
6.066606978789746973e-01
6.066658006817694515e-01
6.066719725115341522e-01
6.066786485288986341e-01
6.066871827668435246e-01
6.066971718245990353e-01
6.067088160268121477e-01
6.067223778287408331e-01
6.067382157258611741e-01
6.067568446675778437e-01
6.067790496415147450e-01
6.068054423594848590e-01
6.068394356035532455e-01
6.068847590515529244e-01
6.069492019963026452e-01
6.070406387872241405e-01
6.071021892771741868e-01
6.070644172435992747e-01
6.070298772874085369e-01
6.070219372575821337e-01
6.070306343387565917e-01
6.070497577129566613e-01
6.070762570081303933e-01
6.071086737700578384e-01
6.071463342118157414e-01
6.071889870110703802e-01
6.072366340501755833e-01
6.072894480756155788e-01
6.073477324458890214e-01
6.074149443941654347e-01
6.074858299627445835e-01
6.075637903532439266e-01
6.076455269945107984e-01
6.077396344082540702e-01
6.078434744061466111e-01
6.079582755781177683e-01
6.080794317209673450e-01
6.082200628352925076e-01
6.083767069725236620e-01
6.085517116115913838e-01
6.087478430329824608e-01
6.089683484346282150e-01
6.092170063170265770e-01
6.094981381475035320e-01
6.098088522819136159e-01
6.101684480588928094e-01
6.105746421438444926e-01
6.110300513990033489e-01
6.115327649880020200e-01
6.120718101162773150e-01
6.126206029974640144e-01
6.131303419296147972e-01
6.135224832339203349e-01
6.137385273527941054e-01
6.137151773024501766e-01
6.134550490206361895e-01
6.130144057014302872e-01
6.124718969163451820e-01
6.118967568751102482e-01
6.113351580657466755e-01
6.108230347087875156e-01
6.103461855644449763e-01
6.099184128663671656e-01
6.095368741478803809e-01
6.091897253381797217e-01
6.088873766922493491e-01
6.086169328465650397e-01
6.083741582872276288e-01
6.081648570193061154e-01
6.079659862238999679e-01
6.077853424814116945e-01
6.076206204215067741e-01
6.074698646981884220e-01
6.073314153414970384e-01
6.072038606830785223e-01
6.070859978355517272e-01
6.069767995630884760e-01
6.068753868710100585e-01
6.067810058062906853e-01
6.066930080456334196e-01
6.066108343936738034e-01
6.065340009567181667e-01
6.064620874129390549e-01
6.063947273160392726e-01
6.063344056113488811e-01
6.062750552822552264e-01
6.062194185520874967e-01
6.061672751172278995e-01
6.061184300340184405e-01
6.060727104886262095e-01
6.060299630386218883e-01
6.059882783445328380e-01
6.059512012455433583e-01
6.059167248850023668e-01
6.058847522976157363e-01
6.058551960245446288e-01
6.058279764626436359e-01
6.058030203475632813e-01
6.057802590775589469e-01
6.057596270632553681e-01
6.057427123824323800e-01
6.057259655392334130e-01
6.057111561094474794e-01
6.056982105715603693e-01
6.056870472313528042e-01
6.056775728713655882e-01
6.056696791377131905e-01
6.056632383697801991e-01
6.056580991272291215e-01
6.056540812451469691e-01
6.056509708194737218e-01
6.056485151252075649e-01
6.056464183544975066e-01
6.056443382341581971e-01
6.056418847738859190e-01
6.056386218119292897e-01
6.056343387079393681e-01
6.056280891004711675e-01
6.056195486541566808e-01
6.056082019684875251e-01
6.055935648926297210e-01
6.055752126589917239e-01
6.055528077609904081e-01
6.055261241040724718e-01
6.054950639981323546e-01
6.054596653567707598e-01
6.054200979137390748e-01
6.053766490222339813e-01
6.053297012135991917e-01
6.052797047586239154e-01
6.052271487935797500e-01
6.051725341853112505e-01
6.051163504432726103e-01
6.050617045889643553e-01
6.050037453208804150e-01
6.049454513648467868e-01
6.048871448162727038e-01
6.048290973519685476e-01
6.047715329032175013e-01
6.047146320527496677e-01
6.046585368591167464e-01
6.046033560727581690e-01
6.045491700823356629e-01
6.044960356397361956e-01
6.044439899693386797e-01
6.043930544843270081e-01
6.043432377961750479e-01
6.042945385454838725e-01
6.042469474903914284e-01
6.042004494030398520e-01
6.041550245055905544e-01
6.041106497694730404e-01
6.040672998325951060e-01
6.040249478499731817e-01
6.039835659844441373e-01
6.039431260782179844e-01
6.039035999017305922e-01
6.038649595132938863e-01
6.038271774145101967e-01
6.037902267991068772e-01
6.037540816054288717e-01
6.037187166676791783e-01
6.036841076336593170e-01
6.036502311853916281e-01
6.036170649165880642e-01
6.035875615558194962e-01
6.035556923644586069e-01
6.035244735904102820e-01
6.034938865115496709e-01
6.034639132455767996e-01
6.034345368089938377e-01
6.034057410164167523e-01
6.033775105203478262e-01
6.033498306368774156e-01
6.033226875111291632e-01
6.032960679435898088e-01
6.032699594323794878e-01
6.032443500720761076e-01
6.032169188225543488e-01
6.031945843961210585e-01
6.031681823237662332e-01
6.031466877452119624e-01
6.031212730964471413e-01
6.031005854744686534e-01
6.030761209902264497e-01
6.030562110012844812e-01
6.030326634019784748e-01
6.030135048492710759e-01
6.029908446057400395e-01
6.029724143278699655e-01
6.029506151926115054e-01
6.029328926536677846e-01
6.029119315373746568e-01
6.028948986886421002e-01
6.028747552140187871e-01
6.028583960987384804e-01
6.028390524253184335e-01
6.028233531283864188e-01
6.028079496071369059e-01
6.027897417879114483e-01
6.027749807870762533e-01
6.027575375690504833e-01
6.027434089127237105e-01
6.027267188722620350e-01
6.027132135967283588e-01
6.026972664949150627e-01
6.026843764576940154e-01
6.026691630767422314e-01
6.026568809121612968e-01
6.026423925953597882e-01
6.026307112955577860e-01
6.026169398230835084e-01
6.026058525780719766e-01
6.025939100080687227e-01
6.025822893507150058e-01
6.025709885815249134e-01
6.025600054523753135e-01
6.025493376956136959e-01
6.025389828300825590e-01
6.025289382216105771e-01
6.025192009719142483e-01
6.025097680082499574e-01
6.025006359795507249e-01
6.024918013345766932e-01
6.024832601473038007e-01
6.024750083639923703e-01
6.024670416504094295e-01
6.024593555151237512e-01
6.024519452674803599e-01
6.024454951898218225e-01
6.024385985466007565e-01
6.024319640786071073e-01
6.024255873106542092e-01
6.024194639951937491e-01
6.024135902941072374e-01
6.024079626770771911e-01
6.024025782317340427e-01
6.023974345226702498e-01
6.023925296991278211e-01
6.023878623895614348e-01
6.023834317828100637e-01
6.023792374759232571e-01
6.023752794955938850e-01
6.023715580271274961e-01
6.023680735862695368e-01
6.023648267486153562e-01
6.023618181724353926e-01
6.023590484424365954e-01
6.023565181450263317e-01
6.023542277442945903e-01
6.023521776456965959e-01
6.023503681034974022e-01
6.023487993626360781e-01
6.023474715922766398e-01
6.023463850036754330e-01
6.023455398002368621e-01
6.023449363580928306e-01
6.023445751856612018e-01
6.023441213355037460e-01
