-1.772928085486125127e-05
-5.319714635243499856e-05
-8.867131835155195319e-05
-1.241520466904733055e-04
-1.596393126309658683e-04
-1.951331497389574565e-04
-2.306334846752244871e-04
-2.661404046967463799e-04
-3.016539476645707651e-04
-3.371740318598437369e-04
-3.727006360665363616e-04
-4.082337942044045320e-04
-4.437735733511249947e-04
-4.793199498217548538e-04
-5.148729626891501709e-04
-5.504325231153739395e-04
-5.859987343957984152e-04
-6.215716418807026855e-04
-6.571511444496414001e-04
-6.927372176234181111e-04
-7.283299720589608839e-04
-7.639293794583501551e-04
-7.995354103976781701e-04
-8.351481456847498208e-04
-8.707674802629350452e-04
-9.063935343203155526e-04
-9.420263488184588141e-04
-9.776658269293747594e-04
-1.013311928430460362e-03
-1.048964781326655604e-03
-1.084624352174601292e-03
-1.120290691029590668e-03
-1.155963677711202564e-03
-1.191643360453409350e-03
-1.227329834853185808e-03
-1.263023142652475173e-03
-1.298723180917171760e-03
-1.334429898102285073e-03
-1.370143440750148933e-03
-1.405863769535886654e-03
-1.441590941682280302e-03
-1.477324818636938097e-03
-1.513065555843295940e-03
-1.548813195480280847e-03
-1.584567525919400310e-03
-1.620328742158672064e-03
-1.656096697389419781e-03
-1.691871557091828571e-03
-1.727653275942708788e-03
-1.763441918500308070e-03
-1.799237326667868508e-03
-1.835039676751137883e-03
-1.870849011192055045e-03
-1.906665216764746873e-03
-1.942488216848281546e-03
-1.978318076705454232e-03
-2.014154926338274088e-03
-2.049998713968936848e-03
-2.085849512325044230e-03
-2.121707142038631311e-03
-2.157571737555596947e-03
-2.193443276061524116e-03
-2.229321995737554296e-03
-2.265207513468925349e-03
-2.301100069482253652e-03
-2.336999606076917146e-03
-2.372906201270619242e-03
-2.408819831565600644e-03
-2.444740400531109081e-03
-2.480668060478641301e-03
-2.516602749620955315e-03
-2.552544795174749304e-03
-2.588493647618150817e-03
-2.624449636547843134e-03
-2.660412696638525532e-03
-2.696382995394430715e-03
-2.732360308702608265e-03
-2.768344724721760741e-03
-2.804336296049592114e-03
-2.840334993460147395e-03
-2.876341168795648606e-03
-2.912354237016412384e-03
-2.948374552765753442e-03
-2.984402042424227908e-03
-3.020436895933675814e-03
-3.056478859339017973e-03
-3.092528125605231715e-03
-3.128584616906460170e-03
-3.164648615726184389e-03
-3.200719737269985821e-03
-3.236798027701492941e-03
-3.272883694401929056e-03
-3.308976654016970720e-03
-3.345077123474538006e-03
-3.381184813851745297e-03
-3.417299945775553738e-03
-3.453422431042407759e-03
-3.489552637810144908e-03
-3.525689929260944488e-03
-3.561834592444079739e-03
-3.597986812818532165e-03
-3.634146467871413044e-03
-3.670313755795628907e-03
-3.706488449640055194e-03
-3.742670691083693768e-03
-3.778860409228368411e-03
-3.815057714972480696e-03
-3.851262629386398295e-03
-3.887475174086940655e-03
-3.923695371274904531e-03
-3.959923175986590493e-03
-3.996158848096675875e-03
-4.032402106369792349e-03
-4.068653181938830521e-03
-4.104911923277887453e-03
-4.141178370920761687e-03
-4.177452660511615790e-03
-4.213734801711055411e-03
-4.250024783959860386e-03
-4.286322655779439827e-03
-4.322628467050004808e-03
-4.358942207666416380e-03
-4.395264076005989118e-03
-4.431593823812751687e-03
-4.467931620413145843e-03
-4.504277512162535579e-03
-4.540631513388015961e-03
-4.576993713770405314e-03
-4.613364072930004056e-03
-4.649742675785661916e-03
-4.686129568710284410e-03
-4.722524809440131754e-03
-4.758928428640230024e-03
-4.795340972309491967e-03
-4.831761487057439908e-03
-4.868190565717744889e-03
-4.904628250218423524e-03
-4.941074538068468414e-03
-4.977529579068717958e-03
-5.013993407208094943e-03
-5.050466023161725992e-03
-5.086947527431773253e-03
-5.123438024871251883e-03
-5.159937520173851766e-03
-5.196446311766522719e-03
-5.232964297738784687e-03
-5.269491752056820744e-03
-5.306028479965085864e-03
-5.342574607750005811e-03
-5.379130214131611076e-03
-5.415695541670761948e-03
-5.452270705862183320e-03
-5.488855828833405504e-03
-5.525451039840811873e-03
-5.562056267846227087e-03
-5.598672118570235945e-03
-5.635298331588489695e-03
-5.671935279775608407e-03
-5.708583031058589441e-03
-5.745242191894983641e-03
-5.781912219109841544e-03
-5.818593743964872722e-03
-5.855286882132992865e-03
-5.891992083226882393e-03
-5.928709279135024879e-03
-5.965438289443514286e-03
-6.002179974710197818e-03
-6.038934584747912560e-03
-6.075702871844668174e-03
-6.112484423042685577e-03
-6.149280032069937008e-03
-6.186089973933661668e-03
-6.222914207830720912e-03
-6.259753436063331122e-03
-6.296608291011085434e-03
-6.333479235160255350e-03
-6.370366180704412074e-03
-6.407270566357703423e-03
-6.444192088597477941e-03
-6.481131677427809379e-03
-6.518089697390316850e-03
-6.555066122866826106e-03
-6.592061666498061356e-03
-6.629076860989124853e-03
-6.666111953282150004e-03
-6.703167072224180956e-03
-6.740241460067797341e-03
-6.777335705650311404e-03
-6.814449451958415338e-03
-6.851581979559262514e-03
-6.888732677134301596e-03
-6.925900137827678549e-03
-6.963082847038726264e-03
-7.000279760779881677e-03
-7.037489386887529896e-03
-7.074710075637646867e-03
-7.111940164862717850e-03
-7.149178016213175724e-03
-7.186422249648827254e-03
-7.223671622994420893e-03
-7.260924570518079157e-03
-7.298180285935651490e-03
-7.335437797942767624e-03
-7.372697212958190249e-03
-7.409956877619250371e-03
-7.447216849524651572e-03
-7.484476878210188922e-03
-7.521736821057500855e-03
-7.558997003673573190e-03
-7.596257093345659683e-03
-7.633517193584737903e-03
-7.670777304890630255e-03
-7.708038055513788400e-03
-7.745298793124799630e-03
-7.782560522405446157e-03
-7.819822957102928740e-03
-7.857086093274290306e-03
-7.894350317008691498e-03
-7.931616067236135770e-03
-7.968883986593122692e-03
-8.006153777787683445e-03
-8.043426074857751296e-03
-8.080700234219251321e-03
-8.117976937695114970e-03
-8.155256253936982169e-03
-8.192538611027200268e-03
-8.229823819021597764e-03
-8.267112292604905655e-03
-8.304404071701632084e-03
-8.341699804894298076e-03
-8.378999109188600691e-03
-8.416302213305582036e-03
-8.453609318233135106e-03
-8.490920431719728434e-03
-8.528235929175953522e-03
-8.565555557931037178e-03
-8.602879683413555689e-03
-8.640208291296413989e-03
-8.677541989624448782e-03
-8.714880002294367323e-03
-8.752222929284902975e-03
-8.789570929207846106e-03
-8.826923953718757154e-03
-8.864282280516166956e-03
-8.901645612228614723e-03
-8.939014286191704350e-03
-8.976388245653499354e-03
-9.013767803356720343e-03
-9.051152618777091874e-03
-9.088542880110184186e-03
-9.125939030744878444e-03
-9.163340771165651155e-03
-9.200748254124535563e-03
-9.238161654195331529e-03
-9.275580834021801557e-03
-9.313006422570380138e-03
-9.350437652307364012e-03
-9.387874864466683178e-03
-9.425318090255707659e-03
-9.462767647883008060e-03
-9.500223325061174506e-03
-9.537685154167752088e-03
-9.575153202301511790e-03
-9.612628007142576259e-03
-9.650108941099522220e-03
-9.687596226764183527e-03
-9.725089846230994262e-03
-9.762589904389384898e-03
-9.800096628430843282e-03
-9.837609872770380903e-03
-9.875129579778429978e-03
-9.912655883913989996e-03
-9.950189248179586166e-03
-9.987729014097501690e-03
-1.002527535962161043e-02
-1.006282844355543826e-02
-1.010038829727866183e-02
-1.013795509012915819e-02
-1.017552871801130632e-02
-1.021310904308603273e-02
-1.025069626470609396e-02
-1.028829080145021724e-02
-1.032589202054723376e-02
-1.036350003044905765e-02
-1.040111505276275494e-02
-1.043873720982391173e-02
-1.047636637090931799e-02
-1.051400262281565468e-02
-1.055164577037925877e-02
-1.058929605968239596e-02
-1.062695387179568574e-02
-1.066461859242551213e-02
-1.070229028699043461e-02
-1.073996922029463175e-02
-1.077765547259301737e-02
-1.081534900999858717e-02
-1.085304959408994740e-02
-1.089075739521028208e-02
-1.092847254486262187e-02
-1.096619529296183337e-02
-1.100392514563264257e-02
-1.104166222503299988e-02
-1.107940673637264339e-02
-1.111715863262019433e-02
-1.115491800227275121e-02
-1.119268465599265738e-02
-1.123045882019169106e-02
-1.126824073250254354e-02
-1.130602974913774705e-02
-1.134382633078656610e-02
-1.138163026384397813e-02
-1.141944179779952329e-02
-1.145726086799636612e-02
-1.149508757581918506e-02
-1.153292168496156123e-02
-1.157076346476493267e-02
-1.160861314151140355e-02
-1.164647022583586988e-02
-1.168433476026420337e-02
-1.172220684522773393e-02
-1.176008668197658924e-02
-1.179797419055628183e-02
-1.183586948410653150e-02
-1.187377228486707903e-02
-1.191168290055999446e-02
-1.194960158841851250e-02
-1.198752777959288807e-02
-1.202546152261529944e-02
-1.206340314127629654e-02
-1.210135254338129407e-02
-1.213930963502929394e-02
-1.217727464614004607e-02
-1.221524726175016173e-02
-1.225322782445958936e-02
-1.229121658792353688e-02
-1.232921297515710002e-02
-1.236721700830900605e-02
-1.240522904479346433e-02
-1.244324898030513271e-02
-1.248127694769407547e-02
-1.251931260102945309e-02
-1.255735606839480933e-02
-1.259540760573507612e-02
-1.263346746488280825e-02
-1.267153505911988720e-02
-1.270961038724649494e-02
-1.274769383808904699e-02
-1.278578529608598302e-02
-1.282388490368335798e-02
-1.286199228321860399e-02
-1.290010783692696616e-02
-1.293823181562114844e-02
-1.297636335489593673e-02
-1.301450310469398630e-02
-1.305265067323713168e-02
-1.309080647744886861e-02
-1.312897039131921684e-02
-1.316714256645490355e-02
-1.320532259543516496e-02
-1.324351090914044349e-02
-1.328170775884107702e-02
-1.331991224888118275e-02
-1.335812505836797559e-02
-1.339634576665837962e-02
-1.343457481857956992e-02
-1.347281207827910610e-02
-1.351105770619565050e-02
-1.354931126669578489e-02
-1.358757321799253237e-02
-1.362584381189213545e-02
-1.366412242888348505e-02
-1.370240901295549651e-02
-1.374070372446012378e-02
-1.377900688365829573e-02
-1.381731834520416591e-02
-1.385563827825397887e-02
-1.389396622032923467e-02
-1.393230265581968386e-02
-1.397064775927692182e-02
-1.400900105567060017e-02
-1.404736239470483206e-02
-1.408573227234777292e-02
-1.412411053518236592e-02
-1.416249702905147956e-02
-1.420089209489194815e-02
-1.423929524389466739e-02
-1.427770698627539581e-02
-1.431612750577548887e-02
-1.435455629992077320e-02
-1.439299321014275712e-02
-1.443143875796459863e-02
-1.446989278154675596e-02
-1.450835546552209365e-02
-1.454682629822723339e-02
-1.458530546072378531e-02
-1.462379331456709064e-02
-1.466229005164143562e-02
-1.470079514424849076e-02
-1.473930842539672437e-02
-1.477783044139246993e-02
-1.481636102195593718e-02
-1.485490035982972579e-02
-1.489344791844748883e-02
-1.493200425514895624e-02
-1.497056956907028002e-02
-1.500914293849231473e-02
-1.504772511690044556e-02
-1.508631555662631740e-02
-1.512491482719324765e-02
-1.516352275008414630e-02
-1.520213952605908858e-02
-1.524076459405276918e-02
-1.527939853572990447e-02
-1.531804155869986861e-02
-1.535669308766118846e-02
-1.539535294047678082e-02
-1.543402131808269129e-02
-1.547269862173417110e-02
-1.551138466475920907e-02
-1.555007965592491992e-02
-1.558878300992183608e-02
-1.562749533255036738e-02
-1.566621683485602823e-02
-1.570494692646851043e-02
-1.574368541263060362e-02
-1.578243290994729708e-02
-1.582118922449460285e-02
-1.585995416096841470e-02
-1.589872814028281400e-02
-1.593751055301573238e-02
-1.597630202903255192e-02
-1.601510278582207736e-02
-1.605391221207452812e-02
-1.609273010342726629e-02
-1.613155710056379810e-02
-1.617039300153577663e-02
-1.620923803033547106e-02
-1.624809155591411258e-02
-1.628695379886724304e-02
-1.632582519977510138e-02
-1.636470598302786073e-02
-1.640359595224549771e-02
-1.644249423920407516e-02
-1.648140150797194892e-02
-1.652031776749229852e-02
-1.655924369346672975e-02
-1.659817818624709229e-02
-1.663712137137762781e-02
-1.667607413908689384e-02
-1.671503527632778319e-02
-1.675400614030708724e-02
-1.679298538590812129e-02
-1.683197370040812046e-02
-1.687097109282231777e-02
-1.690997826315177033e-02
-1.694899407135330716e-02
-1.698801864739873935e-02
-1.702705291339756677e-02
-1.706609654627766481e-02
-1.710514861648204654e-02
-1.714420983431330647e-02
-1.718328020883475027e-02
-1.722235951326567260e-02
-1.726144870796020303e-02
-1.730054661211899436e-02
-1.733965335546661102e-02
-1.737876990168851776e-02
-1.741789591133302562e-02
-1.745703042201529609e-02
-1.749617416873228137e-02
-1.753532716063688213e-02
-1.757448916281922902e-02
-1.761366116873819276e-02
-1.765284195636951381e-02
-1.769203165789579035e-02
-1.773123122765374315e-02
-1.777044040462738561e-02
-1.780965814700363747e-02
-1.784888521481908796e-02
-1.788812161734332218e-02
-1.792736812676054559e-02
-1.796662346041943970e-02
-1.800588781234513380e-02
-1.804516212047058143e-02
-1.808444509406137435e-02
-1.812373823742186030e-02
-1.816304001236812571e-02
-1.820235120337743151e-02
-1.824167181984825969e-02
-1.828100265964105464e-02
-1.832034239769186890e-02
-1.835969124430503197e-02
-1.839905014795206739e-02
-1.843841778307198087e-02
-1.847779570544905159e-02
-1.851718232550969567e-02
-1.855657845367186809e-02
-1.859598409950535824e-02
-1.863540008708564066e-02
-1.867482504809669930e-02
-1.871425919754665657e-02
-1.875370351855643047e-02
-1.879315773798584388e-02
-1.883262071433211560e-02
-1.887209328287331456e-02
-1.891157545332633472e-02
-1.895106695796411334e-02
-1.899056892505035510e-02
-1.903007994229488631e-02
-1.906960022915127340e-02
-1.910913080489373694e-02
-1.914867081462656717e-02
-1.918821993310693141e-02
-1.922777902376537895e-02
-1.926734781198380375e-02
-1.930692602119721268e-02
-1.934651423804500947e-02
-1.938611160689474033e-02
-1.942571900641787419e-02
-1.946533669067429528e-02
-1.950496389698341826e-02
-1.954460029095850260e-02
-1.958424676389214358e-02
-1.962390303218930487e-02
-1.966356940472668846e-02
-1.970324500094089437e-02
-1.974293012621375354e-02
-1.978262539040032131e-02
-1.982233105674380269e-02
-1.986204633574706335e-02
-1.990177088321365417e-02
-1.994150561915353226e-02
-1.998125025076014083e-02
-2.002100509681348228e-02
-2.006076924828159580e-02
-2.010054363841173863e-02
-2.014032853919300869e-02
-2.018012251338552332e-02
-2.021992676409700707e-02
-2.025974036621303043e-02
-2.029956426943169134e-02
-2.033939817147500939e-02
-2.037924240139110665e-02
-2.041909602076374952e-02
-2.045895999297764334e-02
-2.049883460033308236e-02
-2.053871899871295703e-02
-2.057861282513273604e-02
-2.061851640961254173e-02
-2.065843041141657288e-02
-2.069835451846901986e-02
-2.073828907054453552e-02
-2.077823309873993995e-02
-2.081818759779185957e-02
-2.085815286075243247e-02
-2.089812801301904610e-02
-2.093811268131684500e-02
-2.097810787488740836e-02
-2.101811327254432538e-02
-2.105812855078881274e-02
-2.109815439548357041e-02
-2.113818980603687780e-02
-2.117823580988209553e-02
-2.121829270197017614e-02
-2.125835959472466286e-02
-2.129843609480586153e-02
-2.133852324483187513e-02
-2.137862071308926915e-02
-2.141872886116802377e-02
-2.145884665877251241e-02
-2.149897446325266248e-02
-2.153911298866473256e-02
-2.157926253641717640e-02
-2.161942219692492007e-02
-2.165959155957541959e-02
-2.169977170245829257e-02
-2.173996228318186841e-02
-2.178016367547486176e-02
-2.182037481408560797e-02
-2.186059679356555652e-02
-2.190082991995978556e-02
-2.194107253551413894e-02
-2.198132603860314394e-02
-2.202158934305575855e-02
-2.206186356469930221e-02
-2.210214834966905961e-02
-2.214244408493193372e-02
-2.218274966861033537e-02
-2.222306623358261124e-02
-2.226339409087974008e-02
-2.230373229314519534e-02
-2.234408039163193749e-02
-2.238443877540174931e-02
-2.242480822144743424e-02
-2.246518836374067352e-02
-2.250557960357280063e-02
-2.254598080006986471e-02
-2.258639312716914649e-02
-2.262681689993872869e-02
-2.266725115287104853e-02
-2.270769541348294229e-02
-2.274815087527104485e-02
-2.278861716059688014e-02
-2.282909388820930641e-02
-2.286958187111787222e-02
-2.291007992658478098e-02
-2.295058927305282381e-02
-2.299111022948530092e-02
-2.303164181217376427e-02
-2.307218352252193849e-02
-2.311273660032742150e-02
-2.315330065414600291e-02
-2.319387611642731439e-02
-2.323446176358456849e-02
-2.327505802271934154e-02
-2.331566574731325225e-02
-2.335628525984689841e-02
-2.339691555905454301e-02
-2.343755611664533056e-02
-2.347820822375845662e-02
-2.351887147401332534e-02
-2.355954631913270703e-02
-2.360023148574086349e-02
-2.364092829008190844e-02
-2.368163679618373596e-02
-2.372235563105651313e-02
-2.376308617302280712e-02
-2.380382711762540904e-02
-2.384457981447063446e-02
-2.388534384081431039e-02
-2.392611967052782340e-02
-2.396690597443340565e-02
-2.400770413025510308e-02
-2.404851419350229058e-02
-2.408933561990667105e-02
-2.413016765272413267e-02
-2.417101071283456193e-02
-2.421186575571743216e-02
-2.425273227747715143e-02
-2.429361083962799928e-02
-2.433450011484816766e-02
-2.437540148822270325e-02
-2.441631494002638458e-02
-2.445724005603633344e-02
-2.449817597582626405e-02
-2.453912411817360528e-02
-2.458008395030397697e-02
-2.462105507833300955e-02
-2.466203852644421879e-02
-2.470303290546072006e-02
-2.474403967388094649e-02
-2.478505876476455594e-02
-2.482608983076406428e-02
-2.486713194225931289e-02
-2.490818659386861977e-02
-2.494925320851371087e-02
-2.499033244533510612e-02
-2.503142285445392190e-02
-2.507252489574296472e-02
-2.511363968316826512e-02
-2.515476710813246974e-02
-2.519590672268112730e-02
-2.523705783655072477e-02
-2.527822188662920411e-02
-2.531939808500038858e-02
-2.536058732381396563e-02
-2.540178822775984724e-02
-2.544300228213736137e-02
-2.548422917151738076e-02
-2.552546763954055553e-02
-2.556671943205979236e-02
-2.560798312307899227e-02
-2.564926026775771195e-02
-2.569054999728637156e-02
-2.573185332081828758e-02
-2.577316876722524075e-02
-2.581449795797352564e-02
-2.585584050137879064e-02
-2.589719643062693422e-02
-2.593856474367106646e-02
-2.597994579548978944e-02
-2.602134033390557377e-02
-2.606274810711228795e-02
-2.610417006689824682e-02
-2.614560526247777794e-02
-2.618705454826097956e-02
-2.622851756941402268e-02
-2.626999572777188874e-02
-2.631148701753527330e-02
-2.635299285459247187e-02
-2.639451211434806766e-02
-2.643604593618475995e-02
-2.647759490987167119e-02
-2.651915828962114752e-02
-2.656073682886928022e-02
-2.660233039697723623e-02
-2.664394036353079365e-02
-2.668556482380657346e-02
-2.672720516968651872e-02
-2.676886131051103845e-02
-2.681053407139144529e-02
-2.685222177116286524e-02
-2.689392609052276839e-02
-2.693564744433540881e-02
-2.697738580913700002e-02
-2.701914269458127738e-02
-2.706091628876960975e-02
-2.710270813981374705e-02
-2.714451829619846102e-02
-2.718634774590977798e-02
-2.722819595928960279e-02
-2.727006328125947121e-02
-2.731194944945647407e-02
-2.735385621525288080e-02
-2.739578500923733895e-02
-2.743773411021621644e-02
-2.747970530523324850e-02
-2.752169794964076655e-02
-2.756371344467711815e-02
-2.760575236711992897e-02
-2.764781519190451231e-02
-2.768990235391011190e-02
-2.773201326342167317e-02
-2.777415033503927155e-02
-2.781631148395447006e-02
-2.785849800695483491e-02
-2.790070945939138181e-02
-2.794294614099990248e-02
-2.798520563249839999e-02
-2.802748848159175576e-02
-2.806979372064388745e-02
-2.811212006174057532e-02
-2.815446600256044096e-02
-2.819682933731904040e-02
-2.823920916082400812e-02
-2.828160324334050291e-02
-2.832401042397392210e-02
-2.836642801741073860e-02
-2.840885508916124458e-02
-2.845128992515366662e-02
-2.849373145862366119e-02
-2.853617876656533436e-02
-2.857863105338387388e-02
-2.862108771703752996e-02
-2.866354853779795597e-02
-2.870601361956648390e-02
-2.874848174371158471e-02
-2.879095352357263771e-02
-2.883342867401517129e-02
-2.887590862461619778e-02
-2.891839144201213685e-02
-2.896087818664749847e-02
-2.900336917615276011e-02
-2.904586466535374889e-02
-2.908836492203703550e-02
-2.913087035319472662e-02
-2.917338140251124479e-02
-2.921589766108034780e-02
-2.925842095375663643e-02
-2.930094920527903657e-02
-2.934348401775044302e-02
-2.938602530643730226e-02
-2.942857399506759730e-02
-2.947112930124395902e-02
-2.951369213251464618e-02
-2.955626236637531878e-02
-2.959884153851743971e-02
-2.964142799582114574e-02
-2.968402209438247841e-02
-2.972662470694686920e-02
-2.976923566664591014e-02
-2.981185583517442783e-02
-2.985448433756465736e-02
-2.989712202302829969e-02
-2.993976869381498318e-02
-2.998242593293076741e-02
-3.002509134717523676e-02
-3.006776627947382874e-02
-3.011045089763186855e-02
-3.015314514916167532e-02
-3.019584999384039570e-02
-3.023856421280202156e-02
-3.028128889361725307e-02
-3.032402351736851465e-02
-3.036676992136599917e-02
-3.040952535614038776e-02
-3.045229199295029776e-02
-3.049506917417121876e-02
-3.053785673285869251e-02
-3.058065546626531628e-02
-3.062346434005303042e-02
-3.066628456898068400e-02
-3.070911662394426589e-02
-3.075195943904862617e-02
-3.079481266424966002e-02
-3.083767757548361299e-02
-3.088055379853771321e-02
-3.092344186011086737e-02
-3.096634058112057719e-02
-3.100925039657231874e-02
-3.105217225570677808e-02
-3.109510649813640448e-02
-3.113805213033449260e-02
-3.118100868409823256e-02
-3.122397754330863417e-02
-3.126695820532665593e-02
-3.130995129566505053e-02
-3.135295550101935280e-02
-3.139597225124657331e-02
-3.143900209204408824e-02
-3.148204277236010817e-02
-3.152509616066923037e-02
-3.156816058135780700e-02
-3.161123781501617991e-02
-3.165432755924868502e-02
-3.169743022109527963e-02
-3.174054407374737874e-02
-3.178367094201073328e-02
-3.182681129300835021e-02
-3.186996395349261935e-02
-3.191312795247336354e-02
-3.195630403140004017e-02
-3.199949335726715027e-02
-3.204269555404848369e-02
-3.208591108953218196e-02
-3.212913813260009910e-02
-3.217237860041466391e-02
-3.221563290742768260e-02
-3.225889990719610356e-02
-3.230217854451788995e-02
-3.234547077579130736e-02
-3.238877616938140580e-02
-3.243209402329461088e-02
-3.247542559061789014e-02
-3.251876894615024494e-02
-3.256212609259900859e-02
-3.260549729692763243e-02
-3.264888154203415827e-02
-3.269227779323646832e-02
-3.273568798925596823e-02
-3.277911154948198735e-02
-3.282254913251603234e-02
-3.286599882765939284e-02
-3.290946131801397723e-02
-3.295293793385778436e-02
-3.299642892401710714e-02
-3.303993326614784731e-02
-3.308344984478361894e-02
-3.312698069103958698e-02
-3.317052519075813777e-02
-3.321408403048353719e-02
-3.325765520488810356e-02
-3.330124078456131453e-02
-3.334484170038876094e-02
-3.338845416174018865e-02
-3.343208112845563740e-02
-3.347572054549796672e-02
-3.351937453073261519e-02
-3.356304243988406100e-02
-3.360672498514971629e-02
-3.365042007267327051e-02
-3.369412985759667745e-02
-3.373785528159300995e-02
-3.378159387085699628e-02
-3.382534509159007552e-02
-3.386910969725687170e-02
-3.391288915429491180e-02
-3.395668279135699574e-02
-3.400049134444982357e-02
-3.404431263579610345e-02
-3.408814890164546529e-02
-3.413200109894354295e-02
-3.417586669484162787e-02
-3.421974511437175792e-02
-3.426363862974712848e-02
-3.430754654729317732e-02
-3.435146812116884885e-02
-3.439540488075010227e-02
-3.443935456750524260e-02
-3.448331949710292665e-02
-3.452730064525399989e-02
-3.457129541660475258e-02
-3.461530319903027841e-02
-3.465932557272144443e-02
-3.470336217938463363e-02
-3.474741461813413146e-02
-3.479148054045777538e-02
-3.483556076884619657e-02
-3.487965572126416891e-02
-3.492376503254202014e-02
-3.496789206265826788e-02
-3.501203095613036886e-02
-3.505618507900398750e-02
-3.510035366457342487e-02
-3.514453836342956716e-02
-3.518873675149136737e-02
-3.523295048541252861e-02
-3.527717797560714352e-02
-3.532142046145236858e-02
-3.536568099775061480e-02
-3.540995355941900513e-02
-3.545424161171450983e-02
-3.549854436245925005e-02
-3.554286351795088450e-02
-3.558719657177700224e-02
-3.563154523658051964e-02
-3.567590870848547091e-02
-3.572029054035408269e-02
-3.576468370140306607e-02
-3.580909216995808997e-02
-3.585351639946032787e-02
-3.589795557142949622e-02
-3.594241144945875543e-02
-3.598688144309158954e-02
-3.603136689077224286e-02
-3.607586717608790572e-02
-3.612038297451325430e-02
-3.616491431621182695e-02
-3.620946123146995266e-02
-3.625402331097116182e-02
-3.629860124315065217e-02
-3.634319619325987460e-02
-3.638780526250295910e-02
-3.643242972341609320e-02
-3.647706993924337837e-02
-3.652172571633716114e-02
-3.656639742222311806e-02
-3.661108497630127800e-02
-3.665578818277048789e-02
-3.670050718599049411e-02
-3.674524190194550233e-02
-3.678999293393392378e-02
-3.683476043143329992e-02
-3.687954327563247592e-02
-3.692434172557812477e-02
-3.696915621719121248e-02
-3.701398672370415088e-02
-3.705883345229710191e-02
-3.710369608363361937e-02
-3.714857500239598931e-02
-3.719347006394169153e-02
-3.723838124097578195e-02
-3.728330916174649179e-02
-3.732825686308960389e-02
-3.737321729847375984e-02
-3.741819379932531664e-02
-3.746318675952231558e-02
-3.750819596897458919e-02
-3.755322182620168814e-02
-3.759826399813825937e-02
-3.764332288715976915e-02
-3.768839852744154673e-02
-3.773349033384321149e-02
-3.777859908380043485e-02
-3.782372506302233983e-02
-3.786886730907512710e-02
-3.791402786453967888e-02
-3.795920374573535927e-02
-3.800439649527098673e-02
-3.804960538816493099e-02
-3.809483121873713518e-02
-3.814007402239438793e-02
-3.818533383466704567e-02
-3.823061017401252482e-02
-3.827590385006063300e-02
-3.832121619887551844e-02
-3.836654414097673271e-02
-3.841188979341658705e-02
-3.845725214638640033e-02
-3.850263546612908705e-02
-3.854803237571291508e-02
-3.859344714964174639e-02
-3.863887876294958001e-02
-3.868432938850485669e-02
-3.872979477622096045e-02
-3.877527764156385448e-02
-3.882077856293442153e-02
-3.886629649641948347e-02
-3.891183584981394716e-02
-3.895738900229561708e-02
-3.900296037021389051e-02
-3.904854889397890716e-02
-3.909415682002970183e-02
-3.913978086843228343e-02
-3.918542329424912207e-02
-3.923108189974722215e-02
-3.927675839888633558e-02
-3.932245678883627971e-02
-3.936816919308638862e-02
-3.941390017652868227e-02
-3.945964864376549919e-02
-3.950541806535146083e-02
-3.955120332896577828e-02
-3.959700792184972507e-02
-3.964283305269955537e-02
-3.968867528280317636e-02
-3.973453348163358267e-02
-3.978040884188360771e-02
-3.982630375169271542e-02
-3.987221707575472340e-02
-3.991815004471499506e-02
-3.996409914046816780e-02
-4.001006796936568133e-02
-4.005605777425125247e-02
-4.010206501391477829e-02
-4.014808851200468709e-02
-4.019413193011989183e-02
-4.024019409823675897e-02
-4.028627383860250433e-02
-4.033237364033148697e-02
-4.037848986476777480e-02
-4.042462624241471847e-02
-4.047078405843562710e-02
-4.051695965157553481e-02
-4.056315180442238155e-02
-4.060936430502892769e-02
-4.065559594333756355e-02
-4.070184803230902926e-02
-4.074811682055901052e-02
-4.079440360411978883e-02
-4.084071097840857867e-02
-4.088704027302059174e-02
-4.093338770118915004e-02
-4.097975200288550557e-02
-4.102613709816982368e-02
-4.107254173525820562e-02
-4.111896727329500401e-02
-4.116540983041061530e-02
-4.121187338793852462e-02
-4.125835927085719224e-02
-4.130486100703523178e-02
-4.135138390046078083e-02
-4.139792399464281569e-02
-4.144448534776346005e-02
-4.149106666450597114e-02
-4.153766935235503333e-02
-4.158428939314884332e-02
-4.163093090898939419e-02
-4.167759527352066229e-02
-4.172427853829208111e-02
-4.177097931104867268e-02
-4.181769900300036369e-02
-4.186444044033166278e-02
-4.191120228223454980e-02
-4.195798598686095726e-02
-4.200478739347623947e-02
-4.205161077159058625e-02
-4.209845759184005498e-02
-4.214532367077128416e-02
-4.219220761394781860e-02
-4.223911375952016378e-02
-4.228604072399466673e-02
-4.233298711414079651e-02
-4.237995588181953099e-02
-4.242694271691038743e-02
-4.247395204353809905e-02
-4.252098538606985390e-02
-4.256803841085210482e-02
-4.261510967307025055e-02
-4.266220366894002414e-02
-4.270931896541008133e-02
-4.275645712394571252e-02
-4.280361369372498448e-02
-4.285079021527316012e-02
-4.289798977387393464e-02
-4.294521395042949496e-02
-4.299245825361197593e-02
-4.303972118581678163e-02
-4.308700740932880358e-02
-4.313431543910239974e-02
-4.318164689509806919e-02
-4.322899716269579251e-02
-4.327636783993693559e-02
-4.332376212732980125e-02
-4.337118166525710805e-02
-4.341862179682542955e-02
-4.346608096893611606e-02
-4.351356401862627177e-02
-4.356106940619719481e-02
-4.360859881332745935e-02
-4.365614745309420730e-02
-4.370372024414881373e-02
-4.375131881957317059e-02
-4.379893520571664922e-02
-4.384657595135788011e-02
-4.389423617048660020e-02
-4.394192088453086065e-02
-4.398962849629861616e-02
-4.403736075263986471e-02
-4.408511268505932446e-02
-4.413288940095649870e-02
-4.418069259447676700e-02
-4.422851740649536012e-02
-4.427636210191077115e-02
-4.432422843320127370e-02
-4.437211991053346960e-02
-4.442003487614176738e-02
-4.446797514580336230e-02
-4.451593555943078595e-02
-4.456392142383380772e-02
-4.461193449788758425e-02
-4.465996973965535854e-02
-4.470802534442674947e-02
-4.475610671246421646e-02
-4.480421212865925984e-02
-4.485233986438763587e-02
-4.490049360128878231e-02
-4.494866797671248637e-02
-4.499686850857276266e-02
-4.504509697226510845e-02
-4.509334823681587778e-02
-4.514162037174684894e-02
-4.518991899403657087e-02
-4.523824232139861401e-02
-4.528659231225040660e-02
-4.533496341152498665e-02
-4.538335754907829589e-02
-4.543177859075997471e-02
-4.548022837459941847e-02
-4.552870158552257962e-02
-4.557719620470279676e-02
-4.562571807920035027e-02
-4.567426535573482216e-02
-4.572284398758108548e-02
-4.577144420525036672e-02
-4.582006727150667036e-02
-4.586872078155324051e-02
-4.591739433387087566e-02
-4.596609977983701079e-02
-4.601482520859900838e-02
-4.606357670358862677e-02
-4.611235434148142076e-02
-4.616116432732342290e-02
-4.620999647823509360e-02
-4.625885212524039058e-02
-4.630773916236874399e-02
-4.635665508263964174e-02
-4.640559145570399835e-02
-4.645455459858172098e-02
-4.650354459254957273e-02
-4.655255941947478160e-02
-4.660160765294452112e-02
-4.665067866744454506e-02
-4.669977387205548336e-02
-4.674890147286758779e-02
-4.679805889250787665e-02
-4.684723732086371051e-02
-4.689644335178522194e-02
-4.694567707225749675e-02
-4.699493637801566148e-02
-4.704423022256898346e-02
-4.709354750637517739e-02
-4.714288972316194037e-02
-4.719226541142540476e-02
-4.724167192320083419e-02
-4.729110003923608918e-02
-4.734055665039260674e-02
-4.739004185009398906e-02
-4.743956267792259762e-02
-4.748910757707947017e-02
-4.753867812665280024e-02
-4.758828318003427427e-02
-4.763791060206667982e-02
-4.768757435481363327e-02
-4.773726035211856011e-02
-4.778697580484070340e-02
-4.783672081374179541e-02
-4.788650275016159696e-02
-4.793630951051219835e-02
-4.798614278060409077e-02
-4.803601178280758610e-02
-4.808590387112776643e-02
-4.813583364637985529e-02
-4.818578635787140740e-02
-4.823576956262720650e-02
-4.828578336988154085e-02
-4.833583551081788166e-02
-4.838591328879937592e-02
-4.843601850938750175e-02
-4.848616078995326983e-02
-4.853633729343409531e-02
-4.858653740623908313e-02
-4.863676902270308577e-02
-4.868703226086212865e-02
-4.873732461644919578e-02
-4.878765683624286531e-02
-4.883801557583844488e-02
-4.888840277929440425e-02
-4.893882837471696945e-02
-4.898928413421754779e-02
-4.903976714207236576e-02
-4.909028560631678584e-02
-4.914083680965308787e-02
-4.919141823873474095e-02
-4.924203560574214045e-02
-4.929268079224491395e-02
-4.934336223839186353e-02
-4.939407912494886421e-02
-4.944483064331250954e-02
-4.949561047354111842e-02
-4.954642725502711453e-02
-4.959727811399239350e-02
-4.964816629576107587e-02
-4.969908330686478859e-02
-4.975003205174455267e-02
-4.980101864093910979e-02
-4.985204200313209100e-02
-4.990310158720379086e-02
-4.995419079237550797e-02
-5.000531861581392068e-02
-5.005648188028155587e-02
-5.010768417853583845e-02
-5.015891668992300545e-02
-5.021018863778903274e-02
-5.026149882482933151e-02
-5.031284043273387407e-02
-5.036422211217872480e-02
-5.041563477966937157e-02
-5.046708795280263615e-02
-5.051857823141880921e-02
-5.057010949064899563e-02
-5.062167242062654005e-02
-5.067327679581190569e-02
-5.072492124465377561e-02
-5.077660550539819795e-02
-5.082832217062305258e-02
-5.088007439248187769e-02
-5.093186930251414335e-02
-5.098370323655021519e-02
-5.103558041563305281e-02
-5.108749097897447022e-02
-5.113944533891001676e-02
-5.119143994695363187e-02
-5.124347308380705623e-02
-5.129554428350302508e-02
-5.134765843713895439e-02
-5.139981249926695028e-02
-5.145200750611944596e-02
-5.150424466259462264e-02
-5.155652141137023747e-02
-5.160884264089615758e-02
-5.166120524510353640e-02
-5.171361650025441126e-02
-5.176606630105051732e-02
-5.181856198620704568e-02
-5.187110040514186782e-02
-5.192368667223656864e-02
-5.197631107517608484e-02
-5.202898109285902795e-02
-5.208169895462999577e-02
-5.213446146530587022e-02
-5.218727633738184934e-02
-5.224013311992059538e-02
-5.229303849020816575e-02
-5.234599145759311067e-02
-5.239899527803515422e-02
-5.245204649215895465e-02
-5.250514841655218312e-02
-5.255829536968414928e-02
-5.261149337970527640e-02
-5.266474570259260801e-02
-5.271804772463228872e-02
-5.277140353322107291e-02
-5.282481198324950888e-02
-5.287827433473002436e-02
-5.293178868586367880e-02
-5.298535887719524329e-02
-5.303898567530362929e-02
-5.309266985335447941e-02
-5.314640938743386833e-02
-5.320020819913851007e-02
-5.325406743822880262e-02
-5.330798611988207814e-02
-5.336196786604374687e-02
-5.341600880300190202e-02
-5.347010934911167190e-02
-5.352427053017116965e-02
-5.357849359730115779e-02
-5.363277826553103367e-02
-5.368712395480579325e-02
-5.374152691033207141e-02
-5.379598927419571019e-02
-5.385051136287899443e-02
-5.390508680648031792e-02
-5.395971675670663270e-02
-5.401439728789181327e-02
-5.406912783422668234e-02
-5.412390228771724043e-02
-5.417872208753538033e-02
-5.423358551101786773e-02
-5.428849111589795218e-02
-5.434343596605195614e-02
-5.439842152270213393e-02
-5.445344750672476142e-02
-5.450851214616125873e-02
-5.456361898343142780e-02
-5.461876237697893544e-02
-5.467394446738538250e-02
-5.472916540911709760e-02
-5.478442687878704032e-02
-5.483972940758530257e-02
-5.489507356994949294e-02
-5.495045806452880655e-02
-5.500588663794925282e-02
-5.506136164690467183e-02
-5.511687771333029229e-02
-5.517243922515990828e-02
-5.522804520736135370e-02
-5.528369940555655226e-02
-5.533939737665727332e-02
-5.539514310331483671e-02
-5.545093551372126672e-02
-5.550677884794319450e-02
-5.556266325974212883e-02
-5.561859659341772399e-02
-5.567458014355031182e-02
-5.573061272684309841e-02
-5.578669990038309656e-02
-5.584283352344321383e-02
-5.589902097681931359e-02
-5.595525735682305157e-02
-5.601155064326546196e-02
-5.606789144408108605e-02
-5.612428780549039153e-02
-5.618072964546527714e-02
-5.623722506908457319e-02
-5.629377901660614913e-02
-5.635038281832627227e-02
-5.640704424620246460e-02
-5.646375803783276748e-02
-5.652053260558009828e-02
-5.657735801243368723e-02
-5.663424270432459995e-02
-5.669118137481898856e-02
-5.674818201866815848e-02
-5.680523012527605164e-02
-5.686233629323889094e-02
-5.691950950565782819e-02
-5.697674253463114180e-02
-5.703404017369417822e-02
-5.709138583072703721e-02
-5.714879758716306934e-02
-5.720627059524652225e-02
-5.726381077328634994e-02
-5.732140043236499949e-02
-5.737905827434330863e-02
-5.743677978348071811e-02
-5.749455784007218018e-02
-5.755240569500152947e-02
-5.761030492235963418e-02
-5.766827502428917285e-02
-5.772631069161004991e-02
-5.778441842788606397e-02
-5.784257917032264995e-02
-5.790081311095063299e-02
-5.795911525517793983e-02
-5.801749130966926682e-02
-5.807592208336931350e-02
-5.813441498898264115e-02
-5.819298408614392848e-02
-5.825162354871926684e-02
-5.831034052858075079e-02
-5.836911443191894477e-02
-5.842796710427444751e-02
-5.848689649384963829e-02
-5.854590201601783672e-02
-5.860496635810463761e-02
-5.866411216763067760e-02
-5.872333310802335671e-02
-5.878262202156181448e-02
-5.884199448877880378e-02
-5.890142821410593310e-02
-5.896094687907138532e-02
-5.902055955369334139e-02
-5.908024296724845303e-02
-5.913998973769118983e-02
-5.919982443927751525e-02
-5.925974011847445766e-02
-5.931974534321304837e-02
-5.937981612414910959e-02
-5.943996138498386372e-02
-5.950019843370790706e-02
-5.956053696349861148e-02
-5.962095198466121904e-02
-5.968143539790249363e-02
-5.974201393044487052e-02
-5.980267984930365266e-02
-5.986343373270808232e-02
-5.992426752226409636e-02
-5.998519088007248090e-02
-6.004619096632157760e-02
-6.010728212807614490e-02
-6.016847978353245807e-02
-6.022975561858678883e-02
-6.029112977718076305e-02
-6.035259371171963760e-02
-6.041416757269280069e-02
-6.047582312576715857e-02
-6.053758074077231210e-02
-6.059943152967639524e-02
-6.066139706715123481e-02
-6.072343660745394001e-02
-6.078557694083341900e-02
-6.084782419651968421e-02
-6.091016904595625281e-02
-6.097263357049831356e-02
-6.103518692163034665e-02
-6.109785143091928106e-02
-6.116061738785893986e-02
-6.122350842061830001e-02
-6.128649120953000295e-02
-6.134958964898884481e-02
-6.141278217737122791e-02
-6.147608684308947247e-02
-6.153952216433555833e-02
-6.160305454774173128e-02
-6.166670845614885543e-02
-6.173047325108571570e-02
-6.179437453898417587e-02
-6.185837658782955550e-02
-6.192250531139020797e-02
-6.198674961370387315e-02
-6.205113566858466712e-02
-6.211561446819391374e-02
-6.218021880916912991e-02
-6.224495658689599420e-02
-6.230981610787011959e-02
-6.237482567418173307e-02
-6.243994597009128178e-02
-6.250520565560846453e-02
-6.257059251413876755e-02
-6.263613559966618727e-02
-6.270179500842609777e-02
-6.276758567735740701e-02
-6.283351640168355345e-02
-6.289958146363860969e-02
-6.296581230216380387e-02
-6.303216546314072133e-02
-6.309867280608627560e-02
-6.316532082554848770e-02
-6.323214194236070895e-02
-6.329909182772541776e-02
-6.336620335616482969e-02
-6.343346237775304708e-02
-6.350088702375678018e-02
-6.356847041959756694e-02
-6.363619034318701573e-02
-6.370408181570408335e-02
-6.377212983693347770e-02
-6.384037080049864699e-02
-6.390875519827732276e-02
-6.397731996463018600e-02
-6.404604934740654176e-02
-6.411498222676215164e-02
-6.418406554750988313e-02
-6.425331961234004297e-02
-6.432277576050471346e-02
-6.439241660099037645e-02
-6.446226519759601370e-02
-6.453226472646145240e-02
-6.460245690211829928e-02
-6.467283411137136895e-02
-6.474344035018464449e-02
-6.481421599571646208e-02
-6.488520575480383190e-02
-6.495639103678452209e-02
-6.502779567910188518e-02
-6.509941255186912912e-02
-6.517121130632475001e-02
-6.524323956413013992e-02
-6.531547745821997264e-02
-6.538797520015460218e-02
-6.546066524432292422e-02
-6.553359867230579283e-02
-6.560675447442354535e-02
-6.568018566606659281e-02
-6.575382146308106357e-02
-6.582768940779537559e-02
-6.590180644718934833e-02
-6.597616309372211774e-02
-6.605079616795461739e-02
-6.612567051409223851e-02
-6.620082402855320680e-02
-6.627623278814587238e-02
-6.635193567574027007e-02
-6.642789637885548881e-02
-6.650415453250702047e-02
-6.658068557724072800e-02
-6.665749316664271173e-02
-6.673459724596486620e-02
-6.681198751965689020e-02
-6.688970070575628313e-02
-6.696771029024484179e-02
-6.704605437653921030e-02
-6.712470508802081959e-02
-6.720370198594605160e-02
-6.728301677650805335e-02
-6.736269104969250243e-02
-6.744269408211311934e-02
-6.752303059120379203e-02
-6.760372675618686600e-02
-6.768477028591224354e-02
-6.776620645003739174e-02
-6.784800292414094880e-02
-6.793020685688921922e-02
-6.801278529674215090e-02
-6.809578784916214822e-02
-6.817917893161740128e-02
-6.826298738476654915e-02
-6.834718874855694182e-02
-6.843180091700995504e-02
-6.851689143261086024e-02
-6.860241076286233142e-02
-6.868841600597430652e-02
-6.877486839079383074e-02
-6.886180172837053082e-02
-6.894918689002660361e-02
-6.903707348333432137e-02
-6.912547248523714938e-02
-6.921439524370964769e-02
-6.930385349559275987e-02
-6.939382922188963576e-02
-6.948440904508434990e-02
-6.957553218737688727e-02
-6.966727327142929749e-02
-6.975958301952378537e-02
-6.985250608381299298e-02
-6.994600859537347670e-02
-7.004015515746697673e-02
-7.013496188398138376e-02
-7.023044550176571477e-02
-7.032662337918538231e-02
-7.042347412083871383e-02
-7.052111383686598955e-02
-7.061946420431730598e-02
-7.071862544122997640e-02
-7.081853717592656583e-02
-7.091930521144274024e-02
-7.102086583010358556e-02
-7.112333130046666341e-02
-7.122663554793773333e-02
-7.133089825215499502e-02
-7.143604881476794954e-02
-7.154210737832278344e-02
-7.164915719599074251e-02
-7.175717514768409355e-02
-7.186625375230959456e-02
-7.197640771606894639e-02
-7.208762608865815213e-02
-7.219995733551132222e-02
-7.231347707354718324e-02
-7.242822416925553952e-02
-7.254423928376618758e-02
-7.266156499193565654e-02
-7.278017017116444887e-02
-7.290022173924026738e-02
-7.302171196793905139e-02
-7.314471463536298401e-02
-7.326926210518336369e-02
-7.339534519669466128e-02
-7.352304526037356514e-02
-7.365247908029659563e-02
-7.378366742969533210e-02
-7.391671134122523856e-02
-7.405171538470856074e-02
-7.418871194138632053e-02
-7.432792512084607228e-02
-7.446933387795295900e-02
-7.461304569333027104e-02
-7.475921869893498162e-02
-7.490795131975958032e-02
-7.505939509081993588e-02
-7.521342919159823559e-02
-7.536983068447467016e-02
-7.552840123704207542e-02
-7.568893235657792040e-02
-7.585132282918605195e-02
-7.601567959646904349e-02
-7.618184114812409646e-02
-7.635000772299604943e-02
-7.652021419539134506e-02
-7.669243499148370447e-02
-7.686677216836601545e-02
-7.704318679928467972e-02
-7.722159614569434893e-02
-7.740198083381133465e-02
-7.758430567129315225e-02
-7.776843498050334258e-02
-7.795434277663881861e-02
-7.814183382938288958e-02
-7.833079082590577169e-02
-7.852107967083732376e-02
-7.871249640300403971e-02
-7.890490103807590305e-02
-7.909806226465598833e-02
-7.929175434299862157e-02
-7.948577714072990741e-02
-7.967989709514666785e-02
-7.987389194009897331e-02
-8.006754680008798530e-02
-8.026067043661977429e-02
-8.045306152325482074e-02
-8.064455138689019531e-02
-8.083501516464830505e-02
-8.102426832052789241e-02
-8.121219744164009935e-02
-8.139873321955604091e-02
-8.158376101377584622e-02
-8.176722637831801421e-02
-8.194894911668737514e-02
-8.212894001210402362e-02
-8.230715663119969605e-02
-8.248356934103895366e-02
-8.265815531421027984e-02
-8.283100720682934348e-02
-8.300206874843385485e-02
-8.317129231601549932e-02
-8.333868687466083891e-02
-8.350426669081600917e-02
-8.366815063193444590e-02
-8.383020976460575646e-02
-8.399052139364449054e-02
-8.414911152794701810e-02
-8.430601168191675931e-02
-8.446125327471332156e-02
-8.461487013487023479e-02
-8.476689496010847424e-02
-8.491736301789709618e-02
-8.506630867100506421e-02
-8.521376817995629516e-02
-8.535993545636444413e-02
-8.550468075258532696e-02
-8.564803877911708607e-02
-8.579004293527892067e-02
-8.593072654359645846e-02
-8.607012270371394713e-02
-8.620826267604864146e-02
-8.634517900536953228e-02
-8.648090208354342057e-02
-8.661546108690343360e-02
-8.674888494327059885e-02
-8.688132623368072238e-02
-8.701268564269071248e-02
-8.714299018250148965e-02
-8.727226611098037878e-02
-8.740042677235682067e-02
-8.752766626501451430e-02
-8.765384547049648312e-02
-8.777920037622388705e-02
-8.790354605710892777e-02
-8.802710758561382853e-02
-8.814970749621942048e-02
-8.827155909766393194e-02
-8.839267801195516139e-02
-8.851289903466519338e-02
-8.863242116253833291e-02
-8.875108559696054389e-02
-8.886908422208661396e-02
-8.898626427577593923e-02
-8.910280614761656448e-02
-8.921856558713503471e-02
-8.933371685338920010e-02
-8.944819494438716045e-02
-8.956212615271197386e-02
-8.967541071022711030e-02
-8.978802589120016275e-02
-8.990005841093595684e-02
-9.001145000634636073e-02
-9.012228261355104131e-02
-9.023249973037017480e-02
-9.034218156577356051e-02
-9.045127366505634203e-02
-9.055985109173914083e-02
-9.066786179504560117e-02
-9.077543764066264842e-02
-9.088249761984046327e-02
-9.098902293362542970e-02
-9.109508129765098161e-02
-9.120062464733480478e-02
-9.130571958214872552e-02
-9.141031966471813153e-02
-9.151448733439992989e-02
-9.161817817997219837e-02
-9.172145286455657409e-02
-9.182426845324143105e-02
-9.192673081555335912e-02
-9.202877372288986724e-02
-9.213038043411181377e-02
-9.223160698279009306e-02
-9.233241338888897864e-02
-9.243285228897435424e-02
-9.253288544132576288e-02
-9.263256401754238478e-02
-9.273185098011482719e-02
-9.283079526216830857e-02
-9.292936058549550182e-02
-9.302763527739499327e-02
-9.312556348595546485e-02
-9.322313143751459474e-02
-9.332038402327136328e-02
-9.341728806598681434e-02
-9.351388719736952737e-02
-9.361014923756216799e-02
-9.370611611201495883e-02
-9.380175226239040320e-02
-9.389710716441901361e-02
-9.399214617914586345e-02
-9.408694200926859263e-02
-9.418144804653227897e-02
-9.427558661616841640e-02
-9.436951056539788496e-02
-9.446312688217617382e-02
-9.455647061452565616e-02
-9.464951653899489337e-02
-9.474236143184022740e-02
-9.483491715009428891e-02
-9.492721690092853493e-02
-9.501923608890672224e-02
-9.511106636044452944e-02
-9.520268037193058142e-02
-9.529405336621576961e-02
-9.538520273634976121e-02
-9.547607560592907827e-02
-9.556676015384524270e-02
-9.565720357344020819e-02
-9.574743667326868213e-02
-9.583741182357508048e-02
-9.592720626897188740e-02
-9.601677292561183741e-02
-9.610616528514737134e-02
-9.619534848132238469e-02
-9.628429009728822763e-02
-9.637306346374818755e-02
-9.646162369429112093e-02
-9.654999801793962000e-02
-9.663814350656674268e-02
-9.672612897927856945e-02
-9.681391193855581889e-02
-9.690151814554004428e-02
-9.698890605712351398e-02
-9.707616325833878790e-02
-9.716323823846495511e-02
-9.725012196625615335e-02
-9.733683851285368505e-02
-9.742334880132508257e-02
-9.750971437738409353e-02
-9.759589650862277033e-02
-9.768191797403591448e-02
-9.776774075506833306e-02
-9.785342439336552900e-02
-9.793893119701657657e-02
-9.802430196610723012e-02
-9.810950853589106568e-02
-9.819452510174109250e-02
-9.827940702616622115e-02
-9.836411881298912085e-02
-9.844868074629065102e-02
-9.853305793870625884e-02
-9.861730421034153871e-02
-9.870138500950020877e-02
-9.878531969890158582e-02
-9.886907520174958997e-02
-9.895272008841282663e-02
-9.903621245310034737e-02
-9.911954451507742903e-02
-9.920273467605578155e-02
-9.928575104041892363e-02
-9.936864275995305196e-02
-9.945137829161976306e-02
-9.953397535969532584e-02
-9.961640382107617153e-02
-9.969871008960373704e-02
-9.978086436719069141e-02
-9.986290045571977192e-02
-9.994479449208093502e-02
-1.000265253783112485e-01
-1.001081383830454419e-01
-1.001896047344386087e-01
-1.002709408589167461e-01
-1.003521192783942695e-01
-1.004331827526794285e-01
-1.005141041035745308e-01
-1.005948992207705839e-01
-1.006755567462114254e-01
-1.007560828416830256e-01
-1.008364988249517147e-01
-1.009167783288864584e-01
-1.009969366075977870e-01
-1.010769484775493332e-01
-1.011568534339715164e-01
-1.012366265401029031e-01
-1.013162825440828696e-01
-1.013957967077228073e-01
-1.014752081034847597e-01
-1.015545063854865759e-01
-1.016336709285046158e-01
-1.017127178744716698e-01
-1.017916330778947387e-01
-1.018704584677567748e-01
-1.019491548093288680e-01
-1.020277377674837505e-01
-1.021061940602239204e-01
-1.021845637544837038e-01
-1.022628089373904814e-01
-1.023409446982920246e-01
-1.024189840609549540e-01
-1.024969021680401937e-01
-1.025747374502223863e-01
-1.026524535281261308e-01
-1.027300648724541743e-01
-1.028075591891578489e-01
-1.028849736303927287e-01
-1.029622730063319835e-01
-1.030394505484369949e-01
-1.031165358301884272e-01
-1.031935440549396343e-01
-1.032704646850268748e-01
-1.033472750511806870e-01
-1.034239885106238432e-01
-1.035005936662602988e-01
-1.035771250293614498e-01
-1.036535498533723842e-01
-1.037298616484844116e-01
-1.038060881512280487e-01
-1.038822433917647725e-01
-1.039582956391891244e-01
-1.040342573384661629e-01
-1.041101393456529411e-01
-1.041859208787236923e-01
-1.042616340733346636e-01
-1.043372483745492740e-01
-1.044127575514962603e-01
-1.044881876690053613e-01
-1.045635517122294189e-01
-1.046388200385643952e-01
-1.047140041805670885e-01
-1.047890941977160928e-01
-1.048641202944411432e-01
-1.049390734759659827e-01
-1.050139346147374031e-01
-1.050886977399998479e-01
-1.051633873889473714e-01
-1.052380155857596256e-01
-1.053125545895275961e-01
-1.053870151402219735e-01
-1.054613879279141520e-01
-1.055357011943178769e-01
-1.056099279839993743e-01
-1.056840625096141517e-01
-1.057581463560445245e-01
-1.058321456598805277e-01
-1.059060876778356031e-01
-1.059799463673846143e-01
-1.060537317376759603e-01
-1.061274350682749334e-01
-1.062010828525509210e-01
-1.062746497563217263e-01
-1.063481290282440872e-01
-1.064215451086790720e-01
-1.064949073011637326e-01
-1.065682078414170730e-01
-1.066414303433300681e-01
-1.067145841630824377e-01
-1.067876611100666562e-01
-1.068606860922642898e-01
-1.069336352501799592e-01
-1.070065021401289673e-01
-1.070793179036773068e-01
-1.071520791668404415e-01
-1.072247706504172449e-01
-1.072974008160598736e-01
-1.073699621309649466e-01
-1.074424590543375801e-01
-1.075149037368027249e-01
-1.075872809818142484e-01
-1.076595989717056279e-01
-1.077318282097053936e-01
-1.078040212462437752e-01
-1.078761486747035203e-01
-1.079482184594614536e-01
-1.080202160763834573e-01
-1.080921642767473934e-01
-1.081640559341663366e-01
-1.082358877894186167e-01
-1.083076638796004465e-01
-1.083793562923722753e-01
-1.084510147283065384e-01
-1.085226042746105790e-01
-1.085941359959851082e-01
-1.086656033007222799e-01
-1.087370275651902141e-01
-1.088083882095113308e-01
-1.088796792751201004e-01
-1.089509344846109062e-01
-1.090221272915322670e-01
-1.090932784239175835e-01
-1.091643679094508324e-01
-1.092354028233499807e-01
-1.093063769079127834e-01
-1.093773103913127098e-01
-1.094481837756473563e-01
-1.095189914097048911e-01
-1.095897522843756189e-01
-1.096604735903957684e-01
-1.097311490733502426e-01
-1.098017662686779916e-01
-1.098723318738478172e-01
-1.099428399428555858e-01
-1.100133096509231523e-01
-1.100837224943779225e-01
-1.101540730778233224e-01
-1.102243794541418742e-01
-1.102946484184910148e-01
-1.103648618896985178e-01
-1.104350262510355174e-01
-1.105051478175975710e-01
-1.105752148799123979e-01
-1.106452456416269214e-01
-1.107152225183238858e-01
-1.107851403974856597e-01
-1.108550163751232942e-01
-1.109248569267045070e-01
-1.109946448591762058e-01
-1.110643862323564823e-01
-1.111340756316410161e-01
-1.112037304484628786e-01
-1.112733451530198980e-01
-1.113429087246081695e-01
-1.114124162757416103e-01
-1.114818840925240195e-01
-1.115513183164446032e-01
-1.116207025788351626e-01
-1.116900426401369328e-01
-1.117593333375315190e-01
-1.118285912221859135e-01
-1.118978002774250191e-01
-1.119669558135963916e-01
-1.120360840522079959e-01
-1.121051642795891645e-01
-1.121742126102703851e-01
-1.122432134427204797e-01
-1.123121722595854521e-01
-1.123810841330710186e-01
-1.124499648328595169e-01
-1.125187990855835984e-01
-1.125875824018304217e-01
-1.126563296617689724e-01
-1.127250464472154823e-01
-1.127937278347356242e-01
-1.128623640124145622e-01
-1.129309602044077376e-01
-1.129995117028469442e-01
-1.130680335487711519e-01
-1.131365111629355491e-01
-1.132049496589964122e-01
-1.132733444234753639e-01
-1.133417101852849385e-01
-1.134100326628540989e-01
-1.134783168626555261e-01
-1.135465677430594900e-01
-1.136147760253137795e-01
-1.136829560696687169e-01
-1.137510939464936310e-01
-1.138191855336854186e-01
-1.138872490443576524e-01
-1.139552826082363968e-01
-1.140232771561552338e-01
-1.140912374798276341e-01
-1.141591546470431817e-01
-1.142270470095054780e-01
-1.142949033975547701e-01
-1.143627217577256605e-01
-1.144305067627573447e-01
-1.144982408237767979e-01
-1.145659551877519222e-01
-1.146336323069673258e-01
-1.147012767598767358e-01
-1.147688799987593988e-01
-1.148364552603505784e-01
-1.149039940372796886e-01
-1.149715050880664169e-01
-1.150389821379014244e-01
-1.151064104989287795e-01
-1.151738200689780278e-01
-1.152411940517181765e-01
-1.153085368254500587e-01
-1.153758402043942866e-01
-1.154431168559342247e-01
-1.155103586323631415e-01
-1.155775698258576512e-01
-1.156447342422043389e-01
-1.157118846838763870e-01
-1.157790029457792524e-01
-1.158460871739442899e-01
-1.159131415584447877e-01
-1.159801582548812826e-01
-1.160471493943934229e-01
-1.161141071685455328e-01
-1.161810356863177685e-01
-1.162479194273724481e-01
-1.162813461924451230e-01
