4.298877531849156775e-01
4.298944680719344325e-01
4.299012697680786865e-01
4.299082220611109006e-01
4.299152151703551361e-01
4.299224076304636322e-01
4.299295942659761560e-01
4.299370295807861675e-01
4.299444120159475746e-01
4.299520930199992041e-01
4.299596734336207926e-01
4.299673426972844825e-01
4.299753837382571109e-01
4.299832544629897391e-01
4.299915484187417092e-01
4.299996230273205877e-01
4.300081729822499699e-01
4.300164540910162425e-01
4.300252633086155130e-01
4.300337534243847126e-01
4.300428252039898425e-01
4.300515271266943662e-01
4.300603241633110252e-01
4.300697814593202328e-01
4.300787943725325468e-01
4.300885229256213305e-01
4.300977547852937177e-01
4.301077584472828841e-01
4.301172122386193175e-01
4.301274949360699984e-01
4.301371739954856777e-01
4.301477399272539137e-01
4.301576476069251531e-01
4.301676581245755249e-01
4.301786409084739082e-01
4.301888853431901083e-01
4.302001623727587099e-01
4.302106444098295901e-01
4.302222205361893037e-01
4.302329442999463516e-01
4.302448247426094441e-01
4.302557944242849097e-01
4.302679845775813083e-01
4.302792047634564909e-01
4.302905377912528695e-01
4.303031856876959882e-01
4.303147760457958215e-01
4.303277483220170896e-01
4.303396012178816732e-01
4.303529045578134427e-01
4.303650253887483235e-01
4.303786667574318603e-01
4.303910614350863195e-01
4.304050483645229797e-01
4.304177228813511058e-01
4.304305239697988616e-01
4.304450241729197435e-01
4.304581148250793965e-01
4.304729809217902048e-01
4.304863682547755421e-01
4.305007486500758151e-01
4.305153011120148587e-01
4.305300280706281235e-01
4.305449316786602032e-01
4.305600145266697543e-01
4.305752791204042196e-01
4.305897506716495071e-01
4.306053659899000685e-01
4.306211708792499482e-01
4.306371683360973313e-01
4.306533613409058159e-01
4.306697532085151936e-01
4.306863468695940611e-01
4.307031458801036661e-01
4.307201536998135349e-01
4.307373740581960653e-01
4.307548106038160962e-01
4.307712439654188818e-01
4.307890999457933967e-01
4.308071839678673243e-01
4.308255006486448879e-01
4.308440542578943488e-01
4.308628498025033338e-01
4.308818922577682398e-01
4.309011869772281789e-01
4.309207393026509014e-01
4.309405550910473393e-01
4.309606403230975546e-01
4.309794761097517912e-01
4.310000880252849997e-01
4.310209885257801354e-01
4.310421850619998163e-01
4.310636853269448898e-01
4.310854976318397314e-01
4.311076304870106735e-01
4.311300932324398372e-01
4.311528956266149071e-01
4.311760483503777608e-01
4.311986222401963387e-01
4.312215286666533087e-01
4.312457589186987073e-01
4.312703879848897026e-01
4.312954311000332663e-01
4.313209046442335604e-01
4.313457509876100215e-01
4.313721152474921383e-01
4.313989691470967447e-01
4.314263374876922685e-01
4.314542482869810902e-01
4.314827334990804508e-01
4.315105734995354769e-01
4.315402867062725356e-01
4.315707017952603031e-01
4.316018792249640690e-01
4.316331797081716104e-01
4.316653539786509119e-01
4.316992765892594397e-01
4.317343843574805717e-01
4.317700303705797604e-01
4.318081305439633866e-01
4.318482708653753610e-01
4.318899952450438451e-01
4.319356247168302798e-01
4.319868362951356233e-01
4.320452256074501229e-01
4.321173594230944826e-01
4.322190320084945969e-01
4.324132252161674295e-01
4.334377892028563051e-01
4.326029731940153611e-01
4.324022445228392630e-01
4.323570826099197295e-01
4.323527915340273364e-01
4.323658793794268318e-01
4.323883571615209087e-01
4.324171273467598553e-01
4.324502065853686461e-01
4.324857248317302005e-01
4.325247334515500142e-01
4.325660804527497461e-01
4.326084859108887404e-01
4.326538378768119975e-01
4.327010574988365277e-01
4.327488984608649503e-01
4.327996849250408395e-01
4.328522724805114463e-01
4.329066815454573058e-01
4.329629469427033195e-01
4.330182135780706876e-01
4.330782344698559938e-01
4.331402821899358324e-01
4.332044341499577955e-01
4.332707768082662558e-01
4.333394054724207245e-01
4.334067947010173394e-01
4.334801744811549451e-01
4.335561720532831176e-01
4.336349179678349874e-01
4.337165518238327855e-01
4.338012228908287859e-01
4.338890892406071509e-01
4.339803190786167830e-01
4.340750896561723082e-01
4.341735874378054860e-01
4.342760070352066348e-01
4.343712669296137530e-01
4.344816515363352782e-01
4.345965574733505754e-01
4.347161987321246368e-01
4.348407864858093719e-01
4.349705254190523451e-01
4.351056061133823927e-01
4.352386227881753777e-01
4.353845415380275807e-01
4.355361884644423642e-01
4.356935890973438474e-01
4.358478597026693158e-01
4.360161734600613292e-01
4.361897109180477017e-01
4.363679842275970389e-01
4.365502843421348311e-01
4.367256654907829549e-01
4.369127227333129415e-01
4.371000012009015334e-01
4.372854889734640871e-01
4.374667675477104667e-01
4.376319655217758564e-01
4.377966839088573980e-01
4.379479892513034600e-01
4.380823605749696315e-01
4.381963606147254442e-01
4.382868703052999471e-01
4.383488632777030602e-01
4.383871024666583516e-01
4.383967573440684662e-01
4.383780110820709175e-01
4.383320670717560374e-01
4.382659815460115404e-01
4.381738193735122411e-01
4.380624642599783014e-01
4.379354080037143881e-01
4.377961520047361499e-01
4.376480263956290528e-01
4.375031140960218279e-01
4.373460840569100005e-01
4.371880116178799569e-01
4.370307687391802864e-01
4.368758491068586713e-01
4.367331041645792777e-01
4.365857408119326322e-01
4.364432995819890748e-01
4.363061996789153740e-01
4.361746947578718503e-01
4.360489067408459540e-01
4.359357664434012070e-01
4.358210856656441479e-01
4.357056913343407833e-01
4.356023088153160305e-01
4.355041603134119366e-01
4.354219285467806899e-01
4.353331118713595349e-01
4.352489271157552464e-01
4.351691577197814298e-01
4.350935903555876449e-01
4.350220162298165105e-01
4.349542333233965552e-01
4.348900469651567624e-01
4.348292712347053834e-01
4.347717287891211257e-01
4.347172515678489058e-01
4.346720484896800518e-01
4.346229325584711201e-01
4.345764446568141093e-01
4.345324497717925061e-01
4.344908209605202742e-01
4.344514384068096091e-01
4.344141897451516132e-01
4.343789691021812671e-01
4.343456772840234570e-01
4.343142202559743814e-01
4.342845103558177211e-01
4.342602778970340860e-01
4.342336464021468445e-01
4.342085363025682820e-01
4.341848780125405760e-01
4.341626063642817224e-01
4.341416597582394843e-01
4.341190931286542654e-01
4.341035132581596567e-01
4.340835771770773510e-01
4.340700130694697956e-01
4.340524920357596295e-01
4.340407805716339773e-01
4.340298449428415251e-01
4.340154777814854148e-01
4.340061899146842594e-01
4.339938026572035534e-01
4.339860380765316883e-01
4.339754836958450990e-01
4.339691313695889230e-01
4.339602780375570457e-01
4.339552376746546591e-01
4.339479664010049698e-01
4.339441480358181003e-01
4.339408459422801068e-01
4.339356735006611454e-01
4.339334778647803148e-01
4.339296431781843322e-01
4.339284835071807178e-01
4.339259025958636107e-01
4.339257146125807818e-01
4.339243108823180872e-01
4.339250365745069282e-01
4.339247405919615663e-01
4.339263263590030784e-01
4.339282787165933408e-01
4.339294720649790604e-01
4.339322160986571197e-01
4.339343715801359247e-01
4.339378644645074945e-01
4.339409308522590436e-01
4.339451338034604477e-01
4.339490644162623534e-01
4.339539410356468840e-01
4.339586926419153334e-01
4.339642102197906470e-01
4.339700027709686991e-01
4.339758713261880896e-01
4.339822614659318289e-01
4.339888594893998586e-01
4.339958204408334019e-01
4.340031155138742713e-01
4.340106217082511653e-01
4.340185834950831545e-01
4.340266120537896732e-01
4.340352127818457584e-01
4.340437420004998326e-01
4.340524873230625635e-01
4.340619654705170083e-01
4.340711833231130634e-01
4.340812401642809570e-01
4.340909121521369096e-01
4.341015259008727534e-01
4.341116354957499923e-01
4.341227859874263184e-01
4.341333174834904884e-01
4.341449857586819894e-01
4.341559248114359448e-01
4.341670403586411764e-01
4.341794258274924156e-01
4.341909292697400669e-01
4.342037914081831596e-01
4.342156704481840990e-01
4.342289943581973399e-01
4.342412373009068016e-01
4.342550088402096775e-01
4.342676050740171823e-01
4.342818111650218471e-01
4.342947500405425765e-01
4.343078382315084252e-01
4.343226502531034594e-01
4.343360676981569690e-01
4.343512853422853426e-01
4.343650231652155247e-01
4.343806356867650487e-01
4.343946859463621579e-01
4.344106834504703474e-01
4.344250378725169059e-01
4.344414108161799848e-01
4.344560623989960346e-01
4.344708438318952148e-01
4.344877436851029007e-01
4.345028123238541262e-01
4.345200667893948099e-01
4.345354166257385797e-01
4.345530181351585641e-01
4.345686426591499063e-01
4.345865838188680552e-01
4.346024777210413248e-01
4.346207518075884124e-01
4.346369096265335630e-01
4.346531831784928857e-01
4.346719266602102061e-01
4.346884572963569671e-01
4.347075185092303951e-01
4.347243010404219232e-01
4.347436742090105000e-01
4.347607046091005456e-01
4.347803845577901116e-01
4.347976585457292709e-01
4.348176400997680879e-01
4.348351541308226875e-01
4.348527733470566869e-01
4.348731824229465359e-01
4.348910360539798292e-01
4.349117355860521172e-01
4.349298203904446991e-01
4.349508064069771973e-01
4.349691190213795799e-01
4.349903874674466153e-01
4.350089252454039657e-01
4.350275618527574273e-01
4.350492320132967605e-01
4.350680893336587030e-01
4.350900333044797619e-01
4.351091088848763055e-01
4.351313236535563900e-01
4.351506148602057866e-01
4.351730972646267182e-01
4.351926021729147775e-01
4.352153495718181775e-01
4.352350653800745039e-01
4.352548744254931545e-01
4.352779997494171105e-01
4.352980171786084429e-01
4.353214013232455382e-01
4.353416250941491428e-01
4.353652656232353535e-01
4.353856943581240757e-01
4.354095893447621490e-01
4.354302208608353264e-01
4.354543681510208430e-01
4.354752012994644317e-01
4.354961235892613747e-01
4.355206323305308436e-01
4.355417540548170985e-01
4.355665108379470629e-01
4.355878311142413195e-01
4.356128346036137744e-01
4.356343516736081445e-01
4.356596002617157959e-01
4.356813134322880532e-01
4.357068060140267818e-01
4.357287140912916024e-01
4.357507085638803734e-01
4.357765512383984796e-01
4.357987397270146612e-01
4.358248236511959028e-01
4.358472047416593886e-01
4.358735287537143233e-01
4.358961021274821990e-01
4.359226655656652794e-01
4.359454303579688994e-01
4.359722322313304699e-01
4.359951882727227668e-01
4.360182288070935108e-01
4.360453741052623400e-01
4.360686047170327928e-01
4.360959868638484838e-01
4.361194073219087364e-01
4.361470260085834605e-01
4.361706357066069129e-01
4.361984902583120882e-01
4.362222892986011846e-01
4.362503795403063211e-01
4.362743669654137735e-01
4.362984382021977692e-01
4.363268680102489472e-01
4.363511277352190576e-01
4.363797925063179761e-01
4.364042403089618549e-01
4.364331396073328762e-01
4.364577757979729578e-01
4.364869096903296608e-01
4.365117334690135076e-01
4.365411016045495085e-01
4.365661133544780359e-01
4.365912085947996624e-01
4.366209152099560509e-01
4.366461981286089977e-01
4.366761388549549872e-01
4.367016099209005686e-01
4.367317850044666883e-01
4.367574435231341146e-01
4.367878527617860551e-01
4.368136992553127151e-01
4.368443429581082005e-01
4.368703772496931870e-01
4.368964950998517893e-01
4.369274773152025393e-01
4.369537835844525264e-01
4.369898330961656807e-01
4.370114949715712127e-01
4.370429465597556185e-01
4.370696290355134406e-01
4.371062413702497262e-01
4.371281869701382217e-01
4.371601085418583277e-01
4.371871682985291052e-01
4.372143116821890496e-01
4.372516130612925100e-01
4.372739058655670807e-01
4.373064030743722963e-01
4.373339243221259220e-01
4.373717907045091557e-01
4.373943683975440311e-01
4.374273375367522254e-01
4.374552376943284249e-01
4.374936702692779900e-01
4.375165332100983129e-01
4.375499754427190635e-01
4.375782548309157804e-01
4.376066186777937683e-01
4.376457449333035488e-01
4.376689577632882355e-01
4.377029795423973413e-01
4.377317242653395168e-01
4.377714196665538626e-01
4.377949192658944222e-01
4.378294166751390826e-01
4.378585426801573366e-01
4.378877536104738843e-01
4.379281464893449161e-01
4.379519979349090764e-01
4.379870781164091342e-01
4.380166720564721561e-01
4.380576372997642132e-01
4.380817771575579167e-01
4.381173356899661919e-01
4.381473131229509654e-01
4.381888522114351647e-01
4.382132815068440213e-01
4.382493194876585507e-01
4.382796819280371237e-01
4.383101297342867908e-01
4.383523720896608245e-01
4.383771559053394329e-01
4.384137816311919900e-01
4.384446153633108079e-01
4.384874347779777470e-01
4.385125096603564865e-01
4.385496174858067309e-01
4.385808383430593316e-01
4.386121450082600681e-01
4.386556714407218172e-01
4.386811027238567973e-01
4.387188013402452680e-01
4.387504958915768305e-01
4.387946022273396252e-01
4.388203260010264395e-01
4.388585089875592926e-01
4.388905924537049863e-01
4.389352797479434409e-01
4.389612962481038161e-01
4.389999645459529143e-01
4.390324369771005375e-01
4.390649959690118287e-01
4.391103943547814414e-01
4.391367695375039681e-01
4.391760316151691046e-01
4.392089806938587748e-01
4.392484861397176754e-01
4.392816297595999453e-01
4.393213782384736144e-01
4.393547170532205448e-01
4.393881425419915443e-01
4.394282424410688170e-01
4.394618627972913250e-01
4.395022057233801682e-01
4.395360215489068079e-01
4.395766077724824195e-01
4.396106180609797853e-01
4.396514471471316132e-01
4.396856524452582571e-01
4.397267245939298630e-01
4.397611244408723419e-01
4.397956107664482972e-01
4.398370332072618072e-01
4.398717145069211965e-01
4.399133795228178934e-01
4.399482546289348317e-01
4.399901616139973992e-01
4.400252309683560514e-01
4.400673799793841101e-01
4.401026429906985671e-01
4.401450333589065900e-01
4.401804904403225915e-01
4.402160331196461329e-01
4.402587718676995721e-01
4.402945075285430443e-01
4.403374867646204782e-01
4.403734154695556069e-01
4.404166351799159163e-01
4.404527562718739131e-01
4.404962157228691777e-01
4.405325296073240304e-01
4.405762288015487860e-01
4.406127341596031144e-01
4.406493247386785161e-01
4.406933691074901849e-01
4.407301514965810685e-01
4.407744348356300024e-01
4.408114084523648835e-01
4.408559301509044070e-01
4.408930955543410857e-01
4.409378558191155983e-01
4.409752118339769211e-01
4.410202102004600611e-01
4.410577575261392380e-01
4.410953897806135227e-01
4.411407325169911520e-01
4.411785558209006530e-01
4.412241369172444361e-01
4.412621522323539880e-01
4.413079724303076712e-01
4.413461790095480897e-01
4.413922384465142623e-01
4.414306375380254721e-01
4.414769373359936355e-01
4.415155292167373124e-01
4.415542071005866820e-01
4.416008552603630788e-01
4.416397280065708641e-01
4.416866193110243199e-01
4.417256869640890371e-01
4.417728226259035051e-01
4.418120873759145972e-01
4.418594697406778571e-01
4.418989328693716523e-01
4.419465638167361932e-01
4.419862280914371166e-01
4.420259818154892439e-01
4.420739770621429088e-01
4.421139345768256845e-01
4.421621856727178668e-01
4.422023502050540511e-01
4.422508613151699408e-01
4.422912356346718199e-01
4.423400105741340793e-01
4.423805990901525931e-01
4.424296430563370297e-01
4.424704486153404059e-01
4.425113522764403395e-01
4.425607937789222679e-01
4.426019219606634469e-01
4.426516465985659843e-01
4.426930040927148924e-01
4.427430182904902312e-01
4.427846116934727183e-01
4.428349234461788630e-01
4.428767578607177291e-01
4.429273749983789199e-01
4.429694581880878057e-01
4.430116541810533715e-01
4.430627290374463678e-01
4.431051844671473616e-01
4.431565882239758003e-01
4.431993124584548416e-01
4.432510566452311229e-01
4.432940576362488505e-01
4.433461537612195524e-01
4.433894423280244634e-01
4.434419037767052818e-01
4.434854901810784678e-01
4.435292126617563224e-01
4.435822259389611832e-01
4.436262640894674814e-01
4.436796785614302019e-01
4.437240438800887921e-01
4.437778756317261042e-01
4.438225827386614308e-01
4.438768500138561279e-01
4.439219131284844466e-01
4.439766344565637124e-01
4.440220700900222028e-01
4.440676760651633970e-01
4.441230900441217044e-01
4.441690924878315960e-01
4.442250128347490223e-01
4.442714308433717285e-01
4.443278821072571549e-01
4.443747350774761573e-01
4.444317424909431380e-01
4.444790525354956334e-01
4.445366441707758187e-01
4.445844330735662653e-01
4.446324427397229107e-01
4.446909303528232549e-01
4.447394556455904757e-01
4.447986037061501530e-01
4.448476713801994831e-01
4.449075147113900064e-01
4.449571548164261148e-01
4.450177319061862646e-01
4.450679750034041704e-01
4.451293264127256233e-01
4.451802073897019318e-01
4.452313833667648768e-01
4.452939329539471469e-01
4.453458006689521298e-01
4.454092396534339304e-01
4.454618414142400007e-01
4.455262244185099196e-01
4.455796043732302425e-01
4.456449898526730902e-01
4.456991980052040780e-01
4.457656507413446656e-01
4.458207403756828113e-01
4.458762403674386143e-01
4.459443597480503563e-01
4.460008287647442837e-01
4.460701991609591355e-01
4.461277034020671994e-01
4.461984126266510531e-01
4.462570267531282275e-01
4.463291721581836291e-01
4.463889773645535186e-01
4.464626656669311022e-01
4.465237525865238255e-01
4.465854399376846806e-01
4.466615692792255676e-01
4.467246850195635277e-01
4.468026694417491784e-01
4.468673296369287673e-01
4.469473219927587171e-01
4.470136550484259397e-01
4.470958248407400082e-01
4.471639748768023725e-01
4.472485119426850564e-01
4.473186383227792939e-01
4.473896995404249011e-01
4.474698765207597018e-01
4.475513395248456594e-01
4.476341483963691137e-01
4.477183654782177502e-01
4.478040579630134799e-01
4.478912964466215674e-01
4.479801568916597088e-01
4.480707179973636989e-01
4.481630653887458404e-01
4.482475538085470279e-01
4.483435254733209030e-01
4.484415599356166293e-01
4.485417643010065070e-01
4.486442532802354388e-01
4.487491482272520926e-01
4.488565788741593066e-01
4.489666809962568617e-01
4.490796004738313862e-01
4.491954908783489242e-01
4.493145150499645024e-01
4.494239163117734748e-01
4.495493336046480493e-01
4.496784034752400738e-01
4.498113217792670815e-01
4.499482925516901655e-01
4.500895239545055770e-01
4.502352301331414286e-01
4.503856257501113181e-01
4.505409236203952172e-01
4.507013282734875226e-01
4.508581022415908968e-01
4.510197442942016077e-01
4.511958850360811568e-01
4.513777049588209578e-01
4.515652297441273277e-01
4.517584005309150386e-01
4.519462902965288853e-01
4.521498132460844421e-01
4.523580225928510168e-01
4.525702050426986811e-01
4.527853783671418886e-01
4.529906011265942833e-01
4.532075513759344920e-01
4.534226109925082460e-01
4.536333458812656372e-01
4.538369269781521442e-01
4.540301850406440742e-01
4.542005836594983359e-01
4.543639411084560709e-01
4.545069034402783870e-01
4.546264575580691303e-01
4.547201977550138774e-01
4.547840213850797286e-01
4.548239404261032459e-01
4.548362778601161560e-01
4.548224351816799182e-01
4.547846797160183252e-01
4.547259350878490869e-01
4.546546085342265675e-01
4.545647362749941078e-01
4.544639525992693052e-01
4.543554939646676782e-01
4.542422710606814906e-01
4.541336689617089251e-01
4.540180340285540628e-01
4.539039004647708597e-01
4.537926376515147298e-01
4.536852885379844547e-01
4.535826179791806467e-01
4.534908539205813605e-01
4.533986295377819276e-01
4.533121417071636072e-01
4.532314703229784469e-01
4.531566038882841596e-01
4.530915811183843789e-01
4.530277282822689489e-01
4.529693154081345097e-01
4.529161559453672159e-01
4.528680461299922633e-01
4.528247762213312710e-01
4.527861327342575515e-01
4.527519038585665068e-01
4.527218807642816589e-01
4.526958615247778650e-01
4.526736509517358398e-01
4.526578045243362936e-01
4.526422857999267135e-01
4.526300598243458984e-01
4.526209657862541036e-01
4.526148511455013179e-01
4.526115725788985578e-01
4.526109941220003430e-01
4.526129887738394864e-01
4.526174365541752453e-01
4.526242257042568107e-01
4.526332490372049211e-01
4.526439143478315219e-01
4.526568929336665104e-01
4.526718354590090199e-01
4.526886594508248152e-01
4.527072861898678857e-01
4.527276429132571223e-01
4.527496602944076631e-01
4.527732743866828558e-01
4.527984224281295655e-01
4.528272461670386217e-01
4.528530961587608483e-01
4.528800296080436327e-01
4.529132581298850879e-01
4.529425070287108057e-01
4.529785303321839374e-01
4.530099405896587661e-01
4.530485755286488003e-01
4.530820065593639256e-01
4.531230873135223547e-01
4.531584142250929537e-01
4.532017915316927104e-01
4.532388997491318405e-01
4.532767656420548241e-01
4.533232219826406340e-01
4.533627223798225581e-01
4.534111620825398425e-01
4.534522033141511477e-01
4.535025148288663321e-01
4.535450121025304537e-01
4.535970923860416226e-01
4.536409651472124716e-01
4.536947165965873885e-01
4.537398903711089004e-01
4.537856181526655486e-01
4.538416226550530119e-01
4.538885473917263491e-01
4.539460049218408400e-01
4.539940594412169572e-01
4.540528870539260464e-01
4.541020044115271492e-01
4.541621194087031022e-01
4.542122358255382131e-01
4.542735581108974796e-01
4.543246073585761047e-01
4.543760507084981248e-01
4.544389731765947626e-01
4.544912571089519959e-01
4.545551887654370460e-01
4.546082467702827756e-01
4.546731038794251667e-01
4.547268701554010861e-01
4.547925685982122657e-01
4.548469724995614638e-01
4.549134239697661952e-01
4.549683956285109909e-01
4.550235957697520428e-01
4.550909749949754723e-01
4.551466346235168436e-01
4.552145394276104762e-01
4.552705817900346563e-01
4.553389134933203408e-01
4.553952557796851486e-01
4.554639101964447212e-01
4.555204692298709390e-01
4.555893396293519970e-01
4.556460271432195563e-01
4.557027428642442257e-01
4.557717266238920373e-01
4.558284404847832705e-01
4.558973621248589847e-01
4.559539783421736048e-01
4.560227182962072745e-01
4.560791422658875272e-01
4.561475807489177026e-01
4.562037148722201674e-01
4.562717299069739552e-01
4.563274789993736480e-01
4.563830244964901528e-01
4.564502162756879922e-01
4.565052375154495801e-01
4.565717155257843496e-01
4.566261215371741344e-01
4.566917744582603689e-01
4.567454771640352407e-01
4.568101986297083417e-01
4.568631184837192993e-01
4.569268122353282169e-01
4.569788729135106364e-01
4.570305307497161129e-01
4.570925887508787144e-01
4.571432989754495857e-01
4.572041392502569912e-01
4.572538517814128678e-01
4.573134193374343570e-01
4.573620987680880878e-01
4.574203559713191924e-01
4.574679753660499948e-01
4.575248994380610168e-01
4.575714498239191741e-01
4.576175247999793583e-01
4.576725198467203048e-01
4.577175336341610112e-01
4.577712138550799614e-01
4.578151908140020154e-01
4.578675934445655127e-01
4.579105662396339427e-01
4.579574282616825087e-01
4.580037591801218166e-01
4.580495762286750927e-01
4.580948958213783562e-01
4.581356386387867019e-01
4.581800726747333741e-01
4.582240678881733253e-01
4.582676483448837601e-01
4.583108338082781952e-01
4.583536499792625341e-01
4.583961208867139980e-01
4.584382724547619858e-01
4.584801287483095122e-01
4.585217164480325791e-01
4.585593396993525306e-01
4.586004900653177785e-01
4.586414486671163138e-01
4.586822382251864449e-01
4.587228866702911523e-01
4.587634193556843210e-01
4.588038627849532203e-01
4.588442407866776818e-01
4.588845791990183165e-01
4.589249020482005781e-01
4.589652353749382740e-01
4.590019745038317889e-01
4.590423862412992828e-01
4.590828738664154973e-01
4.591234591575107382e-01
4.591641648949036925e-01
4.592050109985635342e-01
4.592441681298963796e-01
4.592853481818266470e-01
4.593267304252821037e-01
4.593683352405086850e-01
4.594101830219466387e-01
4.594503793203900677e-01
4.594927587291185445e-01
4.595354438285569332e-01
4.595774722080577246e-01
4.596208250209632973e-01
4.596645541376253585e-01
4.597076718014955765e-01
4.597522271976822172e-01
4.597972496470585924e-01
4.598417191913517499e-01
4.598877672960026697e-01
4.599332973185760176e-01
4.599804802787925140e-01
4.600282203036464845e-01
4.600752850149805173e-01
4.601231289319916429e-01
4.601713945454354304e-01
4.602185399737497851e-01
4.602648726690830028e-01
4.603104687173508736e-01
4.603562117823023492e-01
4.604014707312651944e-01
4.604470869860655680e-01
4.604937794732062439e-01
4.605410948385728620e-01
4.605879190095839570e-01
4.606364695188777669e-01
4.606856154755795130e-01
4.607341583527786444e-01
4.607844019252276824e-01
4.608339676941389240e-01
4.608864378166749320e-01
4.609381960134283918e-01
4.609879487606320936e-01
4.610406203875306863e-01
4.610937473953237165e-01
4.611473211753207568e-01
4.612013359272046920e-01
4.612557839397822268e-01
4.613080351719058281e-01
4.613633123075575049e-01
4.614190095629571720e-01
4.614751230895811629e-01
4.615316493623622951e-01
4.615858456491679918e-01
4.616431652747023939e-01
4.617008895218937536e-01
4.617590139386291148e-01
4.618175371147940078e-01
4.618764560030023669e-01
4.619357706086545390e-01
4.619954745047952782e-01
4.620555678619994167e-01
4.621160479541975286e-01
4.621769139086382983e-01
4.622322078745066398e-01
4.622937941796178007e-01
4.623557600894929731e-01
4.624181031407734732e-01
4.624808239703129820e-01
4.625439165328054103e-01
4.626073815634726416e-01
4.626712167823011090e-01
4.627354218063007285e-01
4.627999932082043077e-01
4.628649307040509919e-01
4.629238302383488213e-01
4.629894538766048950e-01
4.630554413789310098e-01
4.631217869854621361e-01
4.631884919404586354e-01
4.632555543744366067e-01
4.633296148042636564e-01
4.633907498660292945e-01
4.634655979724782160e-01
4.635273643013599898e-01
4.636029967938965490e-01
4.636653870216602691e-01
4.637280539565175608e-01
4.638048101057636874e-01
4.638680991437114098e-01
4.639456303731696041e-01
4.640095375884218942e-01
4.640878395249483646e-01
4.641523653168965202e-01
4.642314366685800775e-01
4.642965750981816186e-01
4.643764123090740603e-01
4.644421644540628336e-01
4.645081881902202170e-01
4.645891295877117577e-01
4.646557639042857568e-01
4.647374673712204030e-01
4.648047141513014235e-01
4.648871801466116227e-01
4.649550346512625887e-01
4.650382612014644645e-01
4.651067258676752636e-01
4.651907140997480483e-01
4.652597874351407370e-01
4.653291311749137016e-01
4.654142173867131804e-01
4.654841729041885867e-01
4.655700213553635169e-01
4.656405848121534241e-01
4.657271947425913328e-01
4.657983696466766466e-01
4.658857434149580312e-01
4.659575291449817303e-01
4.660456664347626954e-01
4.661180669001810939e-01
4.661907380576703619e-01
4.662799817979342287e-01
4.663532665063657712e-01
4.664432774106639368e-01
4.665171785542905347e-01
4.666079599511092635e-01
4.666824775786493351e-01
4.667740299819827521e-01
4.668491687936994761e-01
4.669414959215266725e-01
4.670172532390311493e-01
4.670932865784697685e-01
4.671867344458112692e-01
4.672633922158314079e-01
4.673576209280111415e-01
4.674349037537118279e-01
4.675299145517819444e-01
4.676078278836618973e-01
4.677036253089316697e-01
4.677821668739214900e-01
4.678787524850865909e-01
4.679579280318473811e-01
4.680373853431383790e-01
4.681351165872548736e-01
4.682152102563477136e-01
4.683137380737187883e-01
4.683944742767016112e-01
4.684938040352616961e-01
4.685751809529746237e-01
4.686753149327103629e-01
4.687573390491341918e-01
4.688582829981121636e-01
4.689409560141594158e-01
4.690239183697130221e-01
4.691260371095343218e-01
4.692096568234556675e-01
4.693125963242483767e-01
4.693968720477249001e-01
4.695006353393909593e-01
4.695855743226077794e-01
4.696901680277880131e-01
4.697757725683557317e-01
4.698616740571385231e-01
4.699674734411293242e-01
4.700540500243299280e-01
4.701606926396315611e-01
4.702479434571160688e-01
4.703554331142516531e-01
4.704433662151528139e-01
4.705517104483080137e-01
4.706403287516371381e-01
4.707495317357152653e-01
4.708388436573872626e-01
4.709284619109696535e-01
4.710389176501113551e-01
4.711292332302982611e-01
4.712405631051813648e-01
4.713315830881694701e-01
4.714437955904628441e-01
4.715355235490742980e-01
4.716486236925688247e-01
4.717410689021869774e-01
4.718550656316547465e-01
4.719482283062197969e-01
4.720417123611864718e-01
4.721570139641782515e-01
4.722512278238655825e-01
4.723674442389957373e-01
4.724623921807702964e-01
4.725795293282579745e-01
4.726752215536990098e-01
4.727932894445753820e-01
4.728897267682838357e-01
4.730087317597267971e-01
4.731059247962514647e-01
4.732034548449273736e-01
4.733238301429300576e-01
4.734221240261904939e-01
4.735434577571586146e-01
4.736425266703188086e-01
4.737648300306447346e-01
4.738646755313062342e-01
4.739879559473548221e-01
4.740885896971810398e-01
4.742128589481566792e-01
4.743142868058813355e-01
4.744160699805614057e-01
4.745417819007365368e-01
4.746443751082103368e-01
4.747711009091010737e-01
4.748745065253511810e-01
4.750022548713317971e-01
4.751064857804697117e-01
4.752594781248465350e-01
4.753403372510109359e-01
4.754701659212783316e-01
4.755760747305263769e-01
4.756823582816517293e-01
4.758384428462858473e-01
4.759208618580462180e-01
4.760532976912724701e-01
4.761613042529376782e-01
4.763199852735063300e-01
4.764037162417164017e-01
4.765383412839682142e-01
4.766481143953078536e-01
4.768094549399506943e-01
4.768945278643980101e-01
4.770313973704846111e-01
4.771429768136798422e-01
4.772549636758498526e-01
4.774196452805020696e-01
4.775064070596692356e-01
4.776460965182575125e-01
4.777599520627242025e-01
4.779274488529022258e-01
4.780156319266581910e-01
4.781576998103409526e-01
4.782734706773827948e-01
4.783896741950248721e-01
4.785607170365075991e-01
4.786506935918981576e-01
4.787957579839937083e-01
4.789139489119641491e-01
4.790879881580854538e-01
4.791794784719494160e-01
4.793270775968006547e-01
4.794473111840650281e-01
4.796244384332619126e-01
4.797174916536793843e-01
4.798677034999793700e-01
4.799900490803903907e-01
4.801128695164481597e-01
4.802939047244951243e-01
4.803889340018562826e-01
4.805424562891573714e-01
4.806674724906000451e-01
4.808518266211753156e-01
4.809485369712352409e-01
4.811048719795245066e-01
4.812321637338657920e-01
4.813599684273748847e-01
4.815485396770179394e-01
4.816473843202013216e-01
4.818072980907760483e-01
4.819374798550854488e-01
4.821296483477500172e-01
4.822303167482172026e-01
4.823932852475795729e-01
4.825259408820046225e-01
4.827218515070665905e-01
4.828244154568916424e-01
4.829905663791019266e-01
4.831257943937078414e-01
4.832616088718660885e-01
4.834623103529406274e-01
4.835673057234345928e-01
4.837375348540349229e-01
4.838760689015041416e-01
4.840480359122244503e-01
4.841879724503130866e-01
4.843617158443037640e-01
4.845030949924238883e-01
4.846451253473372245e-01
4.848215160428696047e-01
4.849650397698730409e-01
4.851433203009417050e-01
4.852883813389617940e-01
4.854686061168430045e-01
4.856152419197338754e-01
4.857974628512696236e-01
4.859457227992954875e-01
4.861300014042321815e-01
4.862799309546166904e-01
4.864306186357640338e-01
4.866179761290554406e-01
4.867704135538045151e-01
4.869599897686401335e-01
4.871142292709212396e-01
4.873060957009346938e-01
4.874622031661898225e-01
4.876564430123058735e-01
4.878144821604859516e-01
4.880111790747672651e-01
4.881712261962337651e-01
4.883321871213060494e-01
4.885326031991130136e-01
4.886956830571928534e-01
4.888988000131898048e-01
4.890640902497174203e-01
4.892700264961757362e-01
4.894376204346007619e-01
4.896464988789206996e-01
4.898165063976646083e-01
4.900284683916746875e-01
4.902009999234541171e-01
4.903746935481723690e-01
4.905913764462862536e-01
4.907677870092636008e-01
4.909879530869352693e-01
4.911672248722677714e-01
4.913910650037697225e-01
4.915733651592263387e-01
4.917790700525001002e-01
4.919866016273753417e-01
4.921960193501357383e-01
4.924073817288225907e-01
4.925978887374750093e-01
4.928131033949971207e-01
4.930304570207524884e-01
4.932500276043481624e-01
4.934718934924569034e-01
4.936961435452604241e-01
4.939228626540519973e-01
4.941521507159277737e-01
4.943841081055991848e-01
4.946188460940201259e-01
4.948308767986949186e-01
4.950711824438565611e-01
4.953146225104593237e-01
4.955613330486725032e-01
4.958114644128570059e-01
4.960651661174624305e-01
4.963226058753020253e-01
4.965839565412998313e-01
4.968494024218847449e-01
4.971191331871335772e-01
4.973933504563097241e-01
4.976419914586511228e-01
4.979252513346253406e-01
4.982136119032798405e-01
4.985072872026548030e-01
4.988064917759381656e-01
4.991114271107085498e-01
4.994053338411341691e-01
4.997219121610142478e-01
5.000446661707523832e-01
5.003736486404531947e-01
5.007088286854486370e-01
5.010314366634989192e-01
5.013781261158410940e-01
5.017301359334362942e-01
5.020867672107540702e-01
5.024470394316272737e-01
5.028096305891935902e-01
5.031531647979924360e-01
5.035149957344157157e-01
5.038728879194335208e-01
5.042238717695821659e-01
5.045646272543206079e-01
5.048743654091221167e-01
5.051850827078686601e-01
5.054753282213866328e-01
5.057422617564509837e-01
5.059838293891368854e-01
5.061989775915965994e-01
5.063784618019709916e-01
5.065434482442220387e-01
5.066853024457050880e-01
5.068069168934206115e-01
5.069116738428368629e-01
5.069988606037023615e-01
5.070810616393082171e-01
5.071566486836251997e-01
5.072285698466647563e-01
5.072993450445286712e-01
5.073710415943180063e-01
5.074415843642938739e-01
5.075194243269790517e-01
5.076019596139441648e-01
5.076898438873806985e-01
5.077835007836764003e-01
5.078779716644445941e-01
5.079834166178864852e-01
5.080949747924405902e-01
5.082125632733937026e-01
5.083360478700136298e-01
5.084652533135949337e-01
5.085999825226227289e-01
5.087400205943725107e-01
5.088851514981735935e-01
5.090351570190200237e-01
5.091898264582879197e-01
5.093320547580414415e-01
5.094949764506055967e-01
5.096619970135530808e-01
5.098329422189462612e-01
5.100076535004675060e-01
5.101859773615333715e-01
5.103677803318318329e-01
5.105529341466920057e-01
5.107413283037021134e-01
5.109328537853717878e-01
5.111274204806839361e-01
5.113038530971236728e-01
5.115039335380709984e-01
5.117068337318294580e-01
5.119124870376444703e-01
5.121208420330954914e-01
5.123318466685027328e-01
5.125454615292777127e-01
5.127616427528570719e-01
5.129803605333841388e-01
5.132015820591431243e-01
5.134252850800167245e-01
5.136272018753061941e-01
5.138555230097459070e-01
5.141110430177692203e-01
5.143194220634096370e-01
5.145802740166113276e-01
5.147928940705995826e-01
5.150590228538965976e-01
5.152758576285767500e-01
5.155472352086044596e-01
5.157682556542311225e-01
5.160448526841026062e-01
5.162700514038887079e-01
5.164971005032950035e-01
5.167812206309987388e-01
5.170124323059255289e-01
5.173017525255652060e-01
5.175371342558914289e-01
5.178316651881588184e-01
5.180712154624795840e-01
5.183709594767470508e-01
5.186146951349785983e-01
5.189196736139130017e-01
5.191676004837447733e-01
5.194173948819439390e-01
5.197299575267387839e-01
5.199839765620354326e-01
5.203018284046938557e-01
5.205600871077518121e-01
5.208832508572410758e-01
5.211457847223138762e-01
5.214743025401753496e-01
5.217411295178153718e-01
5.220750329992601690e-01
5.223461961827695621e-01
5.226192941450291674e-01
5.229610621498448353e-01
5.232385433804263020e-01
5.235858128730954686e-01
5.238677362479026156e-01
5.242205713761128871e-01
5.245069598745507600e-01
5.248654137580577306e-01
5.251563348955264887e-01
5.255204825780059874e-01
5.258159836518573327e-01
5.261135385371410456e-01
5.264860259832382372e-01
5.267882663116537634e-01
5.271666344855233666e-01
5.274736013204491814e-01
5.278579278926860407e-01
5.281697103102990232e-01
5.285600921855571066e-01
5.288767578145637804e-01
5.292344387666441108e-01
5.295557901482481622e-01
5.299187825885194325e-01
5.302846328197098336e-01
5.306533518525811122e-01
5.310249756398210952e-01
5.313995265009777702e-01
5.317770417952556450e-01
5.321575354534572311e-01
5.325410463602365807e-01
5.329275995360297502e-01
5.333172358858377926e-01
5.336672562814346321e-01
5.340627763883858403e-01
5.344614669645941785e-01
5.348633563844563676e-01
5.352684893393550025e-01
5.356768850378302860e-01
5.360885897810580003e-01
5.365036347719136511e-01
5.369220684627603601e-01
5.373439119584967338e-01
5.377692153991830981e-01
5.381512893220766758e-01
5.385832253043629780e-01
5.390187439126509217e-01
5.394578701749846994e-01
5.399006585174317419e-01
5.403471469954371775e-01
5.407973923328243115e-01
5.412514220956023969e-01
5.417092949690576198e-01
5.421710524619036686e-01
5.426367552541557782e-01
5.430551644490396734e-01
5.435284246951248566e-01
5.440057700063141155e-01
5.444872464598460304e-01
5.449729206253322022e-01
5.454628272629419294e-01
5.459570352190292741e-01
5.464555945870838150e-01
5.469585765582030135e-01
5.474660200636222163e-01
5.479220230054264729e-01
5.484380765828915649e-01
5.489587750606509386e-01
5.494841963467164137e-01
5.500143834940652843e-01
5.505494170275578858e-01
5.510893569101530387e-01
5.516342864161617454e-01
5.521842533209140313e-01
5.527393437052008363e-01
5.532996224849067168e-01
5.538032418041272109e-01
5.543735375117916364e-01
5.549492312156263374e-01
5.555304167427379536e-01
5.561171655880010611e-01
5.567095751510614532e-01
5.573077036137247253e-01
5.579116516885087584e-01
5.585214967254167329e-01
5.591373434990285496e-01
5.597592550435906977e-01
5.603184406233667758e-01
5.610216765864032284e-01
5.615920831611804775e-01
5.623095398820707747e-01
5.628914911627833639e-01
5.635510932827566544e-01
5.642174300259613640e-01
5.648906239244224636e-01
5.655707510926958337e-01
5.662579381400445477e-01
5.669522841513485734e-01
5.675768324497909578e-01
5.682850235934692185e-01
5.690006894960063510e-01
5.697239675040760565e-01
5.704549657799135032e-01
5.711938267283594994e-01
5.719406405885911759e-01
5.726955540570753955e-01
5.734586827038266055e-01
5.742301778783588384e-01
5.750101362868100807e-01
5.757119429809486322e-01
5.765082813600586054e-01
5.773134818474415786e-01
5.781276970916328084e-01
5.789510487805440420e-01
5.797836931969044816e-01
5.806257601937149238e-01
5.814774092997131438e-01
5.823387675486102477e-01
5.832099972725880432e-01
5.840912331743992603e-01
5.848844198380741544e-01
5.857849741786009812e-01
5.866959670993202591e-01
5.876175643503835921e-01
5.885499045403109752e-01
5.894931557933932309e-01
5.904474581123762000e-01
5.914129823464502334e-01
5.923898708596302409e-01
5.933782982713965426e-01
5.943784095337516504e-01
5.952787523488994870e-01
5.963013953359637132e-01
5.973362033900077028e-01
5.983833674397673885e-01
5.994430500793741512e-01
6.005154544049675636e-01
6.016007563935727998e-01
6.026991760173242563e-01
6.038109066807519909e-01
6.048740483866063000e-01
6.060123201777092294e-01
6.071009600717329757e-01
6.082667376590044084e-01
6.094470531691028592e-01
6.106422267787069424e-01
6.118525580525217000e-01
6.130106560105884617e-01
6.142514636755919133e-01
6.155085055381185333e-01
6.167821885622759570e-01
6.180729429795058794e-01
6.193812222315988603e-01
6.206341312594056969e-01
6.219778813581552379e-01
6.233406095982864104e-01
6.247228798914837844e-01
6.261252247713999797e-01
6.274694572866041931e-01
6.289125093744362127e-01
6.303773887471485482e-01
6.318647143852066383e-01
6.333751170211004977e-01
6.349092377679357302e-01
6.363813506297802958e-01
6.379634730706358337e-01
6.395712347238083906e-01
6.412053376365469681e-01
6.428664264958257046e-01
6.445552146189428289e-01
6.462723538600134709e-01
6.480185668776237140e-01
6.497945113088756663e-01
6.516009180734420037e-01
6.534384488582911654e-01
6.551004279115862916e-01
6.569986976468235040e-01
6.589301256310533539e-01
6.608954468784963288e-01
6.628953726295115922e-01
6.648176168999713198e-01
6.668868968666035180e-01
6.689929501063103245e-01
6.711365419534355281e-01
6.733184628617943090e-01
6.755395381946491806e-01
6.776750184416876488e-01
6.799747916685660032e-01
6.823165034773779336e-01
6.847013145163610703e-01
6.871305422361601023e-01
6.894681330146910092e-01
6.919884560714567590e-01
6.945588033381075999e-01
6.971089901914109266e-01
6.997869908706237929e-01
7.025257309350515511e-01
7.052523541944913932e-01
7.081274458225766955e-01
7.109981211134592805e-01
7.140298954393561326e-01
7.170918788404588851e-01
7.201936242204334260e-01
7.232982181016046619e-01
7.261791816765623686e-01
7.287272165217878461e-01
7.308917981801645869e-01
7.327992103154087333e-01
7.345566904989622170e-01
7.363017459559975109e-01
7.380782464494063388e-01
7.399143031602699594e-01
7.417695622528058808e-01
7.435716640006806433e-01
7.454001683443698401e-01
7.471832263945135111e-01
7.488557408423146544e-01
7.504946489775968788e-01
7.520362770913451289e-01
7.534291876834943169e-01
7.547389613128582253e-01
7.558839089293931668e-01
7.569179247581674375e-01
7.577977769362091998e-01
7.584966305495587369e-01
7.590399836933068300e-01
7.593846633062837359e-01
7.595137696658226245e-01
7.593986761756177373e-01
7.590116305613294756e-01
7.583659151302384327e-01
7.574813970996662205e-01
7.563912710428594144e-01
7.551063417449265236e-01
7.536646777725591884e-01
7.521298365967856725e-01
7.504250562973976413e-01
7.486043743647345927e-01
7.467339048934885648e-01
7.447148912196218662e-01
7.426706876396260704e-01
7.404923747505972598e-01
7.382478325306952582e-01
7.359464625296676665e-01
7.335972616136611224e-01
7.312087469524025662e-01
7.289257319769310017e-01
7.264831658577226570e-01
7.240231745840799427e-01
7.215520539296429448e-01
7.190755289532604344e-01
7.167379467186725250e-01
7.142652501770000439e-01
7.118008947257969954e-01
7.093485829819266009e-01
7.069115822126000870e-01
7.044927560157856483e-01
7.020945981822600546e-01
6.997192636695717116e-01
6.973686005669529342e-01
6.950441780991672980e-01
6.927473148923173341e-01
6.907327678714855201e-01
6.884908119619814748e-01
6.862790356076214904e-01
6.840980041213481355e-01
6.819481382293323124e-01
6.798297306336502643e-01
6.777429605103227894e-01
6.756879081991956637e-01
6.736645662648760302e-01
6.716728508302648448e-01
6.697126118188710953e-01
6.679993306513773987e-01
6.660979700744867893e-01
6.642273563638927403e-01
6.623871573601953777e-01
6.603748836887939344e-01
6.587964614210563008e-01
6.568496032497995740e-01
6.553227303461589548e-01
6.534393997114643637e-01
6.519625010079191929e-01
6.501406770800768342e-01
6.487121069299800480e-01
6.473044986282752156e-01
6.455678525777902577e-01
6.442061397117813115e-01
6.425258605188135519e-01
6.412083552081420113e-01
6.395823399453866021e-01
6.383073706290984806e-01
6.367335449206013021e-01
6.354994714891148977e-01
6.341293059579938829e-01
6.329324174080838139e-01
6.316033167965350303e-01
6.302952961368042395e-01
6.290079605093763515e-01
6.277408638364091464e-01
6.264936249105735877e-01
6.252658139153393080e-01
6.240570651121749579e-01
6.228669654900811370e-01
6.216951636504260970e-01
6.205412637564423628e-01
6.195328390648847661e-01
6.184118272765913860e-01
6.173076952785389038e-01
6.162201290627817851e-01
6.151487740747728639e-01
6.140933321985705406e-01
6.130534655433447222e-01
6.120288903578192663e-01
6.110192853272519153e-01
6.100243817425242687e-01
6.090438742778186976e-01
6.081866126348670631e-01
6.072325953695215661e-01
6.062921968936708650e-01
6.053651831617866685e-01
6.044512855412602637e-01
6.035502824361923535e-01
6.026619193274809216e-01
6.017859871399701133e-01
6.009222444475375013e-01
6.000704935221633507e-01
5.992305049878441370e-01
5.984959217375239726e-01
5.976776341828853312e-01
5.968705309354925825e-01
5.960744388268154337e-01
5.952891546908897213e-01
5.945145139774499210e-01
5.937503225383402583e-01
5.929964233141747920e-01
5.922526282970768108e-01
5.915187911463506421e-01
5.907947310052175105e-01
5.901615026715129053e-01
5.894555082809493918e-01
5.886797028086596661e-01
5.880713108154607127e-01
5.873157373485484722e-01
5.867232212616095843e-01
5.859871886162114629e-01
5.854100547431981827e-01
5.846929431765075513e-01
5.841306480140829871e-01
5.834317880116907107e-01
5.828838483721051622e-01
5.823421268965984776e-01
5.817374874213939728e-01
5.811404455781015166e-01
5.805508292816483618e-01
5.799685303220261101e-01
5.793933734147717063e-01
5.788252199449508417e-01
5.782638923751848292e-01
5.777092685433480312e-01
5.771611652729011777e-01
5.766815114771955963e-01
5.761453020551258186e-01
5.756151210161787324e-01
5.750908271364580937e-01
5.745722196281545235e-01
5.740591274257708099e-01
5.735513423245731657e-01
5.730487048067802736e-01
5.725509991010936384e-01
5.720580382514817153e-01
5.715696005042455452e-01
5.711412530392036002e-01
5.706608534894751505e-01
5.701843953508489715e-01
5.697116833227211519e-01
5.692424932125940140e-01
5.687766511505312206e-01
5.683139391139012675e-01
5.678541734707815980e-01
5.673971479539787754e-01
5.669427108847567842e-01
5.664906732903695064e-01
5.660928847948255571e-01
5.656449741998997860e-01
5.651990271137541377e-01
5.647549473663270314e-01
5.643126097811937969e-01
5.638719314485790557e-01
5.634328185451327187e-01
5.629952360242632681e-01
5.625591218339957011e-01
5.621244554334881016e-01
5.616912056442524559e-01
5.613094051564879727e-01
5.608788810798589486e-01
5.604498141371372366e-01
5.600222466174809011e-01
5.595962057066882211e-01
5.591717662110843312e-01
5.587489701420826904e-01
5.583278888329750167e-01
5.579085740375744340e-01
5.574911176305551441e-01
5.570755754656757652e-01
5.567099509563655513e-01
5.562982356654486704e-01
5.558886307131009064e-01
5.554812247682016091e-01
5.550760670645480399e-01
5.546732256879139955e-01
5.542727431463712051e-01
5.538746925207023164e-01
5.534791078630925121e-01
5.530860400294315138e-01
5.527408299841378714e-01
5.523526070679171118e-01
5.519670073627239715e-01
5.515840430885002865e-01
5.512037428990050891e-01
5.508261111682540845e-01
5.504511806336440660e-01
5.500789481531611624e-01
5.497094269336373351e-01
5.493426071642322217e-01
5.489785079797564471e-01
5.486591643108030825e-01
5.482584299697984553e-01
5.479438753396401740e-01
5.475491185266506688e-01
5.472393317978019311e-01
5.468505144637186843e-01
5.465454358795587275e-01
5.461624792300718845e-01
5.458620637548127208e-01
5.454849026047277061e-01
5.451890717976316525e-01
5.448952627843297591e-01
5.445263078676525481e-01
5.442369897486137864e-01
5.438736063498326168e-01
5.435886886269153395e-01
5.432307647155699692e-01
5.429501780681069700e-01
5.425976226503019806e-01
5.423212620424187058e-01
5.419739593052744775e-01
5.417017738251407311e-01
5.414314137723285070e-01
5.410915321529923272e-01
5.408252045903402250e-01
5.404903203943945966e-01
5.402279536138459015e-01
5.398979748301800941e-01
5.396394661494613443e-01
5.393142803489179293e-01
5.390595800359837542e-01
5.387390982168072107e-01
5.384881067666297261e-01
5.382387448382712769e-01
5.379248772640842224e-01
5.376791236967227716e-01
5.373697249642461760e-01
5.371274855035921281e-01
5.368224532317555919e-01
5.365836841463167417e-01
5.362829386844312207e-01
5.360475497952388313e-01
5.357509938152084095e-01
5.355189261931321276e-01
5.352883142946925910e-01
5.349976765984165716e-01
5.347702712423199056e-01
5.344836196442610543e-01
5.342593839235534325e-01
5.339766487102289849e-01
5.337555019155205693e-01
5.334765967338463977e-01
5.332584875937773639e-01
5.329833469614276842e-01
5.327681989444799093e-01
5.325543659737883573e-01
5.322845280566554926e-01
5.320735916243428676e-01
5.318073442034056963e-01
5.315992405293420431e-01
5.313365070518261124e-01
5.311311916640042430e-01
5.308719151300290706e-01
5.306693188559526986e-01
5.304134266484631377e-01
5.302135249954128549e-01
5.300148023654701612e-01
5.297637033374362758e-01
5.295675877755872119e-01
5.293197240280422822e-01
5.291261767562575047e-01
5.288814983804134284e-01
5.286904570443667906e-01
5.284747068973087991e-01
5.282603499685692983e-01
5.280473656893062140e-01
5.278357461939302553e-01
5.276506856297662473e-01
5.274416045393468533e-01
5.272338583184275063e-01
5.270274272329150689e-01
5.268223040907648036e-01
5.266184618938454243e-01
5.264159173099728362e-01
5.262146437026371526e-01
5.260146344187001111e-01
5.258158710200901975e-01
5.256183550206146027e-01
5.254457239050200901e-01
5.252505261319172503e-01
5.250565426335532804e-01
5.248637485184689533e-01
5.246721603588297977e-01
5.244587678372173434e-01
5.242925129995754663e-01
5.240817155045086606e-01
5.239175236875336372e-01
5.237092876896862759e-01
5.235471119388764860e-01
5.233858364013926900e-01
5.231812237333841598e-01
5.230219331357607304e-01
5.228197853244066495e-01
5.226624417140296464e-01
5.224627135331921801e-01
5.223072940522607288e-01
5.221099554424772915e-01
5.219564168673712645e-01
5.217614243747121794e-01
5.216097584334151716e-01
5.214589135178723245e-01
5.212672585686898286e-01
5.211182321308924781e-01
5.209288376130732923e-01
5.207816091977264250e-01
5.205944481097047882e-01
5.204489778257681554e-01
5.202640103731936971e-01
5.201202916244792585e-01
5.199374920749175732e-01
5.197954862313477475e-01
5.196542373275050419e-01
5.194745081034437550e-01
5.193349425943842856e-01
5.191573048506566979e-01
5.190193858798047843e-01
5.188438031095983227e-01
5.187075254949435887e-01
5.185339745533341649e-01
5.183993025607680494e-01
5.182277482927746259e-01
5.180946653314035810e-01
5.179622821492630980e-01
5.177935723371503984e-01
5.176627339769497294e-01
5.174959527141205218e-01
5.173666552252069728e-01
5.172017816146108338e-01
5.170739918075971664e-01
5.169109934281608254e-01
5.167846963580281505e-01
5.166235532126769447e-01
5.164987168442736198e-01
5.163745346566268601e-01
5.162160217811788687e-01
5.160932827469187911e-01
5.159365636072341665e-01
5.158152423417460275e-01
5.156602868472697221e-01
5.155403697579175049e-01
5.153871596248885689e-01
5.152686167095871239e-01
5.151171227522837182e-01
5.149999516796563981e-01
5.148833826987310180e-01
5.147343359064169288e-01
5.146191013413471405e-01
5.144717145972268479e-01
5.143578018592176448e-01
5.142120581437246152e-01
5.140994440109236674e-01
5.139553157686558293e-01
5.138439879751468542e-01
5.137014585923179721e-01
5.135913944073231541e-01
5.134818893064838630e-01
5.133416268939002824e-01
5.132333657270442551e-01
5.130946493408981013e-01
5.129876049325483578e-01
5.128657529534856874e-01
5.127445824155953957e-01
5.126240835000819285e-01
5.125042540274356018e-01
5.123850842909519754e-01
5.122815574471794031e-01
5.121636339736338472e-01
5.120463593260640156e-01
5.119297313773291114e-01
5.118137357653986808e-01
5.116983850724979854e-01
5.115836650216243342e-01
5.114695735729305470e-01
5.113561014902330282e-01
5.112432516028100338e-01
5.111310147926522163e-01
5.110336018226153687e-01
5.109225167588361538e-01
5.108120255724318826e-01
5.107021406049163659e-01
5.105928484620897434e-01
5.104841475306418630e-01
5.103760293274776094e-01
5.102684969859033748e-01
5.101615422046530401e-01
5.100551636508995346e-01
5.099493487314994411e-01
5.098576098370443122e-01
5.097528748796369413e-01
5.096487005993650676e-01
5.095450860104173696e-01
5.094420235296434063e-01
5.093395167244832988e-01
5.092375581686016117e-01
5.091361471115075643e-01
5.090352719635137246e-01
5.089267091479393601e-01
