-1.323707190525880151e-07
-3.971901649801878875e-07
-6.620934300816117002e-07
-9.270872214361958186e-07
-1.192178186171233278e-06
-1.457373451585475266e-06
-1.722679691007478198e-06
-1.988103427996712469e-06
-2.253652857886478955e-06
-2.519332314543376583e-06
-2.785150423068039061e-06
-3.051112760221741382e-06
-3.317226755172875130e-06
-3.583499717851879041e-06
-3.849938379651973719e-06
-4.116553476873896500e-06
-4.383349718972695541e-06
-4.650334489153529205e-06
-4.917516590596804349e-06
-5.184905379485016397e-06
-5.452510111303432438e-06
-5.720339760539872032e-06
-5.988406412194002826e-06
-6.256720934016968272e-06
-6.525298305470883520e-06
-6.794158073919476237e-06
-7.063317968181159756e-06
-7.332804166537698620e-06
-7.602649454541143825e-06
-7.872893548421799892e-06
-8.143538499760794025e-06
-8.414516457611043165e-06
-8.685655153883864443e-06
-8.956853751462823254e-06
-9.228146408690740543e-06
-9.499607404928056553e-06
-9.771309631423363840e-06
-1.004331014309300940e-05
-1.031566014564333500e-05
-1.058840066447963579e-05
-1.086151710716354302e-05
-1.113496936488989064e-05
-1.140873841032341574e-05
-1.168283924868340762e-05
-1.195730102410141882e-05
-1.223215026224799828e-05
-1.250742066893906212e-05
-1.278313909613970623e-05
-1.305933807005388303e-05
-1.333605007725058300e-05
-1.361330076588007643e-05
-1.389112171723549949e-05
-1.416953720512204029e-05
-1.444853581633598338e-05
-1.472807776736750895e-05
-1.500814828048202543e-05
-1.528883879842179994e-05
-1.557025028953162860e-05
-1.585248576596587355e-05
-1.613563584013100183e-05
-1.641975041599685881e-05
-1.670483073956674502e-05
-1.699080858652557424e-05
-1.727758957681402308e-05
-1.756500046390385705e-05
-1.785288141331609069e-05
-1.814108167530470439e-05
-1.842946666497091712e-05
-1.871794041552465870e-05
-1.900643683183655952e-05
-1.929492057950454864e-05
-1.958338392460401423e-05
-1.987183632035094405e-05
-2.016029697560206557e-05
-2.044879490048501225e-05
-2.073735605689908112e-05
-2.102600373454777127e-05
-2.131475602273891212e-05
-2.160362116343517158e-05
-2.189259999385573252e-05
-2.218168437684298056e-05
-2.247085639828227954e-05
-2.276009365298481413e-05
-2.304936988661854258e-05
-2.333866116754901299e-05
-2.362794244437083080e-05
-2.391720231165184174e-05
-2.420643789624588038e-05
-2.449565933115849248e-05
-2.478488802881706476e-05
-2.507415997365924909e-05
-2.536351931314850816e-05
-2.565302785018097609e-05
-2.594277931677879678e-05
-2.623292987402603416e-05
-2.652381645606993743e-05
-2.681685869587724369e-05
-2.711222287354875249e-05
-2.740361123576562363e-05
-2.769463062657351315e-05
-2.798594800801357252e-05
-2.827845117825411592e-05
-2.857959184832115085e-05
-2.887257507055984718e-05
-2.916372604311323613e-05
-2.945431921930197205e-05
-2.974464857996572675e-05
-3.003478941765447274e-05
-3.032472955177833995e-05
-3.061442136842451589e-05
-3.090381507564465835e-05
-3.119286451813696459e-05
-3.148155085996862113e-05
-3.176986651354241076e-05
-3.205782822923719522e-05
-3.234547436836709977e-05
-3.263284348675732360e-05
-3.291997209198260776e-05
-3.320689648744767908e-05
-3.349365287219630005e-05
-3.378028086087336845e-05
-3.406681867268446240e-05
-3.435329748513460402e-05
-3.463973701522959914e-05
-3.492615257716380484e-05
-3.521256237315473214e-05
-3.549899647681264980e-05
-3.578550006777536652e-05
-3.607213603096237620e-05
-3.635899114262652887e-05
-3.664622496934999418e-05
-3.693431289519821803e-05
-3.722667847871896640e-05
-3.751753760417031458e-05
-3.780616336579445402e-05
-3.809415661426562849e-05
-3.838187863525188703e-05
-3.866949052977464163e-05
-3.895711415613511974e-05
-3.924490917395218048e-05
-3.953318885563383844e-05
-3.982283192249802539e-05
-4.012385888274572210e-05
-4.041406855981310997e-05
-4.070290359337036534e-05
-4.099197676110666322e-05
-4.128215693843806378e-05
-4.157447397490354746e-05
-4.187023082646845751e-05
-4.217052849020408445e-05
-4.247487951691830688e-05
-4.278137052571295840e-05
-4.308842450928551671e-05
-4.339526047525410490e-05
-4.370159358557668128e-05
-4.400734935217087695e-05
-4.431254364789527500e-05
-4.461721543436159010e-05
-4.492142302781054752e-05
-4.522521438343751754e-05
-4.552865102325220903e-05
-4.583178206440940983e-05
-4.613465599567767583e-05
-4.643732434950198495e-05
-4.673983220215838230e-05
-4.704223092122372663e-05
-4.734457141408743297e-05
-4.764691105918483771e-05
-4.794931328133689163e-05
-4.825184429690931864e-05
-4.855456910168864937e-05
-4.885761242579000907e-05
-4.916134876675748444e-05
-4.946795915516943865e-05
-4.977601504374540298e-05
-5.008123834437938626e-05
-5.038574626470282425e-05
-5.068997395407670581e-05
-5.099411562636824158e-05
-5.129831243610993852e-05
-5.160271895299217704e-05
-5.190757508577448220e-05
-5.221342302286213766e-05
-5.252327297711190113e-05
-5.283269330513817863e-05
-5.313865469136480613e-05
-5.344361266523822707e-05
-5.374807150437810321e-05
-5.405224673948882952e-05
-5.435627345462545890e-05
-5.466025998468460045e-05
-5.496434314067322191e-05
-5.526877632311411048e-05
-5.557357170438148586e-05
-5.587776168414215761e-05
-5.618151726094477993e-05
-5.648503338584465183e-05
-5.678840498524184710e-05
-5.709168583523105411e-05
-5.739491818201880591e-05
-5.769814122591476746e-05
-5.800139864409192825e-05
-5.830473748735798267e-05
-5.860819052616594860e-05
-5.891174474448312992e-05
-5.921540973730099466e-05
-5.951933623682403862e-05
-5.982400781245900134e-05
-6.013570197893614022e-05
-6.044002345484411620e-05
-6.074349546614232764e-05
-6.104672073037331614e-05
-6.134982046246406640e-05
-6.165272179603498159e-05
-6.195538189313065658e-05
-6.225785162705665954e-05
-6.256023203110583353e-05
-6.286266574961896225e-05
-6.316540835360484607e-05
-6.346920084820961705e-05
-6.378339182000480889e-05
-6.409002491358783971e-05
-6.439431256721750430e-05
-6.469780533591151794e-05
-6.500096316652825834e-05
-6.530407093041645794e-05
-6.560741526551172598e-05
-6.591146308521089736e-05
-6.621796149208769577e-05
-6.652543084328943479e-05
-6.682979522665277727e-05
-6.713295117066753193e-05
-6.743536713016418105e-05
-6.773727550224428740e-05
-6.803880538697182345e-05
-6.834004986000508097e-05
-6.864106952397808215e-05
-6.894190948647516137e-05
-6.924260953755645431e-05
-6.954320021879123459e-05
-6.984370759166580456e-05
-7.014415494677184171e-05
-7.044456416305244773e-05
-7.074495451375728550e-05
-7.104534411139784567e-05
-7.134575049838609573e-05
-7.164618996258198536e-05
-7.194667855947578516e-05
-7.224723420706791188e-05
-7.254787819899188861e-05
-7.284864155521209028e-05
-7.314957342718919620e-05
-7.345075373310638867e-05
-7.375233891393495611e-05
-7.405469164800670967e-05
-7.435927007437559411e-05
-7.467085993828614932e-05
-7.497596186889499137e-05
-7.528039979642908719e-05
-7.558710015409531024e-05
-7.589720156364609949e-05
-7.620239600902856125e-05
-7.650635332145938605e-05
-7.680970790746588506e-05
-7.711271668675578894e-05
-7.741551872553209535e-05
-7.771821782465160311e-05
-7.802090568431729878e-05
-7.832369445359699256e-05
-7.862669051761361771e-05
-7.892961250510754923e-05
-7.923254165420612338e-05
-7.953899052515200907e-05
-7.984200271382579928e-05
-8.014479948204034088e-05
-8.044756852554346693e-05
-8.075041450561482037e-05
-8.105344268194425439e-05
-8.135684481158644843e-05
-8.166115149732533496e-05
-8.196933211501722383e-05
-8.227471539212771745e-05
-8.257876966277777342e-05
-8.288244018062052021e-05
-8.318598552736755636e-05
-8.348952181802538064e-05
-8.379311838935254997e-05
-8.409682357568559752e-05
-8.440067628823211265e-05
-8.470471162846937574e-05
-8.500896478358388464e-05
-8.531347058005067652e-05
-8.561826861430699154e-05
-8.592340448954072230e-05
-8.622893807042064651e-05
-8.653494580523890534e-05
-8.684154760163487197e-05
-8.714895138772771332e-05
-8.745760564787818936e-05
-8.776911456143121626e-05
-8.809042579893677782e-05
-8.840656996189633077e-05
-8.871963763679158177e-05
-8.903269778459677042e-05
-8.934969226137567944e-05
-8.966223515127769161e-05
-8.997361494611499921e-05
-9.028469184801934944e-05
-9.059571517711084709e-05
-9.090679801371237545e-05
-9.121800106481892101e-05
-9.152937237022484851e-05
-9.184094831049538499e-05
-9.215276304408437369e-05
-9.246484720337733165e-05
-9.277722782830011283e-05
-9.308993805445808789e-05
-9.340299927196316077e-05
-9.371643688860231691e-05
-9.403029486731995235e-05
-9.434461217683320911e-05
-9.465944655728808499e-05
-9.497488317788960188e-05
-9.529104948458044788e-05
-9.560815569809033576e-05
-9.592657616830368994e-05
-9.624720578049750230e-05
-9.657178478239547559e-05
-9.689235656029637767e-05
-9.721312632338108273e-05
-9.753954493751937349e-05
-9.786169134717859208e-05
-9.818171182707224887e-05
-9.850108710041105553e-05
-9.882021815099673034e-05
-9.913928695914897560e-05
-9.945840525193982984e-05
-9.977766036040058850e-05
-1.000971326201582912e-04
-1.004169295634183001e-04
-1.007372204900880419e-04
-1.010583507952134141e-04
-1.013813883485870093e-04
-1.017102535064706714e-04
-1.020329832814859117e-04
-1.023542325382376106e-04
-1.026751887660548590e-04
-1.029963205712025598e-04
-1.033181759523271737e-04
-1.036427859303357124e-04
-1.039668439126728572e-04
-1.042884499529161957e-04
-1.046094882345416366e-04
-1.049303484298436118e-04
-1.052511778633080652e-04
-1.055720476249577544e-04
-1.058929936311736597e-04
-1.062140325345239944e-04
-1.065351569889960714e-04
-1.068563534366573364e-04
-1.071775928754847840e-04
-1.074988340105109685e-04
-1.078200244050142587e-04
-1.081411066239379437e-04
-1.084620275230152586e-04
-1.087827485650727510e-04
-1.091032486757459452e-04
-1.094235277984134669e-04
-1.097436216493941075e-04
-1.100636216890826802e-04
-1.103837540981089660e-04
-1.107047976746100559e-04
-1.110291324797341161e-04
-1.113488521498062767e-04
-1.116673408632085085e-04
-1.119852436777257765e-04
-1.123027896087203104e-04
-1.126201278072169742e-04
-1.129373966787250438e-04
-1.132547697559882494e-04
-1.135725207501714351e-04
-1.138912513067857901e-04
-1.142136773382151915e-04
-1.145347086606296472e-04
-1.148535829453845025e-04
-1.151775977313862498e-04
-1.155006018870308182e-04
-1.158198221938855355e-04
-1.161379974260468018e-04
-1.164557785029440851e-04
-1.167735006253334262e-04
-1.170914565150615871e-04
-1.174100978971193143e-04
-1.177308299846746564e-04
-1.180517348110532438e-04
-1.183712357820665417e-04
-1.186906301009482689e-04
-1.190102551643645867e-04
-1.193302104895987981e-04
-1.196504459581859692e-04
-1.199708718947478658e-04
-1.202914234539331773e-04
-1.206120827011991636e-04
-1.209328761347938652e-04
-1.212538585793065948e-04
-1.215751046258484180e-04
-1.218967022788008947e-04
-1.222187612147651592e-04
-1.225414331038621185e-04
-1.228649239188861486e-04
-1.231896225767359354e-04
-1.235166256614572688e-04
-1.238532491387722700e-04
-1.241806484164609259e-04
-1.245085251323496678e-04
-1.248398443928211421e-04
-1.251700911887310141e-04
-1.255003206502847135e-04
-1.258314922737424624e-04
-1.261639624927646253e-04
-1.264980200267329380e-04
-1.268339744825430770e-04
-1.271721579750861864e-04
-1.275127804142295318e-04
-1.278559739797957562e-04
-1.282024415238947057e-04
-1.285482562899398218e-04
-1.288938280887830246e-04
-1.292391334208886633e-04
-1.295855862926131863e-04
-1.299316359326674331e-04
-1.302728194946256579e-04
-1.306118872304029566e-04
-1.309497408007453956e-04
-1.312870863829918022e-04
-1.316248993994406646e-04
-1.319653810363252688e-04
-1.323218176408902380e-04
-1.326724802704903894e-04
-1.330099657448347017e-04
-1.333434036107083998e-04
-1.336744330765471389e-04
-1.340036826589230401e-04
-1.343314934372230596e-04
-1.346581331849172614e-04
-1.349838030823002910e-04
-1.353086603770314866e-04
-1.356328487807090255e-04
-1.359564713252492396e-04
-1.362796116711750827e-04
-1.366023460828147407e-04
-1.369247362578152050e-04
-1.372468380096414364e-04
-1.375687034457229174e-04
-1.378903895515870559e-04
-1.382119479695909092e-04
-1.385334374639501931e-04
-1.388549273592110112e-04
-1.391764966449660079e-04
-1.394982964546542803e-04
-1.398208094592900963e-04
-1.401425061684502538e-04
-1.404642306678249852e-04
-1.407861219203665470e-04
-1.411082725848444852e-04
-1.414307475170462070e-04
-1.417535822569870874e-04
-1.420766708112308763e-04
-1.423995503700981047e-04
-1.427220393499517570e-04
-1.430442877157211967e-04
-1.433664284636870789e-04
-1.436885377693597476e-04
-1.440106663900264650e-04
-1.443328485098982483e-04
-1.446551070676260764e-04
-1.449774588792029917e-04
-1.452999135816979148e-04
-1.456224745703948997e-04
-1.459451393013289078e-04
-1.462678992341093220e-04
-1.465907360537199722e-04
-1.469136254953484766e-04
-1.472365418896393052e-04
-1.475594651586531469e-04
-1.478823831764231045e-04
-1.482052917127774094e-04
-1.485281930403425932e-04
-1.488510928955300017e-04
-1.491740016028586524e-04
-1.494969312281213547e-04
-1.498198955167673319e-04
-1.501429091838035745e-04
-1.504659873466929199e-04
-1.507891463535804277e-04
-1.511124023416687834e-04
-1.514357726049020414e-04
-1.517592735842399065e-04
-1.520829181993477164e-04
-1.524067172441467832e-04
-1.527306758158930577e-04
-1.530547980546081988e-04
-1.533790924659328425e-04
-1.537035738982117650e-04
-1.540282625419608920e-04
-1.543531690197941231e-04
-1.546782985009098610e-04
-1.550036472769411589e-04
-1.553292151860174997e-04
-1.556550033748882456e-04
-1.559810319329280048e-04
-1.563073366263045827e-04
-1.566339661680515860e-04
-1.569609852510867043e-04
-1.572884773466398656e-04
-1.576165161188969321e-04
-1.579451901717598972e-04
-1.582745990003076031e-04
-1.586048542271401018e-04
-1.589360752722868142e-04
-1.592684037259317620e-04
-1.596020131847675216e-04
-1.599370828152535395e-04
-1.602738618995402931e-04
-1.606126563146181851e-04
-1.609538476321503708e-04
-1.612979057143970607e-04
-1.616454460633409695e-04
-1.619972616782039410e-04
-1.623540907869092109e-04
-1.627163587425428659e-04
-1.630829296526137284e-04
-1.634491699289419842e-04
-1.638089064972536590e-04
-1.641597274363304493e-04
-1.645028462278208536e-04
-1.648403704509471268e-04
-1.651739636228111152e-04
-1.655048633493194643e-04
-1.658341319643596989e-04
-1.661640939696340524e-04
-1.664929917613022781e-04
-1.668198981320534457e-04
-1.671457466004833137e-04
-1.674708183792006366e-04
-1.677952393822623733e-04
-1.681190982638636200e-04
-1.684424582146792915e-04
-1.687653950398493308e-04
-1.690879983429205424e-04
-1.694103988199024968e-04
-1.697325776136571207e-04
-1.700541588881554489e-04
-1.703752032148342366e-04
-1.706958336776809304e-04
-1.710161217285399715e-04
-1.713361111426170424e-04
-1.716558338404894357e-04
-1.719753160694947880e-04
-1.722945787639984516e-04
-1.726136427394608930e-04
-1.729325270859449759e-04
-1.732512448127110360e-04
-1.735698329928814232e-04
-1.738883057789131215e-04
-1.742066888457127760e-04
-1.745250075002591217e-04
-1.748432895537499476e-04
-1.751615647530568864e-04
-1.754798663561318861e-04
-1.757982370852451126e-04
-1.761167342699820892e-04
-1.764354414328650478e-04
-1.767545047368646038e-04
-1.770742435691641248e-04
-1.773947438616918504e-04
-1.777170846860576248e-04
-1.780424397535007586e-04
-1.783647992001924365e-04
-1.786870904850745845e-04
-1.790099071210526915e-04
-1.793336582186499939e-04
-1.796586937072852663e-04
-1.799852182827743619e-04
-1.803132304942778319e-04
-1.806448263613757987e-04
-1.809749977051966496e-04
-1.813021856598151516e-04
-1.816281990417722980e-04
-1.819534440382630791e-04
-1.822781421320085471e-04
-1.826024720932295509e-04
-1.829265802698598620e-04
-1.832505941077311462e-04
-1.835746272546012747e-04
-1.838987820403925610e-04
-1.842231565195584508e-04
-1.845478477022766128e-04
-1.848729650303360117e-04
-1.851986231917734926e-04
-1.855249642503942198e-04
-1.858521331589146897e-04
-1.861803052972677008e-04
-1.865097258743064756e-04
-1.868406929427246510e-04
-1.871735828751219799e-04
-1.875089457021861250e-04
-1.878475189580619542e-04
-1.881902679132796408e-04
-1.885383260769035729e-04
-1.888921019259637291e-04
-1.892487687723543033e-04
-1.896021963631033813e-04
-1.899494007504554105e-04
-1.902910429204540677e-04
-1.906280003204363638e-04
-1.909612142775296562e-04
-1.912916058580682588e-04
-1.916198363900445401e-04
-1.919463787333208771e-04
-1.922715663323915081e-04
-1.925956717574450749e-04
-1.929188863166730883e-04
-1.932413820960876549e-04
-1.935633026266536660e-04
-1.938847870218696201e-04
-1.942060128343747749e-04
-1.945272537433595517e-04
-1.948485508591613069e-04
-1.951694645614399093e-04
-1.954904508576493782e-04
-1.958128022847560601e-04
-1.961429731289765499e-04
-1.964646467709219024e-04
-1.967849637650731509e-04
-1.971046402080567361e-04
-1.974238398793071170e-04
-1.977426590915598581e-04
-1.980611863288128660e-04
-1.983794783178005616e-04
-1.986975873908836121e-04
-1.990155623594613843e-04
-1.993334594022622142e-04
-1.996513455365667156e-04
-1.999693334138186174e-04
-2.002876794093833013e-04
-2.006072419483695413e-04
-2.009280608930019696e-04
-2.012467430909659072e-04
-2.015646108823876403e-04
-2.018820604872129110e-04
-2.021992303834485583e-04
-2.025161897443172876e-04
-2.028329759599101223e-04
-2.031496137949728720e-04
-2.034661200446263862e-04
-2.037825097689349718e-04
-2.040987978044750406e-04
-2.044149963893460153e-04
-2.047311206501145620e-04
-2.050471850550961150e-04
-2.053632002794181233e-04
-2.056791793410006619e-04
-2.059951331663256724e-04
-2.063110714309868143e-04
-2.066270031386707728e-04
-2.069429403256384248e-04
-2.072588939248110051e-04
-2.075748762399021174e-04
-2.078909008015328297e-04
-2.082069827396004769e-04
-2.085231391107944532e-04
-2.088393896813034445e-04
-2.091557578312031040e-04
-2.094722704740759056e-04
-2.097889385616058533e-04
-2.101056932586331527e-04
-2.104225035775009189e-04
-2.107394218419100795e-04
-2.110564904400646924e-04
-2.113737391855607939e-04
-2.116911930594156388e-04
-2.120088794093089035e-04
-2.123268232364639019e-04
-2.126450549740921403e-04
-2.129636075580698673e-04
-2.132824965916935156e-04
-2.136017443988835751e-04
-2.139213529879224751e-04
-2.142413083419114628e-04
-2.145615850395188318e-04
-2.148821638960907165e-04
-2.152030559502415841e-04
-2.155242761741060775e-04
-2.158458536561935759e-04
-2.161678047805093428e-04
-2.164901516035211415e-04
-2.168129167656740464e-04
-2.171361226274148848e-04
-2.174597782242937427e-04
-2.177838011946375829e-04
-2.181080484909836414e-04
-2.184325015974764028e-04
-2.187571996702386556e-04
-2.190821769922912665e-04
-2.194074575665450055e-04
-2.197330613648018627e-04
-2.200590049156181394e-04
-2.203853101999664332e-04
-2.207120085030433998e-04
-2.210391614678730576e-04
-2.213669041087884537e-04
-2.216954583160735126e-04
-2.220246843996909192e-04
-2.223537854941781688e-04
-2.226826553666239050e-04
-2.230114665167093335e-04
-2.233403470893735587e-04
-2.236693892989638499e-04
-2.239986630957480074e-04
-2.243282252313294478e-04
-2.246581087831378554e-04
-2.249882938700764612e-04
-2.253186856195910082e-04
-2.256491049976716567e-04
-2.259793542354060492e-04
-2.263092845339320647e-04
-2.266388373374228493e-04
-2.269680177706678847e-04
-2.272968675693931573e-04
-2.276254436669455927e-04
-2.279538054512642020e-04
-2.282820169079435857e-04
-2.286101335168266857e-04
-2.289382092285352499e-04
-2.292662967630088033e-04
-2.295944484526080132e-04
-2.299227353781407857e-04
-2.302512698422187754e-04
-2.305802506239462701e-04
-2.309100647907014192e-04
-2.312412817997433478e-04
-2.315733949231901789e-04
-2.319049510238757605e-04
-2.322358853773520693e-04
-2.325664262292637119e-04
-2.328966881884886320e-04
-2.332266993121390186e-04
-2.335564675941537160e-04
-2.338859648213231779e-04
-2.342151194973940420e-04
-2.345439040467578451e-04
-2.348723170390032422e-04
-2.352003131993463114e-04
-2.355279897537920775e-04
-2.358554422383640770e-04
-2.361827341857969387e-04
-2.365099125892777820e-04
-2.368370172650680061e-04
-2.371640773330963015e-04
-2.374911151928893460e-04
-2.378181480453545049e-04
-2.381451914783561108e-04
-2.384722635339064922e-04
-2.387993868431248501e-04
-2.391265900720807025e-04
-2.394539089165537149e-04
-2.397813973031848178e-04
-2.401091232632213135e-04
-2.404376108899874964e-04
-2.407658515108934694e-04
-2.410942064150489728e-04
-2.414228228210246741e-04
-2.417517683673819917e-04
-2.420811087886498569e-04
-2.424109039128596876e-04
-2.427412346859281200e-04
-2.430722057575884776e-04
-2.434039875170990186e-04
-2.437369370860142936e-04
-2.440720621702530124e-04
-2.444127218828029413e-04
-2.447504754605756006e-04
-2.450861738140241997e-04
-2.454213194064136516e-04
-2.457563889419756009e-04
-2.460916297815085585e-04
-2.464272053236404858e-04
-2.467632614508996625e-04
-2.470999986351474220e-04
-2.474372781551270606e-04
-2.477744270591442088e-04
-2.481116747022893421e-04
-2.484491077962003303e-04
-2.487867684555222780e-04
-2.491247380584926674e-04
-2.494630528059316177e-04
-2.498018244655453302e-04
-2.501411471519388030e-04
-2.504811008502416669e-04
-2.508217585818206530e-04
-2.511631662902580331e-04
-2.515053582815562905e-04
-2.518483473168409148e-04
-2.521921909252045069e-04
-2.525369893564555213e-04
-2.528828732459853512e-04
-2.532299773899682194e-04
-2.535784481126901468e-04
-2.539282458936531484e-04
-2.542788921741090391e-04
-2.546283689575101761e-04
-2.549732577271646150e-04
-2.553131244318329607e-04
-2.556500966680586018e-04
-2.559858749344723350e-04
-2.563214246105172123e-04
-2.566572816053991346e-04
-2.569937940449795732e-04
-2.573312381313197506e-04
-2.576698587855030809e-04
-2.580098731719271399e-04
-2.583515476115572085e-04
-2.586950811656052451e-04
-2.590407146283446593e-04
-2.593886516890631100e-04
-2.597389803387084584e-04
-2.600915909505285839e-04
-2.604462940359875134e-04
-2.608030978143993650e-04
-2.611621009454001552e-04
-2.615235215799316393e-04
-2.618873720831027541e-04
-2.622534299475676178e-04
-2.626214994629894051e-04
-2.629914747918071782e-04
-2.633636476244705094e-04
-2.637411125711031090e-04
-2.641197736076295044e-04
-2.644964957284612339e-04
-2.648735191010942458e-04
-2.652511928220580018e-04
-2.656298630250297776e-04
-2.660093100167459923e-04
-2.663866555775440403e-04
-2.667622031109484482e-04
-2.671356053586260160e-04
-2.675066820249094590e-04
-2.678754048358600315e-04
-2.682418326525048968e-04
-2.686061610677192846e-04
-2.689685689877263641e-04
-2.693292715562067841e-04
-2.696884459656434530e-04
-2.700463037061950899e-04
-2.704030065175944131e-04
-2.707586796779626326e-04
-2.711134956094873871e-04
-2.714675536434896230e-04
-2.718209758615364180e-04
-2.721738603891354913e-04
-2.725263020243451351e-04
-2.728783884895502609e-04
-2.732301849830420792e-04
-2.735817838633858301e-04
-2.739332473921107791e-04
-2.742846134854426410e-04
-2.746359127767661334e-04
-2.749871752447674567e-04
-2.753384373632705717e-04
-2.756897446710704358e-04
-2.760411494918679765e-04
-2.763927034907798230e-04
-2.767444524961470975e-04
-2.770964277336585013e-04
-2.774486526379016382e-04
-2.778011454147577552e-04
-2.781539374457908664e-04
-2.785070804766087704e-04
-2.788607961750066977e-04
-2.792151851451762923e-04
-2.795689196976036683e-04
-2.799224322067583870e-04
-2.802758176357889042e-04
-2.806290827702673241e-04
-2.809822187593846721e-04
-2.813352171248117983e-04
-2.816880654702424991e-04
-2.820407546066938664e-04
-2.823932760568359512e-04
-2.827456182883381075e-04
-2.830977685379654218e-04
-2.834497079090558813e-04
-2.838014219530560212e-04
-2.841529000450204734e-04
-2.845041577371754116e-04
-2.848552322872732745e-04
-2.852061805971306541e-04
-2.855571039426241242e-04
-2.859081516993766670e-04
-2.862596395161176588e-04
-2.866126671884350330e-04
-2.869693216293045523e-04
-2.873222953746479291e-04
-2.876740909745212349e-04
-2.880253310094671448e-04
-2.883762787383448156e-04
-2.887270950380216306e-04
-2.890779104286478329e-04
-2.894288647259379843e-04
-2.897801170798075532e-04
-2.901317182046891929e-04
-2.904837785128178140e-04
-2.908367647057596983e-04
-2.911921374958437170e-04
-2.915612063947303767e-04
-2.919196705545301640e-04
-2.922748179418066528e-04
-2.926288574925939301e-04
-2.929824012593007510e-04
-2.933357104059064469e-04
-2.936889225887417965e-04
-2.940421262112025147e-04
-2.943953802335697034e-04
-2.947487295483774972e-04
-2.951022140206260858e-04
-2.954558695831277504e-04
-2.958097318296326605e-04
-2.961638391187904062e-04
-2.965182279306421975e-04
-2.968729427833549650e-04
-2.972280389353931795e-04
-2.975835624705602811e-04
-2.979395802849005293e-04
-2.982961286814855839e-04
-2.986532159990895607e-04
-2.990108443703398677e-04
-2.993690182645503128e-04
-2.997277024250344368e-04
-3.000868108865573092e-04
-3.004462576678967878e-04
-3.008059789222361502e-04
-3.011659335432348428e-04
-3.015261006560354673e-04
-3.018864819431810176e-04
-3.022471026410400441e-04
-3.026079969936645853e-04
-3.029692321491195273e-04
-3.033308885326269078e-04
-3.036930795115022619e-04
-3.040559495637307208e-04
-3.044196503557694555e-04
-3.047842150006863093e-04
-3.051493914075775749e-04
-3.055147472160735234e-04
-3.058798490870318076e-04
-3.062444847820033900e-04
-3.066084846350403126e-04
-3.069718288722933508e-04
-3.073348099852379889e-04
-3.076976970296518843e-04
-3.080606858442136442e-04
-3.084239287789447559e-04
-3.087875428559039293e-04
-3.091516315407716320e-04
-3.095162875802470737e-04
-3.098816005284721342e-04
-3.102476530487674466e-04
-3.106145357726353140e-04
-3.109823564921843086e-04
-3.113512103463111913e-04
-3.117212160033133728e-04
-3.120925118080819516e-04
-3.124652650489112560e-04
-3.128396726140847406e-04
-3.132159417393864942e-04
-3.135943713876709893e-04
-3.139752830784159343e-04
-3.143591305071469222e-04
-3.147466541788546124e-04
-3.151389280612315602e-04
-3.155379845382055848e-04
-3.159482289898374319e-04
-3.163832639435648630e-04
-3.170400631987702056e-04
-3.174519892930049991e-04
-3.178396799167204634e-04
-3.182203780016656935e-04
-3.185961500362655130e-04
-3.189678976763810070e-04
-3.193373067255089737e-04
-3.197051933211403352e-04
-3.200720360889697247e-04
-3.204381108011800094e-04
-3.208036382165158074e-04
-3.211687748255753760e-04
-3.215336329670526183e-04
-3.218983203819858474e-04
-3.222629352951367210e-04
-3.226275716976534369e-04
-3.229923287685343425e-04
-3.233573178521575997e-04
-3.237226832256689946e-04
-3.240886462586578531e-04
-3.244555449919417356e-04
-3.248237565186551379e-04
-3.251937093097234666e-04
-3.255753045672271639e-04
-3.259506690342917068e-04
-3.263225704647210179e-04
-3.266935207190124757e-04
-3.270642134487466990e-04
-3.274349914046403853e-04
-3.278060863509679734e-04
-3.281777068384617024e-04
-3.285500216660963702e-04
-3.289232585012014098e-04
-3.292977184365941667e-04
-3.296738071041360740e-04
-3.300521923412791381e-04
-3.304341698774360125e-04
-3.308225121548824532e-04
-3.312226270837381747e-04
-3.316251674212455924e-04
-3.320171618498291011e-04
-3.324024342367115636e-04
-3.327852689134491726e-04
-3.331670434544298232e-04
-3.335484463296012336e-04
-3.339298914325494749e-04
-3.343116698640846707e-04
-3.346940047820323727e-04
-3.350770898228327965e-04
-3.354610886941999937e-04
-3.358461849236604735e-04
-3.362325201817784048e-04
-3.366203048440485901e-04
-3.370097685927442299e-04
-3.374011324299708292e-04
-3.377946811884413592e-04
-3.381907065816980307e-04
-3.385895718288622902e-04
-3.389915523969166955e-04
-3.393970130822765441e-04
-3.398063003402507221e-04
-3.402196088410081032e-04
-3.406370792460311492e-04
-3.410587713249535469e-04
-3.414846608271737693e-04
-3.419146686369778365e-04
-3.423486063898195653e-04
-3.427865018580389389e-04
-3.432287738577288749e-04
-3.436782782639813405e-04
-3.441909344397142689e-04
-3.446725172975284579e-04
-3.451415393447287983e-04
-3.456061722389991431e-04
-3.460685770455551591e-04
-3.465294527013051962e-04
-3.469892661789319988e-04
-3.474484027496949068e-04
-3.479071960176272071e-04
-3.483659477709899477e-04
-3.488249799309395272e-04
-3.492846451960129883e-04
-3.497453279746043364e-04
-3.502074768595431209e-04
-3.506716674404053435e-04
-3.511385438205172349e-04
-3.516089515969156309e-04
-3.520838702185669078e-04
-3.525643352946250531e-04
-3.530509367336565063e-04
-3.535428745327084954e-04
-3.540368145485972562e-04
-3.545277872400998120e-04
-3.550122446461800862e-04
-3.554893758309640717e-04
-3.559598523418250338e-04
-3.564248175953466102e-04
-3.568853886029010880e-04
-3.573424261680280267e-04
-3.577966784010788714e-04
-3.582486639361892600e-04
-3.586986688629556497e-04
-3.591467157528782650e-04
-3.595929873316805470e-04
-3.600378009374072263e-04
-3.604814210300677502e-04
-3.609240773246868983e-04
-3.613659351059395064e-04
-3.618071266329181412e-04
-3.622477815927727107e-04
-3.626879989356845968e-04
-3.631278697787676535e-04
-3.635674725716020461e-04
-3.640068937322826770e-04
-3.644462066122455823e-04
-3.648854823433689276e-04
-3.653247910508916618e-04
-3.657641983830783872e-04
-3.662037727067968262e-04
-3.666436041552811886e-04
-3.670840298255484413e-04
-3.675245238844437878e-04
-3.679650099656095463e-04
-3.684057160834308675e-04
-3.688467217023427835e-04
-3.692881074001119757e-04
-3.697299503502282647e-04
-3.701722869302592756e-04
-3.706148604354364551e-04
-3.710573664844618591e-04
-3.714999125132845137e-04
-3.719427414196063708e-04
-3.723860968611880651e-04
-3.728302601065935917e-04
-3.732755869155779394e-04
-3.737224448134846000e-04
-3.741709087914379950e-04
-3.746201683763050738e-04
-3.750690558268487962e-04
-3.755171384132172108e-04
-3.759645084567830864e-04
-3.764113592111817397e-04
-3.768578760184881915e-04
-3.773042117337643830e-04
-3.777505047062312826e-04
-3.781969213187963419e-04
-3.786437263517683505e-04
-3.790903688282165618e-04
-3.795370747120552224e-04
-3.799840545485322352e-04
-3.804314334554526056e-04
-3.808793298235579883e-04
-3.813278676872977613e-04
-3.817772159220300665e-04
-3.822275977226619048e-04
-3.826791582921540424e-04
-3.831313461515328811e-04
-3.835837481916959391e-04
-3.840366173133435979e-04
-3.844902537663008601e-04
-3.849448804218447151e-04
-3.854007388025548764e-04
-3.858580287867674485e-04
-3.863169806910260462e-04
-3.867778248048958645e-04
-3.872411305032574802e-04
-3.877087138061119376e-04
-3.881805331625853839e-04
-3.886480658307212011e-04
-3.891135779030552300e-04
-3.895786018699443076e-04
-3.900439407431566252e-04
-3.905086564903736956e-04
-3.909730587526860646e-04
-3.914375224881583293e-04
-3.919022551356343698e-04
-3.923674060622994730e-04
-3.928331109109839403e-04
-3.932995100051073223e-04
-3.937667618150175741e-04
-3.942351338371841152e-04
-3.947049720577355814e-04
-3.951771986875352027e-04
-3.956521681572899851e-04
-3.961273286754440903e-04
-3.966027764976676195e-04
-3.970789135411267878e-04
-3.975559986915122579e-04
-3.980341960181377203e-04
-3.985136685271672974e-04
-3.989946277853650969e-04
-3.994772747177854910e-04
-3.999618825620832041e-04
-4.004487601083628334e-04
-4.009384931490389548e-04
-4.014317796686706075e-04
-4.019270422815912625e-04
-4.024254643149038912e-04
-4.029273172239111744e-04
-4.034324040658177069e-04
-4.039399795212617050e-04
-4.044489774082116185e-04
-4.049585229121133167e-04
-4.054685092784726663e-04
-4.059794633004543130e-04
-4.064919132483746367e-04
-4.070060179605095030e-04
-4.075218992621865155e-04
-4.080399850175941978e-04
-4.085609551053304145e-04
-4.090856286452781987e-04
-4.096150029954115368e-04
-4.101507532914272502e-04
-4.106956316362042614e-04
-4.112543263273815697e-04
-4.118341368894995469e-04
-4.124669728707841543e-04
-4.132856482781388507e-04
-4.138921940385342779e-04
-4.144569354724847443e-04
-4.150090279566587270e-04
-4.155584923122290775e-04
-4.161134088324081048e-04
-4.166888791792278113e-04
-4.174230573179560366e-04
-4.179848116784290468e-04
-4.185281084063685597e-04
-4.190664304888347402e-04
-4.196000827565438129e-04
-4.201276795129382791e-04
-4.206510994156920091e-04
-4.211716147610733429e-04
-4.216900866798045655e-04
-4.222070817929690634e-04
-4.227230152670236052e-04
-4.232382068002360498e-04
-4.237529096692282948e-04
-4.242673260949070269e-04
-4.247816109868018941e-04
-4.252958830989195249e-04
-4.258102299459221030e-04
-4.263247196184538623e-04
-4.268394145965359598e-04
-4.273543683612768262e-04
-4.278696056980724194e-04
-4.283851367156144008e-04
-4.289010390913228221e-04
-4.294174133719907971e-04
-4.299343315246062502e-04
-4.304517892949055735e-04
-4.309697217641517142e-04
-4.314879477013144893e-04
-4.320063591116696244e-04
-4.325250073013986452e-04
-4.330440185261741348e-04
-4.335635396340853376e-04
-4.340836866136843497e-04
-4.346045901374440135e-04
-4.351264138640065227e-04
-4.356494117032649882e-04
-4.361741393976714676e-04
-4.367032611245491580e-04
-4.372355932142912849e-04
-4.377639596826465862e-04
-4.382922502234043449e-04
-4.388211850959722327e-04
-4.393511543477890413e-04
-4.398824903577569501e-04
-4.404155176769286584e-04
-4.409506435839594118e-04
-4.414882781952345070e-04
-4.420290668477599993e-04
-4.425739211394441597e-04
-4.431242656299794191e-04
-4.436823576462467500e-04
-4.442531697081975040e-04
-4.448513974268930582e-04
-4.454963318183402521e-04
-4.461371915609468886e-04
-4.467800043583824987e-04
-4.474399567336861949e-04
-4.481195218892786158e-04
-4.487879422925278305e-04
-4.494223602017344277e-04
-4.500334786904369722e-04
-4.506301140062562993e-04
-4.512171631150252438e-04
-4.517977808579098919e-04
-4.523740326318748117e-04
-4.529462290776553601e-04
-4.535147746247414346e-04
-4.540806475052949764e-04
-4.546446444174678803e-04
-4.552074190855570635e-04
-4.557696077764905596e-04
-4.563319663795084580e-04
-4.568956684491976006e-04
-4.574633711922349022e-04
-4.580500385452657142e-04
-4.586368382675232169e-04
-4.592106269142304242e-04
-4.597841616367226436e-04
-4.603606252820968692e-04
-4.609388055275553953e-04
-4.615157919185541857e-04
-4.620905567878086373e-04
-4.626632645667871913e-04
-4.632343183659237695e-04
-4.638041350470967217e-04
-4.643730571106674532e-04
-4.649413611220731823e-04
-4.655092876012512093e-04
-4.660770821226511984e-04
-4.666449849698439678e-04
-4.672131921615862993e-04
-4.677817835047060058e-04
-4.683506435518847155e-04
-4.689195206277751993e-04
-4.694882299677294313e-04
-4.700567342297290452e-04
-4.706251128682170659e-04
-4.711934887380309078e-04
-4.717619724445842877e-04
-4.723306512888214570e-04
-4.728995852930628629e-04
-4.734688028606992560e-04
-4.740382995173098024e-04
-4.746080574146160913e-04
-4.751780563713170480e-04
-4.757482996735618030e-04
-4.763188284717667642e-04
-4.768896979600034669e-04
-4.774610176683236062e-04
-4.780329173713626645e-04
-4.786055617711504340e-04
-4.791791335020390008e-04
-4.797538780747512277e-04
-4.803301191824704830e-04
-4.809082085845961529e-04
-4.814886315029909269e-04
-4.820721329293897739e-04
-4.826597886925521053e-04
-4.832533412095774139e-04
-4.838556271042904200e-04
-4.844723839809716992e-04
-4.851158192992199858e-04
-4.858103965780236067e-04
-4.865196003290828131e-04
-4.871809706321617028e-04
-4.878132283234748456e-04
-4.884294820349799338e-04
-4.890358541502770606e-04
-4.896356767242204810e-04
-4.902309311184405161e-04
-4.908228074678167019e-04
-4.914122331878267858e-04
-4.919998507719736125e-04
-4.925862176139439441e-04
-4.931718013625463470e-04
-4.937570704899307827e-04
-4.943423670407121051e-04
-4.949277995524026252e-04
-4.955133003265999037e-04
-4.960989285595074350e-04
-4.966850468554051545e-04
-4.972723072903528774e-04
-4.978605403975766563e-04
-4.984465428705675549e-04
-4.990300383339585366e-04
-4.996119201240434293e-04
-5.001926906373910242e-04
-5.007726710748450216e-04
-5.013521566590295464e-04
-5.019314703812449707e-04
-5.025120174588781907e-04
-5.030912095994599653e-04
-5.036705478990155527e-04
-5.042502524090775040e-04
-5.048304139850801064e-04
-5.054110047315596432e-04
-5.059919280433478050e-04
-5.065730770238419112e-04
-5.071544359418478365e-04
-5.077361030153548782e-04
-5.083182446347089822e-04
-5.089008306642384127e-04
-5.094835030120536956e-04
-5.100664639520191557e-04
-5.106501850270506182e-04
-5.112351360226918828e-04
-5.118218620304704203e-04
-5.124110937904102769e-04
-5.130039329718227847e-04
-5.136020169786981171e-04
-5.142076921706983939e-04
-5.148220231655509238e-04
-5.154384627340524716e-04
-5.160508931656426768e-04
-5.166608387349169718e-04
-5.172677765468147726e-04
-5.178763403437258717e-04
-5.184907772251001745e-04
-5.191197627555377281e-04
-5.198279441042119586e-04
-5.206808801690998578e-04
-5.213936167836052960e-04
-5.220438157210738339e-04
-5.226705192810099376e-04
-5.232846339262575697e-04
-5.238906747133675879e-04
-5.244911866237877973e-04
-5.250876796039083416e-04
-5.256810929508137775e-04
-5.262721850167739746e-04
-5.268615934056475325e-04
-5.274498235046110040e-04
-5.280374887089989144e-04
-5.286260745899218350e-04
-5.292168274692032881e-04
-5.298032904503813256e-04
-5.303888939088841070e-04
-5.309742953860663306e-04
-5.315595409742801536e-04
-5.321448576459664181e-04
-5.327305085819356023e-04
-5.333167003396255268e-04
-5.339036515469297584e-04
-5.344915362871516251e-04
-5.350806569303090399e-04
-5.356713778452704133e-04
-5.362643016492141257e-04
-5.368606512712315038e-04
-5.374623298111114167e-04
-5.380611883567532061e-04
-5.386591389070494174e-04
-5.392581967121889974e-04
-5.398589476710569102e-04
-5.404614687412045981e-04
-5.410655884517945324e-04
-5.416709646248740739e-04
-5.422772114646035035e-04
-5.428839614252112256e-04
-5.434909498579498788e-04
-5.440980091928615536e-04
-5.447050447172641086e-04
-5.453120042964165748e-04
-5.459188546090842920e-04
-5.465255638845700759e-04
-5.471321486044677940e-04
-5.477386344199253188e-04
-5.483450942833645314e-04
-5.489516456542720135e-04
-5.495584449231039059e-04
-5.501656849266067795e-04
-5.507736002084984150e-04
-5.513824679767020953e-04
-5.519925938602954218e-04
-5.526043943805403202e-04
-5.532184795573602543e-04
-5.538358760495132316e-04
-5.544583036412031873e-04
-5.550885827864115996e-04
-5.557322496578809279e-04
-5.564059635126961112e-04
-5.571933376614657263e-04
-5.579597579760120496e-04
-5.586530395002009541e-04
-5.593208052594444979e-04
-5.599757719096931652e-04
-5.606231883047430031e-04
-5.612658380528268154e-04
-5.619053122030148728e-04
-5.625427721860365438e-04
-5.631791852012124622e-04
-5.638154509584047958e-04
-5.644524319814436808e-04
-5.650910938991282606e-04
-5.657327079884311161e-04
-5.663800140909280856e-04
-5.670492338251120756e-04
-5.677212387661390025e-04
-5.683768715056825016e-04
-5.690297629424856396e-04
-5.696828352499405668e-04
-5.703374609781208804e-04
-5.709944669353150815e-04
-5.716545190493915740e-04
-5.723181566037460755e-04
-5.729859602287001863e-04
-5.736588132683184682e-04
-5.743407233099739884e-04
-5.750242028255136972e-04
-5.757057441992952107e-04
-5.763887629998132311e-04
-5.770733106054137806e-04
-5.777591030475814904e-04
-5.784460704906235762e-04
-5.791355369539896714e-04
-5.798428276870826181e-04
-5.805338115926206299e-04
-5.812135103427928939e-04
-5.818873230365451121e-04
-5.825564899092361415e-04
-5.832215360945802729e-04
-5.838828288529107624e-04
-5.845406646632911318e-04
-5.851954514626278581e-04
-5.858476091131770147e-04
-5.864973532244688315e-04
-5.871446864628149243e-04
-5.877896791349757066e-04
-5.884327774337005934e-04
-5.890743825112121357e-04
-5.897149047080496587e-04
-5.903547990465662920e-04
-5.909946024672541043e-04
-5.916348725666376041e-04
-5.922756576866028411e-04
-5.929172911932623080e-04
-5.935604180361542248e-04
-5.942057132750644399e-04
-5.948538396158831176e-04
-5.955060374697174197e-04
-5.961648404665398360e-04
-5.968358713066557186e-04
-5.975341843649228935e-04
-5.983272055889443664e-04
-5.991432066929647249e-04
-5.998712674790684929e-04
-6.005758989126031011e-04
-6.012654189515576064e-04
-6.019391014081554303e-04
-6.026017458753418765e-04
-6.032565841105341775e-04
-6.039054343695005045e-04
-6.045496323999755006e-04
-6.051900437533674904e-04
-6.058273280736825583e-04
-6.064619956107630827e-04
-6.070944210014861397e-04
-6.077249737092005333e-04
-6.083539499129875239e-04
-6.089815640570872546e-04
-6.096080791988534031e-04
-6.102337122799728064e-04
-6.108586576287766690e-04
-6.114831113139818086e-04
-6.121073007380184450e-04
-6.127314764248215084e-04
-6.133559339498440011e-04
-6.139808561758108851e-04
-6.146058870012405251e-04
-6.152308781358639678e-04
-6.158561683442531631e-04
-6.164821487892879759e-04
-6.171092065955230410e-04
-6.177378028849878078e-04
-6.183684624802010532e-04
-6.190018565448429655e-04
-6.196388794922347287e-04
-6.202808623575473135e-04
-6.209296625248050816e-04
-6.215882501635627833e-04
-6.222629320934425223e-04
-6.229686094565423105e-04
-6.237424322278473099e-04
-6.245169498014790932e-04
-6.252323468350917679e-04
-6.259259487709778469e-04
-6.266155358797265151e-04
-6.272871287515968675e-04
-6.279436925092918287e-04
-6.285914001925574368e-04
-6.292335851202368602e-04
-6.298722452439120545e-04
-6.305086532708559233e-04
-6.311439335069390921e-04
-6.317797593096141640e-04
-6.324288949086653844e-04
-6.330634156952452685e-04
-6.336957323140879339e-04
-6.343273355250422796e-04
-6.349587508456266960e-04
-6.355903449718480758e-04
-6.362224243138259183e-04
-6.368552155420204031e-04
-6.374887611156898615e-04
-6.381228803234995084e-04
-6.387572779751327090e-04
-6.393917778524382811e-04
-6.400263753592039251e-04
-6.406611805147566230e-04
-6.412963499659030120e-04
-6.419320503505687725e-04
-6.425684539295151154e-04
-6.432057351669628886e-04
-6.438440860994099069e-04
-6.444837417697302229e-04
-6.451249286992810639e-04
-6.457679981972663796e-04
-6.464133594371590519e-04
-6.470616200495715731e-04
-6.477137016646095091e-04
-6.483710817480892175e-04
-6.490354943047282887e-04
-6.497071768866158337e-04
-6.503887502150584865e-04
-6.510862858882804360e-04
-6.518096958528785123e-04
-6.525616819723634165e-04
-6.532981097061574260e-04
-6.540002153558877040e-04
-6.546803218739905006e-04
-6.553470946427664146e-04
-6.560052381816561251e-04
-6.566574653869006184e-04
-6.573053857870103656e-04
-6.579500880403710283e-04
-6.585923868773768675e-04
-6.592329450817446812e-04
-6.598719691097709728e-04
-6.605099507595024733e-04
-6.611474395414873584e-04
-6.617839439321260286e-04
-6.624184347745476487e-04
-6.630513173963015205e-04
-6.636830213309075077e-04
-6.643138357292910356e-04
-6.649439311494642624e-04
-6.655734520395473197e-04
-6.662025078087996377e-04
-6.668311627354706062e-04
-6.674595431588326022e-04
-6.680876971614235771e-04
-6.687156942272176607e-04
-6.693435935324343333e-04
-6.699714510889354102e-04
-6.705993160452949908e-04
-6.712272311159006577e-04
-6.718552317358517101e-04
-6.724833387901085757e-04
-6.731115545045573967e-04
-6.737398601861510627e-04
-6.743682213236068534e-04
-6.749966017773889604e-04
-6.756249712996931223e-04
-6.762533149742289140e-04
-6.768816189717252740e-04
-6.775098695186443365e-04
-6.781380520528568212e-04
-6.787661454108473436e-04
-6.793941273377512857e-04
-6.800219713843924652e-04
-6.806496668720907195e-04
-6.812772078703677181e-04
-6.819046043836651805e-04
-6.825318967679239179e-04
-6.831591543725590299e-04
-6.837864925441916597e-04
-6.844140595992920240e-04
-6.850421348162383239e-04
-6.856710311959890447e-04
-6.863012178791594309e-04
-6.869333337810035189e-04
-6.875683282376865435e-04
-6.882075776493135066e-04
-6.888533168790678118e-04
-6.895093137202490396e-04
-6.901817999330761566e-04
-6.908797979364722508e-04
-6.915998102005049830e-04
-6.923086337851103167e-04
-6.929927993430951005e-04
-6.936583555765540865e-04
-6.943111842249161114e-04
-6.949551655265340244e-04
-6.955927954710450223e-04
-6.962259948851690083e-04
-6.968569312121308812e-04
-6.974828641252983630e-04
-6.981045200018520802e-04
-6.987231438093655100e-04
-6.993393773967460092e-04
-6.999535969092196552e-04
-7.005660730122764690e-04
-7.011770060225686052e-04
-7.017865157045166669e-04
-7.023947673436836681e-04
-7.030019522558106360e-04
-7.036081527838078387e-04
-7.042135002478522310e-04
-7.048180965938399822e-04
-7.054220411019107573e-04
-7.060254125293985439e-04
-7.066283112308058278e-04
-7.072308211372169140e-04
-7.078330026155654764e-04
-7.084349290820135536e-04
-7.090366647025669877e-04
-7.096382688880353840e-04
-7.102397986231689941e-04
-7.108413084820908168e-04
-7.114428511290071810e-04
-7.120444757731103635e-04
-7.126462318129966889e-04
-7.132481686912273133e-04
-7.138503370845983298e-04
-7.144527970580627496e-04
-7.150556172530464494e-04
-7.156588794706708612e-04
-7.162626865262478049e-04
-7.168671643235091651e-04
-7.174724663070453090e-04
-7.180788188023701224e-04
-7.186864310058105332e-04
-7.192956178937448541e-04
-7.199067896482835849e-04
-7.205205251332724714e-04
-7.211375655102880700e-04
-7.217590135577545141e-04
-7.223866842325232795e-04
-7.230233496763327494e-04
-7.236739905009947904e-04
-7.243466907126405729e-04
-7.250492717483236760e-04
-7.257636137553147293e-04
-7.264599505403257496e-04
-7.271360311377206287e-04
-7.277977209350083854e-04
-7.284495192444451206e-04
-7.290942464449612359e-04
-7.297337810948656411e-04
-7.303693793323517980e-04
-7.310019608358642174e-04
-7.316321809887060823e-04
-7.322606536349640649e-04
-7.328880939699855546e-04
-7.335136611917869587e-04
-7.341380884628989634e-04
-7.347617046591370382e-04
-7.353847339156560636e-04
-7.360073540086942145e-04
-7.366296940173322483e-04
-7.372518925832238779e-04
-7.378740667211003412e-04
-7.384963322403237385e-04
-7.391188047062291488e-04
-7.397416041849957935e-04
-7.403648699945142297e-04
-7.409887632597866869e-04
-7.416135066327100844e-04
-7.422394744386329180e-04
-7.428674443182847753e-04
-7.435004343556705919e-04
-7.441412751200138231e-04
-7.447722169980908191e-04
-7.454018998050981892e-04
-7.460316795545596236e-04
-7.466621023347608244e-04
-7.472934942075459830e-04
-7.479261266020165166e-04
-7.485602945060954028e-04
-7.491962367952575974e-04
-7.498342294793847174e-04
-7.504746056429256740e-04
-7.511177240656641274e-04
-7.517639671389408917e-04
-7.524137117156382004e-04
-7.530673070093030219e-04
-7.537244668364140310e-04
-7.543839670067775671e-04
-7.550447863814424565e-04
-7.557064154476433870e-04
-7.563688621724518057e-04
-7.570329120734076156e-04
-7.577003287555506006e-04
-7.583741043157843364e-04
-7.590596326378928893e-04
-7.597680511280957560e-04
-7.605191787154463867e-04
-7.612969386261436711e-04
-7.620405745145664156e-04
-7.627558852196791861e-04
-7.634551501675135299e-04
-7.641454299381900128e-04
-7.648305754809348045e-04
-7.655128709411762600e-04
-7.661932442456498293e-04
-7.668719253610678521e-04
-7.675488353972026445e-04
-7.682240804336437634e-04
-7.688978311060079562e-04
-7.695701145056244030e-04
-7.702410339732734812e-04
-7.709109807878533616e-04
-7.715804192894859526e-04
-7.722497778669401569e-04
-7.729194389867188875e-04
-7.735896334422065479e-04
-7.742603923331925486e-04
-7.749314555345332423e-04
-7.756023320466542970e-04
-7.762725222123512125e-04
-7.769417831903213667e-04
-7.776101344180164077e-04
-7.782777649318894930e-04
-7.789449079199650683e-04
-7.796118106401239700e-04
-7.802786956037088828e-04
-7.809457900980198986e-04
-7.816133246058010187e-04
-7.822815825468953932e-04
-7.829510199777178769e-04
-7.836222615713595019e-04
-7.842947319341986301e-04
-7.849677304018198853e-04
-7.856418305820511705e-04
-7.863175378884923461e-04
-7.869953547670061056e-04
-7.876758326522681486e-04
-7.883595589257552660e-04
-7.890473465259617569e-04
-7.897402650495211063e-04
-7.904400251255161436e-04
-7.911490343953664350e-04
-7.918718646720002141e-04
-7.926181748998395449e-04
-7.934103167960282477e-04
-7.942634880938603814e-04
-7.950832756978831739e-04
-7.958648842498750042e-04
-7.966276637975111541e-04
-7.973814361993403210e-04
-7.981311932644397089e-04
-7.988792789997978261e-04
-7.996270424529550169e-04
-8.003759522374753743e-04
-8.011269515904029248e-04
-8.018800014261140419e-04
-8.026337063825605966e-04
-8.033862049315887432e-04
-8.041365033355507563e-04
-8.048847472058584529e-04
-8.056316202968982765e-04
-8.063779153615335815e-04
-8.071242736406025742e-04
-8.078711855754594495e-04
-8.086190030656137395e-04
-8.093679159306699233e-04
-8.101178570951717006e-04
-8.108686657480879134e-04
-8.116201299630532162e-04
-8.123721116043425283e-04
-8.131244977430673870e-04
-8.138772132094684864e-04
-8.146301543816569790e-04
-8.153831645743014889e-04
-8.161360239021808738e-04
-8.168884390471475854e-04
-8.176401074533323765e-04
-8.183906847305522092e-04
-8.191399013768307924e-04
-8.198875306165698262e-04
-8.206334915173973954e-04
-8.213777371998132182e-04
-8.221203203676585858e-04
-8.228613301024534366e-04
-8.236008174302700269e-04
-8.243389197889472442e-04
-8.250758314269912574e-04
-8.258118753196042050e-04
-8.265474892867885615e-04
-8.272832510506367143e-04
-8.280198359519319595e-04
-8.287580857300191894e-04
-8.294990127326595797e-04
-8.302439458117705229e-04
-8.309947962994446158e-04
-8.317545204641341172e-04
-8.325282957347690527e-04
-8.333260569247658012e-04
-8.341697809535197905e-04
-8.350793627781571971e-04
-8.359869553314913659e-04
-8.368659345144857653e-04
-8.377293143511099771e-04
-8.385872147109729724e-04
-8.394477323038218586e-04
-8.403205312992323428e-04
-8.412242596946839512e-04
-8.421944606352704810e-04
-8.431400272526090589e-04
-8.440208980559082974e-04
-8.448721106172341067e-04
-8.457091928462112662e-04
-8.465369953846169082e-04
-8.473555550084777011e-04
-8.481685572707675647e-04
-8.489774735429556074e-04
-8.497832715794739755e-04
-8.505866639066939072e-04
-8.513880983307409167e-04
-8.521880255512037650e-04
-8.529867829842885385e-04
-8.537846562559625596e-04
-8.545818263220317235e-04
-8.553785693514726063e-04
-8.561750595903472316e-04
-8.569714994706156830e-04
-8.577680002790355474e-04
-8.585647087488990081e-04
-8.593617866177183373e-04
-8.601594306146820301e-04
-8.609578876175305595e-04
-8.617575117404463469e-04
-8.625588871907785560e-04
-8.633637599420040942e-04
-8.641709368079064646e-04
-8.649810516332401278e-04
-8.657952583962513771e-04
-8.666087675471834118e-04
-8.674192436285421692e-04
-8.682278373423057971e-04
-8.690350068486507595e-04
-8.698407236212846172e-04
-8.706448260971111353e-04
-8.714472586920374297e-04
-8.722479436528152164e-04
-8.730468678594949239e-04
-8.738440693667470782e-04
-8.746396875256579051e-04
-8.754339537068167587e-04
-8.762271212598982117e-04
-8.770195478813302969e-04
-8.778116450903761248e-04
-8.786038761330328128e-04
-8.793967284937975748e-04
-8.801904361132040222e-04
-8.809847913893165128e-04
-8.817801272844594251e-04
-8.825771718663499854e-04
-8.833768004903319593e-04
-8.841802429104816952e-04
-8.849892342870369077e-04
-8.858068376934591370e-04
-8.866380697276632361e-04
-8.874808683198009973e-04
-8.883406742474786455e-04
-8.894815360187546815e-04
-8.903341776891338100e-04
-8.911412542087493449e-04
-8.919309416891563203e-04
-8.927126809278318476e-04
-8.934899501970017255e-04
-8.942639663174212217e-04
-8.950350208567492416e-04
-8.958032233713497661e-04
-8.965688418756112554e-04
-8.973321489873509194e-04
-8.980934939137874551e-04
-8.988531633694618606e-04
-8.996114353176931644e-04
-9.003685772756009342e-04
-9.011248363646195969e-04
-9.018804857827689148e-04
-9.026358029482484113e-04
-9.033911340180500460e-04
-9.041471421217250892e-04
-9.049033952073237685e-04
-9.056596547066808611e-04
-9.064166910777160524e-04
-9.071750553897306446e-04
-9.079353203496065561e-04
-9.086981275112648859e-04
-9.094639839166696049e-04
-9.102328658240343984e-04
-9.110036368616958313e-04
-9.117750230304144665e-04
-9.125467209514237510e-04
-9.133179910605360163e-04
-9.140868995891615612e-04
-9.148528733555760795e-04
-9.156165026810159091e-04
-9.163785438349725254e-04
-9.171397211948928430e-04
-9.179007344178868877e-04
-9.186623204997523828e-04
-9.194252978165229351e-04
-9.201900849764577117e-04
-9.209557147921154652e-04
-9.217212205263614067e-04
-9.224868484131176771e-04
-9.232532119681780003e-04
-9.240208734166976967e-04
-9.247902957464360085e-04
-9.255617428718387885e-04
-9.263353132494822617e-04
-9.271108723128973494e-04
-9.278879778594761873e-04
-9.286660396117252247e-04
-9.294444602643281428e-04
-9.302228164463910431e-04
-9.310009678210606765e-04
-9.317791227901883744e-04
-9.325578864322059403e-04
-9.333382902519948843e-04
-9.341210962767743098e-04
-9.349042807380580911e-04
-9.356848341153245485e-04
-9.364624656131859126e-04
-9.372379743610714797e-04
-9.380120789321821917e-04
-9.387853506612753307e-04
-9.395582352289544303e-04
-9.403311376832146351e-04
-9.411044584755057230e-04
-9.414915211711782916e-04
