4.571975867611923205e-01
4.572799250753744049e-01
4.573887914172714009e-01
4.575335500191239357e-01
4.577142808385069039e-01
4.579036397390932600e-01
4.581908932301080317e-01
4.586200304158884467e-01
4.591176849161127116e-01
4.591718762045786661e-01
4.590782732552409762e-01
4.591275731557183937e-01
4.592755869775706490e-01
4.594819612137326925e-01
4.597198897713591914e-01
4.599821394542150110e-01
4.602625568658788580e-01
4.605694550340634352e-01
4.609030814787202224e-01
4.612719221630539046e-01
4.616871943434463499e-01
4.621538240331014014e-01
4.626822174545853206e-01
4.632296624002097962e-01
4.638707578201705095e-01
4.646495389524039066e-01
4.655989212387349196e-01
4.668153025116035804e-01
4.684400258610949552e-01
4.703502510817418880e-01
4.714063711988341621e-01
4.716517750577111645e-01
4.713259922057167484e-01
4.706268916845752770e-01
4.700123348096690301e-01
4.696761600042685392e-01
4.695976423058109694e-01
4.697274564777114136e-01
4.700207584637826064e-01
4.704389057193025803e-01
4.709352785645808948e-01
4.714302072153854217e-01
4.719741352164296133e-01
4.726022650699543970e-01
4.733382225365490581e-01
4.741940355769316273e-01
4.752043474503048759e-01
4.764199112113721712e-01
4.779676562749657909e-01
4.802526107860877191e-01
4.832900764616726019e-01
4.837322462207652163e-01
4.824769999711290280e-01
4.815033015752001044e-01
4.813834901195957472e-01
4.815866586838661312e-01
4.819845419386556418e-01
4.825401824107177773e-01
4.832205827958620525e-01
4.839329210252460989e-01
4.846349568062821023e-01
4.853085646553881305e-01
4.858816764774943064e-01
4.863237647194808555e-01
4.866231604358360885e-01
4.868228070259702500e-01
4.870148497600839677e-01
4.874071198972578234e-01
4.883794109191557653e-01
4.899247666105620569e-01
4.881613188211827437e-01
4.866468541012944349e-01
4.858546419127130478e-01
4.853683129061448498e-01
4.850477576616605280e-01
4.848306116857015735e-01
4.846896738032814289e-01
4.846075425947513060e-01
4.845767069826353857e-01
4.845809889208589905e-01
4.846039378909482997e-01
4.846425262553678004e-01
4.846935721649555662e-01
4.847527909629699150e-01
4.847823830206270945e-01
4.847399897780485523e-01
4.846051875490670069e-01
4.843925464048287610e-01
4.841394657880280228e-01
4.838903127830864737e-01
4.836972075042455521e-01
4.835991450598691732e-01
4.836132860293611002e-01
4.837556982587993826e-01
4.840673221868113107e-01
4.847753190304375237e-01
4.869279386558241218e-01
4.877575452779973619e-01
4.850490682566593326e-01
4.847930521400937720e-01
4.850598299338790276e-01
4.859813162425113409e-01
4.921178285726722224e-01
4.870708649132668988e-01
4.860014301709715268e-01
4.859006009225185774e-01
4.860993378713882596e-01
4.863527002731411475e-01
4.863626825168332335e-01
4.865009689841444107e-01
4.866929821130940859e-01
4.869449666235745600e-01
4.871607842108897635e-01
4.873910614199987168e-01
4.877647219387606925e-01
4.882887849403118041e-01
4.890268313143480983e-01
4.900986223465785274e-01
4.916407631516139243e-01
4.939366416123277537e-01
4.970973041589996089e-01
4.983523879688637193e-01
4.958415988773369198e-01
4.933521684351189762e-01
4.918867746338632663e-01
4.910946639928902568e-01
4.906898029832002517e-01
4.905106125801698691e-01
4.905773997763813732e-01
4.908698192201598198e-01
4.914066646962046425e-01
4.923947093842678813e-01
4.955926006277445728e-01
4.948292161369000630e-01
4.944110180593734305e-01
4.947928473329818444e-01
4.951643526198719614e-01
4.956818289320329973e-01
4.964663254705965478e-01
4.972529102828071590e-01
4.980986328916691130e-01
4.997281678122550419e-01
5.074339889142015503e-01
5.030999759126260074e-01
5.040856680382336252e-01
5.064556636331571937e-01
5.096035334472251987e-01
5.135704639373935843e-01
5.177105119560873048e-01
5.202268519061163943e-01
5.193936474686040583e-01
5.162486446676817220e-01
5.130832084398406767e-01
5.116183656746567943e-01
5.087198851129952626e-01
5.049555783400686559e-01
5.025141049287761286e-01
5.006755573645811364e-01
4.992228353841718924e-01
4.980353827939325018e-01
4.970354053338847389e-01
4.962140265694336971e-01
4.955457322384307361e-01
4.947865382616205565e-01
4.942374339990727172e-01
4.938182820762463954e-01
4.935099361632566684e-01
4.933168342552963215e-01
4.932568567698861761e-01
4.931860814906356416e-01
4.931792036412085412e-01
4.933101818740115996e-01
4.936556175470495633e-01
4.953674413929550213e-01
4.950232594551638998e-01
4.931276330306956224e-01
4.926280360749316078e-01
4.920762828376235021e-01
4.915494137797612462e-01
4.912904669902697363e-01
4.912287006284413726e-01
4.913842996173204969e-01
4.919667105567651078e-01
4.950768255685133457e-01
4.936920739987847306e-01
4.915169663461396721e-01
4.907714553808544267e-01
4.904492273396556246e-01
4.903288953990388443e-01
4.901614823431197365e-01
4.900460913697270993e-01
4.900698480135129431e-01
4.903211269535856509e-01
4.906725428406271128e-01
4.899372920765430739e-01
4.895246275017186566e-01
4.893018742049946579e-01
4.891903174580728431e-01
4.891657967102471805e-01
4.892204339253812262e-01
4.892872680317262857e-01
4.894484388386964313e-01
4.896252026058874884e-01
4.898439781146483596e-01
4.900304914613008989e-01
4.902558737604242878e-01
4.907455993268132199e-01
4.918958733798283744e-01
4.979674568676883406e-01
4.923775500416637252e-01
4.912033169156864165e-01
4.909056932052985878e-01
4.909358915282933111e-01
4.903130642122488503e-01
4.896089078490659108e-01
4.891321818942274136e-01
4.888278930150717905e-01
4.887453956693691981e-01
4.890285111308954047e-01
4.902339048934833965e-01
4.991474726779331905e-01
4.909289891040303777e-01
4.884097215267219072e-01
4.874239498561734885e-01
4.869150002645862285e-01
4.868429095395893635e-01
4.867616514360784130e-01
4.871382720721104675e-01
4.887557305826540910e-01
4.883644114760866684e-01
4.858351271884993050e-01
4.847211650040760822e-01
4.839956459691342472e-01
4.834763784337823833e-01
4.830877868879872028e-01
4.827694996635923386e-01
4.824560674270145788e-01
4.821894947998278114e-01
4.819785380081629822e-01
4.818045953580428198e-01
4.816587619802082942e-01
4.815635045528707803e-01
4.814506653402649272e-01
4.813493944898316057e-01
4.812888737665271255e-01
4.812595578132545238e-01
4.812554469452731687e-01
4.812673714714107986e-01
4.812808666484688636e-01
4.812934844874505735e-01
4.812961622638938231e-01
4.813202598911182073e-01
4.814181318261695486e-01
4.816654020387111101e-01
4.822548835941982137e-01
4.837820999544435452e-01
4.877772171044312821e-01
4.831231398713082270e-01
4.826769345407830869e-01
4.842871628180502874e-01
4.850461207484035864e-01
4.819154011471034615e-01
4.811383064242846230e-01
4.807740035433423764e-01
4.806310819645100985e-01
4.806896794380396409e-01
4.805125660820174782e-01
4.803289261135069710e-01
4.803762679353721921e-01
4.807086261453353826e-01
4.808176906225574698e-01
4.810827132348203805e-01
4.856549373775046474e-01
4.810006735767365926e-01
4.801643599725964884e-01
4.793799575522192935e-01
4.787621411677194239e-01
4.783403031054666021e-01
4.781928863904179594e-01
4.785586144430735711e-01
4.812878243274264500e-01
4.786190651949744357e-01
4.772789445938141473e-01
4.767249234467668684e-01
4.764140386930341697e-01
4.762184869309272206e-01
4.760986607029439321e-01
4.760474807552880216e-01
4.761002971609366030e-01
4.761333419385719856e-01
4.761466095181013936e-01
4.763630634527554752e-01
4.769481870805472035e-01
4.775439073899231945e-01
4.769904569888582246e-01
4.770375737138768946e-01
4.773511732898786941e-01
4.779090540889934235e-01
4.788890187251630404e-01
4.810024831375721566e-01
4.877737472488076209e-01
4.845093493568945475e-01
4.806361630040358879e-01
4.801421764515744206e-01
4.830159125933696229e-01
4.795732174906115475e-01
4.784559352751907579e-01
4.780364510889583141e-01
4.778369669538001796e-01
4.777437590562689795e-01
4.777316726763641830e-01
4.778089375653328807e-01
4.780298581274069480e-01
4.781157827018199247e-01
4.780664095532249358e-01
4.781510577865391576e-01
4.783024321732664563e-01
4.785155081639222985e-01
4.788054405008538295e-01
4.791991373333241433e-01
4.797537074531583734e-01
4.807746597299704105e-01
4.828606292654174514e-01
4.821848950307358050e-01
4.823376147447009932e-01
4.832962092839960255e-01
4.849136601784728162e-01
4.879340682454710865e-01
4.854050430366270152e-01
4.862475664442702517e-01
4.943135081783771589e-01
4.876293694875363238e-01
4.846763590129737342e-01
4.836248443275409370e-01
4.830942411281611282e-01
4.828921303105902507e-01
4.829098646800482619e-01
4.831271149392762365e-01
4.836465040364713586e-01
4.847711847696696830e-01
4.857134643492547754e-01
4.849925257393100098e-01
4.854154821038669243e-01
4.890150387466533632e-01
4.849592359421959209e-01
4.836549687717478507e-01
4.831917561662339988e-01
4.830919431407581510e-01
4.834040909332816827e-01
4.851385500253523331e-01
4.849048646655735872e-01
4.830923048625083704e-01
4.825719908440693762e-01
4.823449136188719399e-01
4.822393780884289272e-01
4.822805839868921085e-01
4.824319881230518248e-01
4.829336004559211526e-01
4.833134123265959703e-01
4.827516876186720984e-01
4.825258784703356785e-01
4.824269941749163015e-01
4.823693317635970867e-01
4.823241913190581820e-01
4.822851237129561763e-01
4.822139165316364773e-01
4.821370830159623644e-01
4.820879963430804160e-01
4.820971917423657049e-01
4.822041146925582500e-01
4.825100032050220200e-01
4.834526250062382013e-01
4.865254711519130248e-01
4.833587445049606912e-01
4.827545572615546954e-01
4.827666140181499088e-01
4.831497359275814252e-01
4.832173048744229926e-01
4.829200687156893768e-01
4.828718652349393015e-01
4.829997502039706236e-01
4.834956887791159175e-01
4.859010510393996785e-01
4.861532650131772937e-01
4.842314032379733124e-01
4.875425128839432354e-01
4.849028428636582566e-01
4.821182860207956500e-01
4.811906471013600028e-01
4.807366054919622878e-01
4.805541885484574949e-01
4.806286256260373646e-01
4.811085192329841442e-01
4.828245559013289445e-01
4.828215144341131415e-01
4.814155964445399616e-01
4.811290607072442049e-01
4.811123087778401697e-01
4.811652147891751219e-01
4.812177708859203817e-01
4.812440757759169352e-01
4.812723700280939210e-01
4.813528438387091324e-01
4.815280360830626050e-01
4.818265813278569953e-01
4.822098480918837748e-01
4.825404382018430582e-01
4.829537721817842022e-01
4.834955056478194013e-01
4.841672577395939037e-01
4.851010694721398231e-01
4.868318778856838280e-01
4.948572515219428758e-01
4.885664019107272549e-01
4.890305437958346046e-01
4.921682078076259348e-01
4.913072846022808471e-01
4.913179740023226327e-01
4.921496853646744052e-01
4.931509986844328508e-01
4.943231858853694982e-01
4.956871446115503343e-01
4.972584024168431593e-01
4.988603841317734156e-01
5.000893994776197671e-01
5.012028482771850868e-01
5.000536734212626122e-01
4.993410119708102113e-01
4.987890617402648830e-01
4.994459939237135826e-01
4.991530597524808655e-01
4.957745355917190233e-01
4.943916830382281136e-01
4.935590368623955504e-01
4.931728056579039454e-01
4.935072514641750119e-01
4.954283910159750781e-01
5.063059515999637217e-01
5.022614869991549602e-01
4.936712616673951670e-01
4.910666238163228781e-01
4.895694986375621061e-01
4.885441062906494825e-01
4.878297643725992283e-01
4.873487266279667440e-01
4.870221587756249360e-01
4.867744538097142915e-01
4.865325174903491479e-01
4.862440002204851397e-01
4.860137116478003838e-01
4.858524524451199311e-01
4.856442740702338057e-01
4.856102751738861079e-01
4.856310775154062953e-01
4.854151199709812459e-01
4.851979460901699737e-01
4.851231334906416781e-01
4.851813242270881510e-01
4.853640483684846796e-01
4.857964105908365582e-01
4.873179381735213145e-01
4.860330853710113086e-01
4.861213615617600015e-01
4.863626948812305728e-01
4.867307385120848706e-01
4.872380365469650698e-01
4.879291022708434067e-01
4.886626154927079524e-01
4.887138788563823444e-01
4.882553132345550662e-01
4.879163270970162114e-01
4.877331314940405171e-01
4.876565491312432332e-01
4.876735854916265933e-01
4.877693717149258479e-01
4.879346687897270218e-01
4.881430253699572952e-01
4.883843757954206000e-01
4.887077188489294954e-01
4.891220451826081006e-01
4.895555289915766717e-01
4.898515491868365435e-01
4.898861080363076659e-01
4.896895220585875674e-01
4.894328274124659095e-01
4.892092972757122737e-01
4.890603051172021654e-01
4.890080877968604467e-01
4.890065370087466334e-01
4.890366809654387303e-01
4.891610257809768103e-01
4.893886016027147456e-01
4.897500143507810821e-01
4.902449173425276752e-01
4.906245345302419070e-01
4.904960223154133381e-01
4.901794054833624736e-01
4.899431228763833079e-01
4.897921556790125197e-01
4.897066631550752724e-01
4.896768877868750702e-01
4.896924462029903502e-01
4.898914299825117280e-01
4.893333809017689218e-01
4.891813916492413483e-01
4.891136991011965085e-01
4.890967293273759120e-01
4.891152414977502638e-01
4.891692466454430344e-01
4.892884270199513441e-01
4.895898010886789997e-01
4.908795161934478291e-01
4.902833434750262787e-01
4.895918900176907118e-01
4.894916071020595227e-01
4.895747786268770385e-01
4.897678251238180569e-01
4.900460140985962165e-01
4.904077222332672292e-01
4.908598579955494312e-01
4.914078325941150238e-01
4.920446660827957897e-01
4.928063426291305893e-01
4.937420763481648045e-01
4.949042440840861201e-01
4.963359766889938185e-01
4.981105311318437812e-01
5.002961004293043912e-01
5.030224617186210834e-01
5.064151312157991747e-01
5.105056335000833778e-01
5.146457316414554395e-01
5.169265814760791722e-01
5.157326484612347883e-01
5.123949421147290240e-01
5.093832046163557781e-01
5.081089637392663949e-01
5.039872272248118179e-01
5.013486618535941686e-01
5.000072022314109299e-01
5.015292350209119565e-01
4.985203435120418303e-01
4.963478534071619763e-01
4.951377648636811624e-01
4.942005856026537858e-01
4.933955604900125969e-01
4.926905295215996405e-01
4.920850181090489217e-01
4.915642322090607585e-01
4.910770118904337900e-01
4.906884042669137913e-01
4.902617800697009476e-01
4.894955670330847775e-01
4.887624859721473314e-01
4.881722926104035132e-01
4.875151992342949270e-01
4.869544589065650797e-01
4.865026494781595767e-01
4.860954845625408138e-01
4.857372583477080341e-01
4.854868387169511967e-01
4.852465737013652580e-01
4.847351288417484638e-01
4.840408657723329067e-01
4.833892082474451346e-01
4.828353576922305712e-01
4.823705402155210598e-01
4.819821259806376657e-01
4.816674348523944937e-01
4.814201478599445250e-01
4.812523215294339241e-01
4.811802919758712549e-01
4.812485541464253114e-01
4.815199244785413613e-01
4.818870347591553971e-01
4.820917844418849962e-01
4.832314840541029888e-01
4.845533268256795312e-01
4.823107757727896350e-01
4.821628558220055760e-01
4.824496395665451298e-01
4.830065402638376582e-01
4.837921341593915403e-01
4.846893031886821968e-01
4.855874258555117895e-01
4.879656968974746545e-01
4.867924563307828856e-01
4.847982705001123716e-01
4.839418015687247943e-01
4.834511824946778336e-01
4.832067280286597710e-01
4.832164362141736502e-01
4.837541725630731260e-01
4.840380114348229457e-01
4.830483767833336772e-01
4.826710667599224958e-01
4.825194220912406573e-01
4.824835858818556367e-01
4.825418838845355607e-01
4.826987376882400649e-01
4.829749465562518940e-01
4.833940919170429673e-01
4.839946505346910954e-01
4.848360172651008382e-01
4.859752766956831893e-01
4.875134091511439949e-01
4.895648580307044861e-01
4.922897414968303020e-01
4.959523070177953019e-01
5.007607837328147404e-01
5.061045270055259948e-01
5.092876735864717563e-01
5.072962725403450390e-01
5.024087918202796432e-01
4.976804156485487574e-01
4.932294938111661531e-01
4.894719814455870677e-01
4.866131777010009318e-01
4.842749128045022999e-01
4.824500140284338490e-01
4.809763833407232347e-01
4.797666496581138307e-01
4.787925627801392081e-01
4.780410668826135523e-01
4.772860540313453304e-01
4.767445343680534742e-01
4.764274483855844844e-01
4.764072005178742186e-01
4.764810633230402992e-01
4.763605289465215331e-01
4.767787499511589866e-01
4.783509638333114933e-01
4.841433923767854419e-01
4.807757707413287673e-01
4.848134525379585447e-01
4.911671029265705091e-01
4.835436582597351096e-01
4.792293378044142904e-01
4.788177487971762569e-01
4.747152381661664533e-01
4.732129404847637000e-01
4.722797214570150781e-01
4.716408047197117037e-01
4.712075383399838557e-01
4.709631055157166846e-01
4.709757956531000489e-01
4.716323972488965510e-01
4.722279544430909026e-01
4.706077187059363176e-01
4.699935653130949409e-01
4.697119942978003615e-01
4.695744452322467843e-01
4.695363002834632149e-01
4.695813578935078003e-01
4.695150551012579054e-01
4.691456799475521855e-01
4.687973859402111976e-01
4.685050468572754534e-01
4.683145617177437714e-01
4.682045148596164497e-01
4.681668346594866637e-01
4.682068801561715121e-01
4.683211949610410207e-01
4.684285518105425483e-01
4.684384168080575894e-01
4.684591708018412959e-01
4.685481910585154175e-01
4.686979285309610388e-01
4.688933966358682093e-01
4.691052338570530500e-01
4.692937580697633670e-01
4.695203817591511175e-01
4.697977527433258027e-01
4.701291493768344765e-01
4.705194111986061301e-01
4.709576731146990491e-01
4.713128863310431793e-01
4.715463642713592085e-01
4.717902433783376925e-01
4.720634490734205713e-01
4.723623407592573153e-01
4.726610728708465770e-01
4.729654423527836493e-01
4.733652932733883878e-01
4.734715308545460744e-01
4.736777546742874101e-01
4.739451315190945091e-01
4.742461248237548888e-01
4.745998660324196594e-01
4.749871330777960532e-01
4.750639938310545762e-01
4.751911935399582010e-01
4.752623220232866097e-01
4.753135663846085324e-01
4.753690238433772586e-01
4.754360728136050041e-01
4.755364799946160681e-01
4.755854938813301458e-01
4.756345011398140366e-01
4.757027266334040716e-01
4.757123759030246757e-01
4.756105085730875648e-01
4.754666578212957129e-01
4.753371866005762780e-01
4.752270852232490794e-01
4.751388382937468124e-01
4.750731109492045134e-01
4.750531950428216743e-01
4.751287019784954380e-01
4.751011461507638756e-01
4.751492023169138768e-01
4.753802489833489631e-01
4.758666847246218468e-01
4.759313158674862154e-01
4.754741428024693017e-01
4.750630034863850271e-01
4.748340809055301981e-01
4.747444119038136678e-01
4.747956219977926828e-01
4.749907095791942035e-01
4.753430326286055552e-01
4.758654832067153451e-01
4.764673720633447185e-01
4.767819322529818771e-01
4.764468167175219260e-01
4.757867308763354397e-01
4.751343051619631441e-01
4.745968528083812643e-01
4.741783136264156595e-01
4.738640308873449114e-01
4.736040036387263452e-01
4.733800761661012269e-01
4.731976204777305628e-01
4.730500532796425572e-01
4.729268175013176534e-01
4.728129812248831332e-01
4.727204864232250614e-01
4.725475381180214152e-01
4.724089737727941163e-01
4.723146182985276664e-01
4.722967244792183883e-01
4.723761621326067472e-01
4.723372689637547750e-01
4.721162721995508238e-01
4.719807850361877333e-01
4.719374618611624217e-01
4.719128417042626200e-01
4.718879483971772371e-01
4.718560179941660992e-01
4.718038133341297957e-01
4.717080521842226815e-01
4.715857877957243538e-01
4.714518609614088973e-01
4.712712102375015699e-01
4.711610289212804781e-01
4.711166595946347790e-01
4.711235410918760969e-01
4.711732479121455985e-01
4.712605732824947102e-01
4.713820883242532123e-01
4.715657061059948529e-01
4.716719379222886199e-01
4.717986449629367196e-01
4.719949989392157041e-01
4.722290591099751467e-01
4.724817026660051988e-01
4.727858133916917338e-01
4.730266962863833302e-01
4.734196575050113043e-01
4.745925146805780037e-01
4.742680018408389486e-01
4.743867360518420617e-01
4.746633849020445162e-01
4.750069913101905295e-01
4.754245675926040970e-01
4.759143619165293604e-01
4.764902822276604888e-01
4.771561048799679017e-01
4.779632580974798595e-01
4.790826080641979456e-01
4.810685801149071072e-01
4.857250932253458497e-01
4.830901161205505834e-01
4.815000946778013047e-01
4.812167216656534352e-01
4.813659038599125695e-01
4.817737714903183588e-01
4.823787593555450282e-01
4.831855130851787639e-01
4.843008559588802275e-01
4.853231181778567827e-01
4.855041751548381801e-01
4.860093345250515728e-01
4.866669106840602610e-01
4.873478043114864433e-01
4.879338336954768263e-01
4.884746490747045033e-01
4.891026106018925290e-01
4.898681040138990750e-01
4.907470264461168963e-01
4.917151883556329928e-01
4.927779550296557676e-01
4.939475840366401860e-01
4.953452264088480939e-01
4.974306963370114798e-01
4.989248506527969584e-01
5.007043206040349137e-01
5.033967176868392457e-01
5.070619551028251459e-01
5.120455892788541297e-01
5.184810810853885954e-01
5.249372217625160042e-01
5.260925418160956601e-01
5.209839589245423008e-01
5.150187055323970364e-01
5.104622255773810791e-01
5.073329194897520100e-01
5.052519120434937339e-01
5.038919528447641794e-01
5.030463149244152055e-01
5.025820100350847364e-01
5.023880487613476831e-01
5.024086184273192091e-01
5.026309598981087978e-01
5.030393875405477777e-01
5.035971832779351232e-01
5.042441722042021457e-01
5.048920140579811200e-01
5.054892683191063441e-01
5.061254464064591785e-01
5.066744500449733568e-01
5.072729435655920494e-01
5.079689452989124554e-01
5.086452746601932695e-01
5.094076456386807950e-01
5.105075662631631817e-01
5.124845340775816549e-01
5.195616297897632796e-01
5.179710143459073102e-01
5.139673922611514012e-01
5.135428396150992780e-01
5.137737176810116546e-01
5.146428778414934291e-01
5.149415945136931461e-01
5.133369290047826716e-01
5.124613470219109290e-01
5.115362569212622557e-01
5.105671250335370726e-01
5.096153387079710440e-01
5.087491706353316490e-01
5.080284967095337612e-01
5.074918171040049275e-01
5.071955879143807966e-01
5.072436785283856997e-01
5.079445617149722647e-01
5.113753679140349284e-01
5.133247343577828081e-01
5.078481615789807169e-01
5.066214009251877037e-01
5.060727773860366208e-01
5.057189453241404120e-01
5.054141754124861219e-01
5.051550102695233635e-01
5.049594712495204529e-01
5.048429557030363890e-01
5.048097196620465743e-01
5.048744793202109005e-01
5.050810474814915185e-01
5.053386881712813583e-01
5.051456498912015869e-01
5.049530645890542013e-01
5.049249218552146479e-01
5.049920106036225320e-01
5.051107924891189427e-01
5.052554528411218326e-01
5.054141337551503188e-01
5.055832530901245292e-01
5.057876308240529806e-01
5.060620645963959108e-01
5.065416823020023607e-01
5.070893511137906096e-01
5.064626182589225811e-01
5.061804119771939892e-01
5.059790946741262729e-01
5.058082300828208311e-01
5.056704011020248801e-01
5.055743755036927745e-01
5.055212466045007069e-01
5.054873436566138523e-01
5.053753447367517193e-01
5.051273657553762009e-01
5.048297423690061292e-01
5.045442340081991439e-01
5.042838817656933870e-01
5.040466111981248831e-01
5.038461365044482054e-01
5.036994840778544757e-01
5.036426017522270815e-01
5.036871859733615953e-01
5.038255893361244242e-01
5.043330622783045447e-01
5.059451482017177648e-01
5.087002322568554558e-01
5.047687642634830496e-01
5.035540703951267849e-01
5.029174535075360275e-01
5.024904578724492810e-01
5.021891280536739943e-01
5.020045202635742276e-01
5.019461161320917242e-01
5.020439806695737861e-01
5.020708747061520816e-01
5.019763920046612649e-01
5.022353850948986231e-01
5.032587435422358757e-01
5.094667156650305451e-01
5.036465876767031169e-01
5.020019913355858732e-01
5.013965288374496732e-01
5.010910659450267257e-01
5.009222350385594824e-01
5.008302722924088402e-01
5.007841541230020344e-01
5.007679608325852350e-01
5.007857448418207014e-01
5.008456576977494690e-01
5.009595750930190272e-01
5.011164762116954163e-01
5.012118617621296179e-01
5.013939262556044163e-01
5.012741774581980225e-01
5.013578769530553370e-01
5.015305328914330119e-01
5.017664482330412845e-01
5.020105653808856205e-01
5.021978320801090412e-01
5.023363424687116163e-01
5.024460380713363650e-01
5.025291692552922296e-01
5.025735272803616427e-01
5.024766651510168547e-01
5.023112835585158420e-01
5.021756032598482244e-01
5.020793903486393539e-01
5.020418935715782460e-01
5.020360943880932680e-01
5.020756232777582317e-01
5.022059689279043670e-01
5.024418606604315052e-01
5.028194009889883631e-01
5.033932844834526632e-01
5.041548834803388779e-01
5.051132104045885640e-01
5.063176249364377268e-01
5.080063832637352617e-01
5.098584958480174567e-01
5.082326080839438820e-01
5.079304711664630601e-01
5.061887161574624150e-01
5.055110640773228248e-01
5.051815563604108439e-01
5.050697791555432969e-01
5.051006673708695605e-01
5.052232123921654994e-01
5.054256650968084186e-01
5.056380157811333209e-01
5.059372052676149867e-01
5.062932204682837334e-01
5.066337422286143477e-01
5.070718406702685588e-01
5.076008271071308364e-01
5.082331364379770733e-01
5.088751084605505071e-01
5.096029283891732042e-01
5.104358772192733040e-01
5.113798103041536924e-01
5.124920904351368822e-01
5.137951203109468734e-01
5.153506268170543470e-01
5.172744462562007817e-01
5.197298555310877477e-01
5.231720733137981139e-01
5.287955610690812103e-01
5.413890705262764946e-01
6.419133059985716594e-01
5.479602767043574296e-01
5.322805105267082171e-01
5.276165847447471524e-01
5.237170843010229282e-01
5.198892948808669923e-01
5.176249257908853707e-01
5.161171267001155583e-01
5.150467488887182643e-01
5.142314773966560892e-01
5.135744624616005449e-01
5.130049619356622514e-01
5.124993042802852283e-01
5.120752915822677220e-01
5.117463132734326736e-01
5.115324209960193658e-01
5.114377572824050366e-01
5.114681395104861972e-01
5.116341657440137691e-01
5.119685031983012280e-01
5.125284904298416100e-01
5.133478530008047658e-01
5.144618599724319896e-01
5.205549499389420243e-01
5.158669962057963465e-01
5.146171345800546471e-01
5.145816838049475095e-01
5.149183583904801687e-01
5.154863986698212663e-01
5.162508297633862098e-01
5.172149671989404451e-01
5.183506294247522961e-01
5.196221693030140809e-01
5.212489726426084991e-01
5.235327878821174341e-01
5.269453218007109641e-01
5.324991718371709926e-01
5.424846538810508267e-01
5.597561973261737656e-01
5.598949807639225229e-01
5.454691965819453703e-01
5.338535329669664709e-01
5.283191061335327232e-01
5.251065815276005910e-01
5.230397530051862365e-01
5.216555416433884540e-01
5.207350769036152016e-01
5.201313975452516170e-01
5.197541086240498043e-01
5.195387693769031312e-01
5.193914595218966923e-01
5.193208113708613904e-01
5.193784327505741594e-01
5.195766653846795036e-01
5.198923913854305301e-01
5.202657464444222501e-01
5.207181337787265551e-01
5.212245227711937989e-01
5.218113450365113870e-01
5.224751411617897245e-01
5.231860972728306081e-01
5.238842295258112625e-01
5.245707766203629996e-01
5.255081528635361376e-01
5.253779924759530706e-01
5.256032234031516870e-01
5.258451760067502923e-01
5.261265919456029616e-01
5.265153636483124178e-01
5.273484112081736619e-01
5.349829792359536151e-01
5.278810726248419627e-01
5.266616459000608153e-01
5.263258754737325518e-01
5.263269077525603024e-01
5.262165212291289862e-01
5.262319462955575844e-01
5.264100175398233050e-01
5.267288149802257236e-01
5.272065085850956567e-01
5.278645387897243912e-01
5.287450497709909047e-01
5.298726100894638469e-01
5.313028980457444872e-01
5.331222549768308561e-01
5.353996100655376011e-01
5.381854612886707301e-01
5.415806089922641231e-01
5.456476834947282528e-01
5.501558407996369748e-01
5.542099248984677651e-01
5.562400515453749250e-01
5.550069167883111554e-01
5.515083726417467913e-01
5.474014699105824722e-01
5.437714529264698893e-01
5.411195572589549974e-01
5.388532372409774451e-01
5.370618061281937639e-01
5.359475415079607563e-01
5.349930081626067535e-01
5.337374943032571206e-01
5.321190102936544930e-01
5.301922592948747903e-01
5.283658281129081091e-01
5.270111541091239138e-01
5.258767817729184113e-01
5.248875826998463667e-01
5.240241038936044315e-01
5.232992763004890024e-01
5.226907145962926826e-01
5.222037305483747671e-01
5.218318642616831537e-01
5.215644833140106185e-01
5.213579108187273992e-01
5.211258465805080897e-01
5.208944190094313420e-01
5.207320614390009705e-01
5.206636958194609255e-01
5.207182912436112421e-01
5.211595269810407327e-01
5.210895444786478592e-01
5.208321393284205403e-01
5.208607402138901721e-01
5.209882560274986529e-01
5.212181109478164487e-01
5.215776840490805588e-01
5.220493518108964004e-01
5.223491175447854129e-01
5.222872662114953490e-01
5.222020767587555179e-01
5.222456608851574478e-01
5.224074276834567154e-01
5.227220791635188712e-01
5.232042835823329519e-01
5.237882544437034715e-01
5.242768670282244026e-01
5.242839553825801024e-01
5.237570589469212612e-01
5.230612918206349882e-01
5.224365366300286473e-01
5.219356934179852914e-01
5.215618087525056845e-01
5.213159092005208439e-01
5.212017730051390352e-01
5.212603293214572719e-01
5.216719637956637179e-01
5.215803190115476662e-01
5.216698180952289432e-01
5.217011746660791260e-01
5.217842184348374657e-01
5.220412620070679077e-01
5.224736092282111777e-01
5.230429447274071997e-01
5.237855277716437774e-01
5.246889715638185514e-01
5.250187520068890779e-01
5.247916926194284848e-01
5.246879973147596798e-01
5.248023922462828894e-01
5.251224775208944706e-01
5.256527476288330725e-01
5.263975763934233276e-01
5.274073862609701679e-01
5.287856626987370579e-01
5.308394876626976178e-01
5.346507280119957572e-01
5.381175156628430489e-01
5.328216377731820330e-01
5.302296912175161747e-01
5.293914500693746028e-01
5.294783035006102034e-01
5.284001879588665629e-01
5.277294756888686322e-01
5.275197945696199486e-01
5.275605585981377743e-01
5.277537151493892909e-01
5.280899197047248528e-01
5.285932146918510544e-01
5.292789883971242837e-01
5.302255444596755130e-01
5.316074523381213446e-01
5.339458062866592192e-01
5.356335805015722817e-01
5.339920151672367110e-01
5.334336804279273814e-01
5.335154460629468742e-01
5.338986407938317580e-01
5.344555205318548552e-01
5.351426617811736453e-01
5.359394797448052694e-01
5.368355455343238880e-01
5.378511442542677212e-01
5.390133702135848637e-01
5.404456365258112349e-01
5.422777133587207699e-01
5.433479962417473441e-01
5.449533293864586847e-01
5.467132642950593979e-01
5.483865369189172556e-01
5.496275387183768846e-01
5.503691438285501780e-01
5.507217887076257812e-01
5.509239543935733341e-01
5.511821643074967803e-01
5.515431357151684422e-01
5.520026433497404739e-01
5.526459563264627395e-01
5.535944282696853014e-01
5.549443976090941977e-01
5.566330493766226128e-01
5.586405621793261167e-01
5.614515903380238315e-01
5.657256415142748462e-01
5.721755386258445819e-01
5.824790694728848583e-01
6.078972719198086905e-01
6.841387194836772156e-01
6.078031380488247981e-01
5.858910626939314303e-01
5.781715071605291190e-01
5.755290336721700095e-01
5.773750132089026099e-01
5.884182302874065851e-01
6.696169404978932205e-01
5.839757115451529312e-01
5.733644730403677503e-01
5.717134516241845210e-01
5.652659895502374354e-01
5.581360613297929874e-01
5.536306228298144561e-01
5.505252003393000804e-01
5.482552764628185749e-01
5.465193351013449830e-01
5.450777542974715173e-01
5.438181347585214764e-01
5.427841908372041946e-01
5.419447156117681574e-01
5.412748270780062265e-01
5.406512217421912680e-01
5.400141657500401315e-01
5.394709887081968747e-01
5.390258115645634174e-01
5.386654084486092176e-01
5.383520418439953215e-01
5.380267074549273110e-01
5.377357482345618278e-01
5.374977701633646410e-01
5.372954370211997510e-01
5.371033696342490948e-01
5.368845548663401246e-01
5.366501782209830429e-01
5.364195087135970041e-01
5.362275482690799233e-01
5.360917134146188090e-01
5.360161713468056810e-01
5.360040834803521115e-01
5.360660872138224287e-01
5.362290456887359724e-01
5.365524982995839576e-01
5.372179945349747632e-01
5.394139225185199393e-01
5.404460472617333977e-01
5.380148088124222516e-01
5.376766096682300544e-01
5.377142017272629193e-01
5.379466819901006502e-01
5.383188204758841966e-01
5.388181175775582643e-01
5.394941573344897989e-01
5.404268289856781760e-01
5.414746905779830310e-01
5.427610925324578561e-01
5.445889240422191468e-01
5.470919791878496863e-01
5.500150483108492416e-01
5.541729613840130630e-01
5.597216799891112649e-01
5.634415558233206722e-01
5.711686816101445574e-01
5.838512355746717786e-01
5.965862888010488030e-01
5.925369939963492927e-01
5.770558622161667817e-01
5.656916200741406442e-01
5.582353800998457460e-01
5.531421159900781204e-01
5.496064730899431483e-01
5.470791871889190139e-01
5.450138747719842636e-01
5.434007220991597942e-01
5.418699733501144422e-01
5.406790995123414989e-01
5.399368999898309651e-01
5.395736166214738505e-01
5.396870860011057092e-01
5.405172548555766676e-01
5.429132520705584053e-01
5.537231828260978928e-01
5.524508189607165720e-01
5.432239857975582620e-01
5.402915210353066433e-01
5.387767621957819664e-01
5.373444138053035113e-01
5.359043543147450350e-01
5.346784936873658634e-01
5.337384007334649016e-01
5.330590561943873151e-01
5.327263505861911108e-01
5.321857033611454568e-01
5.317451727374249426e-01
5.315009787125127838e-01
5.314212146412026216e-01
5.314963078910792671e-01
5.316739858717385303e-01
5.318378094258355837e-01
5.318038220255693060e-01
5.314622071577473905e-01
5.309070921684336808e-01
5.303325266161995621e-01
5.298368808808452401e-01
5.294706095115531141e-01
5.292242447380042236e-01
5.290816279911466635e-01
5.290216250437247414e-01
5.290232547007480690e-01
5.290624921046114260e-01
5.291258393757746203e-01
5.291981699993447696e-01
5.292393342552956792e-01
5.293034155096622007e-01
5.294493773632039657e-01
5.296947248716145085e-01
5.300617892540696596e-01
5.305685979065467572e-01
5.312273920002236194e-01
5.320700152310977593e-01
5.331492740818023490e-01
5.344984580892561121e-01
5.362044949800360838e-01
5.383770785429765615e-01
5.412019974944487499e-01
5.450693791936029875e-01
5.505800851685153097e-01
5.592608091142965421e-01
5.741220284955997899e-01
5.989322038771138779e-01
6.022793293193063890e-01
5.770140692768778168e-01
5.609297897118274978e-01
5.517833119462248748e-01
5.460788720072548008e-01
5.423030549332220618e-01
5.396694652457960650e-01
5.377997329157822026e-01
5.364876043504818171e-01
5.356237753701238447e-01
5.351455476647637433e-01
5.350073900150753570e-01
5.351515215052411456e-01
5.354193261756047262e-01
5.355080560269119827e-01
5.353012526194315113e-01
5.350772262331445761e-01
5.354404092015363492e-01
5.357628302416447275e-01
5.359523643349570765e-01
5.350412059631125539e-01
5.339471877969771407e-01
5.333026462224165209e-01
5.329490098727203140e-01
5.327779273301515017e-01
5.327548357723695949e-01
5.329155537950486243e-01
5.339173073878653586e-01
5.334456998647527648e-01
5.338056398643435951e-01
5.342997489210340456e-01
5.348064311470870358e-01
5.352174784144163588e-01
5.355239298186841301e-01
5.354131192955562391e-01
5.351977428768770473e-01
5.350712212188409866e-01
5.351128606199763160e-01
5.353014318163759055e-01
5.354174577093345766e-01
5.356224894802338321e-01
5.360688538355908861e-01
5.367897284232194810e-01
5.378231591080198104e-01
5.392462082533814316e-01
5.413385073896874733e-01
5.443942378544224248e-01
5.473304995848677912e-01
5.504853791218830006e-01
5.516216849894528540e-01
5.518326827801642853e-01
5.525799325995621736e-01
5.518991840881283251e-01
5.545401750115511730e-01
5.585942833300062693e-01
5.679364560032644782e-01
6.077193011026053027e-01
6.668080354517409436e-01
5.996422386740206667e-01
5.674471404305304612e-01
5.541554076914391169e-01
5.467441506558649023e-01
5.418626444167438105e-01
5.384288113455203417e-01
5.358638798279782289e-01
5.338744602802205641e-01
5.323396343149022769e-01
5.311481612618238479e-01
5.302854779500549842e-01
5.297770890806871025e-01
5.300675334244252523e-01
5.310565742538372325e-01
5.284543675856943068e-01
5.277515870110576213e-01
5.274535295739358753e-01
5.272459036027213886e-01
5.273082698245643574e-01
5.275664201363274852e-01
5.283433277361768710e-01
5.288644780976192727e-01
5.274992933505397996e-01
5.262907068282907108e-01
5.256682598314115218e-01
5.255256557723975153e-01
5.261015501161838692e-01
5.281198522843049137e-01
5.264301735818265326e-01
5.248013958267987444e-01
5.241292422551543373e-01
5.238063698127065626e-01
5.236521596601446671e-01
5.235787318481813779e-01
5.235343110708599035e-01
5.235002925333845925e-01
5.234877441604710580e-01
5.235095250791810262e-01
5.235716131708613164e-01
5.236703229518014924e-01
5.238021234401359916e-01
5.239620240037643484e-01
5.241534520656110363e-01
5.243966033639494428e-01
5.247174981787418035e-01
5.251504638186668128e-01
5.257141391068034242e-01
5.264379310396781753e-01
5.272574142007295794e-01
5.281571870486678755e-01
5.292959345221392997e-01
5.307228865691927533e-01
5.325599568964660691e-01
5.349560436511555661e-01
5.378953869791029962e-01
5.420126963818463484e-01
5.481511147774631443e-01
5.577214777422740966e-01
5.771350488374524801e-01
6.329938475801427655e-01
6.088883886538166701e-01
5.698107017231168747e-01
5.550244956481147351e-01
5.476923362635796044e-01
5.434630203694533757e-01
5.408071214050745867e-01
5.388921706372556963e-01
5.373225514221783294e-01
5.360674278094125222e-01
5.351925557357483099e-01
5.347985692820726999e-01
5.349659919049550849e-01
5.359052969112960696e-01
5.384813725093999803e-01
5.499101731169214746e-01
5.475256911703997309e-01
5.381943547121563753e-01
5.359765400910184718e-01
5.352517261057001541e-01
5.351919581010736726e-01
5.355512503239550082e-01
5.362518273785298328e-01
5.372139072999720932e-01
5.382500857137592076e-01
5.394516225863479342e-01
5.424525408939900872e-01
5.433780973474451326e-01
5.420166081550076287e-01
5.429084951591905961e-01
5.456064928359508626e-01
5.451857563283054597e-01
5.446448108971834179e-01
5.466963347816587993e-01
5.611719805640305037e-01
5.504449187840212421e-01
5.435555543039680693e-01
5.411213432911702315e-01
5.397834232086572426e-01
5.389304912649075519e-01
5.383849237775896190e-01
5.380447591337300661e-01
5.378942503629497995e-01
5.379643169495058608e-01
5.382031794422537097e-01
5.383483811187254053e-01
5.385883824309372070e-01
5.390798934683311838e-01
5.398234703626366704e-01
5.408371500735296156e-01
5.421257865759558925e-01
5.436895122682351422e-01
5.454964296301846316e-01
5.474592017645782960e-01
5.490643923093946333e-01
5.507301183682509205e-01
5.528673085313795532e-01
5.555428749746311734e-01
5.591920865254746964e-01
5.645364942759869553e-01
5.734102934630596060e-01
5.907050339880768330e-01
6.375419789089341593e-01
6.400874122342947725e-01
5.970457671213362794e-01
5.825518495404311548e-01
5.710397276006842215e-01
5.598569495950940222e-01
5.520643444379810250e-01
5.464474738656064368e-01
5.421908281184729672e-01
5.388926176467653262e-01
5.362576648463067697e-01
5.341113872471141555e-01
5.323900487922419433e-01
5.309967010952287847e-01
5.298786520283660373e-01
5.289000028750930893e-01
5.279577415471977675e-01
5.270895333436793617e-01
5.263143737115124621e-01
5.256914659124520828e-01
5.252348688592513026e-01
5.249271075846109191e-01
5.247503720055982646e-01
5.247738987754567708e-01
5.249127012518189916e-01
5.249466470528253437e-01
5.250325479460125067e-01
5.253312701625802994e-01
5.258727343697651158e-01
5.266548276669400508e-01
5.277153954799617130e-01
5.290988236940086242e-01
5.308747359173078273e-01
5.331841113388475772e-01
5.361906881894875632e-01
5.401620014095356304e-01
5.457552441916756480e-01
5.550139534177327416e-01
5.723875427552165274e-01
6.064488104811103231e-01
6.049885157158072513e-01
5.732302304616788691e-01
5.572290892286578812e-01
5.488524712218660895e-01
5.419561630964262466e-01
5.362767056216174444e-01
5.319659746662519506e-01
5.289858471043693555e-01
5.269420207854830229e-01
5.255647411736450447e-01
5.248348329702339221e-01
5.251210909987078512e-01
5.332423737436027267e-01
5.245042249288616176e-01
5.230427371238969281e-01
5.225106238555288218e-01
5.223197491061772890e-01
5.223842219605964177e-01
5.226566052334907786e-01
5.229498878734540890e-01
5.233089645885228292e-01
5.235210411077599879e-01
5.235291916876378959e-01
5.234917099940027407e-01
5.239217796218469392e-01
5.229560936686423744e-01
5.228466248618958145e-01
5.229580456305807923e-01
5.230582319500025612e-01
5.231809393269774011e-01
5.234431760515459997e-01
5.238901629871965948e-01
5.245533592984129578e-01
5.254566309067866259e-01
5.266510907055840240e-01
5.282524407623778728e-01
5.304619106566264009e-01
5.335242434731860550e-01
5.372240206906876425e-01
5.408431959595223493e-01
5.464205751414108470e-01
5.557432306807894573e-01
5.705980257115077503e-01
5.868407278266368765e-01
5.802323510020259700e-01
5.618261441894980557e-01
5.488310262734099609e-01
5.399135568938202567e-01
5.342149247395288070e-01
5.309276392533401889e-01
5.303546162952803567e-01
5.244436702645038917e-01
5.219077016296406191e-01
5.200662881320871067e-01
5.183761720867280376e-01
5.169648001602192844e-01
5.158167151125998551e-01
5.147820066602425415e-01
5.137331861553254830e-01
5.127988171613050428e-01
5.119838799831749609e-01
5.112735635065482898e-01
5.106385761746231600e-01
5.100793299616411813e-01
5.095834525215623412e-01
5.091405383690692510e-01
5.087491476340770813e-01
5.084121950120240596e-01
5.081356483047815287e-01
5.079200919112220047e-01
5.077516206263115173e-01
5.076218373748216939e-01
5.075759845074432342e-01
5.076088389599175965e-01
5.076381237892505505e-01
5.077299872833294092e-01
5.078539949050405733e-01
5.078421593339652595e-01
5.075740894409769277e-01
5.072057878330032965e-01
5.068966768525724476e-01
5.066834979224480451e-01
5.065573031378349800e-01
5.065118580816221350e-01
5.065350781133111102e-01
5.066230448632514927e-01
5.067738673662915971e-01
5.069813549849717660e-01
5.072435600408096157e-01
5.075631778869951205e-01
5.079502371334685407e-01
5.084331521767206929e-01
5.090383234989082073e-01
5.098080492946278630e-01
5.107924564123462741e-01
5.120172696766025489e-01
5.135745699022109534e-01
5.155970014399350321e-01
5.182571511509105333e-01
5.218067583425819445e-01
5.267096986209648390e-01
5.337818345765235062e-01
5.441944326382712749e-01
5.585704420634229894e-01
5.686849506965752088e-01
5.602614892538356761e-01
5.452742439708488931e-01
5.340254267865481852e-01
5.263028329652388315e-01
5.209914631828294063e-01
5.171636769895875396e-01
5.142724753786094283e-01
5.121466874773139555e-01
5.101004254855379116e-01
5.084186283209081170e-01
5.071300893469086191e-01
5.061168432530686045e-01
5.052989300827945840e-01
5.046178386143095329e-01
5.040362616019313791e-01
5.034965861371201168e-01
5.029847641590238227e-01
5.025195540099697267e-01
5.021343870544165977e-01
5.018466478403230679e-01
5.016272385468125705e-01
5.014833383432851788e-01
5.014236953755607518e-01
5.014331961919085145e-01
5.015063971858884084e-01
5.016534565198720319e-01
5.018847398718668806e-01
5.022310943632781743e-01
5.026894935622807647e-01
5.030713095833939663e-01
5.036336372419734086e-01
5.046092475520504994e-01
5.050706001588404215e-01
5.046117427360423680e-01
5.044852353857954830e-01
5.046345541028723902e-01
5.049452586759756167e-01
5.053832794525876526e-01
5.059184305328252584e-01
5.065762535089013419e-01
5.073543131866095068e-01
5.082766193552591405e-01
5.093776949042523317e-01
5.106613308539030838e-01
5.121789499023952086e-01
5.139847878859743480e-01
5.162097057029798597e-01
5.189471312010683901e-01
5.224145231456189808e-01
5.269856835950738061e-01
5.331592138287614135e-01
5.420091782954414850e-01
5.544534275104620047e-01
5.685035242930503996e-01
5.701775198282388324e-01
5.570033859981499136e-01
5.442130686608157575e-01
5.356264945494951801e-01
5.307541442719174718e-01
5.282057222094072024e-01
5.219884725677926829e-01
5.189174038561713553e-01
5.167843299938714718e-01
5.152712273404632670e-01
5.144752638886719298e-01
5.158215162555107591e-01
5.126459708917870950e-01
5.108086689010863379e-01
5.097268912334785851e-01
5.089417422418524017e-01
5.083263799305467456e-01
5.078320166230768651e-01
5.074450991495977892e-01
5.071475288784380586e-01
5.069389427514517932e-01
5.068142836577456123e-01
5.067735319005536310e-01
5.068122321920199846e-01
5.069452759287544907e-01
5.072070830162537236e-01
5.076767135952586774e-01
5.085583669574857968e-01
5.109636093099666487e-01
5.150505687112951758e-01
5.101435263541213017e-01
5.094285595959165969e-01
5.093726308444306294e-01
5.095917866006859365e-01
5.098992958886827687e-01
5.102427682255374908e-01
5.106866641048291022e-01
5.112698024921398243e-01
5.120143402183121584e-01
5.129285277766766349e-01
5.140252682704707921e-01
5.153535084531259969e-01
5.169494933391056701e-01
5.188904454296651148e-01
5.208892262726541045e-01
5.221294489396968164e-01
5.230995094982492377e-01
5.243751972521933924e-01
5.261558335662290808e-01
5.286446845050282173e-01
5.322679226621691573e-01
5.376176743066376496e-01
5.459611972963225313e-01
5.599131766111266062e-01
5.815079620052958642e-01
5.893532470521185562e-01
5.681863208297976975e-01
5.514138265986917586e-01
5.414808431586558557e-01
5.353623687458339830e-01
5.312782617565238175e-01
5.283950378648392121e-01
5.262706636604298494e-01
5.246795444625131921e-01
5.234869198156762993e-01
5.226437173242719503e-01
5.221045508357253784e-01
5.216772802100698714e-01
5.213377557591839517e-01
5.212346083001706543e-01
5.213894605089578471e-01
5.217748018691689138e-01
5.223847148618544489e-01
5.230930838391369964e-01
5.235803045941960221e-01
5.239865927761003794e-01
5.241002788568092097e-01
5.239064229806420503e-01
5.235165019105548767e-01
5.230819346208676057e-01
5.227449005535284021e-01
5.225594990947389773e-01
5.225433440903287652e-01
5.226955015347323208e-01
5.230207425076831562e-01
5.235230773027774731e-01
5.242621434961688420e-01
5.253510936395657804e-01
5.268960408504035353e-01
5.276582876689867030e-01
5.278214452189669004e-01
5.287406406526361513e-01
5.294990010562490301e-01
5.306591046972659598e-01
5.322852634420213169e-01
5.343173060028674204e-01
5.368676464787625058e-01
5.400518759620240861e-01
5.442020143297571222e-01
5.497219424792021414e-01
5.577119076989928148e-01
5.703133947055447628e-01
5.920469398344154754e-01
6.139513174058836009e-01
5.944446310024730229e-01
5.753082554150625860e-01
5.655533426887551229e-01
5.606347284294782574e-01
5.582498717719382997e-01
5.567990456828819656e-01
5.561014661615104604e-01
5.561419691914920582e-01
5.566703466644831177e-01
5.571724454304799456e-01
5.569048487161694094e-01
5.555007234556622597e-01
5.533637145815825109e-01
5.510385088000253617e-01
5.488547151702670712e-01
5.469471261705977083e-01
5.453633583462250689e-01
5.441007531494984617e-01
5.431087900419968584e-01
5.423300439538311091e-01
5.416726224730862294e-01
5.410826499251368826e-01
5.405199094530904746e-01
5.399681088167235243e-01
5.394406558771021043e-01
5.389109133985665601e-01
5.383610733950286997e-01
5.378123381482965426e-01
5.372727173580845728e-01
5.367622791625291656e-01
5.362527237207692643e-01
5.357069226951133301e-01
5.351380983124409685e-01
5.345566496680128621e-01
5.340069645053555636e-01
5.334818858525923746e-01
5.330075799283514604e-01
5.325876359384594805e-01
5.322229779815677020e-01
5.319230040478072352e-01
5.316938658091870940e-01
5.315600941854072836e-01
5.315417469465747446e-01
5.316596691637262007e-01
5.319282495408520495e-01
5.323721684342899163e-01
5.330373434976201086e-01
5.340937102636328371e-01
5.353076743628102374e-01
5.371035434288363719e-01
5.398426820572767015e-01
5.441098927493182025e-01
5.511428999802935325e-01
5.585493575456832449e-01
5.552498464947546175e-01
5.510408073455266287e-01
5.502700006384400044e-01
5.521264049086608283e-01
5.566496428066104452e-01
5.652344232861160611e-01
5.821808633103559005e-01
6.136109376052635289e-01
6.061026198385078834e-01
5.774240437723555663e-01
5.622257461041666460e-01
5.545632971547328482e-01
5.476967858732858518e-01
5.414838649692853556e-01
5.375943606899421523e-01
5.346540794109650996e-01
5.323381670637838958e-01
5.304594169226634071e-01
5.289045802323113499e-01
5.276077520647142194e-01
5.264491213626377730e-01
5.253868326650804610e-01
5.244111703886814579e-01
5.235567257743051206e-01
5.228369636889904637e-01
5.222152763971327216e-01
5.216960279451526850e-01
5.212661603851458381e-01
5.209280692129204526e-01
5.206875192149219567e-01
5.205650597464718254e-01
5.206262071263838553e-01
5.210179656378264301e-01
5.224786277038111493e-01
5.231917866399814487e-01
5.247815651843633633e-01
5.275611456157688339e-01
5.266830305997904915e-01
5.234381914996816265e-01
5.211945967184068440e-01
5.197284214256129298e-01
5.186566130081500248e-01
5.177946508010844440e-01
5.170660118846255315e-01
5.164066549976098486e-01
5.158039680952498651e-01
5.152403065199894217e-01
5.146856908586665558e-01
5.141508848010382104e-01
5.137128482973456478e-01
5.134859701716272262e-01
5.135621112554105139e-01
5.140436334567055621e-01
5.149792701117354987e-01
5.157452597362187641e-01
5.155931624131157021e-01
5.155646963737883226e-01
5.162194358715431752e-01
5.175822273200716417e-01
5.198883831250948884e-01
5.234939039697994456e-01
5.294172580942857476e-01
5.396763423505152035e-01
5.526106539430103437e-01
5.659869076301941027e-01
6.816356137006210902e-01
5.733383277866890282e-01
5.458842186972087118e-01
5.331420809151018458e-01
5.260262597929132866e-01
5.209948759016024278e-01
5.168360335988378962e-01
5.132279654854495776e-01
5.100352140415317370e-01
5.072414692065462249e-01
5.048892479463816807e-01
5.029671134684913225e-01
5.013626089303494515e-01
5.000168835614076102e-01
4.988934360515439592e-01
4.979744652452985920e-01
4.972541712851912266e-01
4.967221520591045270e-01
4.964337298174641422e-01
4.966661809798071370e-01
4.963219185228831543e-01
4.955361991848017400e-01
4.952452509537780267e-01
4.951864390029228624e-01
4.953120211780728810e-01
4.956245696395673028e-01
4.961367321924484708e-01
4.968773065792444488e-01
4.978903452939761332e-01
4.992959356347255739e-01
5.009183392138334412e-01
5.012368767626754762e-01
4.992270893747666194e-01
4.966287854064874163e-01
4.945591191306376033e-01
4.930912049831527311e-01
4.921277425816298345e-01
4.915968537316383058e-01
4.914771690217407674e-01
4.917557774708853913e-01
4.920749718894099067e-01
4.915766446939847101e-01
4.904431703271123211e-01
4.894810888332785104e-01
4.888565084378065917e-01
4.885242168022285170e-01
4.883925882896451576e-01
4.883630095347949451e-01
4.883900198769658973e-01
4.884851854133214211e-01
4.886427699568984817e-01
4.888645880091562201e-01
4.891772005607809004e-01
4.896465373955449230e-01
4.903865979998290880e-01
4.915329801931956344e-01
4.933030941848783879e-01
4.958147595542705122e-01
4.984639593933655188e-01
4.987836405380953186e-01
4.965709288935711285e-01
4.944317676479532131e-01
4.932145128244645460e-01
4.933793771864690147e-01
4.928552035705107137e-01
4.922294129463039569e-01
4.925057103520414370e-01
4.932376266667343190e-01
4.944735817954454271e-01
