-4.288573304367382377e-06
-1.286720717408318393e-05
-2.148380563138374555e-05
-3.010977516226809314e-05
-3.870128004646034015e-05
-4.728327837677515078e-05
-5.586284464120794269e-05
-6.444600877486550417e-05
-7.305861707485039602e-05
-8.171265054113252546e-05
-9.033697541693808120e-05
-9.895743073251583866e-05
-1.075810529018728090e-04
-1.162131158227719396e-04
-1.248717557893463947e-04
-1.335931143849888869e-04
-1.422966137250014640e-04
-1.510081602358326336e-04
-1.597354084039714905e-04
-1.684833323459811183e-04
-1.772633452088445694e-04
-1.861134666493180490e-04
-1.949524191526830208e-04
-2.037993170662666387e-04
-2.126578967294179279e-04
-2.215314830797954215e-04
-2.304301437091593741e-04
-2.393864912606513684e-04
-2.483462669691238744e-04
-2.573430510796059778e-04
-2.665190109207848934e-04
-2.757293224862067405e-04
-2.848898065258564927e-04
-2.940677388952872562e-04
-3.032410912648941803e-04
-3.124342925973078167e-04
-3.216564063162064002e-04
-3.309155093512705648e-04
-3.402272008321549635e-04
-3.495898663269381146e-04
-3.589958578742447060e-04
-3.684707505118289816e-04
-3.780154729392526392e-04
-3.875808177790096565e-04
-3.971951763676040414e-04
-4.068318864527409318e-04
-4.165166139854514782e-04
-4.262793144348409058e-04
-4.361442066522780436e-04
-4.461466203015129750e-04
-4.563635656529285711e-04
-4.668294109105852741e-04
-4.778875030735374452e-04
-4.907406817590276304e-04
-5.034475350711442587e-04
-5.151391388455994758e-04
-5.265105919943779966e-04
-5.376712068856370763e-04
-5.487538333137642610e-04
-5.598206510418757276e-04
-5.709083632865485924e-04
-5.820481278165923200e-04
-5.933037789829231912e-04
-6.045755227102045382e-04
-6.159250811130778658e-04
-6.273786445758489094e-04
-6.389577731551465689e-04
-6.506986499229538978e-04
-6.626992026949052317e-04
-6.749076749322791002e-04
-6.872602847460829167e-04
-6.990906405675012536e-04
-7.105161416789407269e-04
-7.218185937841736788e-04
-7.331606032878745793e-04
-7.444581317789245034e-04
-7.557668276265694374e-04
-7.671104934244832307e-04
-7.784989609355141837e-04
-7.899432211574408669e-04
-8.015102777993998728e-04
-8.130755687115742703e-04
-8.246696768967609614e-04
-8.363071924454290595e-04
-8.479941556274184222e-04
-8.597384317918788099e-04
-8.716108029250824174e-04
-8.834885267027248190e-04
-8.954008922248402058e-04
-9.073629056096654821e-04
-9.193819772153055681e-04
-9.314695770383796258e-04
-9.437147681264912435e-04
-9.560216719508574101e-04
-9.685832580719200280e-04
-9.823997061865208380e-04
-9.952370671969523741e-04
-1.007948976432637700e-03
-1.020716484465888918e-03
-1.033420820493291536e-03
-1.046127938484797681e-03
-1.058859495000730178e-03
-1.071628974825711289e-03
-1.084450445579920874e-03
-1.097430646008090704e-03
-1.110400424489954574e-03
-1.123444183184996170e-03
-1.136583411457947612e-03
-1.149829797895240979e-03
-1.163195734752986432e-03
-1.176800948193612584e-03
-1.190426918071030293e-03
-1.204089569086241873e-03
-1.217838671209836576e-03
-1.231761262983743777e-03
-1.245691961819561655e-03
-1.259779907602953664e-03
-1.273894531687469467e-03
-1.288172941315446351e-03
-1.302550746318686947e-03
-1.316955595359159403e-03
-1.331418257903616009e-03
-1.345977942076359568e-03
-1.360591781875419848e-03
-1.375285504059520214e-03
-1.390081556823852260e-03
-1.404998181906202959e-03
-1.420059604774648321e-03
-1.435301160514934615e-03
-1.450770264269984899e-03
-1.466333235265349089e-03
-1.482015299017036547e-03
-1.497812095349826400e-03
-1.513843477128351545e-03
-1.531095512071867226e-03
-1.547751549538456395e-03
-1.564204197490814963e-03
-1.580602350297999337e-03
-1.596973238859877853e-03
-1.613338360023419682e-03
-1.629722040160319629e-03
-1.646155669810189792e-03
-1.662663143220832751e-03
-1.679175872978944106e-03
-1.695769785409750874e-03
-1.712482042518392866e-03
-1.729327065549846054e-03
-1.746342266441880398e-03
-1.763668048835986824e-03
-1.781289918913575576e-03
-1.799195271249609540e-03
-1.817098865672828190e-03
-1.834906778202527455e-03
-1.852661529412547026e-03
-1.870416780635042464e-03
-1.888319671765392727e-03
-1.906129023687475055e-03
-1.923997896992601930e-03
-1.941961654613466592e-03
-1.960059043725093098e-03
-1.978348417177921981e-03
-1.996936894773759796e-03
-2.015961319676407015e-03
-2.035350346022757329e-03
-2.054849604530062379e-03
-2.074241218094186046e-03
-2.093536992357036830e-03
-2.112864273156489503e-03
-2.132455109218223122e-03
-2.153903162217085665e-03
-2.174668953668690285e-03
-2.194453452608824406e-03
-2.213915566267377066e-03
-2.233221924654027468e-03
-2.252452149088868261e-03
-2.271660528009089575e-03
-2.290987134339284026e-03
-2.310212197972227877e-03
-2.329447276320673055e-03
-2.348724409736102636e-03
-2.368034931548801403e-03
-2.387386506100375172e-03
-2.406794752484398003e-03
-2.426301846000233908e-03
-2.445891637145591879e-03
-2.465536346149210800e-03
-2.485262687996758757e-03
-2.505078114627079522e-03
-2.524986442083654303e-03
-2.544991567881793593e-03
-2.565107580946746069e-03
-2.585443654761099275e-03
-2.605808170448087324e-03
-2.626312370979988486e-03
-2.646942568149568409e-03
-2.667428322186915501e-03
-2.687738574211229192e-03
-2.707925747985173714e-03
-2.728074284013448647e-03
-2.748081259867585224e-03
-2.768003578021871469e-03
-2.787858424117550804e-03
-2.807658831779136221e-03
-2.827418855896324246e-03
-2.847166931805422685e-03
-2.866948694736692893e-03
-2.886748097378544209e-03
-2.906473077231908064e-03
-2.926146036586696475e-03
-2.945796784550869241e-03
-2.965448555432126376e-03
-2.985132498846354565e-03
-3.004811104158289226e-03
-3.024451014567497431e-03
-3.044077081152840591e-03
-3.063692967977704740e-03
-3.083298747649565463e-03
-3.102895256790638712e-03
-3.122500755429080677e-03
-3.142098391506698007e-03
-3.161667130270440218e-03
-3.181222536464245465e-03
-3.200773706425241727e-03
-3.220331443732349364e-03
-3.239909142397690012e-03
-3.259536519945260835e-03
-3.279202390845670223e-03
-3.298899948378286595e-03
-3.318659620389796672e-03
-3.338568012802523022e-03
-3.358602856695647176e-03
-3.378314677225713325e-03
-3.397993770093310495e-03
-3.417611696207245586e-03
-3.437201750681628809e-03
-3.456782371805022791e-03
-3.476363741011900821e-03
-3.495955133405725945e-03
-3.515568482546971296e-03
-3.535274288861467440e-03
-3.554924010266802270e-03
-3.574598220436597806e-03
-3.594308446753680109e-03
-3.614063258904565146e-03
-3.633872901338874861e-03
-3.653754361686578633e-03
-3.673760969301276269e-03
-3.693771049079086488e-03
-3.713865860055509671e-03
-3.734057829996029199e-03
-3.754323524777225529e-03
-3.774659939060787117e-03
-3.795067233120730243e-03
-3.815510311211300909e-03
-3.835931257736180378e-03
-3.856342454405692344e-03
-3.876739144736074394e-03
-3.897127489967511238e-03
-3.917522704723452875e-03
-3.937958937319407937e-03
-3.958399310361904178e-03
-3.978837447993543996e-03
-3.999284264521785204e-03
-4.019729980667463565e-03
-4.040174753049519119e-03
-4.060634789567640901e-03
-4.081166710857342395e-03
-4.101716289346080124e-03
-4.122280597382510514e-03
-4.142806071855131833e-03
-4.163329860846110009e-03
-4.183870204776951596e-03
-4.204458699618385253e-03
-4.225168485131214346e-03
-4.245866776487972061e-03
-4.266612700546734693e-03
-4.287425168390202046e-03
-4.308320079159377869e-03
-4.329322190063433773e-03
-4.350462474527749812e-03
-4.371823543097841380e-03
-4.393162626436297735e-03
-4.414496390127475856e-03
-4.435798523837131135e-03
-4.457048812793740211e-03
-4.478236399911961207e-03
-4.499367668741371951e-03
-4.520566004112547276e-03
-4.541581961578611271e-03
-4.562526731427096749e-03
-4.583437335458628858e-03
-4.604337825853677124e-03
-4.625252984945316115e-03
-4.646243205193245629e-03
-4.667272352874007879e-03
-4.688399655444763781e-03
-4.709850884961896966e-03
-4.732315990513602522e-03
-4.754734331335885855e-03
-4.776440717927377122e-03
-4.797886195765710404e-03
-4.819162762300210900e-03
-4.840500416256388050e-03
-4.862371314872881989e-03
-4.885297982564318353e-03
-4.906787930567424461e-03
-4.927862710829122861e-03
-4.948552807984896162e-03
-4.969038306368411817e-03
-4.989378774142072537e-03
-5.009613397059409223e-03
-5.029777164325288652e-03
-5.049927548794519439e-03
-5.070073986907730479e-03
-5.090225226687006277e-03
-5.110470834864933032e-03
-5.130974601327387141e-03
-5.151988993653877635e-03
-5.172790190893117312e-03
-5.193348244563078531e-03
-5.213736646018207743e-03
-5.233990928561027545e-03
-5.254109432201836682e-03
-5.274077574597968443e-03
-5.293913681735373800e-03
-5.313686917060800319e-03
-5.333346535336569438e-03
-5.352955788701430073e-03
-5.372553287023573709e-03
-5.392170356561587496e-03
-5.411762746094228582e-03
-5.431263653682960602e-03
-5.450634810372556593e-03
-5.469936800575059266e-03
-5.489195070921493169e-03
-5.508426233700292052e-03
-5.527650278428830610e-03
-5.546879335312171477e-03
-5.566083190307824502e-03
-5.585299580455949098e-03
-5.604552259691808480e-03
-5.623877039852898108e-03
-5.643340447882394528e-03
-5.663032896760955559e-03
-5.683135434697228483e-03
-5.703717896846316471e-03
-5.724014621719231144e-03
-5.743897367497474704e-03
-5.763551653864995572e-03
-5.783054268373000184e-03
-5.802441313869088901e-03
-5.821752626662513030e-03
-5.841008514082979275e-03
-5.860231240815361176e-03
-5.879451752376474438e-03
-5.898638811712153540e-03
-5.917793497674961323e-03
-5.936944275291899942e-03
-5.956100370727246407e-03
-5.975270780496311218e-03
-5.994478046679629912e-03
-6.013680135370624846e-03
-6.032867051299350969e-03
-6.052064463172301956e-03
-6.071278001137492275e-03
-6.090514773127941872e-03
-6.109798977295799460e-03
-6.129092981204120605e-03
-6.148381589522466939e-03
-6.167696368103214866e-03
-6.187046662204709335e-03
-6.206442352481467140e-03
-6.225911472252709800e-03
-6.245425178235786134e-03
-6.264961670839896968e-03
-6.284557968953441431e-03
-6.304229449786702411e-03
-6.323992493289298800e-03
-6.343882538610068345e-03
-6.363881107050439745e-03
-6.383954030203753405e-03
-6.404145285885176619e-03
-6.424476828068237388e-03
-6.444988419475161656e-03
-6.465680425963404865e-03
-6.486518762499726698e-03
-6.507567797760960282e-03
-6.528879796381503731e-03
-6.550522130907676654e-03
-6.572594910554951930e-03
-6.595152217387489912e-03
-6.618551785083193195e-03
-6.643270324592331910e-03
-6.668101758952382774e-03
-6.692914377613101706e-03
-6.718056664912985809e-03
-6.743954932987072937e-03
-6.771176376087373328e-03
-6.800794880145843990e-03
-6.835402486946584588e-03
-6.876159569356832257e-03
-6.908069048318199457e-03
-6.934605635870561002e-03
-6.958885158755423461e-03
-6.981938040007462654e-03
-7.004090847996802260e-03
-7.025688406170460532e-03
-7.046938648419764917e-03
-7.068011650038563687e-03
-7.089152209475813038e-03
-7.110282068377826725e-03
-7.130996941847711490e-03
-7.151533186182224000e-03
-7.172228410738612503e-03
-7.193319392262864653e-03
-7.213741134377338327e-03
-7.233959913393261942e-03
-7.254570067503962605e-03
-7.277425699716788543e-03
-7.298141303929139845e-03
-7.318335818999877063e-03
-7.338347581598125835e-03
-7.358254285412479945e-03
-7.378088076228417336e-03
-7.397957064575688690e-03
-7.417664954225688945e-03
-7.437338143761906828e-03
-7.456999096304262054e-03
-7.476666657495800727e-03
-7.496430058606784463e-03
-7.516102840291249976e-03
-7.535791934989322094e-03
-7.555521991423841399e-03
-7.575320138814345405e-03
-7.595241005970865267e-03
-7.615029334123724070e-03
-7.634731668720640130e-03
-7.654391878777033753e-03
-7.674047939939754315e-03
-7.693779393899924379e-03
-7.713480877185818763e-03
-7.733232396016087584e-03
-7.753103074172429388e-03
-7.773246570212721807e-03
-7.794422626577701685e-03
-7.814810926484949682e-03
-7.834765602623861014e-03
-7.854612241605329892e-03
-7.874435178930161428e-03
-7.894302441441403140e-03
-7.914174788852923470e-03
-7.934059422061601197e-03
-7.953987711696086649e-03
-7.973977710346580317e-03
-7.994063165584486264e-03
-8.014213957907245778e-03
-8.034388698063832379e-03
-8.054606544327547191e-03
-8.074885359132477625e-03
-8.095268136716460283e-03
-8.115780167272879098e-03
-8.136412672885229291e-03
-8.157249721929549224e-03
-8.178349916496352456e-03
-8.199623915019049747e-03
-8.220750820258859726e-03
-8.241571062868935371e-03
-8.262212307662775146e-03
-8.282769379104104601e-03
-8.303311989979689223e-03
-8.323904968203565957e-03
-8.344498300576264072e-03
-8.365151252235358825e-03
-8.385909846064243389e-03
-8.407151644131527490e-03
-8.428279198115729010e-03
-8.449770903201536676e-03
-8.471805212958427589e-03
-8.493063659321786751e-03
-8.514150127876818352e-03
-8.535231301790902059e-03
-8.556256973490938833e-03
-8.577303375015721265e-03
-8.598406992504026292e-03
-8.619609263924910003e-03
-8.640995721319266742e-03
-8.662511758763202785e-03
-8.684277079492375151e-03
-8.706343205420075115e-03
-8.728631946734455305e-03
-8.750994942386847164e-03
-8.773222457644225258e-03
-8.795437618786983158e-03
-8.817747658323660254e-03
-8.840321969636022459e-03
-8.863721242767130803e-03
-8.886578581251303177e-03
-8.909032566358665584e-03
-8.931352331538300326e-03
-8.953675121465720643e-03
-8.976136468058837359e-03
-8.998714254917383748e-03
-9.021585363219730702e-03
-9.044269168614116339e-03
-9.066874555328952034e-03
-9.089527705633537735e-03
-9.112158515408808057e-03
-9.134936904292567661e-03
-9.158076718340124600e-03
-9.181466929780945918e-03
-9.204460542164616399e-03
-9.227234288596286582e-03
-9.249936556888549433e-03
-9.272562101399484114e-03
-9.295142619892615699e-03
-9.317736655546915436e-03
-9.340236966967174759e-03
-9.362733829707869937e-03
-9.385251483200685030e-03
-9.407820147142254008e-03
-9.430489351785809049e-03
-9.453135025061176755e-03
-9.475835232500617877e-03
-9.498611913156040920e-03
-9.521493980919393252e-03
-9.544542582088144655e-03
-9.567636358613684777e-03
-9.590852340624733685e-03
-9.614222746030631761e-03
-9.637792034726366808e-03
-9.661650397746468499e-03
-9.685696413096689383e-03
-9.709973057806076113e-03
-9.734392488959575651e-03
-9.758836346038801679e-03
-9.783310406746403842e-03
-9.807719737652043079e-03
-9.832158707399729636e-03
-9.856705992729697385e-03
-9.881456814488820406e-03
-9.906472501755025917e-03
-9.931399779791738602e-03
-9.956256966479504200e-03
-9.981177340510294371e-03
-1.000629490485238637e-02
-1.003171218606280224e-02
-1.005750613531708471e-02
-1.008363730352479504e-02
-1.010963453882363083e-02
-1.013524383083519442e-02
-1.016040521373973160e-02
-1.018538082677200585e-02
-1.021033637187407361e-02
-1.023545543851445139e-02
-1.026103440256775912e-02
-1.028684349841368917e-02
-1.031216987488481340e-02
-1.033725340918367763e-02
-1.036227716340998306e-02
-1.038724158164605615e-02
-1.041224358250247839e-02
-1.043733334982932526e-02
-1.046255518963912223e-02
-1.048803852561064343e-02
-1.051356630280519955e-02
-1.053932451461536690e-02
-1.056537468987317485e-02
-1.059180254119673759e-02
-1.061868816375777236e-02
-1.064609875520516891e-02
-1.067427349351524057e-02
-1.070353314984884285e-02
-1.073463988341771813e-02
-1.076884695734614539e-02
-1.080060786022618569e-02
-1.082876681162192600e-02
-1.085549902398907918e-02
-1.088156904197734587e-02
-1.090705351587417660e-02
-1.093225107093109827e-02
-1.095737117113826375e-02
-1.098266481499166058e-02
-1.100850822320287303e-02
-1.103450328756738763e-02
-1.106044094394031951e-02
-1.108590280063681544e-02
-1.111094325013495254e-02
-1.113581834076582400e-02
-1.116050571931781477e-02
-1.118507567420956583e-02
-1.120955866634354425e-02
-1.123401372512988772e-02
-1.125846062376434364e-02
-1.128283489468973055e-02
-1.130692158222468269e-02
-1.133081301184291068e-02
-1.135469534734956376e-02
-1.137839637755999611e-02
-1.140202504598897271e-02
-1.142556558841678616e-02
-1.144896899969771731e-02
-1.147226442311577443e-02
-1.149542571186212836e-02
-1.151850806524290505e-02
-1.154155655085564725e-02
-1.156465201823964062e-02
-1.158783526061846203e-02
-1.161116523210070639e-02
-1.163589865412895108e-02
-1.165921681975357060e-02
-1.168233537534280053e-02
-1.170522727323086709e-02
-1.172804367317104024e-02
-1.175080658234373132e-02
-1.177353511063550240e-02
-1.179619666380915532e-02
-1.181877684518395366e-02
-1.184131031871260564e-02
-1.186381063486074972e-02
-1.188631914195459327e-02
-1.190874345926062894e-02
-1.193114029994835068e-02
-1.195353941938548381e-02
-1.197596799141642521e-02
-1.199855703494134840e-02
-1.202105114723184265e-02
-1.204361073424498052e-02
-1.206626849626868392e-02
-1.208905555313122271e-02
-1.211201859927746316e-02
-1.213499853709187892e-02
-1.215806363340110607e-02
-1.218122312898473059e-02
-1.220452056773235761e-02
-1.222790981080723594e-02
-1.225120960329428854e-02
-1.227439068627855789e-02
-1.229753154713675301e-02
-1.232099123203167501e-02
-1.234389483987063940e-02
-1.236667769199017997e-02
-1.238939792747761892e-02
-1.241208810229210702e-02
-1.243489714293832815e-02
-1.245757916918610597e-02
-1.248025793552320906e-02
-1.250296919576787680e-02
-1.252575282823964464e-02
-1.254867107481616451e-02
-1.257165083982580978e-02
-1.259473178940562210e-02
-1.261793100687313984e-02
-1.264128508817807806e-02
-1.266477424782308514e-02
-1.268839008885169761e-02
-1.271215697781136189e-02
-1.273610934845181841e-02
-1.276041178591824643e-02
-1.278497364065378505e-02
-1.280959773964940318e-02
-1.283416137094406384e-02
-1.285883221883532546e-02
-1.288381299583130080e-02
-1.290845910272520047e-02
-1.293289603020020273e-02
-1.295722243640162752e-02
-1.298149347745469750e-02
-1.300566435092431750e-02
-1.302977874611987996e-02
-1.305386490018722867e-02
-1.307794157342800911e-02
-1.310210223804852969e-02
-1.312612541061686233e-02
-1.315011926024389766e-02
-1.317408747029003013e-02
-1.319804134319635391e-02
-1.322199743176910580e-02
-1.324586695535623360e-02
-1.326972268767490082e-02
-1.329358550128012517e-02
-1.331748925112985482e-02
-1.334138394947881334e-02
-1.336525989575321205e-02
-1.338914284505587915e-02
-1.341306908559780631e-02
-1.343717074114325616e-02
-1.346138559727827477e-02
-1.348589644703768187e-02
-1.351046397277544386e-02
-1.353487899438121644e-02
-1.355933585024948762e-02
-1.358367902364898683e-02
-1.360805321699154469e-02
-1.363248989122844979e-02
-1.365702341524688279e-02
-1.368165821114986080e-02
-1.370634993977382088e-02
-1.373112248201058261e-02
-1.375593880742109754e-02
-1.378078113597314136e-02
-1.380553606884871165e-02
-1.383019761515180690e-02
-1.385477642348986738e-02
-1.387929005469246135e-02
-1.390388210088500109e-02
-1.392831732773003317e-02
-1.395274127648093998e-02
-1.397719348512871385e-02
-1.400171047867382335e-02
-1.402632408114390383e-02
-1.405095435545533622e-02
-1.407561764984099906e-02
-1.410030120293304101e-02
-1.412502175590357734e-02
-1.414974862179207982e-02
-1.417449747130195004e-02
-1.419931441179445031e-02
-1.422424533213273445e-02
-1.424941735214679817e-02
-1.427466829868972997e-02
-1.429987504846053081e-02
-1.432507907417146509e-02
-1.435000134360708834e-02
-1.437491371260202211e-02
-1.439978448903567188e-02
-1.442474533233129019e-02
-1.444985471972526359e-02
-1.447515998733606146e-02
-1.450059478778442656e-02
-1.452596036496311971e-02
-1.455111485824511774e-02
-1.457601130022601055e-02
-1.460069820293574683e-02
-1.462509331764472176e-02
-1.464928088366301839e-02
-1.467332749958083493e-02
-1.469730146115577618e-02
-1.472141170245011565e-02
-1.474543111004622542e-02
-1.476948519261689352e-02
-1.479343916470154952e-02
-1.481731539094544026e-02
-1.484117144505014974e-02
-1.486496270193360392e-02
-1.488877548099509784e-02
-1.491265503520977642e-02
-1.493666031476592604e-02
-1.496076537635249171e-02
-1.498494333402022871e-02
-1.500919716483917199e-02
-1.503351894046101034e-02
-1.505798102735267374e-02
-1.508240926038806329e-02
-1.510686737879618491e-02
-1.513138421199566874e-02
-1.515599602993422668e-02
-1.518082087177252681e-02
-1.520570915311592053e-02
-1.523078350954465421e-02
-1.525610661871967810e-02
-1.528190123337958006e-02
-1.530788325731713417e-02
-1.533408843485406514e-02
-1.536065011720588735e-02
-1.538764076511656143e-02
-1.541515633051437906e-02
-1.544317893986435486e-02
-1.547168677767807310e-02
-1.550058232005502301e-02
-1.552977823025902815e-02
-1.555937430902687435e-02
-1.558915687134010408e-02
-1.561925663524021957e-02
-1.564964650120714840e-02
-1.568019430387734836e-02
-1.571076386185688012e-02
-1.574129370508725589e-02
-1.577184060856062775e-02
-1.580219207006439142e-02
-1.583249487985105564e-02
-1.586269385205962834e-02
-1.589280150228356003e-02
-1.592281560764108317e-02
-1.595273371977123933e-02
-1.598265820226474343e-02
-1.601236915350323642e-02
-1.604202600815929358e-02
-1.607171016794350926e-02
-1.610153794026314422e-02
-1.613151019966341249e-02
-1.616106511376669275e-02
-1.619005712867116475e-02
-1.621866510437719455e-02
-1.624705992044339631e-02
-1.627528061560767902e-02
-1.630337431301154272e-02
-1.633141848465369250e-02
-1.635948387872865339e-02
-1.638774543265109074e-02
-1.641625732457319131e-02
-1.644568492552744843e-02
-1.647454157376171402e-02
-1.650297432188041480e-02
-1.653150250483148564e-02
-1.656004279178380223e-02
-1.658889343995784138e-02
-1.661834939168527203e-02
-1.664873303628444656e-02
-1.667926964350163743e-02
-1.670883128869082856e-02
-1.673738219650500181e-02
-1.676547864264255061e-02
-1.679333927428527939e-02
-1.682115712691401033e-02
-1.684909776506160473e-02
-1.687691163866145150e-02
-1.690467859664912531e-02
-1.693257408159432043e-02
-1.696018218551498258e-02
-1.698737461292498807e-02
-1.701409682191024064e-02
-1.704042997184451735e-02
-1.706649221893907775e-02
-1.709228960427411348e-02
-1.711791277330820815e-02
-1.714342224457432451e-02
-1.716888320406573243e-02
-1.719430400000721004e-02
-1.721972239267866023e-02
-1.724510987063443412e-02
-1.727044050561832300e-02
-1.729584075158452361e-02
-1.732116287050000647e-02
-1.734644973986276817e-02
-1.737163101956284983e-02
-1.739674374905109122e-02
-1.742185557888864533e-02
-1.744695591212908070e-02
-1.747232742143967066e-02
-1.749769011418189635e-02
-1.752270295368696384e-02
-1.754770814639683429e-02
-1.757252875139070358e-02
-1.759735934614936603e-02
-1.762226650195575228e-02
-1.764741056368723804e-02
-1.767255362758590742e-02
-1.769775157930686404e-02
-1.772312346497506574e-02
-1.774875560005551023e-02
-1.777480684274546086e-02
-1.780079705719539440e-02
-1.782685074940881798e-02
-1.785299176064680804e-02
-1.787908234515667161e-02
-1.790491610824196389e-02
-1.793034169796126065e-02
-1.795546473739217941e-02
-1.798035597730363033e-02
-1.800508877894457793e-02
-1.802969096918827230e-02
-1.805414664897009303e-02
-1.807850012645118021e-02
-1.810278388656216819e-02
-1.812713100257157262e-02
-1.815138302311780638e-02
-1.817564515680336612e-02
-1.819996529647449623e-02
-1.822438210041643636e-02
-1.824890450276905884e-02
-1.827337852494981263e-02
-1.829780549102577591e-02
-1.832222930623295110e-02
-1.834699730214450764e-02
-1.837134007522089885e-02
-1.839566441595774648e-02
-1.842002654337104861e-02
-1.844446783228415043e-02
-1.846904319995124055e-02
-1.849386580288414628e-02
-1.851894007349275117e-02
-1.854406971748734367e-02
-1.856918855430866877e-02
-1.859446551519827739e-02
-1.862008878741905349e-02
-1.864642544396322155e-02
-1.867372606912731658e-02
-1.870346247343512847e-02
-1.873283774942346991e-02
-1.876040964622149865e-02
-1.878715382946083423e-02
-1.881352105206701708e-02
-1.883979657501289040e-02
-1.886591979063911850e-02
-1.889184565169710339e-02
-1.891762978287236940e-02
-1.894329427452179360e-02
-1.896889431753900901e-02
-1.899445695298263015e-02
-1.901994842560561505e-02
-1.904539550381512125e-02
-1.907081030879032024e-02
-1.909621273361827853e-02
-1.912164451612097249e-02
-1.914714639389669681e-02
-1.917271305561063510e-02
-1.919840717080367742e-02
-1.922429240086243052e-02
-1.925045920680612532e-02
-1.927706216585178822e-02
-1.930435762447002546e-02
-1.933270550317511827e-02
-1.936194063749396843e-02
-1.939044480804608117e-02
-1.941843114601582432e-02
-1.944633680421326005e-02
-1.947435300969957428e-02
-1.950264273816448846e-02
-1.953137675024629871e-02
-1.956072205789149976e-02
-1.959087126867198325e-02
-1.962205813633588480e-02
-1.965443898290519797e-02
-1.968805974808873760e-02
-1.972260351226962083e-02
-1.975724516389021357e-02
-1.979118950457792181e-02
-1.982417103693734362e-02
-1.985630780399882944e-02
-1.988768668006335449e-02
-1.991847631566989740e-02
-1.994864664455175962e-02
-1.997822947848759689e-02
-2.000728465130185985e-02
-2.003626506373368255e-02
-2.006481824193906416e-02
-2.009329562815631576e-02
-2.012169154619214417e-02
-2.014986739554691653e-02
-2.017782697576675499e-02
-2.020572442162982263e-02
-2.023352418417301291e-02
-2.026131931123476004e-02
-2.028920763116837112e-02
-2.031737887848972246e-02
-2.034589792555141496e-02
-2.037422738730754190e-02
-2.040254381421169327e-02
-2.043102041560984627e-02
-2.045966634423368458e-02
-2.048828227818344505e-02
-2.051683170798723754e-02
-2.054539452147319256e-02
-2.057402658970275411e-02
-2.060276232829028054e-02
-2.063162601222257031e-02
-2.066063545369389853e-02
-2.068980988795288134e-02
-2.071915142017921596e-02
-2.074867927333035045e-02
-2.077841401896773910e-02
-2.080837985819283809e-02
-2.083860140990811960e-02
-2.086909799822744827e-02
-2.089989189517038604e-02
-2.093100603797937165e-02
-2.096246302923332472e-02
-2.099428556061566642e-02
-2.102648138818319357e-02
-2.105896330092027480e-02
-2.109148586426679017e-02
-2.112395322019811061e-02
-2.115643667608868572e-02
-2.118902581205395208e-02
-2.122181687270241479e-02
-2.125514106004267045e-02
-2.129180581883105550e-02
-2.132456508072044787e-02
-2.135663975224733058e-02
-2.138826369369917213e-02
-2.141952187621554149e-02
-2.145049848033908635e-02
-2.148128530294135530e-02
-2.151192654528166770e-02
-2.154246827290096089e-02
-2.157289876298840170e-02
-2.160334501282312747e-02
-2.163373109427935148e-02
-2.166393827539891959e-02
-2.169401928158487536e-02
-2.172409505846051303e-02
-2.175428495180520283e-02
-2.178471321676511696e-02
-2.181552468627012686e-02
-2.184674186487167713e-02
-2.187825559575862222e-02
-2.191011316201918468e-02
-2.194247978807128963e-02
-2.197560609704074519e-02
-2.200990814885384061e-02
-2.204582053998849211e-02
-2.208346418447060255e-02
-2.212459705577174418e-02
-2.217941246995980276e-02
-2.223242985357976043e-02
-2.227216103655749180e-02
-2.230848529004125780e-02
-2.234349896416787384e-02
-2.237734259913937152e-02
-2.240995586056027111e-02
-2.244176735884917395e-02
-2.247304939005145830e-02
-2.250396977088109374e-02
-2.253464950247341392e-02
-2.256518235196636191e-02
-2.259564187832374671e-02
-2.262612482664039248e-02
-2.265665620813506198e-02
-2.268671393540677705e-02
-2.271633455573318638e-02
-2.274571440050332516e-02
-2.277497439821096759e-02
-2.280421180842095996e-02
-2.283353187738645929e-02
-2.286319749746346108e-02
-2.289283742422387746e-02
-2.292163989053996875e-02
-2.295003129087269667e-02
-2.297812033782586916e-02
-2.300598301003975443e-02
-2.303375949474928408e-02
-2.306130972269238022e-02
-2.308886155152134467e-02
-2.311620341343889606e-02
-2.314340223147437481e-02
-2.317058754752732153e-02
-2.319746008490519706e-02
-2.322421026860266302e-02
-2.325092915670845528e-02
-2.327766786071738814e-02
-2.330448966259957011e-02
-2.333149666030009950e-02
-2.335890160468634402e-02
-2.338683262104668259e-02
-2.341457641729738359e-02
-2.344226353519507366e-02
-2.347000044111913208e-02
-2.349779970517951178e-02
-2.352537417591360480e-02
-2.355271809174463993e-02
-2.357982344942055608e-02
-2.360670554196042659e-02
-2.363341020689890826e-02
-2.365999701204857253e-02
-2.368652593493203451e-02
-2.371301668070735502e-02
-2.373945571868973925e-02
-2.376590605490636054e-02
-2.379239413720435348e-02
-2.381883812854090898e-02
-2.384527142658765531e-02
-2.387175272426733663e-02
-2.389835114846139419e-02
-2.392516807250610889e-02
-2.395175558022877293e-02
-2.397847418569232225e-02
-2.400548536048163761e-02
-2.403329026567047055e-02
-2.406091563191981031e-02
-2.408835925400931721e-02
-2.411592809926144110e-02
-2.414393133517145351e-02
-2.417211823264897586e-02
-2.420028992132705614e-02
-2.422860046011898749e-02
-2.425716442618808255e-02
-2.428609319713193049e-02
-2.431549987396552925e-02
-2.434551865535938830e-02
-2.437621440090487202e-02
-2.440755457524912408e-02
-2.443940518140652607e-02
-2.447148343882132870e-02
-2.450346131541203398e-02
-2.453512276047631335e-02
-2.456641459994735044e-02
-2.459742974024492490e-02
-2.462823115950363295e-02
-2.465902856805546328e-02
-2.469003591998442104e-02
-2.472074242653699017e-02
-2.475122612554303547e-02
-2.478170941185853238e-02
-2.481235539503434673e-02
-2.484334468560200904e-02
-2.487493309042732026e-02
-2.490755274778411188e-02
-2.494208654997109864e-02
-2.498076953048933291e-02
-2.502796411397967269e-02
-2.506976465034238544e-02
-2.510526866016615788e-02
-2.513802809109177971e-02
-2.516936480558606970e-02
-2.519988416281315757e-02
-2.522994430366920504e-02
-2.525975185486051267e-02
-2.528932565230046503e-02
-2.531879772956013852e-02
-2.534782852777439643e-02
-2.537663359943109764e-02
-2.540557412239319302e-02
-2.543509219790385245e-02
-2.546406878187623679e-02
-2.549241132462309878e-02
-2.552045667027669218e-02
-2.554820580788719209e-02
-2.557539778339701364e-02
-2.560230992123668781e-02
-2.562903010118022795e-02
-2.565566012266795592e-02
-2.568215020182740282e-02
-2.570845200024585164e-02
-2.573451428567330446e-02
-2.576036624835109645e-02
-2.578604410683360548e-02
-2.581157835135605705e-02
-2.583699442671683055e-02
-2.586230992098526027e-02
-2.588754618381128303e-02
-2.591271578285592181e-02
-2.593783160472096228e-02
-2.596290569781134483e-02
-2.598795084536120736e-02
-2.601298106518301623e-02
-2.603801133997862838e-02
-2.606305494815130963e-02
-2.608811925609955118e-02
-2.611321015208034613e-02
-2.613834096662548401e-02
-2.616353304184759754e-02
-2.618881958472718541e-02
-2.621428561484739905e-02
-2.623961902070981456e-02
-2.626497579370945523e-02
-2.629041138623033902e-02
-2.631594812702786612e-02
-2.634160458361634038e-02
-2.636739889254113844e-02
-2.639334681170890651e-02
-2.641946697759001150e-02
-2.644577882712739747e-02
-2.647232512388086878e-02
-2.649914522790641769e-02
-2.652591443560192719e-02
-2.655262423201243394e-02
-2.657937780835362140e-02
-2.660624818603896102e-02
-2.663330899751648051e-02
-2.666063854835687419e-02
-2.668832715617308615e-02
-2.671648993809594419e-02
-2.674528639901885274e-02
-2.677498305789527411e-02
-2.680613193676828487e-02
-2.684398333840876116e-02
-2.688021402562446038e-02
-2.692611723634730225e-02
-2.698923903192196327e-02
-2.702950405941739742e-02
-2.706483289083394528e-02
-2.709802383378112633e-02
-2.713005935372492239e-02
-2.716141810439409721e-02
-2.719236732344521013e-02
-2.722310680830786200e-02
-2.725400990179294158e-02
-2.728492140030891466e-02
-2.731560323670367829e-02
-2.734760781698097887e-02
-2.737779535477558035e-02
-2.740741274282543216e-02
-2.743674288637787395e-02
-2.746587143404954912e-02
-2.749484493532661222e-02
-2.752369448498581672e-02
-2.755245156971564136e-02
-2.758115805417227229e-02
-2.760999031517796798e-02
-2.763860793997974241e-02
-2.766702102990459267e-02
-2.769533809208835073e-02
-2.772358891790249746e-02
-2.775178955965429406e-02
-2.777995168631863798e-02
-2.780808212870167218e-02
-2.783619034747542020e-02
-2.786428155138853668e-02
-2.789236187234744868e-02
-2.792043732824511793e-02
-2.794851323104141638e-02
-2.797659432579757688e-02
-2.800468642090692128e-02
-2.803280058395651864e-02
-2.806096640888411375e-02
-2.808934735736645649e-02
-2.811763451173587836e-02
-2.814578181547666702e-02
-2.817391291474768966e-02
-2.820205862245750428e-02
-2.823023948881164813e-02
-2.825847656741042879e-02
-2.828679561854308133e-02
-2.831523155854109852e-02
-2.834383863794653902e-02
-2.837271896505566549e-02
-2.840214762718118457e-02
-2.843155022190180237e-02
-2.846095962106698352e-02
-2.849060364520661359e-02
-2.852064878478954846e-02
-2.855132380250902102e-02
-2.858319424195421288e-02
-2.862097331002044776e-02
-2.865514495727028432e-02
-2.868805325449463872e-02
-2.872108831215425262e-02
-2.875473826057473037e-02
-2.878951281457242661e-02
-2.882625078042844180e-02
-2.886724814704511033e-02
-2.892980915166332156e-02
-2.897816546499809576e-02
-2.901683583470537897e-02
-2.905281751632771137e-02
-2.908749654636066939e-02
-2.912133071872002876e-02
-2.915454461375166506e-02
-2.918756152646617696e-02
-2.921944366240758484e-02
-2.925060280153812808e-02
-2.928123211236632883e-02
-2.931144143507513622e-02
-2.934132062667527130e-02
-2.937117616837736644e-02
-2.940060118963472302e-02
-2.942984760747391348e-02
-2.945896700843331217e-02
-2.948800468877221803e-02
-2.951703948961459378e-02
-2.954617127934400234e-02
-2.957505527702819492e-02
-2.960391834017306323e-02
-2.963286940942155834e-02
-2.966195794332693314e-02
-2.969120975126593454e-02
-2.972139711658339234e-02
-2.975108673021875649e-02
-2.978049129708026932e-02
-2.980945528247325171e-02
-2.983829790861336484e-02
-2.986715727570699030e-02
-2.989614670667450902e-02
-2.992553037320089260e-02
-2.995662204945870322e-02
-2.998612646025966555e-02
-3.001556892965695500e-02
-3.004511974290724474e-02
-3.007486683460236510e-02
-3.010485990457267835e-02
-3.013507553478311785e-02
-3.016543224477086227e-02
-3.019587448337457403e-02
-3.022642551469711947e-02
-3.025714858957395670e-02
-3.028809216066841170e-02
-3.031922607104220457e-02
-3.035044084195048786e-02
-3.038166427646937784e-02
-3.041290433392629389e-02
-3.044421341096692490e-02
-3.047566001318846585e-02
-3.050706917029422094e-02
-3.053841781541155598e-02
-3.056972973903560042e-02
-3.060102279886700583e-02
-3.063231535558275098e-02
-3.066362635709873885e-02
-3.069497805796450596e-02
-3.072639954054434686e-02
-3.075793359310596831e-02
-3.078965419362844624e-02
-3.082172635771140978e-02
-3.085469057156753347e-02
-3.088777865197556149e-02
-3.092031710456766280e-02
-3.095305220148136804e-02
-3.098586639102540730e-02
-3.101928769300688060e-02
-3.105417467267579390e-02
-3.109208578439826010e-02
-3.112869863544998061e-02
-3.116361584600080281e-02
-3.119834619308414769e-02
-3.123365531717070542e-02
-3.126979845700206262e-02
-3.130705761735463888e-02
-3.134654425329019833e-02
-3.139119842912563296e-02
-3.145105842568574062e-02
-3.151195228023362382e-02
-3.155955970550605727e-02
-3.160212719762822697e-02
-3.164251535690021377e-02
-3.168200865454418036e-02
-3.172100694123858311e-02
-3.175933467180502845e-02
-3.179682507874426189e-02
-3.183355261233733469e-02
-3.186978677828344875e-02
-3.190576843520964712e-02
-3.194160092872522227e-02
-3.197730620247007938e-02
-3.201285869613657020e-02
-3.204830116547119356e-02
-3.208411555059387243e-02
-3.212041089872741395e-02
-3.215589460796797194e-02
-3.219013135417991833e-02
-3.222340743508200767e-02
-3.225598733652579320e-02
-3.228805683083246780e-02
-3.231974706558027322e-02
-3.235116209902311191e-02
-3.238239331983550073e-02
-3.241351911827394794e-02
-3.244458849359144192e-02
-3.247556257442485439e-02
-3.250639502982344275e-02
-3.253710413712951333e-02
-3.256773124095002636e-02
-3.259832479325985855e-02
-3.262892815041174011e-02
-3.265955225461492084e-02
-3.269024198821346427e-02
-3.272104329779490506e-02
-3.275200267705025148e-02
-3.278317289341481366e-02
-3.281460973176053564e-02
-3.284638635076919666e-02
-3.287858753231664988e-02
-3.291132970681220904e-02
-3.294475001208496678e-02
-3.297904896878744996e-02
-3.301439147993845413e-02
-3.305071321504138293e-02
-3.308797744133862295e-02
-3.312625491917453591e-02
-3.316533079311967391e-02
-3.320475092151897734e-02
-3.324448444998306940e-02
-3.328588140417643171e-02
-3.332887610185775173e-02
-3.336811360060687459e-02
-3.340731308839739455e-02
-3.344670964273654956e-02
-3.348627896224087852e-02
-3.352584475718867196e-02
-3.356531644539928472e-02
-3.360404947042139323e-02
-3.364163126879649024e-02
-3.367811525543518147e-02
-3.371361193968835934e-02
-3.374835135361142768e-02
-3.378280273806300027e-02
-3.381662333277490884e-02
-3.384972795232943366e-02
-3.388212288543224204e-02
-3.391395555463494471e-02
-3.394534194649523329e-02
-3.397639301611743434e-02
-3.400719354342818246e-02
-3.403780533913447481e-02
-3.406828037346365523e-02
-3.409866337514144696e-02
-3.412899337530672650e-02
-3.415930341269501902e-02
-3.418961977659562557e-02
-3.421996184885622849e-02
-3.425034683904537580e-02
-3.428079841660891525e-02
-3.431136619551855560e-02
-3.434250354232049052e-02
-3.437322242349294399e-02
-3.440401913908597287e-02
-3.443495168043875232e-02
-3.446600771631669335e-02
-3.449721381217263350e-02
-3.452863428508745613e-02
-3.456034956694575833e-02
-3.459245645691877424e-02
-3.462505331775778128e-02
-3.465822823084152571e-02
-3.469222950708994446e-02
-3.472731289908315144e-02
-3.476332267819182142e-02
-3.479980813358896086e-02
-3.483682158640999393e-02
-3.487498756196572014e-02
-3.491405145669501664e-02
-3.495519623789677954e-02
-3.499920900234221310e-02
-3.504586403995224586e-02
-3.509281333205993558e-02
-3.513742250081208773e-02
-3.517906436894424616e-02
-3.521825332328232250e-02
-3.525563590652613932e-02
-3.529177132835492614e-02
-3.532694268189562337e-02
-3.536133236833305382e-02
-3.539519632496990198e-02
-3.542844017421564740e-02
-3.546102007524698507e-02
-3.549313789254227025e-02
-3.552493463798278572e-02
-3.555656259533024333e-02
-3.558816977437018192e-02
-3.561995352572921991e-02
-3.565224079738515961e-02
-3.568571943350784537e-02
-3.572252230658523597e-02
-3.578437542238555036e-02
-3.582558524255652355e-02
-3.586074201060218680e-02
-3.589382398779661365e-02
-3.592585524631997096e-02
-3.595726177003866209e-02
-3.598828520812402676e-02
-3.601911108228939007e-02
-3.604995449605785662e-02
-3.608183830145572646e-02
-3.611310463483752287e-02
-3.614386520360435284e-02
-3.617457192915285447e-02
-3.620540307648489886e-02
-3.623654065791159784e-02
-3.626830121971114096e-02
-3.630165402222951254e-02
-3.636195107798256831e-02
-3.639607727200555587e-02
-3.642871260276869805e-02
-3.646095800587356717e-02
-3.649313323840264189e-02
-3.652534804719609340e-02
-3.655770336883334970e-02
-3.659029818282477642e-02
-3.662325946083133665e-02
-3.665689982709208206e-02
-3.669146208144824506e-02
-3.672557332883263914e-02
-3.676016079960553462e-02
-3.679546751430107232e-02
-3.683174379361231487e-02
-3.686936252490713439e-02
-3.690894955691192969e-02
-3.695186273477790717e-02
-3.700304322850767047e-02
-3.705907965466803677e-02
-3.710010025097509878e-02
-3.713962584203855943e-02
-3.717959329898290477e-02
-3.722072412870958136e-02
-3.726267788713921725e-02
-3.730516995071231356e-02
-3.734806820618397083e-02
-3.739123030267432757e-02
-3.743460850065405410e-02
-3.747811229746278450e-02
-3.752172850608503918e-02
-3.756574076357632741e-02
-3.761021470642944564e-02
-3.765488387775117740e-02
-3.769943239570361371e-02
-3.774360127490306027e-02
-3.778773098978183143e-02
-3.783319935038031989e-02
-3.789098317998285115e-02
-3.794712695121982282e-02
-3.799307929606576817e-02
-3.803545071183345172e-02
-3.807568179483622473e-02
-3.811439504147451363e-02
-3.815200969789755980e-02
-3.818890822925680162e-02
-3.822552523318334394e-02
-3.826262986495021501e-02
-3.830244693752493657e-02
-3.838465277030034262e-02
-3.843084846139865896e-02
-3.847050367137594407e-02
-3.850764910031145849e-02
-3.854408713898649363e-02
-3.857975619676035084e-02
-3.861442698333517054e-02
-3.864865637145020738e-02
-3.868305427500673410e-02
-3.871863086793714270e-02
-3.875931273419619405e-02
-3.881845474181633282e-02
-3.885662004100176592e-02
-3.889154065148781036e-02
-3.892512611039722348e-02
-3.895805687972453413e-02
-3.899073014804732562e-02
-3.902346437064363460e-02
-3.905662802507681164e-02
-3.909079430371387165e-02
-3.912713786412713723e-02
-3.917126313618735090e-02
-3.922464299016670264e-02
-3.926213769596997860e-02
-3.929683518119519992e-02
-3.933055418071662590e-02
-3.936410712417781621e-02
-3.939881579078619023e-02
-3.943361236820674964e-02
-3.946991042400826988e-02
-3.951173935022755934e-02
-3.957839205381497028e-02
-3.961692289965790259e-02
-3.965222504474386067e-02
-3.968732623974491336e-02
-3.972433956930410126e-02
-3.975904252490203294e-02
-3.979337468628230123e-02
-3.982893221778893711e-02
-3.986800103417353913e-02
-3.993442779311995317e-02
-3.997425127916265364e-02
-4.000964663459871673e-02
-4.004296857981126667e-02
-4.007600961581747612e-02
-4.010951883173929922e-02
-4.014422915625048827e-02
-4.018145335461387191e-02
-4.022408556670675761e-02
-4.031956769850775224e-02
-4.035910877446380329e-02
-4.039463646079177739e-02
-4.042911471779031540e-02
-4.046321448606604587e-02
-4.049729462273643499e-02
-4.053189511025545588e-02
-4.056799541556421751e-02
-4.060813008266506152e-02
-4.068794029529210210e-02
-4.072770613197618239e-02
-4.076379682646114055e-02
-4.079672004220025183e-02
-4.082891124364651514e-02
-4.086105673503348523e-02
-4.089373309492294606e-02
-4.092777878022246796e-02
-4.096531799663549744e-02
-4.102361745900384715e-02
-4.106872176367015737e-02
-4.110417815690425858e-02
-4.113737594965494182e-02
-4.116974114267790696e-02
-4.120195755115196867e-02
-4.123457054716894721e-02
-4.126828876016142011e-02
-4.130451419250114053e-02
-4.134920431484723213e-02
-4.140638631189541563e-02
-4.144599958231465209e-02
-4.148134597901198539e-02
-4.151520073604253458e-02
-4.154848307777803118e-02
-4.158175509306416551e-02
-4.161554821917579083e-02
-4.165067145196033049e-02
-4.168937732187338874e-02
-4.175636871829613295e-02
-4.180155373027638621e-02
-4.183993918933359701e-02
-4.187635505373843436e-02
-4.191224974119800439e-02
-4.194803785962242237e-02
-4.199194664044791914e-02
-4.202849938419706000e-02
-4.206672766566588173e-02
-4.211193805589141803e-02
-4.217630707594699491e-02
-4.222192156910686833e-02
-4.226443504389520989e-02
-4.230549260497773467e-02
-4.234651558575475150e-02
-4.238829735585514236e-02
-4.243158559713033906e-02
-4.247761678429895493e-02
-4.253088129691084962e-02
-4.261176893411922073e-02
-4.268189728726801135e-02
-4.274102367626164689e-02
-4.279719004355786449e-02
-4.285299055679991920e-02
-4.291051657603017766e-02
-4.297192336355815101e-02
-4.303998271021447497e-02
-4.311500167720339061e-02
-4.318151064360697955e-02
-4.323979120334575654e-02
-4.329400117348725097e-02
-4.335143113184292130e-02
-4.344052525341823845e-02
-4.349635392584649818e-02
-4.354676885229813443e-02
-4.359617122384940036e-02
-4.365131542736222503e-02
-4.371962314349508993e-02
-4.377095505181738400e-02
-4.381981481783514543e-02
-4.386949039187959531e-02
-4.392747737573465816e-02
-4.398852456307034142e-02
-4.403822081154107337e-02
-4.408750739955857867e-02
-4.413974455961122700e-02
-4.420408242106410590e-02
-4.426477114671734103e-02
-4.431680349565325638e-02
-4.437238904685691931e-02
-4.443839865365317721e-02
-4.455012345340414459e-02
-4.463164554588727739e-02
-4.469979381809907615e-02
-4.476063750807612873e-02
-4.481724185192825782e-02
-4.487157980728129214e-02
-4.492517693025344094e-02
-4.497982616631279740e-02
-4.503847197051036311e-02
-4.510368464623071283e-02
-4.516723667664424013e-02
-4.522592572722705651e-02
-4.528239275877377068e-02
-4.533839873128098219e-02
-4.539258020645775549e-02
-4.544698583604012132e-02
-4.550432810733562317e-02
-4.556864680816274937e-02
-4.563210560866182153e-02
-4.568871550818187632e-02
-4.574206952069725940e-02
-4.579424247864438691e-02
-4.584654485433004023e-02
-4.590027593546464058e-02
-4.595727121089931977e-02
-4.602070221342713374e-02
-4.608532018200239833e-02
-4.614188400813346025e-02
-4.619475373387471606e-02
-4.624660520337064984e-02
-4.629891494888260794e-02
-4.635292886764841302e-02
-4.641034556150092083e-02
-4.647396866689812445e-02
-4.654194831432989510e-02
-4.660072029510642366e-02
-4.665491427092471888e-02
-4.670892873025522807e-02
-4.676521061460725548e-02
-4.682638508366110397e-02
-4.689558504013402462e-02
-4.697002713686249109e-02
-4.703765794586001192e-02
-4.709538544671876270e-02
-4.714675789759237290e-02
-4.719518896320329393e-02
-4.724352451713853540e-02
-4.729537604914735294e-02
-4.735054296940299778e-02
-4.740351693509736730e-02
-4.745506273725030866e-02
-4.750675354421884933e-02
-4.756007356264502217e-02
-4.761706829653145068e-02
-4.768239447119071439e-02
-4.776756800321169116e-02
-4.782733136229389004e-02
-4.787722863127918949e-02
-4.792439783144186727e-02
-4.797078797199649802e-02
-4.801652539488310278e-02
-4.806149686677219091e-02
-4.810682211600803004e-02
-4.815366088441253023e-02
-4.820389190300555793e-02
-4.826527916924361339e-02
-4.834241701070207675e-02
-4.840488375567364443e-02
-4.846742023613326289e-02
-4.853158770334420336e-02
-4.859442968533123075e-02
-4.865857480477042696e-02
-4.873116708325009316e-02
-4.877948945532095681e-02
-4.882676199560009866e-02
-4.887849560611978728e-02
-4.901503779275562245e-02
-4.906296275937360729e-02
-4.910831997657782999e-02
-4.915630010594529420e-02
-4.927507241725803677e-02
-4.932566357046619387e-02
-4.937265281691149976e-02
-4.942119835225666780e-02
-4.948547271024872352e-02
-4.954223219613851370e-02
-4.959657854751264860e-02
-4.964689970651581241e-02
-4.970309484561230562e-02
-4.982214820410224565e-02
-4.987451178503010674e-02
-4.992707868809409533e-02
-4.998516814631459582e-02
-5.011190664714026965e-02
-5.017464937053361940e-02
-5.022932530276968954e-02
-5.028299480769526930e-02
-5.035776173728478966e-02
-5.040794994168329435e-02
-5.045629414119301437e-02
-5.050984130962443697e-02
-5.056623321185460540e-02
-5.061149824419075571e-02
-5.065735304908369763e-02
-5.071234587604556143e-02
-5.076490689459511874e-02
-5.080889961249279718e-02
-5.085373688571559470e-02
-5.090993682975508694e-02
-5.096230128640288903e-02
-5.100707292896866640e-02
-5.105278625640141676e-02
-5.111534214617785565e-02
-5.116656436719835277e-02
-5.121301329172156525e-02
-5.126170836297083699e-02
-5.133825776554001852e-02
-5.139039378053489315e-02
-5.143931624960851323e-02
-5.149234884176023819e-02
-5.166388483693107325e-02
-5.171619938059068833e-02
-5.176895436314699062e-02
-5.183146563716578559e-02
-5.190693723716444108e-02
-5.196824336604044525e-02
-5.202910044361119812e-02
-5.220786348700856561e-02
-5.226469240982789533e-02
-5.231746610549592447e-02
-5.237209819735577643e-02
-5.246185482406606759e-02
-5.251348774075559334e-02
-5.256463340026196196e-02
-5.262028546474351032e-02
-5.269969805865404311e-02
-5.274976515709139946e-02
-5.279823928558935453e-02
-5.285147718853633325e-02
-5.292953275932377188e-02
-5.298255493658421411e-02
-5.303441439387046596e-02
-5.309247990652044003e-02
-5.316148967283307325e-02
-5.322170777093226945e-02
-5.328661426460112871e-02
-5.336264033187110289e-02
-5.349843135962595309e-02
-5.356376808742990825e-02
-5.361800976026642740e-02
-5.366784144236103060e-02
-5.371655833616384434e-02
-5.376672716167862909e-02
-5.381917983691764107e-02
-5.387357503767964406e-02
-5.393002682245751078e-02
-5.398929186853373974e-02
-5.405283072806899014e-02
-5.412572697672013433e-02
-5.422859501556742678e-02
-5.429672163834176057e-02
-5.434959348485757236e-02
-5.439755760012465746e-02
-5.444315058889714898e-02
-5.448744056315635298e-02
-5.453141292686913832e-02
-5.457548610781182141e-02
-5.462043751665546232e-02
-5.466732203745849894e-02
-5.471874923637043420e-02
-5.477358403200605075e-02
-5.483677411514686906e-02
-5.491434668637462657e-02
-5.499542960680314785e-02
-5.506638660476437241e-02
-5.512960157633906011e-02
-5.518823263232330856e-02
-5.524433685812879524e-02
-5.529961771995550723e-02
-5.535516673076879002e-02
-5.541377295446059392e-02
-5.548382877043012140e-02
-5.559085909111527446e-02
-5.565870338197020928e-02
-5.571631820139233415e-02
-5.577038505276832314e-02
-5.582333044614129491e-02
-5.587684378532786766e-02
-5.593306454697166696e-02
-5.599683600804239436e-02
-5.608704485993931677e-02
-5.617107170158330831e-02
-5.623391763121532438e-02
-5.629003882766203670e-02
-5.634359185306392348e-02
-5.639685119796788992e-02
-5.645206462432006411e-02
-5.651400837905395935e-02
-5.660620692382123398e-02
-5.670079487428003606e-02
-5.677048591404143529e-02
-5.683243646255209391e-02
-5.689069720641803940e-02
-5.694756298957903695e-02
-5.700662992073002311e-02
-5.708648997600429542e-02
-5.717489507456041675e-02
-5.723930256437836928e-02
-5.729712431222244717e-02
-5.735230326042017879e-02
-5.740719998273513536e-02
-5.746522378046470259e-02
-5.754011849863549521e-02
-5.763231034111149231e-02
-5.769462086994292527e-02
-5.775056016699908756e-02
-5.780452302077576654e-02
-5.785913139448983777e-02
-5.791710865612775816e-02
-5.798961791306633806e-02
-5.809191948594560895e-02
-5.815460715982889717e-02
-5.821039952310791410e-02
-5.826404879776014845e-02
-5.831812578772344047e-02
-5.837582722491196918e-02
-5.844756518697036274e-02
-5.856236461762587275e-02
-5.862768107282556596e-02
-5.868480979428569722e-02
-5.873967490627152177e-02
-5.879484001917101299e-02
-5.885313635002398236e-02
-5.892529201823915042e-02
-5.904862472844774057e-02
-5.911277999488240287e-02
-5.916703042666648926e-02
-5.921820125874432961e-02
-5.926962900515708732e-02
-5.932535714779818559e-02
-5.940196201518854746e-02
-5.952688486079582564e-02
-5.958933612590655571e-02
-5.964191427317988570e-02
-5.969142263658289149e-02
-5.974070444154588877e-02
-5.979253677875140394e-02
-5.985349840857245862e-02
-5.997889406159528924e-02
-6.005185796878131921e-02
-6.010929965217293169e-02
-6.016236880418524002e-02
-6.021439587726340470e-02
-6.026829438349368129e-02
-6.033097283005539602e-02
-6.046178660941947669e-02
-6.053247311650278295e-02
-6.058921796132310522e-02
-6.064155861121478530e-02
-6.069291000100329736e-02
-6.074512610704874138e-02
-6.079796432303219422e-02
-6.085895464759627504e-02
-6.098298615678621193e-02
-6.105158821336575947e-02
-6.110761801544872807e-02
-6.116066355544025335e-02
-6.121230646889175286e-02
-6.126590195434722386e-02
-6.132782136864634026e-02
-6.144660942316670926e-02
-6.151387914195849405e-02
-6.156780974207576307e-02
-6.161809527259365371e-02
-6.166801316648828912e-02
-6.172046688655818958e-02
-6.178225047571661577e-02
-6.190682624318888383e-02
-6.197257687917734348e-02
-6.202520977195247198e-02
-6.207464151084995940e-02
-6.212383291687018083e-02
-6.217562901131334918e-02
-6.223750585659293399e-02
-6.236767380976737662e-02
-6.243254870738179640e-02
-6.248440420884671109e-02
-6.253272715084656763e-02
-6.258075637070203978e-02
-6.263151442302994365e-02
-6.269239532273407356e-02
-6.282455962495558932e-02
-6.288992166615747781e-02
-6.294155112541011121e-02
-6.298928935813086216e-02
-6.303645018840953185e-02
-6.308604188448563299e-02
-6.314525040212048967e-02
-6.327683878797973893e-02
-6.334375690081239796e-02
-6.339583962916028881e-02
-6.344349719574993163e-02
-6.349015131796997835e-02
-6.353872226649570631e-02
-6.359587271844635570e-02
-6.372011272041122609e-02
-6.379075609346940290e-02
-6.384471779085088006e-02
-6.389349550690071045e-02
-6.394072303050657435e-02
-6.398933162888553738e-02
-6.404563958809128543e-02
-6.416346162860520064e-02
-6.423814214096812414e-02
-6.429597996279468042e-02
-6.434887777885145432e-02
-6.440060742116948678e-02
-6.445399139469842886e-02
-6.451526446833621975e-02
-6.465671932968741764e-02
-6.472702257922480218e-02
-6.478402293412621749e-02
-6.483721893618321630e-02
-6.489004138926746101e-02
-6.494618957616360433e-02
-6.501822074959384690e-02
-6.512415983709662903e-02
-6.518411084155317781e-02
-6.523658142047050745e-02
-6.528710381747404590e-02
-6.533880697230620704e-02
-6.539690404723708106e-02
-6.549442423400086977e-02
-6.556961842267394758e-02
-6.562545588514356876e-02
-6.567676228618501977e-02
-6.572712128633217965e-02
-6.577960094978352323e-02
-6.584333345148074557e-02
-6.599077730108804385e-02
-6.605363891252280517e-02
-6.610507391808295719e-02
-6.615279516466632259e-02
-6.620004543377122630e-02
-6.625066515184752092e-02
-6.631949403908288243e-02
-6.642070330884031204e-02
-6.647913734190047386e-02
-6.652892180155600688e-02
-6.657563000064947722e-02
-6.662227430333367284e-02
-6.667354674406456017e-02
-6.675790733695219359e-02
-6.683788478841334868e-02
-6.689349980534331497e-02
-6.694227624620252559e-02
-6.698848861479844707e-02
-6.703510253312217060e-02
-6.708833440376626989e-02
-6.721474326858367654e-02
-6.728452237289817006e-02
-6.733823506017155847e-02
-6.738644294335272011e-02
-6.743258638134730365e-02
-6.747973746555646635e-02
-6.750831495763665036e-02
