5.176171349124806254e-01
5.183032738252602023e-01
5.227861943116550725e-01
5.208789815253942468e-01
5.186126690996382127e-01
5.184033066891645669e-01
5.186892044526001389e-01
5.195150704844365697e-01
5.236223001496674856e-01
5.227867538173678330e-01
5.200365696225218715e-01
5.198102944367537503e-01
5.202102366535645839e-01
5.212241581423309178e-01
5.250554189435686636e-01
5.251241500703932585e-01
5.225284281856759083e-01
5.224016194642882027e-01
5.228542762825695300e-01
5.238307162796179695e-01
5.269225836756448178e-01
5.273240960489584683e-01
5.237879374267374599e-01
5.232378257507189767e-01
5.234168027633704368e-01
5.242510385339248513e-01
5.273963000248848010e-01
5.292412566150853648e-01
5.260632488296275167e-01
5.262082853003139382e-01
5.281096488002849920e-01
5.279966263107158664e-01
5.303851533219673398e-01
5.324291679185898518e-01
5.286745850283323112e-01
5.284780685302984393e-01
5.290804382212420665e-01
5.303778000873869969e-01
5.336533936900043074e-01
5.370007415456399258e-01
5.337625628984593584e-01
5.347225565432713879e-01
5.365865278431677377e-01
5.368967306352707691e-01
5.392238356338330263e-01
5.399809950141809534e-01
5.374556771951765066e-01
5.377555124659231245e-01
5.389138863654775458e-01
5.409297239518144895e-01
5.463005253723928201e-01
5.479455023155880289e-01
5.511689224539745302e-01
5.649921709621484878e-01
5.594787002688115241e-01
5.512819352025489783e-01
5.524437730735523022e-01
5.491167969805752502e-01
5.468702658374174908e-01
5.466802776862539348e-01
5.470902649879436641e-01
5.484753000605780970e-01
5.539398903260025486e-01
5.515349338711961202e-01
5.506583459280972592e-01
5.511768695414046570e-01
5.523667727847212383e-01
5.548992018961631523e-01
5.618566819989599948e-01
5.608477468270270938e-01
5.632207857192461642e-01
5.625003654447756629e-01
5.600263227044859349e-01
5.594630527288900756e-01
5.644841248209315765e-01
5.598785961405768896e-01
5.583431681019600523e-01
5.582451984727816452e-01
5.586871564034389115e-01
5.598447639591223046e-01
5.666820101459179027e-01
5.616889871399490808e-01
5.606566471172360622e-01
5.607865096348462197e-01
5.614083229272439635e-01
5.627434665379983381e-01
5.706295377904612165e-01
5.645224066768143034e-01
5.635905347593878068e-01
5.638207865637993033e-01
5.646342395462545793e-01
5.666623470402176732e-01
5.760045696921939351e-01
5.684814419504127248e-01
5.687207567381777906e-01
5.725208447835162806e-01
5.681301298970365954e-01
5.685988609879665256e-01
5.791678999464725530e-01
5.681197572962614073e-01
5.666531889642018038e-01
5.664395217990345621e-01
5.668249669611098440e-01
5.681247055186989803e-01
5.814315899403021959e-01
5.695974073532684701e-01
5.692091168665248668e-01
5.697751431216776519e-01
5.708947152442025441e-01
5.728384767141223577e-01
5.878691728183957910e-01
5.757819619897167618e-01
5.739371721956301187e-01
5.740052899288518029e-01
5.751697854169067758e-01
5.764410706681342145e-01
5.890293341067279753e-01
5.771469597446535760e-01
5.765335561330929837e-01
5.760809470576619962e-01
5.756089051991408745e-01
5.760798207105742863e-01
5.793921683396667799e-01
5.785848531492397973e-01
5.769080426760575531e-01
5.771763341298008498e-01
5.778332852360217320e-01
5.785041281168750160e-01
5.800177399382152599e-01
5.881499454329056631e-01
5.795702489989948969e-01
5.783073321656425625e-01
5.778317861819098900e-01
5.786330506860022371e-01
5.842351110286021498e-01
5.825620599040015613e-01
5.787047103504261436e-01
5.761885940798151529e-01
5.747460632317596962e-01
5.740063707846256857e-01
5.739527520648655123e-01
5.752762681955725377e-01
5.805924436311058479e-01
5.750038762026036254e-01
5.751726137883294010e-01
5.771984878057433432e-01
5.783230324560703073e-01
5.845504086117139231e-01
5.912655228880143721e-01
5.833184829622646284e-01
5.807157950938470758e-01
5.780565208754904205e-01
5.759534775560102293e-01
5.749076800664922882e-01
5.753141120240349293e-01
5.860024395551097776e-01
5.747655444746223585e-01
5.739850273750295440e-01
5.739408333101919668e-01
5.746918988517258908e-01
5.762608988602619942e-01
5.797109236546535982e-01
5.844437008418464918e-01
5.816378133353680147e-01
5.799823280183895591e-01
5.780532031105389823e-01
5.773816793375027290e-01
5.789594862100754247e-01
5.822727779754230948e-01
5.920898909299582291e-01
5.800838414385943720e-01
5.728644400832744177e-01
5.701588287634846708e-01
5.686897594231513642e-01
5.682259312964343945e-01
5.690371228365307399e-01
5.787670348614176730e-01
5.680492863064109388e-01
5.664862764818442420e-01
5.670115228673643371e-01
5.661497941507298570e-01
5.657610284880478790e-01
5.660982342758711372e-01
5.693167649751078585e-01
5.677619844282009165e-01
5.656494705558563485e-01
5.653997968576166544e-01
5.656623594356803286e-01
5.662260508148512228e-01
5.678629932435885763e-01
5.684966822212653703e-01
5.769741174708373777e-01
5.697158020581373217e-01
5.670467501467948424e-01
5.662342800477463411e-01
5.645811005837837460e-01
5.631247296846291217e-01
5.632346421340783671e-01
5.658667962284553710e-01
5.591228047069766172e-01
5.569946233907244748e-01
5.555345337012400631e-01
5.545036017186696364e-01
5.540538016982177183e-01
5.557626281417920033e-01
5.558618347604439291e-01
5.522356938592092312e-01
5.507259491511269367e-01
5.501615241203730022e-01
5.508177384926497000e-01
5.542368934694514859e-01
5.567264927899442384e-01
5.533990327865717651e-01
5.483947717180138737e-01
5.467389077843779477e-01
5.459022254721688228e-01
5.458522507790708467e-01
5.466565969778720557e-01
5.499187123947258948e-01
5.485463150756119122e-01
5.467379372476737220e-01
5.451536824239725521e-01
5.431797485238545331e-01
5.416287846959457752e-01
5.410289101718217530e-01
5.439746115724106712e-01
5.419970383051594398e-01
5.389838654196995593e-01
5.387478809506810462e-01
5.401354948878006601e-01
5.396190645997720470e-01
5.371633167719831459e-01
5.418452412575983645e-01
5.367582888157640397e-01
5.342215420726645903e-01
5.332629208706901602e-01
5.327854139821791568e-01
5.327738214261780181e-01
5.337612943369650642e-01
5.456917005285201183e-01
5.340935930332502135e-01
5.324412155708753147e-01
5.320801888922108702e-01
5.323175759965230736e-01
5.332335723498673463e-01
5.371518613609110870e-01
5.468038570193000103e-01
5.355422576557768988e-01
5.352711232127119745e-01
5.370031222546475247e-01
5.364559005270858050e-01
5.359037137211564161e-01
5.374291775517784364e-01
5.410829623445740921e-01
5.348141926381061451e-01
5.332852248097359471e-01
5.325206867477614292e-01
5.323624750868662936e-01
5.331772236368864659e-01
5.368447274157016613e-01
5.373135751965893991e-01
5.336497981587224881e-01
5.323591598035047889e-01
5.318093498526984542e-01
5.321596943758503118e-01
5.335267755465546990e-01
5.373704492385310560e-01
5.362501475664035455e-01
5.344448939311937652e-01
5.340981012737641143e-01
5.353601528244539276e-01
5.359415515769501148e-01
5.370838140885829670e-01
5.445777235244783077e-01
5.412001097208407607e-01
5.399096954137159177e-01
5.400747396970837499e-01
5.407557103275353327e-01
5.417618232579221038e-01
5.434043368166786570e-01
5.524067885257039068e-01
5.443449828428541526e-01
5.420647038418846542e-01
5.407372837217196970e-01
5.397379792583935076e-01
5.393290358227285086e-01
5.408211268601201827e-01
5.556541228705457192e-01
5.402494660750086775e-01
5.347990590936394506e-01
5.322695792289832140e-01
5.309451554062646350e-01
5.307149162919232444e-01
5.349636296187614271e-01
5.319054505092115637e-01
5.300568816189702437e-01
5.318224826985439302e-01
5.384147050662189127e-01
5.347300931480608588e-01
5.302933649488202894e-01
5.306161161018476680e-01
5.238861191680520557e-01
5.229301442956729717e-01
5.258693263750794378e-01
5.313339739661561145e-01
5.224845958950670166e-01
5.325352408572738838e-01
5.166309411564143916e-01
5.139777154343417864e-01
5.132185351933814532e-01
5.103224716600573974e-01
5.094890617422406232e-01
5.135016774569273190e-01
5.097849867562860293e-01
5.068173690064849968e-01
5.064447988235765141e-01
5.077896347596921878e-01
5.113282918907289254e-01
5.121394672066509335e-01
5.146557590141144223e-01
5.087601719508111353e-01
5.054135219554635183e-01
5.032032365083606296e-01
5.020321485844173592e-01
5.021685600593259746e-01
5.047280748335586376e-01
4.973044875873934845e-01
4.954898205387333610e-01
4.948274591073247297e-01
4.951451344616240591e-01
4.972099264346556691e-01
5.000479293683915971e-01
4.931829055369394421e-01
4.916886449240810419e-01
4.912447348121721791e-01
4.915673144396775496e-01
4.938895263926977308e-01
4.970920781521004361e-01
4.911933487632622608e-01
4.903026685600193613e-01
4.903077158711794392e-01
4.912789432339929041e-01
4.949705607841429766e-01
5.000408421936627379e-01
4.983546158555566263e-01
5.018345716570699055e-01
4.993074845892808700e-01
4.951605516544470564e-01
4.953487457104236991e-01
4.963541910370309340e-01
4.900554845519460301e-01
4.883650061871639414e-01
4.876569425573918370e-01
4.878111742605938383e-01
4.907792109102205313e-01
4.939459719380830949e-01
4.875081621866397819e-01
4.861099756846992692e-01
4.859758909584596664e-01
4.868077105968270368e-01
4.897828518271283849e-01
4.911142478476424600e-01
4.861504687141863790e-01
4.852717142625838642e-01
4.852958074904157870e-01
4.861327869008996161e-01
4.896540134462366023e-01
4.916486779449725231e-01
4.876495747828525351e-01
4.874149721956993475e-01
4.878482991516361333e-01
4.887274369542886077e-01
4.921416036151591844e-01
4.934285744140294860e-01
4.893723955042318940e-01
4.890195914164332525e-01
4.895482901539969789e-01
4.909367192001736768e-01
4.954361350573913692e-01
4.977404186217490034e-01
4.939268861200278860e-01
4.936057645013989803e-01
4.947488170684580799e-01
4.988671711009688980e-01
5.011234630310048566e-01
4.985463145422138753e-01
4.997660136965264566e-01
5.023446769556785263e-01
5.075772903944575365e-01
5.130357083653609429e-01
5.127002396141937535e-01
5.183367986384896930e-01
5.269248705794810084e-01
5.289784666084379472e-01
5.324567719740447291e-01
5.307502097295909715e-01
5.363417141851585246e-01
5.467381409015982241e-01
5.657793521234986134e-01
6.025876895852679827e-01
6.408454797929825641e-01
6.018227226713669387e-01
5.671813269916585742e-01
5.508917919574761735e-01
5.456999444918214648e-01
5.299406753803779235e-01
5.234913149348658923e-01
5.197180402247330022e-01
5.187063196549369648e-01
5.278263439224416542e-01
5.170206464816405889e-01
5.134141489232015854e-01
5.118736170005092623e-01
5.138542630784980192e-01
5.298770809445574326e-01
5.122187687410112433e-01
5.099800589355389935e-01
5.134740363102570093e-01
5.282118420423856930e-01
5.263714372964547472e-01
5.063290939063134211e-01
5.034544507252445289e-01
5.024111507534518850e-01
5.027872459948117267e-01
5.175003026931925820e-01
5.019956361875169693e-01
5.001994430257726831e-01
4.998533711168597904e-01
5.007218519285507874e-01
5.127040527464522546e-01
5.012755668545822996e-01
4.997726651216949367e-01
4.998465488734762374e-01
5.011075050095632477e-01
5.107228670277402793e-01
5.019026846237073514e-01
4.992526824072808789e-01
4.983182317581309473e-01
4.985154580158960846e-01
5.054640098338639698e-01
4.991142593513289150e-01
4.970143829229887733e-01
4.971590771161091271e-01
4.993936104057032921e-01
5.121912332914033694e-01
5.031525382065656915e-01
4.972589672687270368e-01
4.957131705408222566e-01
4.957892259319816586e-01
5.004385051123856343e-01
4.977836457774629242e-01
4.951571571276117134e-01
4.949585578934368457e-01
4.958379000556578653e-01
5.003423430630964397e-01
4.995278246287770951e-01
4.967607190141295481e-01
4.966761787460932109e-01
4.976273656325826966e-01
5.016337325390095581e-01
5.025202310284775375e-01
5.002027825586695675e-01
5.014951426107832066e-01
5.043519335041343199e-01
5.092373080367464944e-01
5.100022784479661953e-01
5.042348046861645505e-01
5.024639993841235608e-01
5.022383208573182323e-01
5.046243524016661430e-01
5.074260662896452612e-01
5.028777802674413433e-01
5.028413167108987114e-01
5.040103712039813999e-01
5.096212837036866450e-01
5.129099181309022537e-01
5.101761178152610654e-01
5.147230147342871653e-01
5.094293013238475609e-01
5.103593937216813758e-01
5.183588531427173463e-01
5.091280766412166203e-01
5.078028517878453441e-01
5.082892858676426595e-01
5.106671261035800047e-01
5.206159755324289984e-01
5.123130039207111075e-01
5.133469531369699856e-01
5.156222727786897719e-01
5.184106402274490932e-01
5.300411195409707732e-01
5.172081177324380219e-01
5.162941150822817349e-01
5.173645759688801915e-01
5.211254279580213034e-01
5.414489001995836936e-01
5.234223162916185057e-01
5.188234054739012668e-01
5.175715389224861962e-01
5.187751520240689862e-01
5.316853542393190635e-01
5.203375498685264278e-01
5.212539250846182082e-01
5.200095198036415178e-01
5.210306955776172755e-01
5.314140449086458551e-01
5.213512281663155168e-01
5.219372781573579090e-01
5.252588230655967916e-01
5.295011426119279330e-01
5.352316030112415080e-01
5.259292802040030912e-01
5.255456562476187310e-01
5.253655108747755653e-01
5.262318310771352259e-01
5.322785267044748414e-01
5.240071241955250869e-01
5.230556582044367797e-01
5.234314069516436962e-01
5.255434861711920647e-01
5.315326595346695493e-01
5.251756386718411385e-01
5.250159496764771339e-01
5.259234724212282774e-01
5.286260807459797206e-01
5.340265219147487530e-01
5.292759293401529952e-01
5.297924544046593853e-01
5.313002151615167090e-01
5.348161293809047256e-01
5.400344319543241012e-01
5.370069439704338032e-01
5.383931255224230217e-01
5.397521197210446431e-01
5.419945505308522149e-01
5.445480959031520074e-01
5.404299253210418374e-01
5.405811044489179373e-01
5.422034389658562104e-01
5.466121628875231231e-01
5.510298004897445923e-01
5.463696394915456001e-01
5.451433090336408327e-01
5.462622264805098160e-01
5.528330738462563509e-01
5.519319007068568261e-01
5.535386175314820356e-01
5.571854274691042663e-01
5.587086773941507545e-01
5.706084420489934139e-01
5.533416887423174835e-01
5.512916971186475612e-01
5.511863503241745121e-01
5.531245509733183630e-01
5.584895845979670481e-01
5.546717402905230188e-01
5.512428671260177770e-01
5.503069654605108330e-01
5.537405699180357743e-01
5.520023030579084278e-01
5.505356042685833895e-01
5.512702922537778827e-01
5.533017692584843994e-01
5.670788733891820588e-01
5.568343599599453464e-01
5.578342103907111271e-01
5.601794975235784291e-01
5.642291188317244410e-01
5.722537609105942114e-01
5.705674251006070952e-01
5.751827175408350534e-01
5.827287192484321698e-01
5.970983625437793485e-01
6.180779214357878804e-01
6.131171141798731350e-01
5.932699758743211760e-01
5.839346154048089543e-01
5.856571539818622441e-01
5.747365349538082757e-01
5.709630931114160202e-01
5.693786351005339919e-01
5.700895988913091683e-01
5.781230805809982609e-01
5.692844046784988343e-01
5.672612335184061827e-01
5.640066489961141905e-01
5.628403924547439319e-01
5.612420243921790730e-01
5.574855890368854983e-01
5.544416119051995828e-01
5.536669584208999684e-01
5.585276398809547738e-01
5.530431415202207157e-01
5.509396883760038222e-01
5.489650948084934257e-01
5.486734283549036251e-01
5.606620166341580447e-01
5.466470798143551191e-01
5.452336862957387620e-01
5.448458968055065466e-01
5.462637492441873022e-01
5.481784285899183873e-01
5.426123333936097026e-01
5.413088341218893484e-01
5.413321309866788722e-01
5.458887362651180242e-01
5.430710039558961366e-01
5.415138323346947447e-01
5.496421063157671538e-01
5.410223851787728799e-01
5.543692581167803946e-01
5.377138043381851640e-01
5.358692807094983523e-01
5.355281105030101907e-01
5.371360630378272383e-01
5.409164351367663492e-01
5.350812440885230892e-01
5.344805192357030554e-01
5.346607499391134999e-01
5.380235400362808340e-01
5.362970310554792119e-01
5.338347078523932865e-01
5.334747444680346673e-01
5.344298000259024573e-01
5.462607030652715245e-01
5.354866874977778357e-01
5.345456287166440168e-01
5.349759467515878830e-01
5.368225949138136777e-01
5.437208721174368042e-01
5.361765888723422080e-01
5.356337881424483305e-01
5.361834791064631345e-01
5.392730571440845777e-01
5.393004422722897928e-01
5.358593077270272786e-01
5.348824522479284083e-01
5.354761587059956307e-01
5.453439846515896194e-01
5.358286589392695642e-01
5.338063362349395602e-01
5.336302885400673324e-01
5.349335339720637794e-01
5.467562911153579508e-01
5.348706391254934855e-01
5.343784267955574707e-01
5.350014120784962746e-01
5.377827984925158677e-01
5.400974469916284271e-01
5.370821076203086131e-01
5.376323858979982218e-01
5.389068881347516271e-01
5.447831584869974320e-01
5.417969825973333320e-01
5.409166757300207795e-01
5.417488381087066651e-01
5.438584845088206832e-01
5.606863073398010711e-01
5.475940354062581727e-01
5.467956790058948746e-01
5.459706646119393270e-01
5.479767844987114556e-01
5.529609814867063600e-01
5.460849023421072701e-01
5.439822095637812938e-01
5.433631348059749788e-01
5.462150356176472821e-01
5.436629252165060544e-01
5.408069420417139783e-01
5.400827553350212584e-01
5.405259810745730586e-01
5.518578400196619826e-01
5.401388137758985630e-01
5.386030288834060542e-01
5.383940924904074832e-01
5.396892687217025308e-01
5.461772391119184000e-01
5.385692285142525959e-01
5.378341378924693661e-01
5.381865379905379498e-01
5.412356269402650577e-01
5.412735526055980628e-01
5.386429237031874484e-01
5.385844479220993630e-01
5.394389850066017011e-01
5.480706221840836445e-01
5.424403110043134468e-01
5.431071984599821212e-01
5.436105273681062222e-01
5.442564296209621011e-01
5.548959006862240750e-01
5.444475873111019881e-01
5.443976352993198375e-01
5.456294430963294362e-01
5.495329732088369834e-01
5.516187487682310264e-01
5.504374294735080442e-01
5.519726535728169958e-01
5.545585528957625021e-01
5.632223879409852252e-01
5.637875742790521283e-01
5.572933469230091363e-01
5.527864048539015140e-01
5.513098671386482685e-01
5.635975989976796940e-01
5.485137111194197113e-01
5.479644585680187863e-01
5.453113234704901613e-01
5.461565346792158770e-01
5.487007767520193369e-01
5.436661389727999172e-01
5.431168712462215442e-01
5.433674818132593343e-01
5.456288030426069691e-01
5.432372793176130088e-01
5.404438458833635828e-01
5.401123671802634529e-01
5.411990054477986423e-01
5.518874599196419428e-01
5.429017993941398501e-01
5.408662259009424655e-01
5.406666400300610409e-01
5.400800622244185112e-01
5.480840227785329644e-01
5.393346667904000968e-01
5.381944171839144753e-01
5.381054898435689848e-01
5.411990128328750815e-01
5.435046673850594257e-01
5.405071143985784587e-01
5.376123851065434112e-01
5.361593826188494338e-01
5.401901032632108191e-01
5.344830745675881456e-01
5.318363392327113415e-01
5.312404849147809305e-01
5.318893660238007692e-01
5.482660707706807912e-01
5.322672370165020261e-01
5.315126200375372978e-01
5.304299789193001047e-01
5.310225913215802507e-01
5.340474894098908853e-01
5.281240753133867871e-01
5.273863642496867676e-01
5.279782331423152897e-01
5.321430538724742920e-01
5.314042688754552213e-01
5.300478969950636055e-01
5.352246846987301909e-01
5.320029303812742194e-01
5.413995386107839369e-01
5.314875793896700618e-01
5.303211779390902825e-01
5.308046655179536888e-01
5.334101595528057960e-01
5.441051801304719326e-01
5.340103470702525224e-01
5.342517301088071102e-01
5.359722913301743219e-01
5.409030544617771108e-01
5.426869791175467084e-01
5.404786170000641654e-01
5.419522154957812088e-01
5.447935284226238517e-01
5.528432350682289664e-01
5.515125378933048994e-01
5.526616701363270545e-01
5.549007801475480672e-01
5.578395374025031384e-01
5.743541128363426340e-01
5.613452420970177492e-01
5.619346271843469465e-01
5.632563829672729838e-01
5.651877138710758031e-01
5.675102490160505164e-01
5.624652165583424734e-01
5.615347689614467175e-01
5.605047133597278464e-01
5.634347625576590080e-01
5.613379689890680702e-01
5.599789633035676673e-01
5.582814751752648297e-01
5.574003354353694872e-01
5.679688003388595474e-01
5.555616371231407724e-01
5.539638258995782660e-01
5.536019148510442633e-01
5.555878385501296091e-01
5.624892663801600579e-01
5.543008152592302507e-01
5.505842966957342766e-01
5.484773274613371496e-01
5.496057389426539652e-01
5.483771296839210496e-01
5.448664418535881238e-01
5.441309743122291209e-01
5.447396505420598611e-01
5.526555014537963828e-01
5.478113814911497181e-01
5.514636544311717348e-01
5.490179945734140476e-01
5.482396064183069351e-01
5.594683019755131159e-01
5.495427419244328648e-01
5.518216460347431518e-01
5.594900141991128173e-01
5.626618998824562956e-01
5.639671890189150716e-01
5.550168184059379728e-01
5.483883988490242389e-01
5.456847186238880099e-01
5.483912431024799972e-01
5.445022892698860861e-01
5.434010066578162101e-01
5.426168230227292888e-01
5.432728501823388401e-01
5.600360253018425993e-01
5.420448977304002103e-01
5.383962014085748038e-01
5.353826484629538029e-01
5.343241511499670082e-01
5.359690343318367356e-01
5.285886600785962841e-01
5.269540134461017100e-01
5.273754935717036574e-01
5.291807107847064096e-01
5.272125086548575812e-01
5.246964329768937230e-01
5.242356486443162655e-01
5.246901001646780971e-01
5.362664199703502943e-01
5.250193295944040051e-01
5.229496372946466076e-01
5.217417435075675236e-01
5.225121049244868532e-01
5.338269866097563598e-01
5.213924408342761607e-01
5.219755388607303370e-01
5.224862047158883582e-01
5.226368541232715437e-01
5.230475578069488929e-01
5.186590202516314640e-01
5.183296157127373904e-01
5.194073457574542863e-01
5.271277254047415095e-01
5.220622872597487918e-01
5.210391433016506868e-01
5.224553514862064763e-01
5.255449235803194563e-01
5.427837355220356264e-01
5.273397177826451010e-01
5.257106194058583926e-01
5.256276563382609179e-01
5.268401542032362661e-01
5.271885420345820972e-01
5.198401354947128628e-01
5.172202432862303967e-01
5.161741522151953587e-01
5.196861925653994962e-01
5.177788096374776883e-01
5.132327727161908326e-01
5.118533162731658814e-01
5.123179679575483592e-01
5.286420844543997521e-01
5.126360396685386567e-01
5.118848977047499860e-01
5.128728823325481301e-01
5.159124444540481580e-01
5.224986612777854367e-01
5.168030893160350248e-01
5.185828521641462352e-01
5.266485288863663738e-01
5.815525689404149601e-01
5.253275213860812975e-01
5.171120987886379528e-01
5.144090064369822857e-01
5.134539062142261523e-01
5.139121089401831322e-01
5.184689466131146007e-01
5.181247059127886967e-01
5.162571274264476928e-01
5.160080090283454268e-01
5.174156753078142934e-01
5.208002046782596040e-01
5.300431498183113543e-01
5.347447463377938970e-01
5.485113810605999340e-01
5.442550698679772259e-01
5.320692291333125601e-01
5.266894453832368095e-01
5.285717022412601551e-01
5.265580917266388106e-01
5.226383855565807091e-01
5.209829019702690855e-01
5.200113410745942355e-01
5.197220249083576160e-01
5.234672172319623229e-01
5.222498873898224758e-01
5.195439160481331031e-01
5.187726314372718139e-01
5.184797266848860664e-01
5.188977071269380570e-01
5.220503177585104071e-01
5.214521381643890674e-01
5.191368285725267429e-01
5.192469062146273240e-01
5.202663385005438235e-01
5.223828946370926429e-01
5.276653142481597669e-01
5.316994938466420573e-01
5.343778898206434924e-01
5.376776008755558278e-01
5.334353933408374493e-01
5.314752082485789675e-01
5.339996166170183356e-01
5.365281997258857238e-01
5.353113888968303868e-01
5.375596067909118592e-01
5.414687975099380379e-01
5.471767925207573491e-01
5.562760681954431741e-01
5.650164335906917579e-01
5.700825033348881909e-01
5.729755918806695991e-01
5.730382389104926588e-01
5.694219434213589892e-01
5.652879355931228478e-01
5.645601302262842625e-01
5.538228566796510322e-01
5.500613356217932681e-01
5.464423302030103624e-01
5.431946578161480632e-01
5.405275952782379045e-01
5.617775564705936864e-01
5.375850424758883417e-01
5.365067059116302994e-01
5.364074350687477732e-01
5.360858660797919173e-01
5.364268031780119461e-01
5.447085891107196209e-01
5.391969733567799627e-01
5.393887434112762946e-01
5.425742138219550315e-01
5.493329422277267726e-01
5.691762602207753874e-01
5.763018476199465168e-01
5.519594254421943402e-01
5.473303454876327079e-01
5.462156636812950383e-01
5.449355224675048737e-01
5.437034879631912343e-01
5.433304022102093400e-01
5.444055383141372939e-01
5.429932870353201269e-01
5.428054954437800950e-01
5.434355856441783761e-01
5.449701064515866111e-01
5.461319726172011446e-01
5.484422823947486814e-01
5.478463203042795993e-01
5.483600082306271384e-01
5.494127940933121179e-01
5.507681240447792614e-01
5.524230694042585599e-01
5.544050746274014063e-01
5.567887605068063683e-01
5.593516168034160518e-01
5.623089067553704856e-01
5.652728921639366133e-01
5.677986685123107558e-01
5.705909820410192124e-01
5.738244128569707225e-01
5.747341346592870215e-01
5.765666187023340550e-01
5.835160649634592023e-01
6.234244365516020681e-01
5.875736430930660337e-01
5.762598955222864028e-01
5.719128934112055473e-01
5.693537404451434192e-01
5.675193628643002697e-01
5.661933776106350402e-01
5.656438108392457531e-01
5.680975654728824820e-01
5.632312093827871458e-01
5.620579331145134638e-01
5.613612971847833366e-01
5.605414525630014744e-01
5.601217064807839652e-01
5.603297264518722898e-01
5.611507286926412652e-01
5.625555619100985894e-01
5.647275750324936006e-01
5.670960672460673146e-01
5.692152704448497635e-01
5.717471182270045249e-01
5.750835527693100024e-01
5.795539244266827428e-01
5.863659146541644329e-01
5.951350014942585753e-01
6.044697535181515757e-01
6.232189418496779654e-01
6.822621936551966915e-01
6.798434122497823973e-01
6.258924308692428440e-01
6.146717348362789046e-01
6.219541027475208317e-01
5.918427259369452020e-01
5.797268824286918587e-01
5.722473007368281683e-01
5.671504558098380278e-01
5.634722793487092485e-01
5.608252069586179278e-01
5.588956803965581255e-01
5.577310366364247596e-01
5.571291370541414656e-01
5.569405637365929529e-01
5.543289669325998092e-01
5.510102021029835706e-01
5.491123245995465085e-01
5.480395206564419031e-01
5.475829313423871136e-01
5.478339630844252239e-01
5.495614537330432148e-01
5.494349692657864992e-01
5.456521710401963654e-01
5.433743414710030528e-01
5.409066951649059707e-01
5.393757980297746446e-01
5.390069900148390936e-01
5.383777266748084323e-01
5.395498436293476585e-01
5.404328785718961470e-01
5.444943937804125333e-01
5.647308367078962554e-01
5.572988093899721163e-01
5.409483711283542551e-01
5.355460580296149686e-01
5.326312005547052530e-01
5.311994094262832977e-01
5.310144688079393438e-01
5.324906955869106451e-01
5.344699292641758026e-01
5.320596422750759613e-01
5.310060956555943124e-01
5.309278691305300280e-01
5.311026847734300338e-01
5.291965427561402535e-01
5.276294482508362416e-01
5.260953220248799633e-01
5.246729176118949400e-01
5.237095145215611147e-01
5.233111244120144390e-01
5.233035729571359207e-01
5.234379953777043015e-01
5.231643279764482957e-01
5.234401990372395952e-01
5.240146220255352816e-01
5.244805248403899833e-01
5.259505254579229794e-01
5.293826866258237729e-01
5.386427003134592884e-01
5.868708506516334689e-01
5.375191188583643420e-01
5.306733104287230107e-01
5.295541254382809537e-01
5.329495936718207094e-01
5.291480913980826095e-01
5.265977803458620210e-01
5.264897818203219115e-01
5.284693602511297827e-01
5.282778906041518674e-01
5.273656080512751920e-01
5.278351417089034436e-01
5.292816454006465943e-01
5.316024176051558081e-01
5.352511597048610348e-01
5.431301911186611209e-01
5.433231984557514993e-01
5.444359580916524610e-01
5.462829349120330580e-01
5.468734634303584752e-01
5.456701925864546610e-01
5.434652529834848034e-01
5.417238041540375360e-01
5.441250010752541888e-01
5.417382808373606418e-01
5.455750175243680999e-01
5.624917708941561401e-01
5.611699073924223402e-01
5.426546608163701491e-01
5.383283683881980863e-01
5.379506316113443765e-01
5.401372045052427184e-01
5.449950770592922877e-01
5.533174255930974894e-01
5.680037117714641370e-01
5.969655620669640506e-01
6.458997731676241472e-01
6.168552783824183816e-01
5.754444035194511420e-01
5.541972451792005483e-01
5.421084232249522294e-01
5.341834760817633088e-01
5.285903270860671244e-01
5.249822568474190598e-01
5.223980641159459148e-01
5.210774756120686302e-01
5.185198882207512350e-01
5.167418607453970747e-01
5.176405541909925301e-01
5.215730444030816093e-01
5.185421075067677688e-01
5.175318704307715345e-01
5.257223296032658144e-01
5.546131375855961609e-01
5.164353668541356024e-01
5.058678673170959872e-01
5.007436529491630095e-01
4.979616367162810753e-01
4.956559998413669899e-01
4.935725741270294287e-01
4.913488103040902222e-01
4.894166122415129494e-01
4.878169569315278786e-01
4.865423899414558773e-01
4.855683669826045268e-01
4.849453074238631034e-01
4.849995749602414308e-01
4.864712423512380091e-01
4.842970840714517777e-01
4.842157620282095398e-01
4.845958291963524123e-01
4.853289116093206790e-01
4.864572661819925870e-01
4.881096834206548607e-01
4.900134480099624934e-01
4.920409564511733502e-01
4.948938126444974994e-01
4.992244800744398692e-01
5.077791553471763253e-01
5.355622444848650021e-01
5.170490396705718084e-01
5.054117176464323347e-01
5.192103342717896419e-01
4.982174907091425631e-01
4.956997997147707946e-01
4.947412124383636089e-01
4.946110820976650779e-01
4.951002860398162064e-01
4.961616053439420471e-01
4.979350352820002268e-01
5.002333735336170761e-01
5.000674230274778642e-01
4.999161959293448310e-01
5.006203891714652299e-01
5.019661832230013498e-01
5.039206814015841918e-01
5.065327995916684145e-01
5.099371871685488555e-01
5.143383791049942477e-01
5.200625429193368454e-01
5.277277530822602758e-01
5.391965598754796529e-01
5.778602071699611153e-01
5.747842279902191098e-01
6.285557977834929089e-01
6.906500292508662708e-01
5.935424554794941354e-01
5.663912993143561669e-01
5.536121881532427569e-01
5.440732110544009847e-01
5.368824383112626997e-01
5.321746683388897114e-01
5.299349291444065413e-01
5.318384434508073300e-01
5.378793985967313951e-01
5.631813490881608653e-01
5.444574805375466120e-01
5.234200405480344820e-01
5.156484856098518810e-01
5.112940440892536076e-01
5.082484526617572218e-01
5.059402469499351129e-01
5.041580237623267680e-01
5.027929695292072676e-01
5.019828516670167273e-01
5.035391578631832621e-01
5.005989699246455871e-01
4.976478268994343757e-01
4.962394132442959349e-01
4.952488566757621835e-01
4.943555107840577056e-01
4.934523106090684119e-01
4.925845153560629019e-01
4.916828867074656828e-01
4.909037789781338645e-01
4.903434995743388702e-01
4.899739313923912043e-01
4.897445869052844403e-01
4.896087021008888041e-01
4.895558999461299132e-01
4.895904426018380939e-01
4.897938866288147342e-01
4.910625421823928138e-01
4.908636672217818187e-01
4.901325373915875749e-01
4.904936523946144544e-01
4.914027231334291979e-01
4.929092919701723030e-01
4.950574914413523042e-01
4.983636021381324666e-01
5.040373439612475526e-01
5.115586398093040499e-01
5.169103320788899225e-01
5.456736077129133999e-01
5.249364288552330615e-01
5.107769160797319685e-01
5.074531435582557704e-01
5.076954476391906113e-01
5.104071403433816378e-01
5.169989542116991688e-01
5.491967522426626225e-01
5.293315178412681954e-01
5.237109334165532815e-01
5.260815689031651532e-01
5.312724335229415118e-01
5.390420708659851012e-01
5.521264645760776135e-01
5.785828770094753049e-01
6.748698232919387863e-01
6.242724655334508377e-01
5.713199641196727852e-01
5.529777757022377171e-01
5.433836627597865565e-01
5.370384573128910155e-01
5.323477853426598072e-01
5.306394852974678500e-01
5.243364968900683376e-01
5.204120281764404998e-01
5.181089399953704433e-01
5.170924711147022457e-01
5.176377171062666038e-01
5.242079179316971871e-01
5.330132603577147909e-01
5.181246942137882616e-01
5.107385179595338442e-01
5.072915954692712726e-01
5.056436695663073522e-01
5.053410802197771945e-01
5.036436355104355611e-01
5.039665694551552777e-01
5.058954901395285031e-01
5.099137952581969113e-01
5.202462765618555141e-01
5.746034405957686220e-01
5.172882059394693366e-01
5.085022240887563383e-01
5.032954060767422799e-01
5.011530861869336606e-01
5.001499436785112884e-01
5.003362191198570397e-01
5.028000207006645406e-01
5.123451993589629438e-01
5.015706382269485841e-01
5.004406981891558193e-01
5.006227794102288131e-01
5.015367196737026134e-01
5.030206591974887287e-01
5.044639029224183835e-01
5.053611310643355559e-01
5.058994478388555427e-01
5.066378497675195769e-01
5.075139532758634608e-01
5.085888106627493022e-01
5.093920193614350778e-01
5.095297881567517617e-01
5.093182373285223274e-01
5.092344847875327485e-01
5.095643167906910298e-01
5.103278777718677217e-01
5.099833396627363458e-01
5.095776068290279737e-01
5.095195320104403125e-01
5.098156178958799245e-01
5.105146661293524790e-01
5.116218747107654785e-01
5.130762563500749218e-01
5.149420948517554608e-01
5.174795015520354813e-01
5.209828475478260890e-01
5.260995897826959977e-01
5.353224599504464720e-01
5.427436760441135544e-01
5.557257247311008230e-01
5.579470599089463301e-01
5.435000769849800406e-01
5.436428837261871871e-01
5.500486936190553955e-01
5.640500912120185451e-01
5.602738475274176011e-01
5.551197662740240402e-01
5.568387985575402599e-01
5.619334561901007108e-01
5.685016190763105826e-01
5.768888121875347386e-01
5.901484832665487845e-01
6.142675716853633894e-01
6.650370699854990519e-01
6.600596655353014874e-01
6.161434504761235109e-01
5.996024590656131581e-01
5.962702393977834525e-01
6.055020500897838609e-01
6.027059005049226759e-01
5.887007529766197234e-01
5.791427020715820273e-01
5.716244381522859186e-01
5.663621116489219176e-01
5.629377667076880254e-01
5.606008358547064363e-01
5.587719058848343856e-01
5.570160983651806230e-01
5.555609256203728474e-01
5.560349034353012643e-01
5.554319515571179977e-01
5.479638852626107504e-01
5.406720209075946970e-01
5.321735252523221993e-01
5.269285378690273802e-01
5.230340289515784669e-01
5.200986337538541227e-01
5.179431411822694731e-01
5.164053793117091562e-01
5.153255239139554744e-01
5.144907818828741153e-01
5.135009726096346760e-01
5.123822198423773067e-01
5.116322518866617264e-01
5.116406381640278278e-01
5.130521091433045688e-01
5.135928296511952373e-01
5.111960401834568790e-01
5.101546029214202305e-01
5.100892622892180261e-01
5.107552325705163598e-01
5.120228741212591306e-01
5.138067025063601800e-01
5.162655089434745603e-01
5.194146827014681778e-01
5.229799708450256768e-01
5.270664373188849172e-01
5.319819675736531250e-01
5.378177925369352907e-01
5.434047213211705696e-01
5.488958501828776759e-01
5.544150524664533952e-01
5.583289350464964995e-01
5.596713234260952685e-01
5.608424597393921740e-01
5.688803535602618977e-01
5.774262148003239670e-01
5.594845875622623810e-01
5.606029736473954195e-01
5.632792909305077700e-01
5.662712769687789915e-01
5.690628963045618605e-01
5.719569692648743819e-01
5.692237848076716622e-01
5.646735576123544931e-01
5.614422502771255763e-01
5.607269434114102724e-01
5.683227522255566155e-01
5.798915088389698935e-01
5.550256600188500089e-01
5.449750799880540564e-01
5.360532176004264571e-01
5.304249993825771448e-01
5.264380888235480338e-01
5.237087667468481866e-01
5.217673618499740762e-01
5.200757944945116895e-01
5.188569858443297100e-01
5.181272993933266902e-01
5.177014246997765357e-01
5.174219993769005876e-01
5.172478763899299725e-01
5.172700647592606282e-01
5.177753617696948529e-01
5.186754106245567986e-01
5.181508010739229730e-01
5.206803086607345588e-01
5.188786000082986627e-01
5.193892822950825217e-01
5.204426371852097777e-01
5.214863601122411430e-01
5.226193434169670304e-01
5.239957565143343876e-01
5.258321850794500651e-01
5.284934418779017040e-01
5.322107600845169539e-01
5.369520548361947920e-01
5.435816903660609656e-01
5.517650271217348079e-01
5.592190578809725920e-01
5.557070095721828862e-01
5.540115354001730053e-01
5.564641373393084400e-01
5.595688568634822335e-01
5.692639671490947739e-01
5.824676511667654655e-01
5.934620898859549465e-01
5.926040226831109647e-01
5.788626054834136170e-01
5.616172954640096249e-01
5.471498206682484655e-01
5.389420312610609942e-01
5.308325963847256856e-01
5.225288449255025558e-01
5.155462751349324524e-01
5.092613847264161331e-01
5.041667202392902114e-01
4.995917562763415587e-01
4.977472023215748775e-01
4.945347149408866327e-01
4.937296199839457111e-01
4.942752962978385067e-01
4.965165890176617136e-01
5.014617809458503661e-01
5.117631137574161215e-01
5.370106727200665286e-01
6.631445898069522338e-01
5.554667825657378932e-01
5.157686814479955917e-01
5.008383011364566650e-01
4.932112960260426893e-01
4.888335641665503828e-01
4.863285560165329091e-01
4.850788435832793510e-01
4.853019766184513695e-01
4.919213893114038338e-01
4.868650591947654149e-01
4.838796549814312620e-01
4.840790702782011290e-01
4.857561358480583791e-01
4.888002428942750388e-01
4.939482929966358959e-01
5.054032129584655753e-01
6.276130309467027324e-01
5.131142441009098887e-01
5.086367337353627782e-01
5.106945540764651348e-01
5.141891381360805813e-01
5.138935193001274992e-01
5.105583491547566188e-01
5.092926508512548578e-01
5.099453061196231873e-01
5.132336499900562732e-01
5.199880909948231267e-01
5.180556900041837221e-01
5.219046327188091583e-01
5.271794656249547684e-01
5.335050013996395224e-01
5.414341400808019289e-01
5.520415403080473071e-01
5.694164657410885066e-01
6.099572597146531994e-01
6.598316815692163440e-01
5.989263332522625216e-01
5.943968101323137132e-01
6.060541618149634102e-01
6.244039165100522260e-01
6.190431858892083694e-01
6.099393152729353229e-01
6.054304826233101178e-01
6.033828286701879984e-01
6.037177363094395899e-01
6.035386644908236065e-01
6.049777848303793393e-01
6.118010976256016420e-01
6.109911680476464158e-01
6.040540083179635200e-01
6.014678807664021187e-01
5.985800037744467561e-01
5.940315911764838530e-01
5.964290912244293308e-01
6.482012350596769723e-01
6.149539479705933287e-01
5.721284385200978706e-01
5.555711593505776591e-01
5.457013384160792624e-01
5.392279316733366024e-01
5.356749769586557353e-01
5.354430644146926932e-01
5.393894607768812133e-01
5.458693753331110843e-01
5.644405508242879010e-01
7.235247418528918395e-01
5.711953023200847523e-01
5.339124905730854298e-01
5.184688738596727742e-01
5.136549105177801167e-01
5.081760626335041220e-01
5.025637462934614552e-01
5.009989359110248452e-01
5.041430082266925572e-01
5.148151310389014190e-01
5.527673657370133498e-01
6.386616100099353766e-01
5.246843554497473416e-01
5.008619556458098199e-01
4.906130950495217746e-01
4.858373105364495737e-01
4.846449740292576025e-01
4.865578670001919903e-01
4.928168742010402559e-01
5.061775538475150604e-01
5.234919992311775072e-01
5.679111693095125757e-01
6.166187626636624453e-01
5.223435902179368595e-01
4.971972336596866548e-01
4.866868701362055960e-01
4.831216035944096432e-01
4.894355076397031157e-01
4.888689951888051111e-01
4.991421413747459956e-01
5.357714670009972036e-01
6.600745808106398549e-01
5.232609244342919519e-01
5.024360391465350073e-01
4.920322318731957245e-01
5.016660549161546800e-01
4.884317270375335140e-01
4.854393350581400757e-01
4.925254877666701003e-01
5.146377819445777657e-01
6.458499887683040175e-01
5.367480319818284107e-01
5.027913780358708173e-01
4.860087923718915404e-01
4.811882880019541231e-01
4.815151422838981343e-01
4.871283850629434253e-01
5.010404841800404352e-01
5.315535612054461678e-01
7.209049405454888149e-01
5.284105980315161322e-01
4.997291826364643197e-01
4.890015404161778823e-01
4.833422950302133647e-01
4.808888232710909483e-01
4.825126316092519518e-01
4.908194897313949978e-01
5.147980665134425093e-01
6.780604029690304735e-01
5.267206341630111810e-01
4.989261319621795532e-01
4.760067014237520655e-01
4.692470402819655662e-01
4.677564905569946974e-01
4.706710873076666579e-01
4.795807796835228620e-01
5.022242817987951913e-01
6.073232633372875888e-01
5.504110893101803459e-01
4.936217938324811705e-01
4.777769932868612957e-01
4.718327810700626568e-01
4.709963798913998634e-01
4.742282059796399385e-01
4.822969676886799673e-01
4.995864343143464614e-01
5.501463931775357752e-01
6.016559294352890053e-01
5.159108721421650223e-01
4.908117225380536075e-01
4.822597225348178585e-01
4.798046170287155188e-01
4.813299599236074977e-01
4.867309408381974012e-01
4.978435621262267685e-01
5.232265306160683860e-01
6.503842814688679530e-01
5.491547472796741713e-01
5.160344577574482727e-01
5.112531017706303249e-01
5.359387854706822996e-01
5.141414423183706672e-01
5.546781668770081053e-01
5.225096369449567790e-01
5.368537517549344384e-01
5.801409398835387643e-01
6.349174698028876573e-01
5.578679999682082391e-01
5.452348940023507007e-01
5.422727306488932530e-01
5.491509617532974730e-01
5.612102043242512828e-01
5.757235747046882679e-01
5.997341222161099994e-01
6.359912560962829309e-01
7.223311761453579116e-01
6.579255287710198408e-01
6.430466515860407961e-01
6.184178486332970737e-01
6.051188147087994684e-01
6.091524216654943258e-01
6.246386159010974826e-01
6.536055782393646041e-01
6.906552836060969591e-01
6.865099821926849977e-01
7.277273998096966956e-01
6.385644164848780502e-01
6.378633258509591730e-01
6.959429352763545351e-01
6.002797101820918080e-01
5.793959702372641907e-01
5.771182603481788131e-01
6.075732277207287479e-01
6.424290218435529942e-01
5.728114296125402793e-01
5.610537152362042868e-01
5.661483351992897539e-01
6.074157262687331915e-01
6.276090860968785989e-01
5.710318578116732047e-01
5.653307019621521823e-01
5.762654609911568304e-01
6.223625097210804258e-01
6.426583782447096160e-01
6.053315644397120332e-01
6.204495336352798818e-01
6.618476364009495683e-01
7.506543091074320273e-01
6.882601485133733599e-01
6.448487132966705948e-01
6.131334490968909368e-01
5.939852839218371372e-01
5.856459913218047264e-01
5.877084747745716653e-01
6.023404495629929301e-01
6.330109736986422320e-01
6.645172710605646849e-01
6.436475563029642188e-01
6.089419710227340632e-01
5.912970042153894434e-01
5.859680550133182786e-01
5.789879300899823944e-01
5.873583038218542773e-01
6.158268848907370030e-01
6.644386108812345704e-01
6.563120106521580510e-01
6.058087820914105359e-01
5.761702165197395420e-01
5.634845032801110154e-01
5.629580787013904741e-01
5.743694050867867995e-01
6.013190422441603289e-01
6.497205779298544925e-01
6.662225802221009019e-01
6.156188126181960651e-01
5.804905855109815382e-01
5.645700899214167734e-01
5.615906481679570073e-01
5.697678673465819132e-01
5.917578234784569569e-01
6.341820802066445717e-01
6.748840959027324615e-01
6.393583080151026277e-01
6.012654061858987431e-01
5.864323913227690310e-01
5.887690439631355632e-01
6.071851604342753950e-01
6.423133023887361848e-01
6.782687874064214917e-01
6.723967859254837975e-01
6.340034701029497732e-01
6.006562963053097004e-01
5.820430492472062900e-01
5.791424669340212716e-01
5.931054408508965592e-01
5.957276752543514409e-01
5.736693745206007389e-01
5.619408961670468994e-01
5.611527303813197420e-01
5.695818783266008989e-01
5.897352199995146149e-01
6.339626921225574030e-01
7.259811251263370568e-01
6.560375034342420530e-01
5.979220214074436601e-01
5.764426245833473850e-01
5.763969012706096073e-01
5.779403959656219669e-01
5.588121466029706275e-01
5.521784732321473044e-01
5.573047916755931031e-01
5.739683122336225463e-01
6.222463719238194857e-01
6.558115804497087753e-01
6.108465831129555879e-01
6.182824070203548628e-01
6.322862265823575578e-01
6.340771079945669575e-01
6.262378651549567188e-01
6.874641203049201010e-01
5.790665993920399712e-01
5.585362790797174792e-01
5.664664807326180718e-01
7.742212336378310189e-01
5.522544304196413956e-01
5.351061085320486521e-01
5.469357726357152449e-01
7.501075539242078039e-01
5.511590928315385218e-01
5.337480819302198309e-01
5.430807149361184250e-01
6.167278938262764632e-01
5.848540244498263707e-01
5.779475193707558356e-01
5.573719153686739203e-01
5.790444647100410069e-01
7.537342688350564535e-01
5.924940904575692890e-01
5.953698997399777815e-01
6.222006026002815382e-01
7.648770525649759566e-01
6.308882421759764991e-01
6.001159640757033342e-01
5.989290421562024624e-01
6.698699802573990780e-01
5.603983551226201509e-01
5.450664105507642132e-01
5.701769677152257465e-01
6.049924366950200083e-01
5.337030449792501408e-01
5.271464004008997728e-01
5.672747232665623640e-01
5.748632527021776406e-01
5.215476646355795554e-01
5.211776691607399314e-01
5.754088814811084696e-01
5.619467781479764446e-01
5.194737918919313246e-01
5.244457864317584317e-01
6.074750996900012412e-01
5.530238208792170873e-01
5.257092822474670468e-01
5.378269919925650067e-01
6.558272579774186983e-01
5.609025034187946623e-01
5.411815719847501427e-01
5.634527210035574774e-01
8.125672908815059214e-01
5.726455208208157677e-01
5.732405165726812690e-01
6.134853252177344674e-01
6.576304692130918728e-01
6.239900772723704359e-01
6.311898745182091819e-01
8.363952816547803870e-01
6.043125591574564082e-01
5.785801125952301227e-01
5.791182335867178788e-01
6.916504756918784302e-01
5.907355947876109514e-01
5.755537622821387256e-01
5.825809500599105073e-01
6.703069084200465877e-01
5.674448413221170329e-01
5.599800461390925799e-01
5.821734555979229953e-01
6.562941309996437322e-01
5.666885718295507912e-01
5.649524382340481710e-01
6.006690937588843315e-01
6.384031989749447966e-01
5.997659152218854928e-01
6.167953783343369523e-01
6.544590398587543101e-01
7.684341789911178777e-01
6.513456239693564687e-01
6.048167549466391124e-01
5.827118744419781393e-01
5.773714132746481376e-01
5.836436159124459566e-01
5.870051724206941657e-01
5.846287826244637165e-01
5.848498473545498122e-01
5.911812049437331629e-01
6.059965715202932923e-01
6.418045258197169201e-01
7.364538457553665429e-01
6.704149887506022365e-01
6.081154178829835111e-01
5.853229997947860808e-01
5.872410790755359100e-01
5.974108595632280361e-01
5.657734543209954614e-01
5.547886067859389980e-01
5.579564980000252250e-01
5.765630908880005068e-01
6.629213410473171475e-01
6.161467619571123766e-01
6.441011274820819255e-01
6.899445281758492809e-01
6.925077151388768781e-01
6.533507151930670886e-01
6.171567132981998771e-01
5.945095249583369768e-01
5.814096878572249105e-01
5.783549579247744266e-01
5.818786687049689599e-01
5.998095229279679641e-01
6.519235920755378499e-01
7.505447903387436615e-01
6.368149458142170483e-01
5.907556942422201862e-01
5.733252720689960835e-01
5.687568686845844157e-01
5.733377979448626149e-01
5.885542391229521275e-01
6.234390582930046110e-01
7.067483818581107302e-01
6.880895429662956531e-01
6.197306473461513532e-01
5.932632714457334311e-01
5.848627046875493063e-01
5.880605616491351162e-01
6.027626083695661885e-01
6.364951308202247970e-01
7.237546272409437487e-01
7.067274022226747165e-01
6.372303141688482331e-01
6.111594473019275053e-01
6.001954969094848158e-01
6.011994033350450684e-01
6.222546766862556700e-01
7.095426049429417459e-01
6.975364518870950103e-01
6.105037183016264191e-01
5.820625501130450852e-01
5.723338211641976203e-01
5.759521875481656839e-01
5.992991056946934680e-01
6.782865794321278896e-01
7.153549948577087036e-01
6.055724960006166890e-01
5.727806777156938534e-01
5.633474776897327008e-01
5.691175397995990037e-01
5.908094431579603567e-01
6.604503469444884534e-01
7.420540260677451760e-01
6.117246562852983738e-01
5.754140163201443281e-01
5.639522151310104592e-01
5.680451387231798543e-01
5.899834127696728103e-01
6.544690663881980175e-01
7.606260424808179987e-01
6.256393799384236676e-01
5.882632053806701178e-01
5.771427741865450267e-01
5.799179201833045694e-01
5.966837696404695413e-01
6.519485235808506474e-01
7.660244548638057704e-01
6.208929328411076920e-01
5.773537513286445266e-01
5.621374849710119026e-01
5.638412848776332975e-01
5.856317996794853098e-01
6.633529499565542498e-01
7.671750037986804216e-01
6.134910004439476650e-01
5.699404944488606350e-01
5.554061025459774426e-01
5.558906826274843116e-01
5.712461528227921193e-01
6.150488632994165483e-01
7.707138409408852420e-01
6.461377521924035472e-01
5.880281674478788911e-01
5.700385856991068145e-01
5.678910416562968910e-01
5.820002497362185556e-01
6.290612166260464155e-01
7.885194831728397080e-01
6.358973554466931244e-01
5.747651602293253337e-01
5.513238183063047249e-01
5.454712597572555222e-01
5.525248471826708085e-01
5.612334145169080024e-01
6.074638455508131196e-01
7.793935974420755919e-01
6.333820981577397147e-01
5.709536656887141959e-01
5.509632303280295185e-01
5.436898135676436761e-01
5.561892785864326338e-01
6.014609830891852749e-01
7.649974278557525320e-01
6.289049974127046694e-01
5.625559700519557893e-01
5.391588122400677863e-01
5.357615062982851173e-01
5.506826384041738631e-01
5.995684266998045908e-01
7.703648356152007493e-01
6.212012753138245191e-01
5.562794733994375074e-01
5.360968544804056712e-01
5.339915665672259060e-01
5.496855902136170702e-01
6.012772259623916371e-01
7.757744356243413408e-01
6.157723065372230353e-01
5.529200736886080714e-01
5.320445035393195354e-01
5.303682673778647994e-01
5.469700683945302178e-01
5.989304488296811613e-01
7.763162310215327988e-01
6.145966694009851183e-01
5.515546814068646997e-01
5.308514243836288671e-01
5.292854358192184971e-01
5.458136111605695895e-01
5.967078228166348142e-01
7.749058967732326275e-01
6.169699149113772041e-01
5.536696704279060466e-01
5.332776464760450308e-01
5.319399869623695487e-01
5.479782015701984976e-01
5.963293631231006975e-01
7.670713132291192560e-01
6.263982196055638552e-01
5.616444614796353152e-01
5.414979610777101993e-01
5.406212050113474721e-01
5.567820343012790385e-01
6.037197664597752089e-01
7.640262430671342919e-01
6.374844417376396288e-01
5.748484182974415990e-01
5.563812198019923994e-01
5.559174324741510409e-01
5.706111758232277342e-01
6.155188022898904210e-01
8.010526774353874391e-01
6.314612763312246191e-01
5.719456439475800735e-01
5.521158396801139068e-01
5.510775546899989719e-01
5.713671393656206687e-01
6.445353055144532606e-01
7.351134747143801551e-01
5.883463944055333794e-01
5.484086100185587842e-01
5.373345146898409475e-01
5.453656807438601595e-01
5.815298996224909089e-01
7.170924686795431269e-01
6.484758874590157429e-01
5.664881951866844734e-01
5.432329133476507810e-01
5.409153485054376542e-01
5.568337797047732129e-01
6.139651190197217279e-01
7.922325500249405295e-01
5.952540735666621563e-01
5.428770873087134241e-01
5.262232570456382152e-01
5.291554171313863630e-01
5.555039041549221235e-01
6.430623030466666723e-01
7.093857751243813903e-01
5.691573727120984305e-01
5.297704631227698746e-01
5.192006693160080566e-01
5.278237282373202666e-01
5.647805960213216903e-01
6.973533553326539680e-01
6.463535893057199555e-01
5.508751299766815324e-01
5.215862172874909941e-01
5.166128819883537560e-01
5.317072724516452853e-01
5.833228132632752860e-01
7.785142065681796009e-01
6.057836815898176575e-01
5.382990550485932113e-01
5.173582595284952346e-01
5.180086046985517001e-01
5.405378542054364299e-01
6.120312992980139200e-01
