-2.762929579791517654e-06
-8.290319101877940966e-06
-1.381912142650598696e-05
-1.934931201452716465e-05
-2.488077599704929810e-05
-3.041362655942236870e-05
-3.594783618088293053e-05
-4.148346350485443423e-05
-4.702046268534321172e-05
-5.255885782706748444e-05
-5.809867365758059066e-05
-6.363987980650964715e-05
-6.918263643307387412e-05
-7.472674135400314555e-05
-8.027223095596891511e-05
-8.581917441030650906e-05
-9.136753860561341867e-05
-9.691738957462447956e-05
-1.024687142425761976e-04
-1.080214779588528629e-04
-1.135757074985921378e-04
-1.191313876000021921e-04
-1.246886314568707022e-04
-1.302474430602273969e-04
-1.358076624060622350e-04
-1.413693337078969492e-04
-1.469324849729947147e-04
-1.524971894901749891e-04
-1.580634316347140356e-04
-1.636311716101124247e-04
-1.692004385358547580e-04
-1.747712145890867319e-04
-1.803436768217370201e-04
-1.859176570540022055e-04
-1.914932179921668975e-04
-1.970702334811447187e-04
-2.026488369175627469e-04
-2.082289845692919528e-04
-2.138107581977077842e-04
-2.193940878585376453e-04
-2.249789788967282433e-04
-2.305654763063991197e-04
-2.361535730879271711e-04
-2.417434277151020439e-04
-2.473347414503335173e-04
-2.529277132671259309e-04
-2.585223091640109772e-04
-2.641185215671582043e-04
-2.697164119151995720e-04
-2.753159028473506353e-04
-2.809170846440611768e-04
-2.865199215227320906e-04
-2.921244053932792184e-04
-2.977306474389873614e-04
-3.033385016859568850e-04
-3.089480361244678619e-04
-3.145592718559742096e-04
-3.201721856176398262e-04
-3.257868441084443845e-04
-3.314031932698524585e-04
-3.370212547049167284e-04
-3.426410503164500909e-04
-3.482625556927576582e-04
-3.538860020709799770e-04
-3.595111401351047675e-04
-3.651380718776575662e-04
-3.707666248076169069e-04
-3.763969038460546201e-04
-3.820290139806559182e-04
-3.876629300898493113e-04
-3.932985923309484377e-04
-3.989360411310594046e-04
-4.045753173003152625e-04
-4.102163594416063930e-04
-4.158594230229128996e-04
-4.215041916209028017e-04
-4.271507116576644947e-04
-4.327990960441008284e-04
-4.384492807781859014e-04
-4.441013808154092857e-04
-4.497552955151640219e-04
-4.554110687289281145e-04
-4.610687447681449669e-04
-4.667282569039699069e-04
-4.723898000910109474e-04
-4.780532760025879568e-04
-4.837184918985437676e-04
-4.893856507744986928e-04
-4.950546831020696814e-04
-5.007257138418541587e-04
-5.063987130232705525e-04
-5.120736093743305517e-04
-5.177504510247565861e-04
-5.234292052416211760e-04
-5.291101698144951015e-04
-5.347930610102302751e-04
-5.404780778657247708e-04
-5.461649374796095913e-04
-5.518536251223338240e-04
-5.575444024469300430e-04
-5.632372369517302246e-04
-5.689320512026752041e-04
-5.746288976673508131e-04
-5.803278294417291150e-04
-5.860287670953479022e-04
-5.917320247644797249e-04
-5.974371993847649165e-04
-6.031443892776655602e-04
-6.088537135511273846e-04
-6.145650893187859509e-04
-6.202786661110293309e-04
-6.259943134730994174e-04
-6.317120886613070141e-04
-6.374320494713092700e-04
-6.431541093411263788e-04
-6.488784906842903766e-04
-6.546051203993874523e-04
-6.603337326789304740e-04
-6.660645836260581376e-04
-6.717975827601474492e-04
-6.775328926807988594e-04
-6.832704743261475144e-04
-6.890102346894799723e-04
-6.947522361548941205e-04
-7.004964357233411931e-04
-7.062432066692325705e-04
-7.119920993071682247e-04
-7.177432902440994411e-04
-7.234967042369921941e-04
-7.292523657248528579e-04
-7.350104497850784568e-04
-7.407709125056838317e-04
-7.465336518559517742e-04
-7.522987335494280003e-04
-7.580661095389906734e-04
-7.638360320794124192e-04
-7.696085063978452823e-04
-7.753831771812880191e-04
-7.811601620359986953e-04
-7.869395998264527847e-04
-7.927213805335453500e-04
-7.985056880749352715e-04
-8.042923518293276786e-04
-8.100814374649711880e-04
-8.158730100485955816e-04
-8.216669544854893203e-04
-8.274635216203307664e-04
-8.332626115470365136e-04
-8.390639345222661305e-04
-8.448677020261863291e-04
-8.506738849594075447e-04
-8.564826046207896226e-04
-8.622936792037627640e-04
-8.681072885229346170e-04
-8.739233394084999773e-04
-8.797417983331667912e-04
-8.855629930680786188e-04
-8.913863737251004338e-04
-8.972121760456586159e-04
-9.030404220957688466e-04
-9.088710441499392445e-04
-9.147041428264612861e-04
-9.205395750070399785e-04
-9.263773663997776353e-04
-9.322175470429794331e-04
-9.380600891221169135e-04
-9.439051379640517325e-04
-9.497523439433441794e-04
-9.556018782004294110e-04
-9.614537335833617249e-04
-9.673078316646543939e-04
-9.731642753957325809e-04
-9.790228672992284942e-04
-9.848836960795193107e-04
-9.907467512314527269e-04
-9.966119814288632028e-04
-1.002479354843321957e-03
-1.008348886227916630e-03
-1.014220543390176310e-03
-1.020094318299635816e-03
-1.025970194200476193e-03
-1.031848128778323215e-03
-1.037728160882100958e-03
-1.043610159850771879e-03
-1.049494226291858290e-03
-1.055380282203866038e-03
-1.061268292391170931e-03
-1.067158393789457982e-03
-1.073050309212120190e-03
-1.078944212755228449e-03
-1.084840035358913823e-03
-1.090737747254655332e-03
-1.096637445816450729e-03
-1.102539065243823835e-03
-1.108442526592035016e-03
-1.114347855981301372e-03
-1.120255012885928991e-03
-1.126164173421484449e-03
-1.132075341563676396e-03
-1.137988205113460438e-03
-1.143902816708286529e-03
-1.149819231703319566e-03
-1.155737545843860126e-03
-1.161657723612541382e-03
-1.167579698547305256e-03
-1.173503502041262081e-03
-1.179429166562107056e-03
-1.185356627685707487e-03
-1.191286037367178530e-03
-1.197217143312556686e-03
-1.203150098576966087e-03
-1.209084905454904657e-03
-1.215021550452388688e-03
-1.220960086113498377e-03
-1.226900417126919329e-03
-1.232842646571974399e-03
-1.238786729095608941e-03
-1.244732652375235560e-03
-1.250680720000896251e-03
-1.256630373041467408e-03
-1.262581950090102545e-03
-1.268535405854476217e-03
-1.274490728782384785e-03
-1.280447995112288240e-03
-1.286407140262735282e-03
-1.292368188790748995e-03
-1.298331165107025065e-03
-1.304296040372854293e-03
-1.310262984370647033e-03
-1.316231732323425163e-03
-1.322202409282380309e-03
-1.328175050193891593e-03
-1.334149653485772191e-03
-1.340126293595700346e-03
-1.346104835631356522e-03
-1.352085354072496415e-03
-1.358067876219393177e-03
-1.364052400721238456e-03
-1.370039243256404582e-03
-1.376027787797773350e-03
-1.382018370050364098e-03
-1.388011008849887595e-03
-1.394005703366563154e-03
-1.400002442112913137e-03
-1.406001290992664465e-03
-1.412002144882906762e-03
-1.418005090975338334e-03
-1.424010138993181407e-03
-1.430017277107897833e-03
-1.436026789465083553e-03
-1.442038136303058771e-03
-1.448051668269667580e-03
-1.454067329650587936e-03
-1.460085108039632651e-03
-1.466105098348657876e-03
-1.472127185957572415e-03
-1.478151513181202859e-03
-1.484178068911989890e-03
-1.490206770467961128e-03
-1.496237849217263438e-03
-1.502271336457861040e-03
-1.508306860976582620e-03
-1.514344544433998685e-03
-1.520384429520627023e-03
-1.526426621649590309e-03
-1.532471070910257360e-03
-1.538517808775452522e-03
-1.544566873962094355e-03
-1.550618228557287814e-03
-1.556672245834445079e-03
-1.562728468920693281e-03
-1.568786906314567631e-03
-1.574847743277207890e-03
-1.580910940722213276e-03
-1.586976680739815571e-03
-1.593044841485702356e-03
-1.599115353946967133e-03
-1.605188348105746066e-03
-1.611263842705379368e-03
-1.617341826136153848e-03
-1.623422626745973929e-03
-1.629505643425899208e-03
-1.635591236346378707e-03
-1.641679427253683876e-03
-1.647770205408849442e-03
-1.653863688192536152e-03
-1.659959705679336928e-03
-1.666058476425091861e-03
-1.672159993673205669e-03
-1.678264146110497457e-03
-1.684371237195558813e-03
-1.690481184645209467e-03
-1.696593673508273170e-03
-1.702709046711770036e-03
-1.708827186227668271e-03
-1.714948346915767807e-03
-1.721072489212160939e-03
-1.727199490619724109e-03
-1.733329463456945163e-03
-1.739462359990895379e-03
-1.745598723959851384e-03
-1.751738082381604222e-03
-1.757880653377341673e-03
-1.764026123171280602e-03
-1.770174707838689798e-03
-1.776326724065135920e-03
-1.782482133718010786e-03
-1.788640796045792847e-03
-1.794802857911226290e-03
-1.800968370634592475e-03
-1.807137338507569524e-03
-1.813310170990511949e-03
-1.819486323095809155e-03
-1.825666214417931421e-03
-1.831849915531313933e-03
-1.838037437558948106e-03
-1.844228961575877790e-03
-1.850424341503287273e-03
-1.856623954123115539e-03
-1.862827695512603299e-03
-1.869035583496270192e-03
-1.875248001215190641e-03
-1.881464573646685068e-03
-1.887685844143338620e-03
-1.893911847974272256e-03
-1.900142381901281929e-03
-1.906377912523349316e-03
-1.912618497572848852e-03
-1.918863912825918838e-03
-1.925114543357753227e-03
-1.931370203733462354e-03
-1.937631569889464167e-03
-1.943898498164342570e-03
-1.950170781745641513e-03
-1.956448629247709015e-03
-1.962731953000673712e-03
-1.969021273927507032e-03
-1.975316586227515714e-03
-1.981617519561051921e-03
-1.987924423022757736e-03
-1.994236939732219049e-03
-2.000555628072775427e-03
-2.006880064340355041e-03
-2.013210024619405125e-03
-2.019545389828292237e-03
-2.025886162421275394e-03
-2.032231776838977488e-03
-2.038582173682579324e-03
-2.044936948708331315e-03
-2.051295934514696384e-03
-2.057658846499776928e-03
-2.064025264437163720e-03
-2.070395121688384243e-03
-2.076767559952452658e-03
-2.083142622546718670e-03
-2.089519904255432436e-03
-2.095899125660660722e-03
-2.102280167707304415e-03
-2.108662641445824271e-03
-2.115046473716408748e-03
-2.121431504410575819e-03
-2.127817625211858577e-03
-2.134205046602666300e-03
-2.140593120377731751e-03
-2.146982115426965265e-03
-2.153372015489374292e-03
-2.159762840677870166e-03
-2.166154690933397298e-03
-2.172547430121074541e-03
-2.178941199585393562e-03
-2.185336054211117762e-03
-2.191732065448759315e-03
-2.198129589106367909e-03
-2.204528458271903801e-03
-2.210928388395760891e-03
-2.217329792517097609e-03
-2.223732746234330371e-03
-2.230137472635340679e-03
-2.236543961700920846e-03
-2.242952250353535959e-03
-2.249362383595521209e-03
-2.255774561641388232e-03
-2.262188800230324759e-03
-2.268605418223490489e-03
-2.275024327658470291e-03
-2.281445445797003480e-03
-2.287869077605808599e-03
-2.294295198744578101e-03
-2.300724134981724234e-03
-2.307155672209293407e-03
-2.313590027944290028e-03
-2.320027359025367275e-03
-2.326467601939552488e-03
-2.332911160279005358e-03
-2.339357907544692416e-03
-2.345807892214835100e-03
-2.352261145135425835e-03
-2.358717732103610132e-03
-2.365178034929638073e-03
-2.371642057008016558e-03
-2.378109675983175464e-03
-2.384581091088189275e-03
-2.391056271544345080e-03
-2.397535672834183451e-03
-2.404019316317063115e-03
-2.410506940447421087e-03
-2.416998826784921839e-03
-2.423494928531666481e-03
-2.429995742783686019e-03
-2.436501108387556513e-03
-2.443010917658638981e-03
-2.449525545959452266e-03
-2.456045103963577780e-03
-2.462569614414711339e-03
-2.469099427902521349e-03
-2.475634156484218806e-03
-2.482174239750611910e-03
-2.488719795724181338e-03
-2.495270842119423627e-03
-2.501827756605345954e-03
-2.508390115872005666e-03
-2.514958599636685221e-03
-2.521533028490230421e-03
-2.528113412852084352e-03
-2.534700350589447204e-03
-2.541293188814353066e-03
-2.547892761212366963e-03
-2.554498851006670179e-03
-2.561111453970088547e-03
-2.567731132024131391e-03
-2.574357557812101405e-03
-2.580990933495064255e-03
-2.587631482348862200e-03
-2.594279049287662176e-03
-2.600934231824059140e-03
-2.607597062541322508e-03
-2.614266947009613595e-03
-2.620944547588099915e-03
-2.627629369240880308e-03
-2.634321999542832415e-03
-2.641022443246709983e-03
-2.647730151214333638e-03
-2.654445627895851700e-03
-2.661168297723337517e-03
-2.667898729840190164e-03
-2.674636630821680683e-03
-2.681381491635770331e-03
-2.688133456445473968e-03
-2.694892409456972615e-03
-2.701657635264864687e-03
-2.708429300072201507e-03
-2.715206640577894071e-03
-2.721989649747680318e-03
-2.728777881658150939e-03
-2.735570561218092500e-03
-2.742367575576554195e-03
-2.749167954285702820e-03
-2.755971319332251035e-03
-2.762777019646223131e-03
-2.769584404530012200e-03
-2.776392872784749777e-03
-2.783201720166661453e-03
-2.790010194490877282e-03
-2.796817700470022316e-03
-2.803623650233566522e-03
-2.810427376259694299e-03
-2.817228101367086346e-03
-2.824025430701926354e-03
-2.830818742513785402e-03
-2.837607781213002944e-03
-2.844391907434129507e-03
-2.851170683387915794e-03
-2.857943952481178940e-03
-2.864711291191590625e-03
-2.871472789650608703e-03
-2.878227855405923741e-03
-2.884976458491728124e-03
-2.891718754940098002e-03
-2.898454426433882958e-03
-2.905183789634002700e-03
-2.911906197367586380e-03
-2.918622158271100275e-03
-2.925331860013535845e-03
-2.932035059632909224e-03
-2.938731852121678756e-03
-2.945422495251426298e-03
-2.952107154679417533e-03
-2.958785840549538193e-03
-2.965458587484870456e-03
-2.972125543170833772e-03
-2.978787006713057295e-03
-2.985443022577305427e-03
-2.992093967594477988e-03
-2.998739493144220170e-03
-3.005380177194982849e-03
-3.012016309805742864e-03
-3.018647640009142208e-03
-3.025274678502332115e-03
-3.031897550476392311e-03
-3.038516309556094086e-03
-3.045131353295760235e-03
-3.051742428807568963e-03
-3.058350107982499289e-03
-3.064954459340407666e-03
-3.071555547663362695e-03
-3.078153721432386192e-03
-3.084748630129641178e-03
-3.091340698098021811e-03
-3.097930499530998638e-03
-3.104517743780177419e-03
-3.111102876025784170e-03
-3.117685591791374833e-03
-3.124266175852818961e-03
-3.130845030916762362e-03
-3.137422132754585924e-03
-3.143997482876526028e-03
-3.150571440261762390e-03
-3.157143917227434038e-03
-3.163715108232767470e-03
-3.170285056452337713e-03
-3.176853809885749058e-03
-3.183421663704222304e-03
-3.189988521947073608e-03
-3.196554695294562265e-03
-3.203120005751736166e-03
-3.209684670608892176e-03
-3.216248810401833857e-03
-3.222812424367949014e-03
-3.229375660746991450e-03
-3.235938453152953365e-03
-3.242500979722007237e-03
-3.249063340654445575e-03
-3.255625478319257304e-03
-3.262187609360478469e-03
-3.268749749123944781e-03
-3.275311943279013427e-03
-3.281874226326864097e-03
-3.288436750270795628e-03
-3.294999376027285543e-03
-3.301562284739878450e-03
-3.308125508123760383e-03
-3.314689137534632124e-03
-3.321253112706368249e-03
-3.327817576299074709e-03
-3.334382623182974292e-03
-3.340948232276486074e-03
-3.347514478105995117e-03
-3.354081268222119938e-03
-3.360648920391895444e-03
-3.367217265600408460e-03
-3.373786390426736226e-03
-3.380356337942869160e-03
-3.386927155125896149e-03
-3.393498855330245867e-03
-3.400071523559478059e-03
-3.406645165076271908e-03
-3.413219818527046812e-03
-3.419795527164870563e-03
-3.426372318616310864e-03
-3.432950226022746243e-03
-3.439529279313791044e-03
-3.446109519849804848e-03
-3.452690974258265655e-03
-3.459273672153040380e-03
-3.465857649070036572e-03
-3.472442934743025234e-03
-3.479029556255675004e-03
-3.485617546232777642e-03
-3.492207093127253081e-03
-3.498797907352746428e-03
-3.505390172366618096e-03
-3.511983922592887275e-03
-3.518579183548253830e-03
-3.525175996942908618e-03
-3.531774370306939304e-03
-3.538374334682514721e-03
-3.544975923908788573e-03
-3.551579149969841254e-03
-3.558184105160067112e-03
-3.564790927066963100e-03
-3.571399264082231184e-03
-3.578009361610456907e-03
-3.584621225593331850e-03
-3.591234949718802305e-03
-3.597850505745903149e-03
-3.604467882999395911e-03
-3.611087156029313405e-03
-3.617708353941484489e-03
-3.624331489058052469e-03
-3.630956695446996285e-03
-3.637583983092107509e-03
-3.644213140949759122e-03
-3.650844381023254925e-03
-3.657477662457941925e-03
-3.664113104234534291e-03
-3.670750642403408648e-03
-3.677390360786514378e-03
-3.684032311726759268e-03
-3.690676443818374786e-03
-3.697323063633128903e-03
-3.703971887580093103e-03
-3.710623111599864465e-03
-3.717276482375075908e-03
-3.723932207142843787e-03
-3.730590389993460043e-03
-3.737251015481501959e-03
-3.743914115395985398e-03
-3.750579748145299597e-03
-3.757247893381610027e-03
-3.763918774246421961e-03
-3.770592410237916248e-03
-3.777268418523105353e-03
-3.783947118353392369e-03
-3.790628477940982677e-03
-3.797312676567909939e-03
-3.803999614390152217e-03
-3.810689246964371613e-03
-3.817381684686704801e-03
-3.824076907128270975e-03
-3.830774903634703854e-03
-3.837475690598779465e-03
-3.844179294326788288e-03
-3.850885717522234408e-03
-3.857594890535831489e-03
-3.864306770056114004e-03
-3.871021366837590350e-03
-3.877738622773185817e-03
-3.884458557983583304e-03
-3.891181030136192653e-03
-3.897905953942126800e-03
-3.904633414132496760e-03
-3.911363108478616013e-03
-3.918095156305145821e-03
-3.924829426569020896e-03
-3.931565839999651146e-03
-3.938304419891514030e-03
-3.945045029022598015e-03
-3.951787646212734373e-03
-3.958532246423285272e-03
-3.965278766146274059e-03
-3.972027330703564729e-03
-3.978777692396850973e-03
-3.985530036368367668e-03
-3.992284136353885238e-03
-3.999040064975534214e-03
-4.005797916864395347e-03
-4.012557648878756211e-03
-4.019319218816708172e-03
-4.026082611094716768e-03
-4.032847874132383659e-03
-4.039615311636879369e-03
-4.046384475515529822e-03
-4.053155507181216421e-03
-4.059928531418233177e-03
-4.066703556058093305e-03
-4.073480543104412988e-03
-4.080259589644641416e-03
-4.087040608343972536e-03
-4.093823698899212715e-03
-4.100608885378442814e-03
-4.107396173030575248e-03
-4.114185867100994543e-03
-4.120977423891281077e-03
-4.127771204644359315e-03
-4.134567176740544525e-03
-4.141365342672731487e-03
-4.148165811504123113e-03
-4.154968467165565116e-03
-4.161773461989315415e-03
-4.168580798256660280e-03
-4.175390409133061809e-03
-4.182202510204957591e-03
-4.189017150995399952e-03
-4.195833982179708599e-03
-4.202653138888901019e-03
-4.209474651826417002e-03
-4.216298610595248242e-03
-4.223124989800930429e-03
-4.229953803448260885e-03
-4.236785081190297397e-03
-4.243618776384683322e-03
-4.250455239323991385e-03
-4.257293988062404999e-03
-4.264135033299587541e-03
-4.270978510944600792e-03
-4.277824364434135163e-03
-4.284672690725743749e-03
-4.291523367477956263e-03
-4.298376314704976942e-03
-4.305231578353052591e-03
-4.312089129526852638e-03
-4.318948919348586379e-03
-4.325811215826425027e-03
-4.332675406538921692e-03
-4.339541821900660956e-03
-4.346410386733778886e-03
-4.353281066157510537e-03
-4.360153927501664306e-03
-4.367028852837018249e-03
-4.373905951319811969e-03
-4.380785167804712721e-03
-4.387666483703367426e-03
-4.394550058556045968e-03
-4.401435671350428791e-03
-4.408323411096426447e-03
-4.415213297219167110e-03
-4.422105368464324116e-03
-4.428999682107637170e-03
-4.435896154068030839e-03
-4.442794823606877053e-03
-4.449695723484081711e-03
-4.456598863166516544e-03
-4.463504463915524134e-03
-4.470412135851975499e-03
-4.477322090220892115e-03
-4.484234346369464497e-03
-4.491148913181253199e-03
-4.498065894290581568e-03
-4.504985134427430538e-03
-4.511906737207027618e-03
-4.518830705277920856e-03
-4.525757085331760798e-03
-4.532685840314742975e-03
-4.539616994128858884e-03
-4.546550582711916810e-03
-4.553486630498593257e-03
-4.560425115575528210e-03
-4.567366038127573802e-03
-4.574309446429225545e-03
-4.581255340697309997e-03
-4.588203757904141256e-03
-4.595154642616616769e-03
-4.602108043575081631e-03
-4.609063979246430520e-03
-4.616022455358859133e-03
-4.622983535411684386e-03
-4.629947141250645437e-03
-4.636913336593551094e-03
-4.643882120349385190e-03
-4.650853544723831945e-03
-4.657827561354244139e-03
-4.664804222971663528e-03
-4.671783527907424904e-03
-4.678765638574056140e-03
-4.685750295137069976e-03
-4.692737617699394015e-03
-4.699727646758300459e-03
-4.706720337400716048e-03
-4.713715875623969431e-03
-4.720714129573200246e-03
-4.727715023065348632e-03
-4.734718685837635554e-03
-4.741725070798175068e-03
-4.748734423018596829e-03
-4.755746589437448435e-03
-4.762761367683054914e-03
-4.769779042638089273e-03
-4.776799597498992966e-03
-4.783822918709823568e-03
-4.790849210564829264e-03
-4.797878294597990312e-03
-4.804910248654925553e-03
-4.811945151699137391e-03
-4.818982885242073522e-03
-4.826023730427286829e-03
-4.833067264239265803e-03
-4.840113837564219423e-03
-4.847163363074780129e-03
-4.854215820316865049e-03
-4.861271362031960308e-03
-4.868329793961234664e-03
-4.875391341494506037e-03
-4.882455913552075089e-03
-4.889523488853853017e-03
-4.896594474955051624e-03
-4.903668246687975518e-03
-4.910745103132607703e-03
-4.917825171887990621e-03
-4.924908281425555145e-03
-4.931994674579831539e-03
-4.939084294359741278e-03
-4.946177001811880025e-03
-4.953272889454574113e-03
-4.960371895217696725e-03
-4.967474426599172155e-03
-4.974580576097675788e-03
-4.981689589061644163e-03
-4.988801710874013473e-03
-4.995917197480048699e-03
-5.003035901176899891e-03
-5.010158090689942334e-03
-5.017283531664973317e-03
-5.024412326718019628e-03
-5.031544580575864067e-03
-5.038680139104800837e-03
-5.045819444839283463e-03
-5.052962422586126934e-03
-5.060108357627934872e-03
-5.067257851799955581e-03
-5.074410744261181883e-03
-5.081567328388825189e-03
-5.088727351708177693e-03
-5.095890926526069897e-03
-5.103058168553054053e-03
-5.110228909879999115e-03
-5.117403989955637833e-03
-5.124582455395487735e-03
-5.131764845666131336e-03
-5.138950386287088890e-03
-5.146139536791438651e-03
-5.153332513421760019e-03
-5.160529208087072384e-03
-5.167729687497124580e-03
-5.174934029701150351e-03
-5.182142157856173270e-03
-5.189354311726290803e-03
-5.196571042510478300e-03
-5.203790908499650314e-03
-5.211014757083853866e-03
-5.218242619874025046e-03
-5.225474715965350292e-03
-5.232710681246310891e-03
-5.239950765504652885e-03
-5.247194992286985382e-03
-5.254443460596669446e-03
-5.261696123643022638e-03
-5.268953054918701362e-03
-5.276214317326499703e-03
-5.283479945667246547e-03
-5.290750057756699043e-03
-5.298024615461471853e-03
-5.305303746396372588e-03
-5.312587485397646248e-03
-5.319876067866768921e-03
-5.327169303168788339e-03
-5.334467444560120342e-03
-5.341771125846550561e-03
-5.349079265569045560e-03
-5.356392773395501905e-03
-5.363711552345051814e-03
-5.371035667532053637e-03
-5.378365484606573155e-03
-5.385700832587492215e-03
-5.393041869508841124e-03
-5.400388748080686696e-03
-5.407741342805638673e-03
-5.415099867789652244e-03
-5.422463197726545836e-03
-5.429831188329514724e-03
-5.437203405170953907e-03
-5.444579331980059500e-03
-5.451958797963341041e-03
-5.459341122183825057e-03
-5.466726483877692999e-03
-5.474114973986865529e-03
-5.481506513835499028e-03
-5.488901575479099293e-03
-5.496300274294263488e-03
-5.503702028088586218e-03
-5.511107508277768297e-03
-5.518516803044493102e-03
-5.525929998323242387e-03
-5.533347409374056447e-03
-5.540768710980525924e-03
-5.548194274231477152e-03
-5.555624158456562434e-03
-5.563058390313457835e-03
-5.570497663612616890e-03
-5.577940792850344387e-03
-5.585388673222224654e-03
-5.592841145976135131e-03
-5.600298205121312378e-03
-5.607760188538812862e-03
-5.615226705425024889e-03
-5.622698239309609214e-03
-5.630174618774685946e-03
-5.637655816734143954e-03
-5.645142482738507717e-03
-5.652633736200729508e-03
-5.660130002276719807e-03
-5.667631394490113550e-03
-5.675137799786456050e-03
-5.682649567825381887e-03
-5.690166419512587836e-03
-5.697688468645378812e-03
-5.705215994446177774e-03
-5.712748623175722962e-03
-5.720287248841771088e-03
-5.727831296888585833e-03
-5.735380632767794751e-03
-5.742934996572413020e-03
-5.750494962911800734e-03
-5.758060218793326079e-03
-5.765631306990259830e-03
-5.773207743563935068e-03
-5.780789740430614110e-03
-5.788377496505181519e-03
-5.795970683988849181e-03
-5.803570076310493597e-03
-5.811174475795044536e-03
-5.818784839716095725e-03
-5.826400923098939977e-03
-5.834022660359150514e-03
-5.841650436858025763e-03
-5.849283740154698208e-03
-5.856923144679448967e-03
-5.864568395458014116e-03
-5.872219422863089733e-03
-5.879876910517611854e-03
-5.887539846863631965e-03
-5.895208679378760586e-03
-5.902883481762155604e-03
-5.910564379153604442e-03
-5.918251598900137189e-03
-5.925944730728605059e-03
-5.933643909279862072e-03
-5.941349265552009484e-03
-5.949060795639060650e-03
-5.956779271587109292e-03
-5.964503113994990002e-03
-5.972232961820034269e-03
-5.979968760006726392e-03
-5.987710449547156699e-03
-5.995458421749866318e-03
-6.003211982893885690e-03
-6.010971542614873542e-03
-6.018737155798925542e-03
-6.026508713833811370e-03
-6.034286166729185830e-03
-6.042069569587527056e-03
-6.049859022019599131e-03
-6.057654574206594589e-03
-6.065456175182171172e-03
-6.073263727054190042e-03
-6.081077514976884757e-03
-6.088896952786471140e-03
-6.096722608584403957e-03
-6.104554185882404838e-03
-6.112391578332654340e-03
-6.120235411187113783e-03
-6.128084586218829344e-03
-6.135939911657395385e-03
-6.143801087907574399e-03
-6.151668003929078310e-03
-6.159541013632696682e-03
-6.167419720106148695e-03
-6.175304196459396877e-03
-6.183194691826043865e-03
-6.191090727051484777e-03
-6.198993054692292226e-03
-6.206901071731274477e-03
-6.214814704455728922e-03
-6.222733703980742881e-03
-6.230658107568953774e-03
-6.238588405113265623e-03
-6.246524386049112643e-03
-6.254465624631166953e-03
-6.262412359552826935e-03
-6.270364340572487372e-03
-6.278322121206714179e-03
-6.286285563186666536e-03
-6.294253991329989972e-03
-6.302227598609988490e-03
-6.310206599745238343e-03
-6.318190643851306909e-03
-6.326180101210887585e-03
-6.334174533222047820e-03
-6.342174130318456449e-03
-6.350178945854767498e-03
-6.358188648759588446e-03
-6.366203740865605809e-03
-6.374223789701427556e-03
-6.382248593860273544e-03
-6.390278337978227974e-03
-6.398312933142635828e-03
-6.406352544792826009e-03
-6.414396955905843356e-03
-6.422446436151307836e-03
-6.430500820766904546e-03
-6.438560101287404969e-03
-6.446624713526083461e-03
-6.454694038923403099e-03
-6.462768363528215154e-03
-6.470847744826757619e-03
-6.478932211859023127e-03
-6.487022089246563539e-03
-6.495117439369813006e-03
-6.503217961957408200e-03
-6.511324000905482912e-03
-6.519435416439289810e-03
-6.527552937638181341e-03
-6.535676613062979534e-03
-6.543805856358164696e-03
-6.551941281323636623e-03
-6.560083280460538013e-03
-6.568231652503531137e-03
-6.576387081025036885e-03
-6.584549376049797509e-03
-6.592719076803033040e-03
-6.600896660644339775e-03
-6.609082369112728728e-03
-6.617276916148773225e-03
-6.625480189437427114e-03
-6.633693536699292181e-03
-6.641917076059322689e-03
-6.650151299099626989e-03
-6.658397345616906549e-03
-6.666655744480554091e-03
-6.674927965680588215e-03
-6.683214839890982972e-03
-6.691518206699775817e-03
-6.699839538634067004e-03
-6.708181574507365852e-03
-6.716545915463556504e-03
-6.724935463353176601e-03
-6.733353857733215264e-03
-6.741805610995910136e-03
-6.750297620023659739e-03
-6.758836540633583745e-03
-6.767434947404504797e-03
-6.776107410425225019e-03
-6.784880101864287916e-03
-6.793791250284897387e-03
-6.802913897251072761e-03
-6.812422856786071179e-03
-6.822928933965077825e-03
-6.850199597179473798e-03
-6.860630721608251825e-03
-6.870191645068302044e-03
-6.879384460406590129e-03
-6.888369679898254105e-03
-6.897219266556287032e-03
-6.905970320301824117e-03
-6.914649143106799123e-03
-6.923271022350907522e-03
-6.931845796878666199e-03
-6.940382460853489199e-03
-6.948886283511090944e-03
-6.957362341294293095e-03
-6.965814174493045741e-03
-6.974245613806440147e-03
-6.982658405153552295e-03
-6.991054993040202170e-03
-6.999437055189350332e-03
-7.007805609380080014e-03
-7.016162599766340158e-03
-7.024509139148871206e-03
-7.032845952921529253e-03
-7.041173983946102943e-03
-7.049494215703444588e-03
-7.057807141472083323e-03
-7.066113780394789323e-03
-7.074414234692238956e-03
-7.082709260144093300e-03
-7.090999380274354280e-03
-7.099284892377766276e-03
-7.107566474952253799e-03
-7.115844014001337925e-03
-7.124118025732539827e-03
-7.132389254676962942e-03
-7.140657614719159163e-03
-7.148923759109027110e-03
-7.157187798648045884e-03
-7.165449739462981249e-03
-7.173710215575335170e-03
-7.181969234098084520e-03
-7.190227073957222714e-03
-7.198483996418314490e-03
-7.206740236004760547e-03
-7.214995949510805140e-03
-7.223251369062877458e-03
-7.231506656727781923e-03
-7.239762017595130494e-03
-7.248017613423196615e-03
-7.256273664817070035e-03
-7.264530364702204146e-03
-7.272787825686299890e-03
-7.281046264230872644e-03
-7.289305845723736965e-03
-7.297566749283057597e-03
-7.305829137187136446e-03
-7.314093175490032905e-03
-7.322359028430369676e-03
-7.330626792340422249e-03
-7.338896734526034749e-03
-7.347168970859518922e-03
-7.355443662987459774e-03
-7.363720884143165613e-03
-7.372000870781159065e-03
-7.380283704799484035e-03
-7.388569476278417092e-03
-7.396858398158401293e-03
-7.405150444513175501e-03
-7.413446042276228276e-03
-7.421744863754353716e-03
-7.430047329547551094e-03
-7.438353229154093249e-03
-7.446662823447081081e-03
-7.454975990036749600e-03
-7.463292940589894009e-03
-7.471613524515641203e-03
-7.479937934217528728e-03
-7.488266175517566126e-03
-7.496598064562154384e-03
-7.504933986017481296e-03
-7.513273294096456389e-03
-7.521616424458810179e-03
-7.529963342838730256e-03
-7.538313875558810828e-03
-7.546668227233599424e-03
-7.555026244765117305e-03
-7.563388159032347069e-03
-7.571754077027370577e-03
-7.580123921382853069e-03
-7.588498012364386369e-03
-7.596876578110811629e-03
-7.605259727739177578e-03
-7.613648010293405655e-03
-7.622041452377437132e-03
-7.630440788049641654e-03
-7.638846370284335663e-03
-7.647258682186852674e-03
-7.655678401970567037e-03
-7.664106380286139775e-03
-7.672543683618027188e-03
-7.680991110381008014e-03
-7.689449834924144689e-03
-7.697921051023404182e-03
-7.706406346211447378e-03
-7.714907993518149709e-03
-7.723427450757047730e-03
-7.731967011325724393e-03
-7.740529124744655043e-03
-7.749117201981015057e-03
-7.757733389083476538e-03
-7.766381435582836446e-03
-7.775062959688994191e-03
-7.783778779420935656e-03
-7.792527828205941809e-03
-7.801303721807095748e-03
-7.810096593609539006e-03
-7.818892601934912534e-03
-7.827677498344121076e-03
-7.836440282772194621e-03
-7.845173272975958234e-03
-7.853874317127473859e-03
-7.862543487042072954e-03
-7.871181972725849185e-03
-7.879793147920088892e-03
-7.888379291054015141e-03
-7.896943722937144194e-03
-7.905488370064550629e-03
-7.914016038706672695e-03
-7.922528705962439410e-03
-7.931028331515599383e-03
-7.939516544286151500e-03
-7.947993948575038381e-03
-7.956462364587579827e-03
-7.964922810852592683e-03
-7.973376184620684093e-03
-7.981822967042750960e-03
-7.990264220989806709e-03
-7.998700559051941106e-03
-8.007132429340257929e-03
-8.015560620177053508e-03
-8.023985247838760770e-03
-8.032406942713121722e-03
-8.040826142291845890e-03
-8.049242925440736052e-03
-8.057657742777335486e-03
-8.066071185946599442e-03
-8.074483297945911353e-03
-8.082894552396413523e-03
-8.091304927201115049e-03
-8.099714706459093527e-03
-8.108124283727091708e-03
-8.116533872202680300e-03
-8.124943652120020232e-03
-8.133353448924407481e-03
-8.141763647993238706e-03
-8.150174511146968115e-03
-8.158586162357761573e-03
-8.166998707787365142e-03
-8.175412349138877488e-03
-8.183827109114250042e-03
-8.192243217782113618e-03
-8.200660912486501530e-03
-8.209080216897923776e-03
-8.217501223259260357e-03
-8.225923894560338567e-03
-8.234348488419418466e-03
-8.242775152688786022e-03
-8.251203996059941481e-03
-8.259635132402909363e-03
-8.268068673391359980e-03
-8.276504585197796970e-03
-8.284943277535594675e-03
-8.293384686554272633e-03
-8.301828917809617181e-03
-8.310276073271727348e-03
-8.318726135376652842e-03
-8.327179019109176572e-03
-8.335635103943861424e-03
-8.344094504437848947e-03
-8.352557322630072001e-03
-8.361023660601984986e-03
-8.369493293968632841e-03
-8.377966681464510401e-03
-8.386443892143935486e-03
-8.394925008708420400e-03
-8.403410162111768500e-03
-8.411899016985024957e-03
-8.420392030912049464e-03
-8.428889368241820890e-03
-8.437391139109462479e-03
-8.445897455551021338e-03
-8.454407932749874455e-03
-8.462923259535681808e-03
-8.471443404478251615e-03
-8.479968299037299317e-03
-8.488498096900665146e-03
-8.497032830035999851e-03
-8.505573065501481622e-03
-8.514118794757274955e-03
-8.522669825822171141e-03
-8.531226454910445511e-03
-8.539788636398260024e-03
-8.548357064581679765e-03
-8.556931758515684550e-03
-8.565512375617867491e-03
-8.574099316552286076e-03
-8.582692542683401093e-03
-8.591292856674370704e-03
-8.599900249602998592e-03
-8.608514454894966583e-03
-8.617135900409800264e-03
-8.625765035755850185e-03
-8.634401569447835989e-03
-8.643046537349707847e-03
-8.651699431681425523e-03
-8.660360600322491997e-03
-8.669030704424374179e-03
-8.677709408721034912e-03
-8.686397696978875871e-03
-8.695095158780974387e-03
-8.703802744851496520e-03
-8.712520890490904613e-03
-8.721249211345094565e-03
-8.729988936257204735e-03
-8.738739742388257348e-03
-8.747502564282694237e-03
-8.756278112782900358e-03
-8.765065945144145942e-03
-8.773867114427180702e-03
-8.782682317922674287e-03
-8.791511943197827250e-03
-8.800356892572525069e-03
-8.809217258857082733e-03
-8.818094544801757806e-03
-8.826989106373139826e-03
-8.835901586516592410e-03
-8.844833141385621822e-03
-8.853783876645371365e-03
-8.862756298141594158e-03
-8.871750020695290395e-03
-8.880765382260902285e-03
-8.889804158952907542e-03
-8.898866234881008808e-03
-8.907954042822074925e-03
-8.917066829955522245e-03
-8.926204923801916991e-03
-8.935368758063000350e-03
-8.944559205140922842e-03
-8.953774851972240434e-03
-8.963015021413389682e-03
-8.972278206966555203e-03
-8.981563690898419772e-03
-8.990868357732884064e-03
-9.000189568695193820e-03
-9.009524789677092471e-03
-9.018870125546252225e-03
-9.028222848027067649e-03
-9.037579334509104889e-03
-9.046936421955864560e-03
-9.056291445112663041e-03
-9.065641255171286161e-03
-9.074984108764061475e-03
-9.084318335947361156e-03
-9.093642502477572442e-03
-9.102956001616480108e-03
-9.112256949731278866e-03
-9.121545871021319307e-03
-9.130822678519168178e-03
-9.140087312105471540e-03
-9.149339578474524615e-03
-9.158579300735048001e-03
-9.167808378249708845e-03
-9.177026026743417830e-03
-9.186233916237296349e-03
-9.195431990429603353e-03
-9.204620607552005396e-03
-9.213800450782905216e-03
-9.222971835435078702e-03
-9.232135309180655725e-03
-9.241291565767584260e-03
-9.250440983616159407e-03
-9.259584212487403931e-03
-9.268721416645253619e-03
-9.277853068709429607e-03
-9.286979715816046088e-03
-9.296101867152462006e-03
-9.305219634260453176e-03
-9.314333113028760991e-03
-9.323443034646605732e-03
-9.332549941003964733e-03
-9.341653841849484330e-03
-9.350755018928458284e-03
-9.359853610419688330e-03
-9.368950220150606967e-03
-9.378044863233125916e-03
-9.387138041920262133e-03
-9.396229433181080282e-03
-9.405319617495244700e-03
-9.414408724438771969e-03
-9.423497081043730184e-03
-9.432584852251069130e-03
-9.441672002361012339e-03
-9.450758851041851649e-03
-9.459845507524100583e-03
-9.468932205708324723e-03
-9.478019066830878359e-03
-9.487106128567734942e-03
-9.496193569167976634e-03
-9.505281502538709404e-03
-9.514370102501557014e-03
-9.523459330100014775e-03
-9.532549425229186468e-03
-9.541640551939178927e-03
-9.550732723074384367e-03
-9.559826043168184739e-03
-9.568920619177689879e-03
-9.578016722991633536e-03
-9.587114081447856151e-03
-9.596212952146854214e-03
-9.605313432749063018e-03
-9.614415607340776049e-03
-9.623519501663957421e-03
-9.632625304672237654e-03
-9.641733041477862365e-03
-9.650842785602020690e-03
-9.659954604650189403e-03
-9.669068591843021920e-03
-9.678184748582507879e-03
-9.687303161684424069e-03
-9.696423880297788678e-03
-9.705546962295641400e-03
-9.714672387129197340e-03
-9.723800319014541671e-03
-9.732930727178623620e-03
-9.742063645009957362e-03
-9.751199146961431197e-03
-9.760337582018996372e-03
-9.769478437915757318e-03
-9.778622050778396080e-03
-9.787768485811643160e-03
-9.796917828196916034e-03
-9.806070241432762735e-03
-9.815225742607736059e-03
-9.824384324479296104e-03
-9.833546159232375850e-03
-9.842711283636673691e-03
-9.851879951774389355e-03
-9.861052232381983806e-03
-9.870227894216876408e-03
-9.879407262331607598e-03
-9.888590431653909718e-03
-9.897777451269185178e-03
-9.906968529207027530e-03
-9.916163525045429417e-03
-9.925362799519499291e-03
-9.934566304465430875e-03
-9.943774084149592518e-03
-9.952986558780407833e-03
-9.962203289194948574e-03
-9.971424831798469945e-03
-9.980651117266425842e-03
-9.989882190617582758e-03
-9.999118396031625444e-03
-1.000835965232016456e-02
-1.001760611204205453e-02
-1.002685797393576550e-02
-1.003611521926761618e-02
-1.004537863601495662e-02
-1.005464729429839110e-02
-1.006392179568948997e-02
-1.007320243057463482e-02
-1.008248932167477019e-02
-1.009178292046608583e-02
-1.010108282748212183e-02
-1.011038951143716780e-02
-1.011970330156697351e-02
-1.012902437882057249e-02
-1.013835357193548781e-02
-1.014769094102863090e-02
-1.015703560731961996e-02
-1.016638877485598336e-02
-1.017575095396516804e-02
-1.018512235820467904e-02
-1.019450371366115160e-02
-1.020389504033458739e-02
-1.021329729189746072e-02
-1.022271138621255737e-02
-1.023213754904483963e-02
-1.024157697559224811e-02
-1.025103049087394691e-02
-1.026049932772299389e-02
-1.026998367799436540e-02
-1.027948404386214154e-02
-1.028900030507140517e-02
-1.029853066529085037e-02
-1.030807255324905913e-02
-1.031762184739637433e-02
-1.032717518313575056e-02
-1.033673072489016409e-02
-1.034628532081860453e-02
-1.035583937394202181e-02
-1.036539318879048377e-02
-1.037494751341361265e-02
-1.038450343086527727e-02
-1.039406097814554730e-02
-1.040362125295257734e-02
-1.041318515639266806e-02
-1.042275304732265262e-02
-1.043232649219627550e-02
-1.044190545463408171e-02
-1.045148924594152540e-02
-1.046107944755558794e-02
-1.047067621372410606e-02
-1.048028068001927160e-02
-1.048989276784584312e-02
-1.049951259044445973e-02
-1.050914106741573928e-02
-1.051877890872299215e-02
-1.052842597393155444e-02
-1.053808378901899268e-02
-1.054775178491296206e-02
-1.055743024411437414e-02
-1.056712049663577346e-02
-1.057682225651612740e-02
-1.058653670074349851e-02
-1.059626390395795870e-02
-1.060600572370362649e-02
-1.061576217691428958e-02
-1.062553380350161891e-02
-1.063532289026536404e-02
-1.064512821840313261e-02
-1.065495311855835237e-02
-1.066479785809049119e-02
-1.067466348864742898e-02
-1.068455231000409178e-02
-1.069446677157692704e-02
-1.070440846038989147e-02
-1.071438015042258662e-02
-1.072438491866622989e-02
-1.073442753830777807e-02
-1.074451326870751178e-02
-1.075464749476429116e-02
-1.076483791907545395e-02
-1.077509559576927956e-02
-1.078543780312979372e-02
-1.079588424229727117e-02
-1.080647061757122884e-02
-1.081725403452327150e-02
-1.082834587061687337e-02
-1.083999815986325110e-02
-1.085313173695234834e-02
-1.087257882426451161e-02
-1.088558243980486395e-02
-1.089722584985253206e-02
-1.090834063718049141e-02
-1.091917203322767538e-02
-1.092982567231759461e-02
-1.094035580212759928e-02
-1.095079680883603857e-02
-1.096117066231172554e-02
-1.097149087055271366e-02
-1.098176933112315901e-02
-1.099201329545629324e-02
-1.100222880076118237e-02
-1.101242124120604959e-02
-1.102259522778248346e-02
-1.103275243988621757e-02
-1.104289674477576533e-02
-1.105303050738104531e-02
-1.106315535758728430e-02
-1.107327351162723517e-02
-1.108338524849805662e-02
-1.109349262324377250e-02
-1.110359663044913070e-02
-1.111369851823285071e-02
-1.112379915693173515e-02
-1.113389933186248459e-02
-1.114399950718680810e-02
-1.115410058145271943e-02
-1.116420323744859999e-02
-1.117430894356252757e-02
-1.118441722926455384e-02
-1.119452886233074373e-02
-1.120464333642612331e-02
-1.121476205236948687e-02
-1.122488522740860972e-02
-1.123501386519010214e-02
-1.124514770493945104e-02
-1.125528704108957889e-02
-1.126543262467105677e-02
-1.127558442624698731e-02
-1.128574416609129383e-02
-1.129590994573259621e-02
-1.130608309042957504e-02
-1.131626414044428763e-02
-1.132645288554312568e-02
-1.133665040145037661e-02
-1.134685616146813292e-02
-1.135707072813951779e-02
-1.136729436156058703e-02
-1.137752717196960361e-02
-1.138776990429202218e-02
-1.139802250802890438e-02
-1.140828523943737682e-02
-1.141855853727047343e-02
-1.142884230122098721e-02
-1.143913753260805688e-02
-1.144944356064514501e-02
-1.145976091167688615e-02
-1.147009015371969198e-02
-1.148043144601673671e-02
-1.149078616969467781e-02
-1.150115225298331545e-02
-1.151153130459259266e-02
-1.152192371395266424e-02
-1.153232916220880977e-02
-1.154274938092725300e-02
-1.155318344679623355e-02
-1.156363087976841619e-02
-1.157409350373828083e-02
-1.158457137011970062e-02
-1.159506366037266201e-02
-1.160557274732243460e-02
-1.161609661573481667e-02
-1.162663622339321634e-02
-1.163719264822471455e-02
-1.164776496948227713e-02
-1.165835539031223611e-02
-1.166896234781167330e-02
-1.167958687145076446e-02
-1.169022996852153717e-02
-1.170089061592960444e-02
-1.171157062063687970e-02
-1.172226852205238146e-02
-1.173298693152513561e-02
-1.174372517719346476e-02
-1.175448332295780940e-02
-1.176526304585856497e-02
-1.177606395291364016e-02
-1.178688659747917367e-02
-1.179773180203613769e-02
-1.180859962058300461e-02
-1.181949196687726023e-02
-1.183040801673185261e-02
-1.184134907316392038e-02
-1.185231657169616426e-02
-1.186331167832799238e-02
-1.187433742747856513e-02
-1.188539364848428814e-02
-1.189648458547787335e-02
-1.190761252457539499e-02
-1.191877557289233724e-02
-1.192996405900614842e-02
-1.194117164091546002e-02
-1.195239905248812740e-02
-1.196364887019041312e-02
-1.197492401906696813e-02
-1.198622588407249889e-02
-1.199755682812053692e-02
-1.200891774269008394e-02
-1.202031078782006546e-02
-1.203173514300814873e-02
-1.204319332072645299e-02
-1.205468658797603787e-02
-1.206621452125056226e-02
-1.207778091908984219e-02
-1.208938415796789734e-02
-1.210102547962543795e-02
-1.211270654906593247e-02
-1.212442942923463995e-02
-1.213619306943247711e-02
-1.214799900271035238e-02
-1.215984971869454867e-02
-1.217174657281683281e-02
-1.218369009750730481e-02
-1.219568071929810760e-02
-1.220772121695590240e-02
-1.221981242701175585e-02
-1.223195850743208357e-02
-1.224415763108488431e-02
-1.225641000303046013e-02
-1.226871936147155839e-02
-1.228108489857071550e-02
-1.229351356687746755e-02
-1.230600285379634951e-02
-1.231855169851336917e-02
-1.233116502573439188e-02
-1.234384437821645086e-02
-1.235658972520858878e-02
-1.236940453366153214e-02
-1.238228559124987527e-02
-1.239523759588345708e-02
-1.240826007389661534e-02
-1.242135300825397692e-02
-1.243451919600535582e-02
-1.244775822368771045e-02
-1.246107244337735231e-02
-1.247445635026822597e-02
-1.248791244665303779e-02
-1.250143876294074197e-02
-1.251503519404151277e-02
-1.252870264518968213e-02
-1.254243410818289828e-02
-1.255623070505296202e-02
-1.257009121370422644e-02
-1.258400811934057284e-02
-1.259797885610902668e-02
-1.261200159745534677e-02
-1.262607218829470135e-02
-1.264018866036720201e-02
-1.265434463638992479e-02
-1.266853717128046952e-02
-1.268276371248766576e-02
-1.269701991676286390e-02
-1.271130632385653048e-02
-1.272561566147323298e-02
-1.273994859705662730e-02
-1.275430346345385324e-02
-1.276867813062998458e-02
-1.278307435244419032e-02
-1.279748706669936453e-02
-1.281191878793619399e-02
-1.282637006424480752e-02
-1.284084134033058877e-02
-1.285533356718127074e-02
-1.286984895242415661e-02
-1.288438919049295084e-02
-1.289895667278240232e-02
-1.291355395249726978e-02
-1.292818308246124204e-02
-1.294284761620290158e-02
-1.295754937714088673e-02
-1.297229511693009929e-02
-1.298708628065026183e-02
-1.300192595612581492e-02
-1.301682085615996076e-02
-1.303177320421677887e-02
-1.304679356670968016e-02
-1.306188367373817272e-02
-1.307704775581775003e-02
-1.309229415219170800e-02
-1.310763192541108957e-02
-1.312306511025629341e-02
-1.313860308394620979e-02
-1.315424934643472099e-02
-1.317002170707470832e-02
-1.318592159038800560e-02
-1.320195494184617235e-02
-1.321813669026594695e-02
-1.323447043445435956e-02
-1.325097969289779076e-02
-1.326766459751349547e-02
-1.328453147244312849e-02
-1.330159792006491148e-02
-1.331887491967087556e-02
-1.333636687375328034e-02
-1.335408084318234767e-02
-1.337202511594370868e-02
-1.339020261458523375e-02
-1.340862519293417598e-02
-1.342727969139745348e-02
-1.344615781084090855e-02
-1.346524808073823465e-02
-1.348453788113956886e-02
-1.350399276823255335e-02
-1.352358055491820199e-02
-1.354326225312341148e-02
-1.356299639438285354e-02
-1.358273608479509953e-02
-1.360243611644995632e-02
-1.362205063050403453e-02
-1.364153848488336429e-02
-1.366085854450227455e-02
-1.367998775141510137e-02
-1.369890343508439745e-02
-1.371758965505476269e-02
-1.373603512257426384e-02
-1.375422404328197068e-02
-1.377216525217994647e-02
-1.378986033351270457e-02
-1.380731385725209037e-02
-1.382452100332942635e-02
-1.384150020237473466e-02
-1.385826012324675727e-02
-1.387479953669112920e-02
-1.389114174378724975e-02
-1.390728195659363120e-02
-1.392323033836206925e-02
-1.393901155099541711e-02
-1.395461913997142478e-02
-1.397006114645138464e-02
-1.398535885942819856e-02
-1.400050604344549310e-02
-1.401552226308533378e-02
-1.403040220568796403e-02
-1.404515223819624570e-02
-1.405978889653369812e-02
-1.407430672328224830e-02
-1.408872098242563986e-02
-1.410302767297355597e-02
-1.411723110537532744e-02
-1.413134416677064298e-02
-1.414536628698703780e-02
-1.415930360980910407e-02
-1.417315181526801471e-02
-1.418692006234967273e-02
-1.420061325677168806e-02
-1.421423041429592526e-02
-1.422777546608078314e-02
-1.424125221620142767e-02
-1.425466167061328893e-02
-1.426800925124771524e-02
-1.428129405161604470e-02
-1.429452023560096041e-02
-1.430769020895694688e-02
-1.432080400733770631e-02
-1.433386414033444023e-02
-1.434686818596453417e-02
-1.435982692478166012e-02
-1.437273661468141395e-02
-1.438559827948104886e-02
-1.439841609518477394e-02
-1.441118637984206696e-02
-1.442391799651754347e-02
-1.443660777296029707e-02
-1.444925649481365593e-02
-1.446186679100625039e-02
-1.447444019718113761e-02
-1.448697650749219967e-02
-1.449947719453670292e-02
-1.451194286963974900e-02
-1.452437457065047788e-02
-1.453677398074948446e-02
-1.454913978416993992e-02
-1.456147722566625280e-02
-1.457378283714105827e-02
-1.458605955134206766e-02
-1.459830879977030982e-02
-1.461052862510947570e-02
-1.462272373957329563e-02
-1.463489097877723744e-02
-1.464703349357454609e-02
-1.465915162288788931e-02
-1.467124362885541267e-02
-1.468331334476780103e-02
-1.469536045064812058e-02
-1.470738469207755195e-02
-1.471938689049745452e-02
-1.473136601320723660e-02
-1.474332636664432705e-02
-1.475526623679046523e-02
-1.476718599405235643e-02
-1.477908635920044400e-02
-1.479096598773554927e-02
-1.480282891439310688e-02
-1.481467368255273698e-02
-1.482650066299906477e-02
-1.483831031884053075e-02
-1.485010315555679306e-02
-1.486187940968519694e-02
-1.487363941502894971e-02
-1.488538374457049063e-02
-1.489711218241396296e-02
-1.490882594327969102e-02
-1.492052480858618857e-02
-1.493220929529659458e-02
-1.494387920594264507e-02
-1.495553575071006946e-02
-1.496717887980991701e-02
-1.497880671182316714e-02
-1.499042424446705990e-02
-1.500202845511910965e-02
-1.501362059437771901e-02
-1.502520124321526929e-02
-1.503676944399412463e-02
-1.504832668708477872e-02
-1.505987291496657665e-02
-1.507140808972529111e-02
-1.508293302788266121e-02
-1.509444609575738561e-02
-1.510595016816784764e-02
-1.511744442922924314e-02
-1.512892884352301515e-02
-1.514040415033224285e-02
-1.515186906323184868e-02
-1.516332506147721748e-02
-1.517477307304604395e-02
-1.518621233022166006e-02
-1.519764350504104744e-02
-1.520906459474247185e-02
-1.522047807587689761e-02
-1.523188503332750798e-02
-1.524328423328358273e-02
-1.525467587517093104e-02
-1.526606034686961433e-02
-1.527743721841634539e-02
-1.528880788043407435e-02
-1.530017170312558683e-02
-1.531152905822297239e-02
-1.532288020421535002e-02
-1.533422503034376216e-02
-1.534556379337292942e-02
-1.535689639629167491e-02
-1.536822361538436876e-02
-1.537954525912821335e-02
-1.539086160908453849e-02
-1.540217269665988820e-02
-1.541347839754259041e-02
-1.542477942432785021e-02
-1.543607553671078048e-02
-1.544736690577441784e-02
-1.545865379744182366e-02
-1.546993648136696375e-02
-1.548121489149001384e-02
-1.549248924197954569e-02
-1.550375934640180198e-02
-1.551502588848818753e-02
-1.552628887079821052e-02
-1.553754830868048220e-02
-1.554880459026974915e-02
-1.556005723505415883e-02
-1.557130713970300562e-02
-1.558255419496845651e-02
-1.559379842192165633e-02
-1.560504017648567388e-02
-1.561627898237527567e-02
-1.562751550108754106e-02
-1.563875016059823597e-02
-1.564998271007156383e-02
-1.566121330290948244e-02
-1.567244216851981786e-02
-1.568366929230902151e-02
-1.569489513394239921e-02
-1.570611960467227508e-02
-1.571734286348480669e-02
-1.572856513161913217e-02
-1.573978635718564778e-02
-1.575100709949184274e-02
-1.576222713556130195e-02
-1.577344680998271631e-02
-1.578466633698261123e-02
-1.579588592994929375e-02
-1.580710545708630121e-02
-1.581832528901994106e-02
-1.582954556083737696e-02
-1.584076652733568125e-02
-1.585198835804568773e-02
-1.586321113646360637e-02
-1.587443513345943025e-02
-1.588566052222550873e-02
-1.589688753502871421e-02
-1.590811632843236456e-02
-1.591934732813515829e-02
-1.593058035532368688e-02
-1.594181579900910695e-02
-1.595305386001799608e-02
-1.596429484227435136e-02
-1.597553883719049495e-02
-1.598678594804048281e-02
-1.599803644626673904e-02
-1.600929049535015913e-02
-1.602054819307763278e-02
-1.603180981407559269e-02
-1.604307506617608237e-02
-1.605434410088069086e-02
-1.606561703217035397e-02
-1.607689364638020812e-02
-1.608817387354577466e-02
-1.609945726226746920e-02
-1.611074364814757409e-02
-1.612203253601462993e-02
-1.613332338993522796e-02
-1.614461590748972331e-02
-1.615590901359376108e-02
-1.616720219888578836e-02
-1.617849487400246922e-02
-1.618978620800837209e-02
-1.620107567944972793e-02
-1.621236238402490315e-02
-1.622364602066117545e-02
-1.623492605996601501e-02
-1.624620203489013370e-02
-1.625747366245899883e-02
-1.626874057175320409e-02
-1.628000283122088554e-02
-1.629126014703075054e-02
-1.630251262552206981e-02
-1.631376022047714702e-02
-1.632500300299910556e-02
-1.633624137350520034e-02
-1.634747527530355793e-02
-1.635870517228510401e-02
-1.636993093444627512e-02
-1.638115295110242897e-02
-1.639237132601722990e-02
-1.640358622644078057e-02
-1.641479786261224039e-02
-1.642600653381709463e-02
-1.643721238185791300e-02
-1.644841563592447375e-02
-1.645961630117720453e-02
-1.647081454624854668e-02
-1.648201058247888984e-02
-1.649320478219629127e-02
-1.650439672793679868e-02
-1.651558650624873614e-02
-1.652677448036710128e-02
-1.653796081907288329e-02
-1.654914553723674242e-02
-1.656032867867462954e-02
-1.657151011889568260e-02
-1.658269018704894293e-02
-1.659386904654813755e-02
-1.660504689027986203e-02
-1.661622335930124095e-02
-1.662739887235564762e-02
-1.663857336186747027e-02
-1.664974725409540390e-02
-1.666092034127952815e-02
-1.667209286836957016e-02
-1.668326519052043544e-02
-1.669443731112818519e-02
-1.670560948150268121e-02
-1.671678192418324382e-02
-1.672795432445206565e-02
-1.673912740381389153e-02
-1.675030065027582893e-02
-1.676147463816379801e-02
-1.677264935152245062e-02
-1.678382500249464560e-02
-1.679500184206317304e-02
-1.680617996423816596e-02
-1.681735951487617342e-02
-1.682854071179207267e-02
-1.683972366084218741e-02
-1.685090872843764132e-02
-1.686209579290565141e-02
-1.687328517209951695e-02
-1.688447704454076881e-02
-1.689567149314452621e-02
-1.690686892848769496e-02
-1.691806950659513475e-02
-1.692927338887262323e-02
-1.694048076511045497e-02
-1.695169196651080679e-02
-1.696290714321135873e-02
-1.697412654970031909e-02
-1.698535048706972805e-02
-1.699657912450736053e-02
-1.700781273928719806e-02
-1.701905178094298421e-02
-1.703029640248199250e-02
-1.704154703239779689e-02
-1.705280395908892466e-02
-1.706406800080562114e-02
-1.707533851989073703e-02
-1.708661634274499797e-02
-1.709790196061433676e-02
-1.710919569552316055e-02
-1.712049831096762453e-02
-1.713180977196582244e-02
-1.714313027754466034e-02
-1.715446053595126585e-02
-1.716580090481933940e-02
-1.717715137875297504e-02
-1.718851234721041621e-02
-1.719988436821284772e-02
-1.721126761942159966e-02
-1.722266243587877721e-02
-1.723406880983990863e-02
-1.724548731515451738e-02
-1.725691848423815955e-02
-1.726836345241133941e-02
-1.727982336091005156e-02
-1.729129924885497438e-02
-1.729704303191503811e-02
