3.758582278968385371e-01
3.758337112365456312e-01
3.758098581153598849e-01
3.757886503917738930e-01
3.757660377541974794e-01
3.757440569845358347e-01
3.757245391264787959e-01
3.757037421222968465e-01
3.756852937808132231e-01
3.756656469114611485e-01
3.756465875840577229e-01
3.756297105324618024e-01
3.756117548204706558e-01
3.755958763999391326e-01
3.755789960456046295e-01
3.755626661951746992e-01
3.755482599520860165e-01
3.755329660545341230e-01
3.755182030208795707e-01
3.755052164822942906e-01
3.754914534914736701e-01
3.754793736376774160e-01
3.754665890012016671e-01
3.754543066494054893e-01
3.754435700001084175e-01
3.754322354541981821e-01
3.754223592149309452e-01
3.754119542220244465e-01
3.754020273147197218e-01
3.753934296310633134e-01
3.753844065995582402e-01
3.753766303338534893e-01
3.753684956789228866e-01
3.753608185016504839e-01
3.753542657699295293e-01
3.753474543801543217e-01
3.753410889543077888e-01
3.753357286350070821e-01
3.753302067418974319e-01
3.753256127468408421e-01
3.753211489826108194e-01
3.753168624453894764e-01
3.753131922916199681e-01
3.753099035784281945e-01
3.753069911069258913e-01
3.753043022935161899e-01
3.753021423387748468e-01
3.753003423719861731e-01
3.752988971770998550e-01
3.752978018655624970e-01
3.752969820730721051e-01
3.752965897837100551e-01
3.752965376724727853e-01
3.752968248303301113e-01
3.752974407516181388e-01
3.752984228042642312e-01
3.752997478595864189e-01
3.753014187945000191e-01
3.753034389788859060e-01
3.753058774239348971e-01
3.753086222387213566e-01
3.753117269863179839e-01
3.753151948589043552e-01
3.753191581173183633e-01
3.753235228533819412e-01
3.753279668683719428e-01
3.753331082638960425e-01
3.753382679846456460e-01
3.753441937300960873e-01
3.753505311845791725e-01
3.753567917637126716e-01
3.753639224822928333e-01
3.753714690845355029e-01
3.753788417309069092e-01
3.753871892619676798e-01
3.753952984010865968e-01
3.754044515242106472e-01
3.754140270285429848e-01
3.754232656396819245e-01
3.754336548911500482e-01
3.754436421867510809e-01
3.754548509878008478e-01
3.754664898659452188e-01
3.754776272563482564e-01
3.754900955770896220e-01
3.755019966037168033e-01
3.755153011251459172e-01
3.755290447627777084e-01
3.755421199117617292e-01
3.755567106667114241e-01
3.755717461994170225e-01
3.755860107271119519e-01
3.756019040577742163e-01
3.756169581593246654e-01
3.756337161924379053e-01
3.756509277941537106e-01
3.756685947353978761e-01
3.756852806485933005e-01
3.757023515560602434e-01
3.757213164734620747e-01
3.757407420189876612e-01
3.757590445720089822e-01
3.757793557516175831e-01
3.758001300660409050e-01
3.758196708394046515e-01
3.758413338531122472e-01
3.758616892805093923e-01
3.758842399320619365e-01
3.759072525019375721e-01
3.759288426562506502e-01
3.759527359322090700e-01
3.759751295991717313e-01
3.759998937434059219e-01
3.760251067083220655e-01
3.760486998643283174e-01
3.760747588206887482e-01
3.760991173797958997e-01
3.761259980333013231e-01
3.761532956582778753e-01
3.761787683601717225e-01
3.762068385942004545e-01
3.762352964756527918e-01
3.762618053233370841e-01
3.762909737328319904e-01
3.763181137192941339e-01
3.763479481621577194e-01
3.763781120491911381e-01
3.764061337569096777e-01
3.764368966053461829e-01
3.764654489201453291e-01
3.764967717314531837e-01
3.765283731602194761e-01
3.765576714028370242e-01
3.765897849897648086e-01
3.766195412333968040e-01
3.766521428817206085e-01
3.766849907126545993e-01
3.767154052742298087e-01
3.767487084548217791e-01
3.767822399887876816e-01
3.768132644844134904e-01
3.768472118534751392e-01
3.768786021479396120e-01
3.769129289254436466e-01
3.769474360736883578e-01
3.769793079574835226e-01
3.770141225612529956e-01
3.770462523417629774e-01
3.770813209133114796e-01
3.771150793419099090e-01
3.771489262501892537e-01
3.771828482532390558e-01
3.772168318051016822e-01
3.772522954012066387e-01
3.772863650521028900e-01
3.773204596322767279e-01
3.773545706803499433e-01
3.773901265296296659e-01
3.774242565834884933e-01
3.774583973274986959e-01
3.774925556555281392e-01
3.775267425487475736e-01
3.775616901671454140e-01
3.775959672568199310e-01
3.776310024608341975e-01
3.776652954507332405e-01
3.777001353487396962e-01
3.777337940613258449e-01
3.777671995556742268e-01
3.777983956924174658e-01
3.778276167076854986e-01
3.778553089329644843e-01
3.778806818273813262e-01
3.779053722961344119e-01
3.779289078886789444e-01
3.779526340882647384e-01
3.779757868938673493e-01
3.779994104210437911e-01
3.780225723181327990e-01
3.780457471335659236e-01
3.780698801042495782e-01
3.780930444105257138e-01
3.781161905936634149e-01
3.781393171949550269e-01
3.781633828172191736e-01
3.781864883592577775e-01
3.782096026656598942e-01
3.782327436189035774e-01
3.782559318542853544e-01
3.782801533355203971e-01
3.783035124207854705e-01
3.783269945674958001e-01
3.783516077638803266e-01
3.783764161619493915e-01
3.783994530357495112e-01
3.784247241071518886e-01
3.784482379784760431e-01
3.784740857462988162e-01
3.785002777152564057e-01
3.785247109836650803e-01
3.785516399946067811e-01
3.785767931569396505e-01
3.786045528393238713e-01
3.786327794111487011e-01
3.786591799392917679e-01
3.786883591809465099e-01
3.787180633683339126e-01
3.787458670316646847e-01
3.787753837957879011e-01
3.788054299373495026e-01
3.788360217844141675e-01
3.788684926522807306e-01
3.789002542599457235e-01
3.789326180336960448e-01
3.789656057584446236e-01
3.790006671392405213e-01
3.790350057196611444e-01
3.790700460191091525e-01
3.791058168512742022e-01
3.791423472935303018e-01
3.791812561658339242e-01
3.792194294352285167e-01
3.792584463005508888e-01
3.792983255497422990e-01
3.793408143115201137e-01
3.793824596458169607e-01
3.794249212781434233e-01
3.794681107018093025e-01
3.795118719283808173e-01
3.795568909955249204e-01
3.796009387398501800e-01
3.796453891631836330e-01
3.796878590319830438e-01
3.797296120232401817e-01
3.797685592210043315e-01
3.798054733066475452e-01
3.798412233407018057e-01
3.798746852717097555e-01
3.799076871913525388e-01
3.799392498377753835e-01
3.799709782877207509e-01
3.800017425365814216e-01
3.800335410573573158e-01
3.800638341133111830e-01
3.800938685284748764e-01
3.801235901826842123e-01
3.801529373305116422e-01
3.801830433642627294e-01
3.802114466945705207e-01
3.802393211641278414e-01
3.802666403541015150e-01
3.802944907343598357e-01
3.803206575044513205e-01
3.803462820939665923e-01
3.803713977022037396e-01
3.803960497552921760e-01
3.804212871605489599e-01
3.804461548686104977e-01
3.804687968712630042e-01
3.804931868680941909e-01
3.805174526625516584e-01
3.805397595037474656e-01
3.805640080653579504e-01
3.805864095740695840e-01
3.806098766066239869e-01
3.806344265717907516e-01
3.806580864539407805e-01
3.806817638296747797e-01
3.807053744128356398e-01
3.807297945458666955e-01
3.807530307294634264e-01
3.807760406512912810e-01
3.807988585581076890e-01
3.808215476419772316e-01
3.808451068793631822e-01
3.808677371225072661e-01
3.808904122551746707e-01
3.809131644276174122e-01
3.809369651442284233e-01
3.809599696251342871e-01
3.809831596953423549e-01
3.810065922939990801e-01
3.810303379618898978e-01
3.810554835283870845e-01
3.810801299738279524e-01
3.811053568448790063e-01
3.811312572224450634e-01
3.811590449816381621e-01
3.811877608406438744e-01
3.812150792738159266e-01
3.812458134807157339e-01
3.812751093223450960e-01
3.813081224643554701e-01
3.813424076005471619e-01
3.813750981348477676e-01
3.814119461229099617e-01
3.814501841272152638e-01
3.814865869292653477e-01
3.815275659589826840e-01
3.815665187435723915e-01
3.816103120316561292e-01
3.816555917296000078e-01
3.816985155740279523e-01
3.817466583039989536e-01
3.817922056057127533e-01
3.818431997844725645e-01
3.818956643985980115e-01
3.819451391745386504e-01
3.820003658417427395e-01
3.820546625191084122e-01
3.821102236522923024e-01
3.821670247397126463e-01
3.822250433030028871e-01
3.822842627221166301e-01
3.823472717880886940e-01
3.824089289698304750e-01
3.824717950935573874e-01
3.825358986618630497e-01
3.826040987861462628e-01
3.826708774628781451e-01
3.827390608950211326e-01
3.828087235191486859e-01
3.828799432507554723e-01
3.829559477676895973e-01
3.830338166042942527e-01
3.831070058763231256e-01
3.831886411225096101e-01
3.832723095237914879e-01
3.833509154427671706e-01
3.834385028134562612e-01
3.835206567666242794e-01
3.836120016314357173e-01
3.837051489039242091e-01
3.837920817773571303e-01
3.838881568083908902e-01
3.839773462715552754e-01
3.840753014239647878e-01
3.841736612717276400e-01
3.842638720724583234e-01
3.843615685653413161e-01
3.844501646683212148e-01
3.845448782731474835e-01
3.846369712447858524e-01
3.847185337258899329e-01
3.848034157277710476e-01
3.848834033291828605e-01
3.849519239721512220e-01
3.850179267963721452e-01
3.850777852806716028e-01
3.851311684993311002e-01
3.851797095763522805e-01
3.852194451684503584e-01
3.852526138393438937e-01
3.852794855227311133e-01
3.853011822908599671e-01
3.853165266399223299e-01
3.853270636885134937e-01
3.853334101370061715e-01
3.853361989103919472e-01
3.853359330504659286e-01
3.853333689575633159e-01
3.853290539667196812e-01
3.853234940634355787e-01
3.853167912936098505e-01
3.853100244668657970e-01
3.853032057981237157e-01
3.852966177558183047e-01
3.852904958399361868e-01
3.852847547877352730e-01
3.852801525193076948e-01
3.852765073660356365e-01
3.852739277349992442e-01
3.852724112450958693e-01
3.852722807920451742e-01
3.852734602136019815e-01
3.852760144257753594e-01
3.852800045240694637e-01
3.852857028065501122e-01
3.852930941728958114e-01
3.853015272748008258e-01
3.853123441362028556e-01
3.853250416060691741e-01
3.853385026508550082e-01
3.853549823650734285e-01
3.853720171132217209e-01
3.853925106878538509e-01
3.854151899726281361e-01
3.854380684971517312e-01
3.854651120794432284e-01
3.854920968563707584e-01
3.855237351762194620e-01
3.855578630373228677e-01
3.855915044982399231e-01
3.856305830357442677e-01
3.856723388334284963e-01
3.857131390869873444e-01
3.857602091068458305e-01
3.858059911909855755e-01
3.858586156248565713e-01
3.859142313363359555e-01
3.859680092913446714e-01
3.860295258024721843e-01
3.860888051132126964e-01
3.861564108850170651e-01
3.862272467621448158e-01
3.862951497579129589e-01
3.863722077948050782e-01
3.864457906749862448e-01
3.865289667685984920e-01
3.866116193859310268e-01
3.866969701842157270e-01
3.867848548049490631e-01
3.868789740339380057e-01
3.869713419847463087e-01
3.870654852776311827e-01
3.871610954312210140e-01
3.872578643518731489e-01
3.873597096595248757e-01
3.874580308641171200e-01
3.875568578156907695e-01
3.876561594042267078e-01
3.877603166252242550e-01
3.878609776464873038e-01
3.879627084130714554e-01
3.880658777944882010e-01
3.881708924285848794e-01
3.882828270554949390e-01
3.883928855482792764e-01
3.885059780305639143e-01
3.886224133036610962e-01
3.887476830668037953e-01
3.888716677155678036e-01
3.889995787835276997e-01
3.891314926015807529e-01
3.892733711078069647e-01
3.894196016192085774e-01
3.895575156556996821e-01
3.897117890583683408e-01
3.898567890998795304e-01
3.900183767756392195e-01
3.901833534617135113e-01
3.903373630395467475e-01
3.905077315875216670e-01
3.906658903251540860e-01
3.908397907591484866e-01
3.910146208112300070e-01
3.911752008058068109e-01
3.913497080550910057e-01
3.915227976806967547e-01
3.916795253007031019e-01
3.918471626747272452e-01
3.919971182824075195e-01
3.921553322144508691e-01
3.923069462452123402e-01
3.924392437084490703e-01
3.925749149486689737e-01
3.926906480395930821e-01
3.928062037404775331e-01
3.929057645184417247e-01
3.929935297569885355e-01
3.930688407413386320e-01
3.931311801845925880e-01
3.931819490098458769e-01
3.932168478201558681e-01
3.932382165513202410e-01
3.932462268503575387e-01
3.932406521923902387e-01
3.932226059448211686e-01
3.931927249110971911e-01
3.931517777745590081e-01
3.931006234176954162e-01
3.930372969548906470e-01
3.929681964436525510e-01
3.928918000440006497e-01
3.928090965249490529e-01
3.927170662043391047e-01
3.926244803058382971e-01
3.925284398589404256e-01
3.924297523825225897e-01
3.923291269077314181e-01
3.922226434613164114e-01
3.921197973892202038e-01
3.920164831710902242e-01
3.919129569982731653e-01
3.918048022250041895e-01
3.917012010086061147e-01
3.915975377757924814e-01
3.914936770023650370e-01
3.913894097780803438e-01
3.912798276277021370e-01
3.911738781874271043e-01
3.910666637997609607e-01
3.909579392591239766e-01
3.908426394700486028e-01
3.907304453499981234e-01
3.906166257080985749e-01
3.905014194483627521e-01
3.903800677979274436e-01
3.902633013150088037e-01
3.901465768201453632e-01
3.900304802899299816e-01
3.899155923892060893e-01
3.897975259070158294e-01
3.896867433618950716e-01
3.895786391825657446e-01
3.894735538687258414e-01
3.893673436287661827e-01
3.892649340212761544e-01
3.891746479049630336e-01
3.890799004258137517e-01
3.889967611187664098e-01
3.889098676884629735e-01
3.888270645851119589e-01
3.887548445129208607e-01
3.886797739724401346e-01
3.886086602809705748e-01
3.885470157166149296e-01
3.884833161803609713e-01
3.884283640616189581e-01
3.883718543685574232e-01
3.883190119611266145e-01
3.882738680070612070e-01
3.882298141687757775e-01
3.881890001044532301e-01
3.881497663398144615e-01
3.881154699509844486e-01
3.880843228529811118e-01
3.880563055513111537e-01
3.880314042527240881e-01
3.880086720380008791e-01
3.879901203411828536e-01
3.879746806321682784e-01
3.879623656811541643e-01
3.879530018441429973e-01
3.879470806168012764e-01
3.879443833047233614e-01
3.879449904949034411e-01
3.879490208766086523e-01
3.879568722739863418e-01
3.879681470915652408e-01
3.879831980209792475e-01
3.880022167392497279e-01
3.880264743441735886e-01
3.880543424268007024e-01
3.880869896444666400e-01
3.881247803534005891e-01
3.881681434034567890e-01
3.882198186797966022e-01
3.882762414664163719e-01
3.883400813533771645e-01
3.884121820504197187e-01
3.884972437831380465e-01
3.885895215134232972e-01
3.886936774744795264e-01
3.888113170494687520e-01
3.889442565663301377e-01
3.891013597566766458e-01
3.892678084236382285e-01
3.894629788925866865e-01
3.896757625139196102e-01
3.899135146240558236e-01
3.901599426607423871e-01
3.904118466624799111e-01
3.906356730417632206e-01
3.908063826729757939e-01
3.908945866747560727e-01
3.908800245362950565e-01
3.907691850809755785e-01
3.905932532557049308e-01
3.903777263230550076e-01
3.901585837828739911e-01
3.899439418044480243e-01
3.897518603507939550e-01
3.895808401959818812e-01
3.894249635247556407e-01
3.892959722161542513e-01
3.891849425356293524e-01
3.890898516689728082e-01
3.890054869660323766e-01
3.889372218335434006e-01
3.888796965019277185e-01
3.888316266530042475e-01
3.887919154877129690e-01
3.887583179569576997e-01
3.887329347613409092e-01
3.887134787302472527e-01
3.886993765013353475e-01
3.886897757846800583e-01
3.886851634061113114e-01
3.886846162830958629e-01
3.886878242009319528e-01
3.886948204401554641e-01
3.887053483191298953e-01
3.887180279914137504e-01
3.887347131523534172e-01
3.887527236208939141e-01
3.887749261857372240e-01
3.887998057191223156e-01
3.888249878101507351e-01
3.888546903239059049e-01
3.888867752955182389e-01
3.889183371435512293e-01
3.889532829558879357e-01
3.889902391272138105e-01
3.890291599136008749e-01
3.890717586176505871e-01
3.891145687528528296e-01
3.891592247211687616e-01
3.892056869315360657e-01
3.892559813242183475e-01
3.893059807389359084e-01
3.893576036009580577e-01
3.894107421422188242e-01
3.894652433129083269e-01
3.895232680417697324e-01
3.895797946328452555e-01
3.896367583579856686e-01
3.896936653884748858e-01
3.897511318733051788e-01
3.898061938670678850e-01
3.898595639608930519e-01
3.899119916279338294e-01
3.899612283359795706e-01
3.900094956269595237e-01
3.900550959685364916e-01
3.901003062611635430e-01
3.901435948981298307e-01
3.901879379490905131e-01
3.902299609675785597e-01
3.902715913161662886e-01
3.903129174256650957e-01
3.903540058881970753e-01
3.903966265719380213e-01
3.904374178044017207e-01
3.904781659359829460e-01
3.905189495341717665e-01
3.905615713079704787e-01
3.906026989966276397e-01
3.906441335340187226e-01
3.906859634246717672e-01
3.907282713788826634e-01
3.907747549728331493e-01
3.908164471360809911e-01
3.908624938040478058e-01
3.909055125160423860e-01
3.909530826501187439e-01
3.910014908218262253e-01
3.910467447052630718e-01
3.910947709399159034e-01
3.911436137082453524e-01
3.911954048490206559e-01
3.912459814409033898e-01
3.912974544210705563e-01
3.913521029960451147e-01
3.914078373871938132e-01
3.914600684647655537e-01
3.915157079100188287e-01
3.915725456589093101e-01
3.916306546251592802e-01
3.916926582250788713e-01
3.917535934430866895e-01
3.918160255387258539e-01
3.918800307506720149e-01
3.919485124335377324e-01
3.920159678778436518e-01
3.920852176832746450e-01
3.921563203588290247e-01
3.922293223313952915e-01
3.923074900646097429e-01
3.923877725080276435e-01
3.924633371872701670e-01
3.925475952942844571e-01
3.926338090124978364e-01
3.927145571511216904e-01
3.928040418852313809e-01
3.928873673763138563e-01
3.929752857894655560e-01
3.930674739852600408e-01
3.931558556785383352e-01
3.932435974222316943e-01
3.933299982259906291e-01
3.934177993446677513e-01
3.934989054583640233e-01
3.935760285839858819e-01
3.936482071849312647e-01
3.937144928821512124e-01
3.937763508918976085e-01
3.938279531391128407e-01
3.938713560550889947e-01
3.939061516928673012e-01
3.939330264116092106e-01
3.939499419689306281e-01
3.939584528224520099e-01
3.939590750435081890e-01
3.939519899918473289e-01
3.939387588254055772e-01
3.939200570161357495e-01
3.938967948683869680e-01
3.938698679398523472e-01
3.938387136867816940e-01
3.938068678485366347e-01
3.937737204940855440e-01
3.937398843156262873e-01
3.937043436888773007e-01
3.936714124356797129e-01
3.936383751188298752e-01
3.936055918190441427e-01
3.935747806820807937e-01
3.935447506323565547e-01
3.935170223470674244e-01
3.934907699224453048e-01
3.934664731210258393e-01
3.934443040912379841e-01
3.934244808470456212e-01
3.934073853392021092e-01
3.933920456038934588e-01
3.933763276038526047e-01
3.933603458392591068e-01
3.933463860266168122e-01
3.933349160371414355e-01
3.933257274396211867e-01
3.933185316813344601e-01
3.933134361950327840e-01
3.933101413008803782e-01
3.933085374455376204e-01
3.933087282770886817e-01
3.933106585470055316e-01
3.933143711338070725e-01
3.933200979390281682e-01
3.933278983265746098e-01
3.933382406753511140e-01
3.933510799466259922e-01
3.933646403055897633e-01
3.933738656356278729e-01
3.933735754469951384e-01
3.933671828435592044e-01
3.933604587158475718e-01
3.933554740994250065e-01
3.933522057724949117e-01
3.933501673108122931e-01
3.933490655875141462e-01
3.933485170133923514e-01
3.933484601670491076e-01
3.933487693192435630e-01
3.933493874726332606e-01
3.933504070909357164e-01
3.933518126067167553e-01
3.933536487029093420e-01
3.933560091309573070e-01
3.933588839621990352e-01
3.933623441274349819e-01
3.933664357921476951e-01
3.933711999048530861e-01
3.933768567460801391e-01
3.933830986129144835e-01
3.933901023606997116e-01
3.933981731661496117e-01
3.934071089201711668e-01
3.934162024898930632e-01
3.934268215459868490e-01
3.934374660502946708e-01
3.934497793688532252e-01
3.934629742951701314e-01
3.934759744144318838e-01
3.934902757567705911e-01
3.935053715728739077e-01
3.935218934349821174e-01
3.935385909699528617e-01
3.935560605455170058e-01
3.935742941872297229e-01
3.935932836216939901e-01
3.936138255787316464e-01
3.936343344787195941e-01
3.936555749317584008e-01
3.936775396414330941e-01
3.937011528977413799e-01
3.937245749168140074e-01
3.937496945577645957e-01
3.937735227744532662e-01
3.938000913436348061e-01
3.938274070003930927e-01
3.938532332489647070e-01
3.938819657073677205e-01
3.939090824766416365e-01
3.939392142642063610e-01
3.939700699463603017e-01
3.939991221880533856e-01
3.940313536336577660e-01
3.940642977512604506e-01
3.940952556764762416e-01
3.941295567359126562e-01
3.941617537845910624e-01
3.941974015811838261e-01
3.942337489283551655e-01
3.942678168599010879e-01
3.943055012412232108e-01
3.943407938297209814e-01
3.943798130466538709e-01
3.944195294100291127e-01
3.944566862477330571e-01
3.944977426094635753e-01
3.945361312023936695e-01
3.945785353365660608e-01
3.946216467397943295e-01
3.946619266775827084e-01
3.947064029054275780e-01
3.947515957438352818e-01
3.947937929299851767e-01
3.948403695954686987e-01
3.948838418029723685e-01
3.949298728365278066e-01
3.949785553515834935e-01
3.950259766558166796e-01
3.950740894585929031e-01
3.951229042207406450e-01
3.951745331420129514e-01
3.952248324798299239e-01
3.952748121206347554e-01
3.953277559669622909e-01
3.953804680027446783e-01
3.954352424385410014e-01
3.954899213766137067e-01
3.955463581499680248e-01
3.956041473981767309e-01
3.956633377477088986e-01
3.957233435571416713e-01
3.957818107312680578e-01
3.958390212312590251e-01
3.958959710282053401e-01
3.959541984583055951e-01
3.960141112926724993e-01
3.960756902980224758e-01
3.961388733845024324e-01
3.962043292862426069e-01
3.962700275046253662e-01
3.963388247589502145e-01
3.964079694341307025e-01
3.964789967576902718e-01
3.965551977088456748e-01
3.966305035251923572e-01
3.967080744807378045e-01
3.967879253088001379e-01
3.968716682101790516e-01
3.969553557313404979e-01
3.970416092520902551e-01
3.971253025119940161e-01
3.972061036478566343e-01
3.972830490772070178e-01
3.973506881081311781e-01
3.974107283076431241e-01
3.974611888869158949e-01
3.975061571693095375e-01
3.975463473767946732e-01
3.975859173341204644e-01
3.976250958906149546e-01
3.976658625164734007e-01
3.977107145036762881e-01
3.977563459792431422e-01
3.978045560288628879e-01
3.978552771470685867e-01
3.979106672222904595e-01
3.979660956616316025e-01
3.980235925923432672e-01
3.980830085245824490e-01
3.981442052469597037e-01
3.982097499467475155e-01
3.982742056230698102e-01
3.983400937198254277e-01
3.984073198743338096e-01
3.984787290215690003e-01
3.985484343375320093e-01
3.986192430792590002e-01
3.986910931575333716e-01
3.987639294978218008e-01
3.988408582638384159e-01
3.989155731170587749e-01
3.989911571863407058e-01
3.990675895453704158e-01
3.991481592310563431e-01
3.992262919719047343e-01
3.993052559464588813e-01
3.993850580638972914e-01
3.994657095234031563e-01
3.995507116531337166e-01
3.996331421505303627e-01
3.997200336122026521e-01
3.998006988805464790e-01
3.998895002684794142e-01
3.999793178283975181e-01
4.000626988221155922e-01
4.001544915366229693e-01
4.002473248671218342e-01
4.003334862792058968e-01
4.004283233792687580e-01
4.005163240083176590e-01
4.006131668785132272e-01
4.007110547612339757e-01
4.008018495795364622e-01
4.008976286868120575e-01
4.009943666652747152e-01
4.010962605707874551e-01
4.011949756008595935e-01
4.012946772352457003e-01
4.013953897562853590e-01
4.014971497601775852e-01
4.016044330294671338e-01
4.017085301362766092e-01
4.018139257019814337e-01
4.019207782158585318e-01
4.020316459991818969e-01
4.021421910269645239e-01
4.022551153681805380e-01
4.023734569830078600e-01
4.024929143510307394e-01
4.026193355493706827e-01
4.027479043318744623e-01
4.028821516017700444e-01
4.030174750650605264e-01
4.031457456429444197e-01
4.032551559279669573e-01
4.033382967541560560e-01
4.034026128258308974e-01
4.034589052054491365e-01
4.035164126330343937e-01
4.035769058094245132e-01
4.036436004482277240e-01
4.037132636002044306e-01
4.037880833882925291e-01
4.038642542649139577e-01
4.039427291082645644e-01
4.040247936694945641e-01
4.041066963757881103e-01
4.041934434354207406e-01
4.042777727853610892e-01
4.043630669377984987e-01
4.044492307949801302e-01
4.045399131539422211e-01
4.046276555317495638e-01
4.047161021191192365e-01
4.048052202776706854e-01
4.048949816545059366e-01
4.049892259488692692e-01
4.050802312982240694e-01
4.051718158855729390e-01
4.052639636351241248e-01
4.053606222087028366e-01
4.054538786994071886e-01
4.055516710845333272e-01
4.056419659408663780e-01
4.057408393278277847e-01
4.058402731624255466e-01
4.059320703755018300e-01
4.060325891266622911e-01
4.061253954487456519e-01
4.062270388843841618e-01
4.063292955492694980e-01
4.064237456620153344e-01
4.065272494985466833e-01
4.066228951687685389e-01
4.067277675375829959e-01
4.068334107830731128e-01
4.069311192272085931e-01
4.070383564941929544e-01
4.071464843426063629e-01
4.072465689847946102e-01
4.073564878213893348e-01
4.074582394090649484e-01
4.075699657117639596e-01
4.076825755651942162e-01
4.077866508531494683e-01
4.079006253626605294e-01
4.080056268911992357e-01
4.081201106489520947e-01
4.082296416506354109e-01
4.083384683169679064e-01
4.084460753330806937e-01
4.085518998711289429e-01
4.086597287080785401e-01
4.087602001155547504e-01
4.088573895221043197e-01
4.089510841998245105e-01
4.090450600693779637e-01
4.091319129474841332e-01
4.092160425435936166e-01
4.092981158895833138e-01
4.093823315405042962e-01
4.094661132740101128e-01
4.095434995088871322e-01
4.096290501019311803e-01
4.097095072317180620e-01
4.097998444569763143e-01
4.098936857829632019e-01
4.099834579678896529e-01
4.100856534513475649e-01
4.101929920458053380e-01
4.102965093372042960e-01
4.104151766392377665e-01
4.105300033032738827e-01
4.106565104184761728e-01
4.107962050622158690e-01
4.109382983135553280e-01
4.110891284109458588e-01
4.112495671662346197e-01
4.114282342091583611e-01
4.116116206382545162e-01
4.118082342027628573e-01
4.120197080418197544e-01
4.122479857402721604e-01
4.125009722075296259e-01
4.127708785001616976e-01
4.130730210443677719e-01
4.133990633897305367e-01
4.137771406912887917e-01
4.141832298865759099e-01
4.146414008602617440e-01
4.151638631548532632e-01
4.157671707768686442e-01
4.164911180622858922e-01
4.173390451937866730e-01
4.184007434091181477e-01
4.197133000477131226e-01
4.214785751620339083e-01
4.238869037769604775e-01
4.275355022053487497e-01
4.340440968211572437e-01
4.501481830869364376e-01
6.257054960416434941e-01
4.473385627414666055e-01
4.332588392730065130e-01
4.272375235477836597e-01
4.238112676679794966e-01
4.215530502834387017e-01
4.199231212955777393e-01
4.187192429818157868e-01
4.177728198590446307e-01
4.169925497644882961e-01
4.163626985661432744e-01
4.158224134669800676e-01
4.153725339041791087e-01
4.149771833412390643e-01
4.146417057680961693e-01
4.143424282767293465e-01
4.140853973697041779e-01
4.138585266211861624e-01
4.136493227866503419e-01
4.134718655419439837e-01
4.133140538013992948e-01
4.131736014261758183e-01
4.130434101471729957e-01
4.129328443107029845e-01
4.128347376899157983e-01
4.127479553845178617e-01
4.126715289801921593e-01
4.126018409192802605e-01
4.125441256792389821e-01
4.124945886843907061e-01
4.124527066184038859e-01
4.124165945956720924e-01
4.123878931864477515e-01
4.123679419942297142e-01
4.123524760018993374e-01
4.123441921351178596e-01
4.123410545777601577e-01
4.123439605453416146e-01
4.123525142453368098e-01
4.123667184575824374e-01
4.123875619962220629e-01
4.124136370273991936e-01
4.124458717925138518e-01
4.124846491561561246e-01
4.125304680454092154e-01
4.125850936210353481e-01
4.126466877215559936e-01
4.127174492102615999e-01
4.127919397178013705e-01
4.128659886207223240e-01
4.129289599328218596e-01
4.129742631665930808e-01
4.130054085412854792e-01
4.130321083485877787e-01
4.130621740860687119e-01
4.130987259510258691e-01
4.131437790770949858e-01
4.131951038452741920e-01
4.132541043160769534e-01
4.133190183160563858e-01
4.133876696478058221e-01
4.134608007220499926e-01
4.135413047619422300e-01
4.136257250840895683e-01
4.137063577764030220e-01
4.137971500551840265e-01
4.138829827184474786e-01
4.139787665048457188e-01
4.140766167415899646e-01
4.141679715936650852e-01
4.142687365964107249e-01
4.143704684830885054e-01
4.144644083689279501e-01
4.145669336969293184e-01
4.146609793060779814e-01
4.147629736283249269e-01
4.148642254367572169e-01
4.149563234846308513e-01
4.150554672987633587e-01
4.151453423954598598e-01
4.152418838624173381e-01
4.153370767362394300e-01
4.154234326228429808e-01
4.155165306672187198e-01
4.156014782162272270e-01
4.156938086336528504e-01
4.157865435017740752e-01
4.158726676995467830e-01
4.159682436401734851e-01
4.160665936117597941e-01
4.161602246484151224e-01
4.162668647917902032e-01
4.163701013302358866e-01
4.164896250017159907e-01
4.166125359773080183e-01
4.167450404281067833e-01
4.168887643617526506e-01
4.170455268255724990e-01
4.172251419378819604e-01
4.174152253278878288e-01
4.176255080361715999e-01
4.178590545029135517e-01
4.181193755134491319e-01
4.184238046438903402e-01
4.187517933897988986e-01
4.191201237221555131e-01
4.195337552191263919e-01
4.200076444970792799e-01
4.205240927060100442e-01
4.211031016360656243e-01
4.217087756835179446e-01
4.223267756035639087e-01
4.229218882084396225e-01
4.233986859561981175e-01
4.236961662482883195e-01
4.237431008953437828e-01
4.235336496914448023e-01
4.231246973509986686e-01
4.225779943261285254e-01
4.219914101935869355e-01
4.214072315427336846e-01
4.208449259930744923e-01
4.203430959934321698e-01
4.198840828810615489e-01
4.194860328317521758e-01
4.191274015769166916e-01
4.188122883366470761e-01
4.185410839501845781e-01
4.183021148108084786e-01
4.180913824924830102e-01
4.178977458438168369e-01
4.177344065529843831e-01
4.175901513205022564e-01
4.174628009915579696e-01
4.173458408583042289e-01
4.172475336817262903e-01
4.171612520253339951e-01
4.170858257533167079e-01
4.170202442038016266e-01
4.169612758696393806e-01
4.169132090953516223e-01
4.168726548797854758e-01
4.168376351887619902e-01
4.168095851791142614e-01
4.167897225101244718e-01
4.167736626419499268e-01
4.167640749209416962e-01
4.167585305459097222e-01
4.167579907652164684e-01
4.167618115960884384e-01
4.167700969946413481e-01
4.167815997892185820e-01
4.167978651111488575e-01
4.168180119721636712e-01
4.168399073980293412e-01
4.168670364921441829e-01
4.168975990942499488e-01
4.169286850404009814e-01
4.169654857479049292e-01
4.170021044867163185e-01
4.170447563937477731e-01
4.170903289093171873e-01
4.171347625525853031e-01
4.171857138915260332e-01
4.172349588439207002e-01
4.172910394904837394e-01
4.173497103105698880e-01
4.174109186851495124e-01
4.174746163423326273e-01
4.175298914162460795e-01
4.175980404973919646e-01
4.176685627894322628e-01
4.177414238096068821e-01
4.178165921216686618e-01
4.178940391140153476e-01
4.179606248741110086e-01
4.180421845069170472e-01
4.181259568810120064e-01
4.182119238078139123e-01
4.183000697726843020e-01
4.183755049588551711e-01
4.184676145895544486e-01
4.185618744828101256e-01
4.186582802284264937e-01
4.187568307424269221e-01
4.188409216189779571e-01
4.189434130630649844e-01
4.190480662420144609e-01
4.191548951745158735e-01
4.192639186219460079e-01
4.193567909290003004e-01
4.194699035596050618e-01
4.195852930260537406e-01
4.196932646922542642e-01
4.198131374284340689e-01
4.199253039411680599e-01
4.200498589542109862e-01
4.201769539414179078e-01
4.202959184504801438e-01
4.204281054084680891e-01
4.205518895593903239e-01
4.206895167741575015e-01
4.208301432730757186e-01
4.209619548942135081e-01
4.211086841800806835e-01
4.212463241644220924e-01
4.213996869098517450e-01
4.215567481542273898e-01
4.217042867790628535e-01
4.218689470713580247e-01
4.220378635545135038e-01
4.221967931235453553e-01
4.223744891770491172e-01
4.225418704485229826e-01
4.227292550491010270e-01
4.229220957235693690e-01
4.231040799025729826e-01
4.233082319661174431e-01
4.235011389589080077e-01
4.237178500069989640e-01
4.239416630097057048e-01
4.241535783574835183e-01
4.243921675973125196e-01
4.246183783429497427e-01
4.248734264852542242e-01
4.251377898826107504e-01
4.253889251163763263e-01
4.256606888702022529e-01
4.259548511555741879e-01
4.262475891437226272e-01
4.265513598128229944e-01
4.268666578874693029e-01
4.271939548916544038e-01
4.275486494353789579e-01
4.279017258158879233e-01
4.282678647686228302e-01
4.286471856872790531e-01
4.290568863066221983e-01
4.294626531943406267e-01
4.298805211386652614e-01
4.303094012305537786e-01
4.307476776991731593e-01
4.312124914658979069e-01
4.316621396177318659e-01
4.321118511237110882e-01
4.325567530404768601e-01
4.330094250983316240e-01
4.334252333979559668e-01
4.338155845888513884e-01
4.341723201128823151e-01
4.344997285339637916e-01
4.347626753695606472e-01
4.349690886379883881e-01
4.351141115815315152e-01
4.351951248128281269e-01
4.352112472529608422e-01
4.351638925157583770e-01
4.350598257280778314e-01
4.349056145448023658e-01
4.346995057936651197e-01
4.344674092585350533e-01
4.342097052595582096e-01
4.339340951088141440e-01
4.336474882689522192e-01
4.333430347494480195e-01
4.330514029106280471e-01
4.327638364813081728e-01
4.324834082384446665e-01
4.322007896861795873e-01
4.319303155908352787e-01
4.316942977970353867e-01
4.314501442487410077e-01
4.312392235869912382e-01
4.310228897966448258e-01
4.308292153633844213e-01
4.306485613537461288e-01
4.304805837644759547e-01
4.303182801622694176e-01
4.301748805703449197e-01
4.300427868652619279e-01
4.299214996626725127e-01
4.298105094766989653e-01
4.297050204463939704e-01
4.296134563155816211e-01
4.295305921330264121e-01
4.294558867906526078e-01
4.293859381232637551e-01
4.293261397318201000e-01
4.292738282778573167e-01
4.292248857008784113e-01
4.291821166240986085e-01
4.291430938919745253e-01
4.291093736277701298e-01
4.290794330039292004e-01
4.290547692547564407e-01
4.290338984589035509e-01
4.290187503914332789e-01
4.290081889002338444e-01
4.290020761384005787e-01
4.290002439981991378e-01
4.290026162166468149e-01
4.290090026167491244e-01
4.290191825204962561e-01
4.290330343713829042e-01
4.290512028829310820e-01
4.290722654263531832e-01
4.290967477444102562e-01
4.291245957259751109e-01
4.291557650911116961e-01
4.291916996232586490e-01
4.292295506798047278e-01
4.292706327836461333e-01
4.293149268266030494e-01
4.293644615680961008e-01
4.294152686826706589e-01
4.294692349512587159e-01
4.295263312904233910e-01
4.295865123959793364e-01
4.296524287435615763e-01
4.297186471890508397e-01
4.297875919365586883e-01
4.298590189267508799e-01
4.299357378042862887e-01
4.300110597322254202e-01
4.300874655508435951e-01
4.301642470126481599e-01
4.302405956315646929e-01
4.303187841076497877e-01
4.303916219675933408e-01
4.304616300356057801e-01
4.305283563627606003e-01
4.305942275526242202e-01
4.306540935628915268e-01
4.307111064583934446e-01
4.307658547524838566e-01
4.308189910414897961e-01
4.308733055341913976e-01
4.309250192257385592e-01
4.309767819114532217e-01
4.310289789269070027e-01
4.310841848999711345e-01
4.311383091259460287e-01
4.311938567974513692e-01
4.312511298088571587e-01
4.313104077867804809e-01
4.313745726162138694e-01
4.314386611032309804e-01
4.315053587076487784e-01
4.315747720275196486e-01
4.316500793866333563e-01
4.317252204614167033e-01
4.318031976729172494e-01
4.318840098201152666e-01
4.319712545007131088e-01
4.320578231300583605e-01
4.321471850373869161e-01
4.322393262282385185e-01
4.323342358564037369e-01
4.324361253119006765e-01
4.325366819320830558e-01
4.326400094957182918e-01
4.327461221215603282e-01
4.328597472100668697e-01
4.329716223084680848e-01
4.330863656631156466e-01
4.332040172521808286e-01
4.333246236085180891e-01
4.334509113346416975e-01
4.335776594473163548e-01
4.337103606431407798e-01
4.338435478570109582e-01
4.339830330971863326e-01
4.341231111998263836e-01
4.342668370118757393e-01
4.344176194218873910e-01
4.345693747908533355e-01
4.347322928870098746e-01
4.348932971406930803e-01
4.350593413629024742e-01
4.352308297974321061e-01
4.354159894808389830e-01
4.356001339337483014e-01
4.357913967383429399e-01
4.359905319602240259e-01
4.361984200313074322e-01
4.364256638417449152e-01
4.366495514172185066e-01
4.368953677955580428e-01
4.371485292572284687e-01
4.374195214433041490e-01
4.376944542184496578e-01
4.379730404464804439e-01
4.382501647314995252e-01
4.384981277742297512e-01
4.387099124795461602e-01
4.388658967821952306e-01
4.389749608303309958e-01
4.390461749000711955e-01
4.391005489650234295e-01
4.391504591641149924e-01
4.392075217653192420e-01
4.392740695847985877e-01
4.393528356023914117e-01
4.394459699942312447e-01
4.395512658709465059e-01
4.396652319617702087e-01
4.397890353165971322e-01
4.399277356307103592e-01
4.400692447492954851e-01
4.402185023143466158e-01
4.403750702143188755e-01
4.405386148943800095e-01
4.407163537284339294e-01
4.408934947997497633e-01
4.410771235704557536e-01
4.412672230090693981e-01
4.414810540332532729e-01
4.416759663191756613e-01
4.418954925795658961e-01
4.421036297939340831e-01
4.423381305970847666e-01
4.425810116342042133e-01
4.428116291622128387e-01
4.430611175247950451e-01
4.433199054799221717e-01
4.436005727438807056e-01
4.438808346779261060e-01
4.441731218947876925e-01
4.444786855882369436e-01
4.447990123016938857e-01
4.451508354599958417e-01
4.455072422579453573e-01
4.458850189554826593e-01
4.462873245851124993e-01
4.467373826991078434e-01
4.472028995086499426e-01
4.477080136877635841e-01
4.482605705334499202e-01
4.488707895099893208e-01
4.495836700968918742e-01
4.503593433256315448e-01
4.512521304654104615e-01
4.523004228328405540e-01
4.535929057319653124e-01
4.551704883060427864e-01
4.572468006715386668e-01
4.601279409866407821e-01
4.645223465243392136e-01
4.722698881390283154e-01
4.916148077641760428e-01
5.599703521718040200e-01
4.899501605990008168e-01
4.723174465866447069e-01
4.651456151492258106e-01
4.612598804688156084e-01
4.588080841618462635e-01
4.571110593492495044e-01
4.559098393419647732e-01
4.550071641439851211e-01
4.542998667361352050e-01
4.537613008572186635e-01
4.533295652808313481e-01
4.529911338451156344e-01
4.527320030811096685e-01
4.525309779962021772e-01
4.523724455722757387e-01
4.522619965047300905e-01
4.521860728779900085e-01
4.521399972980220117e-01
4.521199943333401028e-01
4.521234878901054244e-01
4.521477426930037846e-01
4.521902205761171856e-01
4.522491518033280866e-01
4.523264825710687220e-01
4.524146627329971859e-01
4.525154473153782386e-01
4.526279264246966250e-01
4.527513064413080102e-01
4.528908186060913721e-01
4.530407319258694110e-01
4.531869384263257916e-01
4.533550771051573780e-01
4.535319425212089861e-01
4.537015152114162175e-01
4.538938007034383215e-01
4.540767809125916821e-01
4.542829412891096208e-01
4.544957734589751275e-01
4.546966000889204884e-01
4.549211828086379694e-01
4.551321682783569522e-01
4.553671739000562657e-01
4.556071033176930518e-01
4.558312590863649039e-01
4.560796746114706424e-01
4.563110619143688207e-01
4.565668036112947026e-01
4.568151965560582894e-01
4.570665276150697176e-01
4.573206314959078478e-01
4.575885067025262098e-01
4.578479365011836055e-01
4.581098908871725772e-01
4.583743583582183256e-01
4.586413367315568812e-01
4.589166439145759280e-01
4.591886275161555786e-01
4.594690230002200226e-01
4.597461418780663944e-01
4.600322401665229433e-01
4.603155951367391974e-01
4.606087606985045935e-01
4.608996268943641450e-01
4.611945652140953533e-01
4.615067887128440072e-01
4.618106722664350183e-01
4.621192312547139913e-01
4.624463103073609971e-01
4.627789417859241583e-01
4.630891413942168633e-01
4.634331468784584351e-01
4.637542539515389084e-01
4.641107290865332802e-01
4.644742176942038281e-01
4.648141096376181558e-01
4.651921998466785890e-01
4.655462759978771792e-01
4.659408252202928979e-01
4.663448736875162037e-01
4.667244302483326002e-01
4.671310727776702976e-01
4.675487564142802865e-01
4.679974141028200307e-01
4.684411608074255384e-01
4.688998524998346795e-01
4.693753658782352511e-01
4.698919173210396871e-01
4.704097375155271155e-01
4.709536738507265619e-01
4.715288199820374393e-01
4.721420610377995430e-01
4.728178801616221838e-01
4.735415376509499175e-01
4.743562033188525873e-01
4.752857419560477248e-01
4.763778924150532390e-01
4.777018274300914302e-01
4.793302691323987341e-01
4.811818774576908653e-01
4.826228297217875496e-01
4.826946214483727737e-01
4.818894574217974514e-01
4.811527699149643067e-01
4.807339335478931219e-01
4.805853748422160843e-01
4.806304421663348259e-01
4.808153830067650181e-01
4.810955964452890976e-01
4.814586857491346406e-01
4.818733672909114585e-01
4.823461310600357654e-01
4.828488410688048793e-01
4.833848977611028275e-01
4.839743724011266179e-01
4.845639994643818893e-01
4.851739508186447836e-01
4.858009764281771004e-01
4.864705141579834247e-01
4.871108083084461637e-01
4.877768909111919737e-01
4.884696490134127767e-01
4.891606246196819607e-01
4.898812610130139356e-01
4.906027645169966367e-01
4.913582926737771750e-01
4.921175505789979199e-01
4.929321698404049990e-01
4.937357128337094281e-01
4.945624050623208534e-01
4.954127824022933613e-01
4.962870803023909372e-01
4.972247465902470687e-01
4.981475618908765002e-01
4.990934445444230039e-01
5.000616351633486723e-01
5.010944935829855229e-01
5.021048297757420009e-01
5.031335219858705798e-01
5.041786436731195975e-01
5.052379164950879797e-01
5.063320058262227308e-01
5.074113549346397356e-01
5.085191442168361942e-01
5.096043978957203180e-01
5.107096837287006252e-01
5.117832834449381751e-01
5.128549928002573699e-01
5.138963005503291992e-01
5.149239606304882866e-01
5.159206524861583709e-01
5.168805525703534798e-01
5.178076490868472881e-01
5.186679853144683383e-01
5.194942191635403272e-01
5.202476888842071379e-01
5.209584132984041993e-01
5.215949490144052847e-01
5.221729699971185967e-01
5.227149664843032673e-01
5.231785267260217198e-01
5.235907925675172825e-01
5.239559941248780328e-01
5.242854774244815053e-01
5.245707069777747478e-01
5.248299107938234620e-01
5.250583903345347192e-01
5.252684146135470078e-01
5.254709194023904351e-01
5.256643350472234300e-01
5.258638807719978603e-01
5.260675867307127440e-01
5.262903509642152811e-01
5.265283675790177753e-01
5.267971107544607845e-01
5.270899684905684390e-01
5.274166522350666186e-01
5.277980500839695166e-01
5.282070330315936646e-01
5.286628881196661078e-01
5.291701197580976901e-01
5.297590179719483539e-01
5.303855084143213050e-01
5.310772614698741068e-01
5.318386348636567895e-01
5.326737893774000643e-01
5.336280615185199361e-01
5.346260481871926151e-01
5.357092165295168629e-01
5.368809667818013054e-01
5.382015359377579911e-01
5.395644756189516000e-01
5.410258762191145765e-01
5.425889427660823827e-01
5.443316511441542715e-01
5.461121478489452397e-01
5.480032979610778288e-01
5.500072449158558419e-01
5.521253142539795933e-01
5.544572108909361363e-01
5.568074670241837110e-01
5.592672448799487217e-01
5.618306036611278032e-01
5.646057325465850818e-01
5.673478650978652782e-01
5.701522104928619106e-01
5.729945851343140051e-01
5.758440366939364674e-01
5.787830761507468669e-01
5.815188012257860306e-01
5.841200567441326985e-01
5.865256271798774401e-01
5.887557496662549905e-01
5.905552576152939270e-01
5.919592257138053260e-01
5.929121371408124785e-01
5.933720324364537557e-01
5.933002926097029617e-01
5.927184567434137241e-01
5.915969892422633380e-01
5.900282478783460682e-01
5.879500982483082394e-01
5.855993520793713047e-01
5.829633447853610484e-01
5.801072658226282819e-01
5.770924445045620965e-01
5.738366802907420849e-01
5.706608071884321509e-01
5.674703809960972567e-01
5.642973782920948089e-01
5.610319406023815958e-01
5.579661604904158079e-01
5.549765794549249565e-01
5.519485412139297775e-01
5.492613652825208970e-01
5.464297236090723819e-01
5.437042352396269651e-01
5.412993590579219250e-01
5.387759902956840152e-01
5.363551109274543593e-01
5.342236757434379868e-01
5.319903414667581654e-01
5.300247041678776139e-01
5.279651648020946553e-01
5.259905100440835923e-01
5.242518327818408430e-01
5.224288310441239647e-01
5.208226746779170968e-01
5.191373788646947984e-01
5.175187127037251811e-01
5.160908292149164467e-01
5.146520617893765026e-01
5.132660001483873025e-01
5.118729828154682249e-01
5.105868317788543331e-01
5.093460361379945622e-01
5.081484385351202615e-01
5.069425055717124984e-01
5.058269736481831869e-01
5.047487857209338458e-01
5.037062293507880151e-01
5.026976813710035685e-01
5.017006775073032943e-01
5.007562779625581717e-01
4.998218511246361184e-01
4.989359343564184757e-01
4.980585680937777981e-01
4.972259780488815784e-01
4.964006278754807822e-01
4.956166200296633351e-01
4.948550078146357611e-01
4.940988513485226052e-01
4.933794645053556360e-01
4.926644966070665710e-01
4.919836191168772688e-01
4.913062872575762463e-01
4.906607067601553851e-01
4.900180143920504494e-01
4.894050860606592446e-01
4.888075014680868247e-01
4.881996828148945089e-01
4.876320741864538233e-01
4.870785353137543905e-01
4.865387088710224628e-01
4.859895417378385374e-01
4.854766742771752241e-01
4.849765013938377445e-01
4.844887038173418814e-01
4.840129733310903348e-01
4.835289816869527413e-01
4.830867444255239618e-01
4.826361638729078085e-01
4.822062673892411055e-01
4.817779983973948243e-01
4.813694745248308648e-01
4.809626361056922872e-01
4.805747905690403443e-01
4.801930245872609859e-01
4.798257898694299750e-01
4.794656572298504060e-01
4.791184191611829735e-01
4.787894308330244431e-01
4.785038399888050242e-01
4.784551374691145553e-01
4.778532638610479832e-01
4.774785680694827450e-01
4.771485366236392078e-01
4.768376151024005249e-01
4.765363341893953386e-01
4.762442243678419174e-01
4.759602617775209321e-01
4.756809254338201787e-01
4.754147515640107513e-01
4.751498219914752630e-01
4.748973588058647555e-01
4.746461442485223059e-01
4.744016904600725781e-01
4.741689498482444254e-01
4.739425152634173521e-01
4.737223135855851974e-01
4.734989893115715831e-01
4.732912936894176359e-01
4.730896084352566588e-01
4.728938609901364165e-01
4.726957442743280335e-01
4.725119093607662024e-01
4.723337956610427213e-01
4.721613330793265617e-01
4.719944507269768219e-01
4.718260762887538928e-01
4.716703846118243670e-01
4.715200656364766929e-01
4.713750539680330864e-01
4.712292147317939661e-01
4.710948559967353400e-01
4.709656274144344845e-01
4.708414832138179684e-01
4.707223883490935790e-01
4.706033606323466456e-01
4.704945267901884387e-01
4.703907199163091524e-01
4.702919666861079540e-01
4.701942477148032262e-01
4.701059948457337323e-01
4.700230124304685675e-01
4.699454216563786479e-01
4.698733679214935899e-01
4.698055852845049452e-01
4.697452496702089197e-01
4.696897921621949190e-01
4.696417585121090421e-01
4.695988024632979929e-01
4.695622952153334362e-01
4.695296561924238166e-01
4.694998786669713486e-01
4.694706104223128618e-01
4.694418213321897015e-01
4.694147748703489387e-01
4.693912775711208130e-01
4.693738674972823821e-01
4.693628026015585486e-01
4.693592081368859192e-01
4.693630465711391420e-01
4.693743442350006845e-01
4.693930784787184729e-01
4.694204763905204802e-01
4.694545219670092084e-01
4.694961613265042910e-01
4.695454965700677774e-01
4.696052072625409024e-01
4.696706929552913468e-01
4.697443389762492871e-01
4.698263444913013398e-01
4.699169305636450300e-01
4.700207523295672485e-01
4.701296490026727337e-01
4.702479308646679845e-01
4.703759062899926513e-01
4.705200261666961925e-01
4.706688664797832322e-01
4.708284838617838863e-01
4.709992853598017892e-01
4.711817048499891136e-01
4.713848289604263830e-01
4.715924587590857309e-01
4.718132052063147008e-01
4.720476215994273139e-01
4.723073212079543781e-01
4.725715159781211372e-01
4.728512433068970400e-01
4.731471669178154427e-01
4.734738473682227333e-01
4.738049961349016237e-01
4.741544292811701311e-01
4.745228100954496653e-01
4.749107538088496727e-01
4.753368844272234939e-01
4.757663394431431714e-01
4.762165743477922986e-01
4.766876484263706804e-01
4.772011522528799565e-01
4.777141886100012558e-01
4.782354441714773419e-01
4.787997247515274890e-01
4.793714831521224129e-01
4.799881918763251876e-01
4.805983652688960439e-01
4.812266167356570312e-01
4.818718825900257241e-01
4.825612710037462949e-01
4.832347048210950957e-01
4.839166281583834328e-01
4.846019878765332467e-01
4.852844552203048889e-01
4.859851102412902080e-01
4.866364869173130381e-01
4.872577550576704386e-01
4.878376980011486230e-01
4.883857938497597195e-01
4.888439956444757262e-01
4.892244737518905984e-01
4.895164258395131585e-01
4.897107417942679342e-01
4.898019963300422885e-01
4.897805330058723761e-01
4.896465398894188081e-01
4.894077719095428214e-01
4.890595690667510209e-01
4.886251692625221410e-01
4.881083085485323769e-01
4.875136309524802369e-01
4.868587734207410755e-01
4.861561687285569366e-01
4.854177300911447501e-01
4.846461215132958356e-01
4.838761798113141999e-01
4.830660274385651931e-01
4.822906479529886492e-01
4.815220122562681171e-01
4.807647727414458561e-01
4.800225881097942016e-01
4.792670771643896543e-01
4.785635304569729742e-01
4.778813472317747779e-01
4.772214130822440281e-01
4.765568935463229683e-01
4.759435231296173519e-01
4.753528682102313718e-01
4.747845920417074206e-01
4.742382090137630124e-01
4.736906544048101186e-01
4.731870944396378009e-01
4.727034408591769266e-01
4.722389741232359550e-01
4.717738785952527159e-01
4.713464126050109226e-01
4.709360198648364637e-01
4.705420646637257232e-01
4.701639481354134564e-01
4.697855547240505913e-01
4.694380971645764622e-01
4.691048796647219188e-01
4.687854438649972644e-01
4.684662319467798319e-01
4.681736516274179749e-01
4.678816142997251903e-01
4.676258038070405521e-01
4.673588713950188600e-01
4.671045142790143379e-01
4.668823461448262102e-01
4.666512041803730360e-01
4.664498292896196996e-01
4.662408835681842167e-01
4.660431718356382591e-01
4.658718530003820302e-01
4.656951197889259708e-01
4.655427437223985665e-01
4.653864046429344037e-01
4.652405298601969275e-01
4.651161504928565948e-01
4.649900993691380990e-01
4.648743123112444309e-01
4.647773932863726309e-01
4.646812269781876448e-01
4.646023031057097685e-01
4.645258160716119744e-01
4.644623321166270746e-01
4.644084185846004686e-01
4.643641709023846875e-01
4.643297119262275729e-01
4.643042420267949333e-01
4.642903110150008450e-01
4.642867697237543223e-01
4.642939128971395601e-01
4.643130221739434904e-01
4.643431606781421306e-01
4.643852474836244748e-01
4.644398229019326974e-01
4.645074877949668668e-01
4.645907710255124945e-01
4.646869761917647446e-01
4.648009835739030926e-01
4.649289119245954005e-01
4.650771514142021390e-01
4.652404989503739485e-01
4.654229115997806643e-01
4.656301081589745983e-01
4.658546661429291413e-01
4.661133063089437090e-01
4.663863999836432295e-01
4.666860760898285387e-01
4.670148227633423854e-01
4.673923017085099274e-01
4.677829465143961696e-01
4.682252881385522980e-01
4.687320438861931060e-01
4.692962752054022357e-01
4.699649959240472241e-01
4.707433635628751056e-01
4.717062713118851391e-01
4.729242316702726434e-01
4.745072734475490606e-01
4.765679406030787213e-01
4.789960590980151811e-01
4.809750298599722584e-01
