-6.180990441695399795e-08
-1.854366621367731227e-07
-3.090700863017659117e-07
-4.327100958656515672e-07
-5.563568401534269015e-07
-6.800102715365241579e-07
-8.036704485236967344e-07
-9.273373550167107737e-07
-1.051011028652126811e-06
-1.174691427463514515e-06
-1.298378559222435058e-06
-1.422072424817066860e-06
-1.545773026467855971e-06
-1.669480371835341259e-06
-1.793194449373203270e-06
-1.916915284616571569e-06
-2.040642870348996496e-06
-2.164377214786128434e-06
-2.288118318372056592e-06
-2.411866183216204718e-06
-2.535620806654037551e-06
-2.659382188685555093e-06
-2.783150347962504156e-06
-2.906925281598304878e-06
-3.030706999140875268e-06
-3.154495501922482958e-06
-3.278290788943927225e-06
-3.402092861426453396e-06
-3.525901733691938489e-06
-3.649717385201256548e-06
-3.773539850593365941e-06
-3.897369109995274528e-06
-4.021205199933319818e-06
-4.145048086767744167e-06
-4.268897792925052670e-06
-4.392754323845338149e-06
-4.516617680749845931e-06
-4.640487863527553714e-06
-4.764364882059446415e-06
-4.888248735457345617e-06
-5.012139414839467122e-06
-5.136036950847966409e-06
-5.259941336155371516e-06
-5.383852576423819869e-06
-5.507770658219612869e-06
-5.631695584318308079e-06
-5.755627365711113441e-06
-5.879566016608883672e-06
-6.003511538454908703e-06
-6.127463938243593589e-06
-6.251423204317596571e-06
-6.375389345447679545e-06
-6.499362374179362689e-06
-6.623342279077348849e-06
-6.747329075573738066e-06
-6.871322790313882933e-06
-6.995323384217932983e-06
-7.119330875382523516e-06
-7.243345273688639452e-06
-7.367366572252898038e-06
-7.491394792502603650e-06
-7.615429931329131819e-06
-7.739471994283597667e-06
-7.863520971818083183e-06
-7.987576872592327959e-06
-8.111639707819584544e-06
-8.235709468285001833e-06
-8.359786193290474898e-06
-8.483869869513327444e-06
-8.607960477857723447e-06
-8.732058012661525481e-06
-8.856162503900755212e-06
-8.980273951131323429e-06
-9.104392363235014329e-06
-9.228517744985786919e-06
-9.352650098493064945e-06
-9.476789419315956309e-06
-9.600935704012769634e-06
-9.725088975787166135e-06
-9.849249218540911954e-06
-9.973416465025586319e-06
-1.009759071535221153e-05
-1.022177194653917098e-05
-1.034596016702415966e-05
-1.047015538646611787e-05
-1.059435761829874423e-05
-1.071856685030958545e-05
-1.084278310614639196e-05
-1.096700638569814146e-05
-1.109123667486500153e-05
-1.121547398752475999e-05
-1.133971832256719381e-05
-1.146396968620955192e-05
-1.158822811875293013e-05
-1.171249359599446649e-05
-1.183676610283512787e-05
-1.196104563450095526e-05
-1.208533222152308184e-05
-1.220962586578888676e-05
-1.233392655963783113e-05
-1.245823432960424526e-05
-1.258254916636225573e-05
-1.270687108079204819e-05
-1.283120007322668954e-05
-1.295553614222288985e-05
-1.307987926946196922e-05
-1.320422950390476302e-05
-1.332858683789073240e-05
-1.345295127808121549e-05
-1.357732281370704897e-05
-1.370170145964522135e-05
-1.382608720579270312e-05
-1.395048003671739423e-05
-1.407487996218925730e-05
-1.419928700108208375e-05
-1.432370116694059448e-05
-1.444812246265136935e-05
-1.457255089021280980e-05
-1.469698641998196109e-05
-1.482142910913530898e-05
-1.494587894912413617e-05
-1.507033593239892610e-05
-1.519480007061702054e-05
-1.531927136411148638e-05
-1.544374982298535315e-05
-1.556823539861085237e-05
-1.569272811963173808e-05
-1.581722801891061181e-05
-1.594173508689955554e-05
-1.606624933603306715e-05
-1.619077077286146249e-05
-1.631529935541831122e-05
-1.643983515009495022e-05
-1.656437814301359168e-05
-1.668892835193780400e-05
-1.681348574400498563e-05
-1.693805036628859284e-05
-1.706262218514886797e-05
-1.718720118715211242e-05
-1.731178736785743411e-05
-1.743638076967535255e-05
-1.756098140215378578e-05
-1.768558926429353306e-05
-1.781020436253388795e-05
-1.793482665590762082e-05
-1.805945621924376354e-05
-1.818409302656309734e-05
-1.830873708863478555e-05
-1.843338840656905120e-05
-1.855804698092100580e-05
-1.868271281846300980e-05
-1.880738588166952496e-05
-1.893206618397424990e-05
-1.905675376168147750e-05
-1.918144861745574303e-05
-1.930615075851349616e-05
-1.943086018196815701e-05
-1.955557689614639827e-05
-1.968030086285654789e-05
-1.980503215404105788e-05
-1.992977075271351595e-05
-2.005451667230762069e-05
-2.017926988584495263e-05
-2.030403043418171904e-05
-2.042879823582754995e-05
-2.055357333385909868e-05
-2.067835575514376245e-05
-2.080314550700901322e-05
-2.092794259456187689e-05
-2.105274702246529017e-05
-2.117755879382787754e-05
-2.130237786190924965e-05
-2.142720431652644919e-05
-2.155203812548300846e-05
-2.167687929677253322e-05
-2.180172783472489328e-05
-2.192658373478817424e-05
-2.205144695943683786e-05
-2.217631752499116260e-05
-2.230119547153019965e-05
-2.242608079883190442e-05
-2.255097351799850713e-05
-2.267587363258272148e-05
-2.280078114402783740e-05
-2.292569599926519430e-05
-2.305061829421806152e-05
-2.317554792963250065e-05
-2.330048499699088893e-05
-2.342542946742742771e-05
-2.355038137691334299e-05
-2.367534066871623821e-05
-2.380030739801419770e-05
-2.392528155770179410e-05
-2.405026315432934325e-05
-2.417525219866600850e-05
-2.430024868793623227e-05
-2.442525263113282108e-05
-2.455026396730453087e-05
-2.467528280192254897e-05
-2.480030909779440407e-05
-2.492534286069325589e-05
-2.505038409528204113e-05
-2.517543281510548070e-05
-2.530048895055259095e-05
-2.542555253837175400e-05
-2.555062361242477209e-05
-2.567570218059422871e-05
-2.580078825031861811e-05
-2.592588182270816333e-05
-2.605098289887308738e-05
-2.617609142563370739e-05
-2.630120750002351571e-05
-2.642633102023506098e-05
-2.655146208507819239e-05
-2.667660065347465803e-05
-2.680174678204583216e-05
-2.692690039240996924e-05
-2.705206154884898240e-05
-2.717723025347229537e-05
-2.730240651072080027e-05
-2.742759032037245248e-05
-2.755278168387054194e-05
-2.767798061831250322e-05
-2.780318704809214836e-05
-2.792840108167826685e-05
-2.805362269264755071e-05
-2.817885189054791795e-05
-2.830408866694167358e-05
-2.842933303737193995e-05
-2.855458499628760194e-05
-2.867984448973182054e-05
-2.880511155123333111e-05
-2.893038621276655675e-05
-2.905566849276119967e-05
-2.918095838677636777e-05
-2.930625589947499776e-05
-2.943156096701926572e-05
-2.955687369221582372e-05
-2.968219403554073210e-05
-2.980752203385339527e-05
-2.993285765462427861e-05
-3.005820094603706139e-05
-3.018355186690246938e-05
-3.030891039501604212e-05
-3.043427654803032567e-05
-3.055965036724561656e-05
-3.068503181691273340e-05
-3.081042092811792088e-05
-3.093581770885478477e-05
-3.106122214358020273e-05
-3.118663431822543686e-05
-3.131205418938076690e-05
-3.143748171696714167e-05
-3.156291688832801867e-05
-3.168835976352646355e-05
-3.181381035832764326e-05
-3.193926861966289721e-05
-3.206473462469272562e-05
-3.219020835432129246e-05
-3.231568977724030844e-05
-3.244117891099129736e-05
-3.256667578388494633e-05
-3.269218036006105166e-05
-3.281769271812340349e-05
-3.294321284807999461e-05
-3.306874071740129040e-05
-3.319427632741955847e-05
-3.331981964826979947e-05
-3.344537074700948409e-05
-3.357092957845253522e-05
-3.369649621087766889e-05
-3.382207063051811957e-05
-3.394765284259193550e-05
-3.407324285287227639e-05
-3.419884066213629836e-05
-3.432444618700625227e-05
-3.445005957236624283e-05
-3.457568076947747926e-05
-3.470130978733276805e-05
-3.482694663159424664e-05
-3.495259130104066969e-05
-3.507824381709934158e-05
-3.520390407518725340e-05
-3.532957212881715492e-05
-3.545524803560962113e-05
-3.558093180078270024e-05
-3.570662342411434764e-05
-3.583232290849114321e-05
-3.595803016887000325e-05
-3.608374535080116630e-05
-3.620946838422955949e-05
-3.633519932366713334e-05
-3.646093814468898131e-05
-3.658668486594685021e-05
-3.671243947478419756e-05
-3.683820190636399872e-05
-3.696397221242264663e-05
-3.708975041982753851e-05
-3.721553655344767009e-05
-3.734133061172872914e-05
-3.746713260155409841e-05
-3.759294252991818297e-05
-3.771876028957343863e-05
-3.784458605093909966e-05
-3.797041975850401485e-05
-3.809626142203814680e-05
-3.822211105652950636e-05
-3.834796865043177405e-05
-3.847383410837679207e-05
-3.859970749420238434e-05
-3.872558885742449775e-05
-3.885147820625878268e-05
-3.897737555036417945e-05
-3.910328089773429383e-05
-3.922919423826609631e-05
-3.935511548580628016e-05
-3.948104479289948898e-05
-3.960698209992674634e-05
-3.973292745462764231e-05
-3.985888081248223358e-05
-3.998484223677323257e-05
-4.011081157218043813e-05
-4.023678890707760303e-05
-4.036277429275703099e-05
-4.048876774032095227e-05
-4.061476924910323305e-05
-4.074077882387783234e-05
-4.086679647230528900e-05
-4.099282207736809625e-05
-4.111885583135688194e-05
-4.124489767576289267e-05
-4.137094761258452991e-05
-4.149700565259095697e-05
-4.162307179933488754e-05
-4.174914593102485583e-05
-4.187522812559851815e-05
-4.200131843501431206e-05
-4.212741688303101029e-05
-4.225352346043376173e-05
-4.237963817843581893e-05
-4.250576104425363155e-05
-4.263189193154381940e-05
-4.275803104292208445e-05
-4.288417827802426530e-05
-4.301033370646134557e-05
-4.313649729037472014e-05
-4.326266907694886754e-05
-4.338884890942029671e-05
-4.351503689070668202e-05
-4.364123306488387755e-05
-4.376743744893829557e-05
-4.389365004109357926e-05
-4.401987084612368761e-05
-4.414609987479778397e-05
-4.427233699333399386e-05
-4.439858241522820492e-05
-4.452483607564339252e-05
-4.465109798812427755e-05
-4.477736814334498661e-05
-4.490364656473122551e-05
-4.502993310140368521e-05
-4.515622784140305157e-05
-4.528253085356315211e-05
-4.540884215209484154e-05
-4.553516173610994144e-05
-4.566148961659965977e-05
-4.578782579500728644e-05
-4.591417013444232254e-05
-4.604052285062110172e-05
-4.616688385816747342e-05
-4.629325320570920610e-05
-4.641963088070077958e-05
-4.654601689468851333e-05
-4.667241124878263037e-05
-4.679881382074757568e-05
-4.692522468241477895e-05
-4.705164390950145048e-05
-4.717807150678154926e-05
-4.730450748535730554e-05
-4.743095184078782722e-05
-4.755740442752287578e-05
-4.768386548825720439e-05
-4.781033495082631646e-05
-4.793681282289075085e-05
-4.806329911111184572e-05
-4.818979382315013993e-05
-4.831629696278039177e-05
-4.844280837601466772e-05
-4.856932814889525218e-05
-4.869585636602113965e-05
-4.882239304027091720e-05
-4.894893818352397119e-05
-4.907549178800874046e-05
-4.920205369951524688e-05
-4.932862417639238828e-05
-4.945520313270890256e-05
-4.958179060232659197e-05
-4.970838656159770608e-05
-4.983499104416200254e-05
-4.996160402714888704e-05
-5.008822537333479374e-05
-5.021485515466217464e-05
-5.034149347671323937e-05
-5.046814034126434478e-05
-5.059479576541292545e-05
-5.072145974616137920e-05
-5.084813210509686598e-05
-5.097481312776874773e-05
-5.110150273490710049e-05
-5.122820092484658971e-05
-5.135490771679407374e-05
-5.148162310630866045e-05
-5.160834710915551682e-05
-5.173507953171174734e-05
-5.186182049010668038e-05
-5.198857007715496081e-05
-5.211532829874077066e-05
-5.224209517240563372e-05
-5.236887069404172479e-05
-5.249565467846384337e-05
-5.262244742865185287e-05
-5.274924884146603432e-05
-5.287605894199742806e-05
-5.300287772636025352e-05
-5.312970522086679637e-05
-5.325654141108415729e-05
-5.338338612614901280e-05
-5.351023945843191854e-05
-5.363710152483935900e-05
-5.376397232581542340e-05
-5.389085187390563192e-05
-5.401774017110838599e-05
-5.414463701269855989e-05
-5.427154273474066315e-05
-5.439845722821079477e-05
-5.452538050942923320e-05
-5.465231257983926838e-05
-5.477925345531708956e-05
-5.490620313230998306e-05
-5.503316140897940301e-05
-5.516012839335004969e-05
-5.528710420688032201e-05
-5.541408887033139052e-05
-5.554108237681987248e-05
-5.566808473911333266e-05
-5.579509596753684519e-05
-5.592211583649309148e-05
-5.604914469703459190e-05
-5.617618243547450874e-05
-5.630322907590468162e-05
-5.643028462098964582e-05
-5.655734897458408739e-05
-5.668442195105871662e-05
-5.681150391922962228e-05
-5.693859482314156395e-05
-5.706569455443677441e-05
-5.719280318594588408e-05
-5.731992077340208880e-05
-5.744704733778860373e-05
-5.757418276342018970e-05
-5.770132736149236052e-05
-5.782848096014259198e-05
-5.795564344235337728e-05
-5.808281474961596302e-05
-5.820999508232560515e-05
-5.833718431880186017e-05
-5.846438266421394303e-05
-5.859159006238456868e-05
-5.871880638375071015e-05
-5.884603171935065546e-05
-5.897326612946951485e-05
-5.910050962154578258e-05
-5.922776208111546481e-05
-5.935502384690760636e-05
-5.948229471031130089e-05
-5.960957457151749850e-05
-5.973686336713246448e-05
-5.986416144432293862e-05
-5.999146875079741648e-05
-6.011878489742272791e-05
-6.024611025057247105e-05
-6.037344478504458323e-05
-6.050078850583506807e-05
-6.062814142793193639e-05
-6.075550356055003931e-05
-6.088287461547547963e-05
-6.101025504245960462e-05
-6.113764471382676646e-05
-6.126504362480300614e-05
-6.139245179637153882e-05
-6.151986923208507818e-05
-6.164729564361870473e-05
-6.177473118884613257e-05
-6.190217603141423552e-05
-6.202963017465368267e-05
-6.215709362944465965e-05
-6.228456640999802119e-05
-6.241204852663884139e-05
-6.253953967161329786e-05
-6.266704032675818326e-05
-6.279455033608716263e-05
-6.292206971192371157e-05
-6.304959848091318264e-05
-6.317713663606117080e-05
-6.330468387760745941e-05
-6.343224038285466548e-05
-6.355980630334823189e-05
-6.368738165718479394e-05
-6.381496645713191640e-05
-6.394256070707537987e-05
-6.407016442322444050e-05
-6.419777727262321321e-05
-6.432539977541118503e-05
-6.445303176982886129e-05
-6.458067327541616720e-05
-6.470832429683603948e-05
-6.483598483719710259e-05
-6.496365491925892854e-05
-6.509133420184998187e-05
-6.521902286149572348e-05
-6.534672108637895604e-05
-6.547442889448529257e-05
-6.560214628414939853e-05
-6.572987327080337394e-05
-6.585760950794661284e-05
-6.598535554325213326e-05
-6.611311121151874914e-05
-6.624087650963783602e-05
-6.636865147202630766e-05
-6.649643608702682229e-05
-6.662423038406029008e-05
-6.675203398776030639e-05
-6.687984709730088184e-05
-6.700766991263318317e-05
-6.713550244619170826e-05
-6.726334470075201466e-05
-6.739119669441073768e-05
-6.751905805391089643e-05
-6.764692935157246012e-05
-6.777481043063193766e-05
-6.790270128242958947e-05
-6.803060192761556380e-05
-6.815851237473857793e-05
-6.828643263656619666e-05
-6.841436232507547288e-05
-6.854230164876629061e-05
-6.867025081691569000e-05
-6.879820984428963726e-05
-6.892617872977790938e-05
-6.905415749958176974e-05
-6.918214574536118988e-05
-6.931014408972924201e-05
-6.943815235482819759e-05
-6.956617055020597462e-05
-6.969419866553749898e-05
-6.982223673779319739e-05
-6.995028476430853459e-05
-7.007834232786169792e-05
-7.020640965504920672e-05
-7.033448697224553570e-05
-7.046257428655611221e-05
-7.059067160974930033e-05
-7.071877895514777634e-05
-7.084689589664794340e-05
-7.097502309894032635e-05
-7.110316035707775484e-05
-7.123130768171836991e-05
-7.135946508596280324e-05
-7.148763257536216997e-05
-7.161581016690288237e-05
-7.174399741949333276e-05
-7.187219456705751242e-05
-7.200040185129097381e-05
-7.212861926753078023e-05
-7.225684684430966342e-05
-7.238508458984327376e-05
-7.251333204383314524e-05
-7.264158991227009921e-05
-7.276985799964386104e-05
-7.289813629252073213e-05
-7.302642481832322119e-05
-7.315472356483887495e-05
-7.328303256370904961e-05
-7.341135132477027980e-05
-7.353968011680755978e-05
-7.366801917452203696e-05
-7.379636852067328334e-05
-7.392472816714068529e-05
-7.405309811758797878e-05
-7.418147839088895523e-05
-7.430986850132104138e-05
-7.443826920017215798e-05
-7.456668024841128783e-05
-7.469510166435711085e-05
-7.482353345167336300e-05
-7.495197562135125224e-05
-7.508042768999967365e-05
-7.520888991285890057e-05
-7.533736254938805388e-05
-7.546584561424207749e-05
-7.559433911741297862e-05
-7.572284306445187241e-05
-7.585135747290028263e-05
-7.597988183893900072e-05
-7.610841693406200648e-05
-7.623696253789002952e-05
-7.636551864054208494e-05
-7.649408525844947349e-05
-7.662266239416570812e-05
-7.675124953676615291e-05
-7.687984695181615535e-05
-7.700845491376284713e-05
-7.713707344181308656e-05
-7.726570254074083266e-05
-7.739434222520102935e-05
-7.752299250318728241e-05
-7.765165284523423139e-05
-7.778032406280388500e-05
-7.790900591286842314e-05
-7.803769838909957457e-05
-7.816640151536713432e-05
-7.829511529522381608e-05
-7.842383918765793993e-05
-7.855257347755273400e-05
-7.868131844690484655e-05
-7.881007411270068985e-05
-7.893884047549537541e-05
-7.906761754850055723e-05
-7.919640534359562167e-05
-7.932520331133119385e-05
-7.945401228637294366e-05
-7.958283203535199135e-05
-7.971166252962458287e-05
-7.984050381126817086e-05
-7.996935585385944734e-05
-8.009821811361117483e-05
-8.022709087174284548e-05
-8.035597443711850474e-05
-8.048486879719263243e-05
-8.061377398616009771e-05
-8.074269001001610491e-05
-8.087161686221033818e-05
-8.100055398319039313e-05
-8.112950225169779372e-05
-8.125846138729020396e-05
-8.138743138497162022e-05
-8.151641226650241379e-05
-8.164540403821085590e-05
-8.177440611778497015e-05
-8.190341880731644153e-05
-8.203244240689855360e-05
-8.216147692907682654e-05
-8.229052237729295172e-05
-8.241957876675698458e-05
-8.254864609591461289e-05
-8.267772377612558898e-05
-8.280681271488621320e-05
-8.293591264352251358e-05
-8.306502354238354258e-05
-8.319414542534708801e-05
-8.332327829263519448e-05
-8.345242215745951597e-05
-8.358157642096575302e-05
-8.371074137158984740e-05
-8.383991734006723817e-05
-8.396910433317028577e-05
-8.409830235489579309e-05
-8.422751141057283064e-05
-8.435673090767537019e-05
-8.448596175270051134e-05
-8.461520365121710796e-05
-8.474445661688090325e-05
-8.487372064824860729e-05
-8.500299575819880715e-05
-8.513228195150546185e-05
-8.526157860855310133e-05
-8.539088605374889340e-05
-8.552020460028675330e-05
-8.564953424750054722e-05
-8.577887500460512626e-05
-8.590822687881694009e-05
-8.603758925529447765e-05
-8.616696305974169690e-05
-8.629634801748942152e-05
-8.642574411799053280e-05
-8.655515134925462206e-05
-8.668456974314509011e-05
-8.681399927035204911e-05
-8.694343933746129238e-05
-8.707289024212361284e-05
-8.720235230397221926e-05
-8.733182554454543833e-05
-8.746130995485046355e-05
-8.759080554932019425e-05
-8.772031170090066610e-05
-8.784982934917362485e-05
-8.797935818560809196e-05
-8.810889821941891853e-05
-8.823844945249348370e-05
-8.836801188871756807e-05
-8.849758554430042778e-05
-8.862716978141893520e-05
-8.875676491493234010e-05
-8.888637126547305201e-05
-8.901598884125672129e-05
-8.914561763928574578e-05
-8.927525766233568305e-05
-8.940490829278946450e-05
-8.953457047011781356e-05
-8.966424389655891503e-05
-8.979392857444423726e-05
-8.992362448267954278e-05
-9.005333164602280505e-05
-9.018305003627435923e-05
-9.031277906534906919e-05
-9.044251902001754218e-05
-9.057227023034908342e-05
-9.070203269867516127e-05
-9.083180642321941889e-05
-9.096159141097626133e-05
-9.109138704221919625e-05
-9.122119425830632622e-05
-9.135101273949342016e-05
-9.148084249599452988e-05
-9.161068351770662588e-05
-9.174053581806340674e-05
-9.187039938673979833e-05
-9.200027361033757956e-05
-9.213015880205066566e-05
-9.226005526830061143e-05
-9.238996301852431259e-05
-9.251988204350691802e-05
-9.264981235868052778e-05
-9.277975395560744687e-05
-9.290970622144456570e-05
-9.303967007534552636e-05
-9.316964523264914533e-05
-9.329963167925559020e-05
-9.342962940916965664e-05
-9.355963844104309146e-05
-9.368965812883711664e-05
-9.381968880139979206e-05
-9.394973076004564660e-05
-9.407978401521077672e-05
-9.420984856345349101e-05
-9.433992440011085279e-05
-9.447001152707024119e-05
-9.460010934325691068e-05
-9.473021875550102777e-05
-9.486033946448646503e-05
-9.499047146788175411e-05
-9.512061476157906981e-05
-9.525076934935317041e-05
-9.538093462069241468e-05
-9.551111087868768834e-05
-9.564129843064872460e-05
-9.577149727113543065e-05
-9.590170740747527844e-05
-9.603192883589350970e-05
-9.616216155661216902e-05
-9.629240496478175260e-05
-9.642265996079313339e-05
-9.655292624366484944e-05
-9.668320383338091517e-05
-9.681349269274885927e-05
-9.694379285207777031e-05
-9.707410369375057968e-05
-9.720442553162733645e-05
-9.733475864803775579e-05
-9.746510305419509024e-05
-9.759545874321595704e-05
-9.772582571343502167e-05
-9.785620396574046254e-05
-9.798659291382350034e-05
-9.811699344330904182e-05
-9.824740524833064370e-05
-9.837782833244101965e-05
-9.850826269031109916e-05
-9.863870832937937649e-05
-9.876916465556551117e-05
-9.889963196174633708e-05
-9.903011053913335360e-05
-9.916060039338869814e-05
-9.929110151252196204e-05
-9.942161390152914890e-05
-9.955213755619141125e-05
-9.968267190363366836e-05
-9.981321780427876433e-05
-9.994377497435369406e-05
-1.000743434003137367e-04
-1.002049230933721446e-04
-1.003355140364314835e-04
-1.004661156771557984e-04
-1.005967282825537268e-04
-1.007273521468343702e-04
-1.008579872647796805e-04
-1.009886336362786352e-04
-1.011192912583336323e-04
-1.012499601282801365e-04
-1.013806396854555203e-04
-1.015113307731851933e-04
-1.016420331138023769e-04
-1.017727466879891907e-04
-1.019034715051825302e-04
-1.020342075626068379e-04
-1.021649548583747347e-04
-1.022957128401502658e-04
-1.024264817788278492e-04
-1.025572619508530181e-04
-1.026880533506746573e-04
-1.028188559853981943e-04
-1.029496698473630900e-04
-1.030804943922269956e-04
-1.032113304365589457e-04
-1.033421777310028489e-04
-1.034730362469149512e-04
-1.036039059791882266e-04
-1.037347869299320990e-04
-1.038656791019221259e-04
-1.039965819459309770e-04
-1.041274957263027545e-04
-1.042584207225916160e-04
-1.043893569293574686e-04
-1.045203043509301821e-04
-1.046512629782059278e-04
-1.047822322834957021e-04
-1.049132130686025732e-04
-1.050442050632982571e-04
-1.051752082578127911e-04
-1.053062226541445767e-04
-1.054372482511833908e-04
-1.055682850484851443e-04
-1.056993325211363910e-04
-1.058303909313718094e-04
-1.059614605316561153e-04
-1.060925413280955354e-04
-1.062236333158050883e-04
-1.063547364994477107e-04
-1.064858503557752911e-04
-1.066169756669399504e-04
-1.067481121792557275e-04
-1.068792599075996108e-04
-1.070104188174436644e-04
-1.071415889092319773e-04
-1.072727701869613526e-04
-1.074039621321576377e-04
-1.075351649730826864e-04
-1.076663789953968831e-04
-1.077976041941042240e-04
-1.079288405744227575e-04
-1.080600881374627065e-04
-1.081913463718553459e-04
-1.083226160579764397e-04
-1.084538969192694324e-04
-1.085851889565114803e-04
-1.087164921693695163e-04
-1.088478065510711801e-04
-1.089791321051691853e-04
-1.091104683326182823e-04
-1.092418154632346372e-04
-1.093731737593639508e-04
-1.095045432252250706e-04
-1.096359238595967511e-04
-1.097673156630341040e-04
-1.098987181430421955e-04
-1.100301320549057493e-04
-1.101615571562630791e-04
-1.102929934264640366e-04
-1.104244408620669304e-04
-1.105558994557442887e-04
-1.106873692152676725e-04
-1.108188496450335236e-04
-1.109503409669754248e-04
-1.110818434497673479e-04
-1.112133570945195160e-04
-1.113448819056728212e-04
-1.114764178746785461e-04
-1.116079650059775830e-04
-1.117395228220630088e-04
-1.118710920660070940e-04
-1.120026724746869817e-04
-1.121342640435507576e-04
-1.122658667711551317e-04
-1.123974806590544162e-04
-1.125291052398447178e-04
-1.126607407188062737e-04
-1.127923873606162530e-04
-1.129240451633872766e-04
-1.130557141244548092e-04
-1.131873942505912112e-04
-1.133190855404642150e-04
-1.134507875227841467e-04
-1.135825009205282399e-04
-1.137142254887812953e-04
-1.138459612146647260e-04
-1.139777081050619145e-04
-1.141094661588626380e-04
-1.142412349156574081e-04
-1.143730145850563318e-04
-1.145048054195241249e-04
-1.146366074192828322e-04
-1.147684205894394793e-04
-1.149002449243319290e-04
-1.150320804255144935e-04
-1.151639266407933349e-04
-1.152957842759372298e-04
-1.154276530852538230e-04
-1.155595330591951964e-04
-1.156914242084194910e-04
-1.158233265322605732e-04
-1.159552395857410545e-04
-1.160871635493831988e-04
-1.162190986820910155e-04
-1.163510449935234448e-04
-1.164830024864560443e-04
-1.166149711502306729e-04
-1.167469509998353416e-04
-1.168789415753046512e-04
-1.170109435929544972e-04
-1.171429568107562602e-04
-1.172749811947371157e-04
-1.174070167800911335e-04
-1.175390635353990021e-04
-1.176711210434389088e-04
-1.178031894633058130e-04
-1.179352690775514745e-04
-1.180673598831782911e-04
-1.181994618860704449e-04
-1.183315750773461517e-04
-1.184636994628895934e-04
-1.185958346031634747e-04
-1.187279812072672414e-04
-1.188601390121890589e-04
-1.189923077939969431e-04
-1.191244874101382578e-04
-1.192566782290960248e-04
-1.193888800337106204e-04
-1.195210931729251413e-04
-1.196533175193970067e-04
-1.197855530805647106e-04
-1.199177996351608044e-04
-1.200500572836604718e-04
-1.201823261522960706e-04
-1.203146060185789068e-04
-1.204468974801420345e-04
-1.205792001803818181e-04
-1.207115138720515901e-04
-1.208438384218135653e-04
-1.209761742029247245e-04
-1.211085212143858669e-04
-1.212408792464758633e-04
-1.213732486284868628e-04
-1.215056292543925665e-04
-1.216380208993728118e-04
-1.217704236694538977e-04
-1.219028376857611562e-04
-1.220352627330223427e-04
-1.221676994065390431e-04
-1.223001473359408564e-04
-1.224326063039571366e-04
-1.225650761509378128e-04
-1.226975572558020033e-04
-1.228300496234346895e-04
-1.229625530366762476e-04
-1.230950678440256851e-04
-1.232275939181404212e-04
-1.233601310515197724e-04
-1.234926793386437183e-04
-1.236252389078540403e-04
-1.237578095369951114e-04
-1.238903918143741123e-04
-1.240229854000407528e-04
-1.241555900346469343e-04
-1.242882056066152430e-04
-1.244208324743256711e-04
-1.245534706383333301e-04
-1.246861198879178900e-04
-1.248187805620304403e-04
-1.249514525433204071e-04
-1.250841356296161777e-04
-1.252168299005207430e-04
-1.253495354922584681e-04
-1.254822521846721273e-04
-1.256149805834994027e-04
-1.257477203175927372e-04
-1.258804713768491013e-04
-1.260132335559882577e-04
-1.261460066798170132e-04
-1.262787911470164559e-04
-1.264115867393167392e-04
-1.265443937945587294e-04
-1.266772122002768342e-04
-1.268100417409767644e-04
-1.269428825263485550e-04
-1.270757346657491738e-04
-1.272085979578951864e-04
-1.273414729771049636e-04
-1.274743592528659875e-04
-1.276072567674146896e-04
-1.277401657235888166e-04
-1.278730856639764824e-04
-1.280060169941421577e-04
-1.281389594990356429e-04
-1.282719135123899790e-04
-1.284048789216285513e-04
-1.285378555155869407e-04
-1.286708433925198847e-04
-1.288038426823234772e-04
-1.289368531625090242e-04
-1.290698754388142078e-04
-1.292029091289892406e-04
-1.293359542515748473e-04
-1.294690105727580587e-04
-1.296020779575357551e-04
-1.297351567716154008e-04
-1.298682468061640449e-04
-1.300013484054618473e-04
-1.301344613400257089e-04
-1.302675854427670643e-04
-1.304007210625179880e-04
-1.305338680309686694e-04
-1.306670264059617281e-04
-1.308001961394245072e-04
-1.309333776556842466e-04
-1.310665702221047724e-04
-1.311997741623160962e-04
-1.313329895358261723e-04
-1.314662163388602423e-04
-1.315994545237897384e-04
-1.317327043871552306e-04
-1.318659656385223755e-04
-1.319992381008106008e-04
-1.321325221433911068e-04
-1.322658175866298080e-04
-1.323991244860378558e-04
-1.325324427930985038e-04
-1.326657729630031923e-04
-1.327991142220374954e-04
-1.329324669029352535e-04
-1.330658311813337491e-04
-1.331992068955845099e-04
-1.333325939908425184e-04
-1.334659928216019864e-04
-1.335994030974285707e-04
-1.337328246432401002e-04
-1.338662578275195969e-04
-1.339997024664141279e-04
-1.341331586259819630e-04
-1.342666262528213750e-04
-1.344001057793642318e-04
-1.345335964745286716e-04
-1.346670986489550970e-04
-1.348006124882727974e-04
-1.349341378177326689e-04
-1.350676745850432070e-04
-1.352012231500276940e-04
-1.353347832245832549e-04
-1.354683547399870847e-04
-1.356019377670714121e-04
-1.357355323842179828e-04
-1.358691385783261651e-04
-1.360027563075405510e-04
-1.361363860268305359e-04
-1.362700269467165270e-04
-1.364036794151424203e-04
-1.365373436118533235e-04
-1.366710193700937381e-04
-1.368047066234723275e-04
-1.369384057520184328e-04
-1.370721164541954806e-04
-1.372058386606145319e-04
-1.373395724469927970e-04
-1.374733180085074835e-04
-1.376070752703295597e-04
-1.377408440191851824e-04
-1.378746248611451009e-04
-1.380084174676943221e-04
-1.381422215568361977e-04
-1.382760369862401362e-04
-1.384098641601383406e-04
-1.385437028480485111e-04
-1.386775534161222012e-04
-1.388114157453435027e-04
-1.389452898385989954e-04
-1.390791754669606917e-04
-1.392130727447815630e-04
-1.393469818069537070e-04
-1.394809024202192660e-04
-1.396148352102999368e-04
-1.397487798023844263e-04
-1.398827359634369216e-04
-1.400167035447985597e-04
-1.401506829444842950e-04
-1.402846741705987554e-04
-1.404186769816684333e-04
-1.405526917578336921e-04
-1.406867183710858171e-04
-1.408207565917196646e-04
-1.409548065370858083e-04
-1.410888683344158068e-04
-1.412229417603327875e-04
-1.413570274200193211e-04
-1.414911249867367715e-04
-1.416252341795987135e-04
-1.417593548739271014e-04
-1.418934874591881723e-04
-1.420276319472613125e-04
-1.421617880953407465e-04
-1.422959562834558156e-04
-1.424301363904811879e-04
-1.425643281747213109e-04
-1.426985320027718274e-04
-1.428327478890656366e-04
-1.429669752234241642e-04
-1.431012147703469850e-04
-1.432354662795898292e-04
-1.433697297386071767e-04
-1.435040051707137110e-04
-1.436382925703583169e-04
-1.437725919518628714e-04
-1.439069028283945784e-04
-1.440412254285483584e-04
-1.441755600258831649e-04
-1.443099066259501129e-04
-1.444442652382971204e-04
-1.445786358661438342e-04
-1.447130180196598559e-04
-1.448474124665644069e-04
-1.449818189547258385e-04
-1.451162375063486110e-04
-1.452506680881260337e-04
-1.453851107354742211e-04
-1.455195654349594747e-04
-1.456540317081866931e-04
-1.457885097753131021e-04
-1.459229999218880636e-04
-1.460575021544618934e-04
-1.461920164869123795e-04
-1.463265429118010275e-04
-1.464610809454036655e-04
-1.465956313650984555e-04
-1.467301939073184514e-04
-1.468647685685109394e-04
-1.469993551149739730e-04
-1.471339534016014028e-04
-1.472685638298498745e-04
-1.474031861581348579e-04
-1.475378207745903225e-04
-1.476724675555374233e-04
-1.478071262558389165e-04
-1.479417970129404125e-04
-1.480764799483003102e-04
-1.482111748239978155e-04
-1.483458822921779330e-04
-1.484806020088935696e-04
-1.486153339248508232e-04
-1.487500778176720218e-04
-1.488848335051695670e-04
-1.490196014285460890e-04
-1.491543813345597158e-04
-1.492891736221135801e-04
-1.494239781597572758e-04
-1.495587945723464429e-04
-1.496936232535661659e-04
-1.498284642109659615e-04
-1.499633174608661079e-04
-1.500981827320391204e-04
-1.502330607179303001e-04
-1.503679510109767747e-04
-1.505028533543839586e-04
-1.506377675981607211e-04
-1.507726941671894139e-04
-1.509076328055636296e-04
-1.510425839205131737e-04
-1.511775473819199078e-04
-1.513125229355427592e-04
-1.514475107120549779e-04
-1.515825108637791629e-04
-1.517175233906042919e-04
-1.518525480327381771e-04
-1.519875854720798003e-04
-1.521226353670135367e-04
-1.522576973592704164e-04
-1.523927713436012965e-04
-1.525278576173239031e-04
-1.526629561101611188e-04
-1.527980672466622281e-04
-1.529331906950925912e-04
-1.530683262478405027e-04
-1.532034743260135556e-04
-1.533386347345455647e-04
-1.534738075530395207e-04
-1.536089927082207041e-04
-1.537441907050185463e-04
-1.538794007086563553e-04
-1.540146230784023018e-04
-1.541498580345246339e-04
-1.542851053661919991e-04
-1.544203650124531535e-04
-1.545556374118461918e-04
-1.546909222048808985e-04
-1.548262193423743938e-04
-1.549615288941597058e-04
-1.550968509406169815e-04
-1.552321854894067599e-04
-1.553675324774683730e-04
-1.555028924037360483e-04
-1.556382644375409185e-04
-1.557736489345984410e-04
-1.559090461153989082e-04
-1.560444557711093694e-04
-1.561798778449974279e-04
-1.563153127673855280e-04
-1.564507601958808891e-04
-1.565862200533230109e-04
-1.567216924308612036e-04
-1.568571774018812093e-04
-1.569926749732664106e-04
-1.571281850839545413e-04
-1.572637084205075197e-04
-1.573992443115734829e-04
-1.575347922273540036e-04
-1.576703529349021693e-04
-1.578059262130615537e-04
-1.579415120033234032e-04
-1.580771107611012027e-04
-1.582127221160245512e-04
-1.583483459997037102e-04
-1.584839825048423023e-04
-1.586196317101551401e-04
-1.587552936115343982e-04
-1.588909681579098176e-04
-1.590266560327346923e-04
-1.591623566029598535e-04
-1.592980692612933069e-04
-1.594337948185309273e-04
-1.595695330527391320e-04
-1.597052839000800972e-04
-1.598410478181877536e-04
-1.599768245947874590e-04
-1.601126142338760161e-04
-1.602484164349160523e-04
-1.603842313684378240e-04
-1.605200591876521088e-04
-1.606558995921325561e-04
-1.607917533845704128e-04
-1.609276201000042761e-04
-1.610634994236859185e-04
-1.611993911845299721e-04
-1.613352958876879129e-04
-1.614712135352691647e-04
-1.616071438285127115e-04
-1.617430872387082275e-04
-1.618790436221928530e-04
-1.620150126695474313e-04
-1.621509945435306577e-04
-1.622869894234435506e-04
-1.624229969896529013e-04
-1.625590180431846221e-04
-1.626950521942394090e-04
-1.628310990238190925e-04
-1.629671583737168916e-04
-1.631032307711777207e-04
-1.632393162267486986e-04
-1.633754144292343113e-04
-1.635115258584729503e-04
-1.636476503699135776e-04
-1.637837876464764975e-04
-1.639199378672406837e-04
-1.640561011925223411e-04
-1.641922773030213278e-04
-1.643284670498346145e-04
-1.644646699302532156e-04
-1.646008859514935807e-04
-1.647371151224374941e-04
-1.648733574457494910e-04
-1.650096129522937716e-04
-1.651458809664996252e-04
-1.652821618138844428e-04
-1.654184558554927520e-04
-1.655547630977638462e-04
-1.656910835501346213e-04
-1.658274172168239247e-04
-1.659637634461308409e-04
-1.661001232672321137e-04
-1.662364963594953338e-04
-1.663728827194788096e-04
-1.665092823293079505e-04
-1.666456952181816220e-04
-1.667821210291631218e-04
-1.669185592310107324e-04
-1.670550108979762527e-04
-1.671914758675230317e-04
-1.673279538083605189e-04
-1.674644448949047515e-04
-1.676009493134511530e-04
-1.677374667194975189e-04
-1.678739980062182724e-04
-1.680105426447031647e-04
-1.681471002868972775e-04
-1.682836713119417738e-04
-1.684202551747171483e-04
-1.685568524315561589e-04
-1.686934627271874376e-04
-1.688300866032887981e-04
-1.689667238935488314e-04
-1.691033742521330652e-04
-1.692400378607850087e-04
-1.693767149073543976e-04
-1.695134050472280052e-04
-1.696501091663638050e-04
-1.697868268292213045e-04
-1.699235579299962495e-04
-1.700603021703717133e-04
-1.701970592985491137e-04
-1.703338299151591073e-04
-1.704706136820277607e-04
-1.706074111367250623e-04
-1.707442221089428003e-04
-1.708810462505150340e-04
-1.710178837402986929e-04
-1.711547345928376984e-04
-1.712915989103835912e-04
-1.714284766000107041e-04
-1.715653683256324058e-04
-1.717022729714745566e-04
-1.718391910217054175e-04
-1.719761224773241892e-04
-1.721130675301774104e-04
-1.722500259992987282e-04
-1.723869983594195077e-04
-1.725239841535719520e-04
-1.726609831200764944e-04
-1.727979958118242010e-04
-1.729350219628056351e-04
-1.730720616711645121e-04
-1.732091148539671721e-04
-1.733461821472603859e-04
-1.734832624842308491e-04
-1.736203563189597787e-04
-1.737574639231187490e-04
-1.738945850441320218e-04
-1.740317195909613091e-04
-1.741688681219377699e-04
-1.743060303666110755e-04
-1.744432059699319026e-04
-1.745803951114233143e-04
-1.747175979945891910e-04
-1.748548146188744212e-04
-1.749920446250108341e-04
-1.751292889455857704e-04
-1.752665470324821229e-04
-1.754038185175499365e-04
-1.755411032229314827e-04
-1.756784017158397049e-04
-1.758157136246829566e-04
-1.759530395162300920e-04
-1.760903792146217839e-04
-1.762277327257422144e-04
-1.763650996798871162e-04
-1.765024802721226749e-04
-1.766398746941844067e-04
-1.767772825721491969e-04
-1.769147047974151121e-04
-1.770521409479863806e-04
-1.771895905352538492e-04
-1.773270534505266838e-04
-1.774645302333732744e-04
-1.776020205116468631e-04
-1.777395248545587947e-04
-1.778770430893583665e-04
-1.780145752106054857e-04
-1.781521208517045096e-04
-1.782896802060562891e-04
-1.784272534652853182e-04
-1.785648402571338167e-04
-1.787024414863225275e-04
-1.788400566364867217e-04
-1.789776853371449761e-04
-1.791153274585122190e-04
-1.792529835118461534e-04
-1.793906531405431437e-04
-1.795283369024902598e-04
-1.796660346198297731e-04
-1.798037462986679103e-04
-1.799414715618619098e-04
-1.800792106013693328e-04
-1.802169636114792084e-04
-1.803547302183794443e-04
-1.804925113118027724e-04
-1.806303064483261167e-04
-1.807681151441142831e-04
-1.809059373256705072e-04
-1.810437735025871575e-04
-1.811816236906294009e-04
-1.813194874987766880e-04
-1.814573654816964421e-04
-1.815952574762969007e-04
-1.817331631132068637e-04
-1.818710826062552854e-04
-1.820090161296361586e-04
-1.821469632944383577e-04
-1.822849249834002094e-04
-1.824229007102440292e-04
-1.825608900919428734e-04
-1.826988930316852944e-04
-1.828369100115301293e-04
-1.829749410443559654e-04
-1.831129857402524763e-04
-1.832510446574397989e-04
-1.833891176320490146e-04
-1.835272042811642024e-04
-1.836653048326031268e-04
-1.838034192553905655e-04
-1.839415474602645872e-04
-1.840796903048724786e-04
-1.842178470622402031e-04
-1.843560171000957482e-04
-1.844942012926287234e-04
-1.846323993743848035e-04
-1.847706114485037077e-04
-1.849088374240581700e-04
-1.850470775274226654e-04
-1.851853314764895231e-04
-1.853235993175550433e-04
-1.854618813320607629e-04
-1.856001772416737694e-04
-1.857384869669020944e-04
-1.858768113534026156e-04
-1.860151496339002009e-04
-1.861535013566451013e-04
-1.862918669323088139e-04
-1.864302465154343835e-04
-1.865686401297805830e-04
-1.867070477111765214e-04
-1.868454694796684024e-04
-1.869839050113730750e-04
-1.871223545049094383e-04
-1.872608181211488088e-04
-1.873992956178405223e-04
-1.875377870635963617e-04
-1.876762930681508124e-04
-1.878148124292433607e-04
-1.879533457845861122e-04
-1.880918930954322832e-04
-1.882304544279511660e-04
-1.883690298055684664e-04
-1.885076190970558230e-04
-1.886462223784635128e-04
-1.887848396118219085e-04
-1.889234708706277743e-04
-1.890621162444761083e-04
-1.892007755024405213e-04
-1.893394486968125179e-04
-1.894781364373265831e-04
-1.896168375941087447e-04
-1.897555527764493988e-04
-1.898942819226201451e-04
-1.900330250822479528e-04
-1.901717821530812813e-04
-1.903105531814164308e-04
-1.904493385659344895e-04
-1.905881378408968985e-04
-1.907269507852582535e-04
-1.908657778799671689e-04
-1.910046188660086131e-04
-1.911434738498529740e-04
-1.912823427192567038e-04
-1.914212260061276538e-04
-1.915601228270613632e-04
-1.916990335356638653e-04
-1.918379582009910322e-04
-1.919768968468016368e-04
-1.921158493741748075e-04
-1.922548161761294949e-04
-1.923937968494326967e-04
-1.925327911759255883e-04
-1.926717996386662080e-04
-1.928108221463942229e-04
-1.929498586963340756e-04
-1.930889089275522608e-04
-1.932279736358566424e-04
-1.933670523790453899e-04
-1.935061447982944216e-04
-1.936452508172203935e-04
-1.937843708541553411e-04
-1.939235045678167069e-04
-1.940626524454813762e-04
-1.942018143424872889e-04
-1.943409899068937463e-04
-1.944801793420936065e-04
-1.946193827810915877e-04
-1.947586002292167606e-04
-1.948978313388582961e-04
-1.950370768546427769e-04
-1.951763364155256752e-04
-1.953156096063946023e-04
-1.954548963525315486e-04
-1.955941970906982519e-04
-1.957335114699532141e-04
-1.958728400004439152e-04
-1.960121825076432955e-04
-1.961515389903301099e-04
-1.962909091132170047e-04
-1.964302930356209842e-04
-1.965696909259628811e-04
-1.967091024422940038e-04
-1.968485283559973098e-04
-1.969879682245379016e-04
-1.971274217124063810e-04
-1.972668887253448133e-04
-1.974063696865702155e-04
-1.975458642627936356e-04
-1.976853729481753419e-04
-1.978248955684103194e-04
-1.979644321242757243e-04
-1.981039822902541658e-04
-1.982435462257736702e-04
-1.983831240828237696e-04
-1.985227155451019243e-04
-1.986623213390270593e-04
-1.988019410742447590e-04
-1.989415743821609794e-04
-1.990812212017134541e-04
-1.992208819255880670e-04
-1.993605562432554379e-04
-1.995002446186777689e-04
-1.996399469004206395e-04
-1.997796630847092914e-04
-1.999193928491349581e-04
-2.000591363535697553e-04
-2.001988937541110403e-04
-2.003386647285720912e-04
-2.004784499959333388e-04
-2.006182491521846245e-04
-2.007580619390880727e-04
-2.008978881491430002e-04
-2.010377282379849362e-04
-2.011775822018391224e-04
-2.013174497454972567e-04
-2.014573313048328984e-04
-2.015972267459531508e-04
-2.017371357451169800e-04
-2.018770584638618359e-04
-2.020169950504024925e-04
-2.021569452022031754e-04
-2.022969096797666566e-04
-2.024368879992577419e-04
-2.025768798958882400e-04
-2.027168851967964258e-04
-2.028569043583949849e-04
-2.029969373771312036e-04
-2.031369839565755342e-04
-2.032770445395959413e-04
-2.034171189827516102e-04
-2.035572069719604471e-04
-2.036973086794180432e-04
-2.038374242361307154e-04
-2.039775533509979866e-04
-2.041176967614299897e-04
-2.042578540225603589e-04
-2.043980248382926135e-04
-2.045382090719582990e-04
-2.046784071589868859e-04
-2.048186190966028164e-04
-2.049588445918182344e-04
-2.050990840919419966e-04
-2.052393374440963925e-04
-2.053796043567368557e-04
-2.055198849765238478e-04
-2.056601794541146333e-04
-2.058004874965213560e-04
-2.059408098362691675e-04
-2.060811460066203082e-04
-2.062214960594221935e-04
-2.063618596568339569e-04
-2.065022367031543737e-04
-2.066426276129407213e-04
-2.067830320990893256e-04
-2.069234505941430768e-04
-2.070638829544391157e-04
-2.072043288936509242e-04
-2.073447885615475883e-04
-2.074852621055667257e-04
-2.076257492358291046e-04
-2.077662506713151558e-04
-2.079067659879196839e-04
-2.080472951835332651e-04
-2.081878379798229872e-04
-2.083283942321267901e-04
-2.084689643709891627e-04
-2.086095481195204826e-04
-2.087501459078211496e-04
-2.088907575962251073e-04
-2.090313828966294807e-04
-2.091720219621340249e-04
-2.093126749336260417e-04
-2.094533415293309275e-04
-2.095940224882131275e-04
-2.097347173323216296e-04
-2.098754261350421757e-04
-2.100161485488749591e-04
-2.101568844783407997e-04
-2.102976343452134245e-04
-2.104383978642765385e-04
-2.105791754722918796e-04
-2.107199670254855661e-04
-2.108607722494104664e-04
-2.110015912888396628e-04
-2.111424242924320183e-04
-2.112832712657386480e-04
-2.114241319237653016e-04
-2.115650069898222796e-04
-2.117058960445783455e-04
-2.118467988011518699e-04
-2.119877151158799933e-04
-2.121286454399573529e-04
-2.122695894809512041e-04
-2.124105476732918163e-04
-2.125515198897476310e-04
-2.126925058418827064e-04
-2.128335056758023924e-04
-2.129745195517118717e-04
-2.131155474772716829e-04
-2.132565891540538772e-04
-2.133976453490005198e-04
-2.135387155812740190e-04
-2.136797996195038962e-04
-2.138208975754896102e-04
-2.139620105454653753e-04
-2.141031366040824224e-04
-2.142442764014873546e-04
-2.143854303068293277e-04
-2.145265983348743077e-04
-2.146677804834018488e-04
-2.148089767662897387e-04
-2.149501871934189623e-04
-2.150914111722634914e-04
-2.152326496057677119e-04
-2.153739022110467971e-04
-2.155151689838818996e-04
-2.156564499486979258e-04
-2.157977451022752291e-04
-2.159390538529759596e-04
-2.160803765158814116e-04
-2.162217133900856680e-04
-2.163630644996805685e-04
-2.165044298475526929e-04
-2.166458094381429333e-04
-2.167872032854400999e-04
-2.169286107897017146e-04
-2.170700328741892449e-04
-2.172114692261528646e-04
-2.173529199248624977e-04
-2.174943848763932763e-04
-2.176358641997611088e-04
-2.177773571910845973e-04
-2.179188642175144963e-04
-2.180603855899132526e-04
-2.182019213252672785e-04
-2.183434714294607559e-04
-2.184850359099321793e-04
-2.186266147909954327e-04
-2.187682074352714778e-04
-2.189098148065449223e-04
-2.190514366114948430e-04
-2.191930728503432846e-04
-2.193347235429632391e-04
-2.194763886992356916e-04
-2.196180676806713805e-04
-2.197597608162293881e-04
-2.199014684510780526e-04
-2.200431905943212030e-04
-2.201849272638334298e-04
-2.203266784616131346e-04
-2.204684442096427333e-04
-2.206102238542229088e-04
-2.207520183954425619e-04
-2.208938275122251937e-04
-2.210356512623024017e-04
-2.211774895858331647e-04
-2.213193425805171088e-04
-2.214612101731905369e-04
-2.216030917632227926e-04
-2.217449876680266385e-04
-2.218868982527544276e-04
-2.220288235285083900e-04
-2.221707635142733395e-04
-2.223127182203743502e-04
-2.224546869619148382e-04
-2.225966708010451711e-04
-2.227386694092503561e-04
-2.228806827895279952e-04
-2.230227109681903741e-04
-2.231647539522318979e-04
-2.233068117661884955e-04
-2.234488836972969850e-04
-2.235909701288063545e-04
-2.237330714208729532e-04
-2.238751875994759999e-04
-2.240173186763838586e-04
-2.241594646711364547e-04
-2.243016248565377069e-04
-2.244438003574655838e-04
-2.245859907470393324e-04
-2.247281961871294698e-04
-2.248704165596082660e-04
-2.250126520076944914e-04
-2.251549024144816613e-04
-2.252971671822256994e-04
-2.254394466302267475e-04
-2.255817411574989606e-04
-2.257240507786972827e-04
-2.258663755090317693e-04
-2.260087153632683865e-04
-2.261510695885649014e-04
-2.262934393709725711e-04
-2.264358243349029465e-04
-2.265782244951219937e-04
-2.267206398692822589e-04
-2.268630704888030536e-04
-2.270055163595685599e-04
-2.271479766938755418e-04
-2.272904519219354214e-04
-2.274329424505339148e-04
-2.275754483038738840e-04
-2.277179695050479680e-04
-2.278605060681559991e-04
-2.280030571876201506e-04
-2.281456241226553772e-04
-2.282882064007507594e-04
-2.284308041976546022e-04
-2.285734173765874289e-04
-2.287160461136306111e-04
-2.288586902792211220e-04
-2.290013491853537531e-04
-2.291440232079500205e-04
-2.292867127912101566e-04
-2.294294179527867072e-04
-2.295721387117755086e-04
-2.297148750991517829e-04
-2.298576262459439690e-04
-2.300003934977423725e-04
-2.301431764302197536e-04
-2.302859750751284906e-04
-2.304287894504541967e-04
-2.305716195721840833e-04
-2.307144654677406592e-04
-2.308573262531643522e-04
-2.310002023857560260e-04
-2.311430943625625289e-04
-2.312860021952412026e-04
-2.314289259096602436e-04
-2.315718655288012684e-04
-2.317148210745356707e-04
-2.318577916335939904e-04
-2.320007786354993939e-04
-2.321437815820948103e-04
-2.322868005810718728e-04
-2.324298356037868274e-04
-2.325728867254017729e-04
-2.327159529639244440e-04
-2.328590348543713162e-04
-2.330021328796894053e-04
-2.331452470727413129e-04
-2.332883774582850123e-04
-2.334315240590800755e-04
-2.335746869049915020e-04
-2.337178650031468408e-04
-2.338610599001977874e-04
-2.340042711154177724e-04
-2.341474986772285050e-04
-2.342907426080564903e-04
-2.344340029447611329e-04
-2.345772786628286255e-04
-2.347205702949439754e-04
-2.348638784120948841e-04
-2.350072030247174482e-04
-2.351505441734458302e-04
-2.352939018720467956e-04
-2.354372761655953994e-04
-2.355806659871673148e-04
-2.357240729997656103e-04
-2.358674966517204652e-04
-2.360109370320717659e-04
-2.361543941200583419e-04
-2.362978679951721617e-04
-2.364413575298707215e-04
-2.365848633223421871e-04
-2.367283859634472520e-04
-2.368719254854934064e-04
-2.370154819085756870e-04
-2.371590552711078104e-04
-2.373026456071736234e-04
-2.374462517774622583e-04
-2.375898755622163350e-04
-2.377335164125415901e-04
-2.378771743646312942e-04
-2.380208494451307999e-04
-2.381645416921207570e-04
-2.383082499270994248e-04
-2.384519747778979237e-04
-2.385957168851149390e-04
-2.387394762847216967e-04
-2.388832530161311141e-04
-2.390270471073208114e-04
-2.391708585992580183e-04
-2.393146862633699357e-04
-2.394585320170117271e-04
-2.396023952784265276e-04
-2.397462754587520450e-04
-2.398901722311386209e-04
-2.400340866075545421e-04
-2.401780179737134091e-04
-2.403219673494660924e-04
-2.404659344501514084e-04
-2.406099193142940962e-04
-2.407539213015175150e-04
-2.408979407941824746e-04
-2.410419781544437257e-04
-2.411860327503623225e-04
-2.413301063354245102e-04
-2.414741979279710904e-04
-2.416183068608690476e-04
-2.417624328217016227e-04
-2.419065769031503166e-04
-2.420507391517334739e-04
-2.421949188826655330e-04
-2.423391172224897971e-04
-2.424833338623422208e-04
-2.426275681076672797e-04
-2.427718203655837570e-04
-2.429160910525363093e-04
-2.430603794639774051e-04
-2.432046874913940115e-04
-2.433490141242611315e-04
-2.434933586130672012e-04
-2.436377206124218375e-04
-2.437821013224761302e-04
-2.439265007907476246e-04
-2.440709182860434368e-04
-2.442153550299419607e-04
-2.443598106933730918e-04
-2.445042845158340583e-04
-2.446487769431904269e-04
-2.447932884452885816e-04
-2.449378182366457324e-04
-2.450823682811353876e-04
-2.452269375663451711e-04
-2.453715252921373491e-04
-2.455161312778786353e-04
-2.456607566544422028e-04
-2.458054014973232171e-04
-2.459500649858448185e-04
-2.460947484856923495e-04
-2.462394516281607437e-04
-2.463841735865779370e-04
-2.465289148518845508e-04
-2.466736759513254995e-04
-2.468184560215913592e-04
-2.469632571937552257e-04
-2.471080783718049290e-04
-2.472529196658745931e-04
-2.473977801765725459e-04
-2.475426597629004632e-04
-2.476875596455485606e-04
-2.478324789264574335e-04
-2.479774191488370860e-04
-2.481223798914689027e-04
-2.482673602294260817e-04
-2.484123607463528671e-04
-2.485573820177888749e-04
-2.487024230899415045e-04
-2.488474863591161323e-04
-2.489925706309348286e-04
-2.491376759979901934e-04
-2.492828014806214298e-04
-2.494279468991944526e-04
-2.495731136730183763e-04
-2.497183007875714011e-04
-2.498635099853485642e-04
-2.500087408185969196e-04
-2.501539922465934040e-04
-2.502992649339175202e-04
-2.504445607116601025e-04
-2.505898767717340547e-04
-2.507352157947728699e-04
-2.508805770213839992e-04
-2.510259606789411180e-04
-2.511713667787685011e-04
-2.513167955515704932e-04
-2.514622470187743986e-04
-2.516077188645660101e-04
-2.517532128252231161e-04
-2.518987298951724796e-04
-2.520442702148573133e-04
-2.521898339206130046e-04
-2.523354211643180633e-04
-2.524810321028470028e-04
-2.526266641056373885e-04
-2.527723209526655523e-04
-2.529180019392729406e-04
-2.530637072533092891e-04
-2.532094355786052020e-04
-2.533551869248196198e-04
-2.535009615800554172e-04
-2.536467616857107643e-04
-2.537925870043089560e-04
-2.539384361437413418e-04
-2.540843104373857742e-04
-2.542302105642546550e-04
-2.543761367654884253e-04
-2.545220875721510012e-04
-2.546680663148004342e-04
-2.548140718413582917e-04
-2.549601026892167610e-04
-2.551061594544545841e-04
-2.552522438576954045e-04
-2.553983543116533639e-04
-2.555444934861927919e-04
-2.556906612524167954e-04
-2.558368559393287001e-04
-2.559830794242046181e-04
-2.561293326026614636e-04
-2.562756158899226477e-04
-2.564219274924228742e-04
-2.565682715783834666e-04
-2.567146471368353389e-04
-2.568610522794001483e-04
-2.570074883786466202e-04
-2.571539575472181482e-04
-2.573004577806070614e-04
-2.574469928060540980e-04
-2.575935628301717628e-04
-2.577401686044700213e-04
-2.578868079445850725e-04
-2.580334840689424425e-04
-2.581801968363217625e-04
-2.583269462975712472e-04
-2.584737360507016746e-04
-2.586205651102790881e-04
-2.587674347079849113e-04
-2.589143482333300383e-04
-2.590613047573908645e-04
-2.592083053670757309e-04
-2.593553548102534023e-04
-2.595024516844901541e-04
-2.596495992963632204e-04
-2.597967979000026517e-04
-2.599440496783289589e-04
-2.600913589768660827e-04
-2.602387254988514087e-04
-2.603861566558007823e-04
-2.605336498266996870e-04
-2.606812054557483549e-04
-2.608288319017049162e-04
-2.609765277337139366e-04
-2.611242948821201892e-04
-2.612721384321892160e-04
-2.614200572028657632e-04
-2.615680539772569091e-04
-2.617161282626456753e-04
-2.618642771244905632e-04
-2.620124988830241364e-04
-2.621607888895205463e-04
-2.623091425120183118e-04
-2.624575465384193507e-04
-2.626059945711745058e-04
-2.627544764546296818e-04
-2.629029804943616710e-04
-2.630514968969821510e-04
-2.632000164470849057e-04
-2.633485311329675227e-04
-2.634970347236142985e-04
-2.636455222011502286e-04
-2.637939920341336730e-04
-2.639424405824764008e-04
-2.640908671911468275e-04
-2.642392720628716773e-04
-2.643876569947689603e-04
-2.645360213638925373e-04
-2.646843665269349444e-04
-2.648326958170077461e-04
-2.649810087991255614e-04
-2.651293093191009476e-04
-2.652775999160139619e-04
-2.654258790074637275e-04
-2.655741505869224639e-04
-2.657224152157189323e-04
-2.658706753533301992e-04
-2.660189320374817257e-04
-2.661671876532656356e-04
-2.663154425912583889e-04
-2.664636962981248303e-04
-2.666119510961184602e-04
-2.667602084719389310e-04
-2.669084684209233060e-04
-2.670567327653916578e-04
-2.672050031716777241e-04
-2.673532777239806535e-04
-2.674274153788847030e-04
