4.650229034790710481e-01
4.650247352602736584e-01
4.650266264223247292e-01
4.650285771431391102e-01
4.650305875750369577e-01
4.650326578417192658e-01
4.650347880354377961e-01
4.650364316404998477e-01
4.650386668220357067e-01
4.650409619944729789e-01
4.650433171010913691e-01
4.650457320360794622e-01
4.650482066400598025e-01
4.650507406953156564e-01
4.650526866821990679e-01
4.650553240595490800e-01
4.650580199459876107e-01
4.650607738571213567e-01
4.650635852231737588e-01
4.650664533823337110e-01
4.650686479159593656e-01
4.650716135686351338e-01
4.650746336615868004e-01
4.650777071228652249e-01
4.650808327523564545e-01
4.650840092132947912e-01
4.650872350235373265e-01
4.650896923863495624e-01
4.650930005222331798e-01
4.650963531083547875e-01
4.650997480366452219e-01
4.651031830101766129e-01
4.651066555340931385e-01
4.651092895506664937e-01
4.651128211573554161e-01
4.651163823611134673e-01
4.651199698482959000e-01
4.651235800688663935e-01
4.651272092302843886e-01
4.651308532924514627e-01
4.651336001446244039e-01
4.651372598044019591e-01
4.651409219528398475e-01
4.651445816008352163e-01
4.651477809284273457e-01
4.651514215730992996e-01
4.651545956922034097e-01
4.651581973275664694e-01
4.651617694659875291e-01
4.651653057971483207e-01
4.651683689143172873e-01
4.651718204842687499e-01
4.651752171758652410e-01
4.651781421609553768e-01
4.651814173661439900e-01
4.651846177552244055e-01
4.651873545278606970e-01
4.651903958262073036e-01
4.651933423487108477e-01
4.651958407907144655e-01
4.651985915154927542e-01
4.652012285197734687e-01
4.652037456616175959e-01
4.652058485440223601e-01
4.652081255094359102e-01
4.652102668548682152e-01
4.652120288967226958e-01
4.652139037425546686e-01
4.652156308774685334e-01
4.652170217427551990e-01
4.652184638231933178e-01
4.652197506578060193e-01
4.652207514407006861e-01
4.652217438036638786e-01
4.652225784869543079e-01
4.652232558741941082e-01
4.652237236359180739e-01
4.652241092975778480e-01
4.652243422004430085e-01
4.652244260967585143e-01
4.652243802979405540e-01
4.652241909420719579e-01
4.652239140453215405e-01
4.652234670331065192e-01
4.652228894902281087e-01
4.652221866522481264e-01
4.652214765233709248e-01
4.652205538267635276e-01
4.652195223102661981e-01
4.652185385398420747e-01
4.652173194363358744e-01
4.652160092117635370e-01
4.652147962301489970e-01
4.652133319786332377e-01
4.652117944892321666e-01
4.652103972073228233e-01
4.652087387503733296e-01
4.652070242682597168e-01
4.652052594684732978e-01
4.652036816444786171e-01
4.652018372462671247e-01
4.651999578864150497e-01
4.651980484969354679e-01
4.651961137834872972e-01
4.651941582199764502e-01
4.651926870262358404e-01
4.651907050336833160e-01
4.651887132819628734e-01
4.651867153653392872e-01
4.651847146489071494e-01
4.651827142736544851e-01
4.651807171625290671e-01
4.651792297134764165e-01
4.651772447175711034e-01
4.651752699593650897e-01
4.651733076118466093e-01
4.651713596683419993e-01
4.651694279516148667e-01
4.651679974214690816e-01
4.651660980074348029e-01
4.651642190282516687e-01
4.651623617485838302e-01
4.651605273055562928e-01
4.651587167173154014e-01
4.651569308913369727e-01
4.651556148635010990e-01
4.651538742505548218e-01
4.651521603887975864e-01
4.651504738390760951e-01
4.651488150864618309e-01
4.651471845465537380e-01
4.651459869741487729e-01
4.651444066186147808e-01
4.651428553077100458e-01
4.651413332465201833e-01
4.651398405956829185e-01
4.651383774757365530e-01
4.651369439710071885e-01
4.651358949139965393e-01
4.651345133429619638e-01
4.651331614613929966e-01
4.651318392482068353e-01
4.651305466610150541e-01
4.651292836385144125e-01
4.651283623316073701e-01
4.651271508505392949e-01
4.651259686849289476e-01
4.651248157200949529e-01
4.651236918309108459e-01
4.651225968830765556e-01
4.651215307342297378e-01
4.651207565371300312e-01
4.651197404230944521e-01
4.651187526824425711e-01
4.651177931501951912e-01
4.651168616568440162e-01
4.651159580287871909e-01
4.651150820886877923e-01
4.651144498004007866e-01
4.651136218772339848e-01
4.651128211370690324e-01
4.651120473904590269e-01
4.651113004449302646e-01
4.651105801050514632e-01
4.651100637963228035e-01
4.651093895368149655e-01
4.651087413295480477e-01
4.651081189672097160e-01
4.651075222390289032e-01
4.651069509306119953e-01
4.651064048237589788e-01
4.651060182545211363e-01
4.651055157132590323e-01
4.651050377522902846e-01
4.651045841373663281e-01
4.651041546294548690e-01
4.651037489845268325e-01
4.651034668674035588e-01
4.651031023797125297e-01
4.651027610564348325e-01
4.651024426329322670e-01
4.651021468385949098e-01
4.651018733966434948e-01
4.651016220239514998e-01
4.651014544099831283e-01
4.651012409575311368e-01
4.651010487615568900e-01
4.651008775136655227e-01
4.651007268982817466e-01
4.651005965926068852e-01
4.651005186001734848e-01
4.651004230374067294e-01
4.651003468580856559e-01
4.651002897110220191e-01
4.651002512371794073e-01
4.651002310695543374e-01
4.651002288330743362e-01
4.651002453001200632e-01
4.651002735159939783e-01
4.651003185890718039e-01
4.651003801130662585e-01
4.651004576731232465e-01
4.651005508457190518e-01
4.651006373188629750e-01
4.651007567678443477e-01
4.651008906191483883e-01
4.651010384158675293e-01
4.651011996919841573e-01
4.651013739722934526e-01
4.651015607723463230e-01
4.651017153998986964e-01
4.651019229158766533e-01
4.651021415713828544e-01
4.651023708471563878e-01
4.651026102146543773e-01
4.651028591362856845e-01
4.651030583774088956e-01
4.651033226983919411e-01
4.651035950497338090e-01
4.651038748617460361e-01
4.651041615570888355e-01
4.651044545513331463e-01
4.651047532536418672e-01
4.651049872765491977e-01
4.651052945299505303e-01
4.651056058406169980e-01
4.651059206020040082e-01
4.651062382062963740e-01
4.651065580459686766e-01
4.651068795155110513e-01
4.651071279344863862e-01
4.651074508123319018e-01
4.651077736816637276e-01
4.651080959631753720e-01
4.651084170903349024e-01
4.651087365121611694e-01
4.651089812479505814e-01
4.651092964169040167e-01
4.651096084696977884e-01
4.651099169405613076e-01
4.651102213939823371e-01
4.651105214280555344e-01
4.651108166776342090e-01
4.651110413879199212e-01
4.651113275080436260e-01
4.651116080548374776e-01
4.651118521081660795e-01
4.651121217057616608e-01
4.651123852931796088e-01
4.651126142673990826e-01
4.651128664980910821e-01
4.651131127302421953e-01
4.651133266573097003e-01
4.651135619991674797e-01
4.651137918319578901e-01
4.651140164389665488e-01
4.651142122551459313e-01
4.651144280259222330e-01
4.651146396998061538e-01
4.651148252485288737e-01
4.651150306189648087e-01
4.651152334532234756e-01
4.651154126547581980e-01
4.651156124715061235e-01
4.651158116792210584e-01
4.651160110190717956e-01
4.651161894615067904e-01
4.651163911495977410e-01
4.651165952561202577e-01
4.651167797963967621e-01
4.651169907043641305e-01
4.651172064732532752e-01
4.651174279721398408e-01
4.651176560741262511e-01
4.651178916528604934e-01
4.651180803797083096e-01
4.651183311350121086e-01
4.651185917463472319e-01
4.651188630619275122e-01
4.651191459169002895e-01
4.651194411311621035e-01
4.651197495074294586e-01
4.651199965119945934e-01
4.651203297956260641e-01
4.651206783470550610e-01
4.651210428912860850e-01
4.651214241300670738e-01
4.651218227412088346e-01
4.651221401070739780e-01
4.651225706771675572e-01
4.651230203566657506e-01
4.651234897304734051e-01
4.651239793584988069e-01
4.651244897758661234e-01
4.651250214931339499e-01
4.651254411660119548e-01
4.651260113140949226e-01
4.651266040426457749e-01
4.651272197738326453e-01
4.651278589074905878e-01
4.651285218217448003e-01
4.651292088736498909e-01
4.651297468200137342e-01
4.651304769110045645e-01
4.651312320183901283e-01
4.651320124262571798e-01
4.651328184008928779e-01
4.651336501914735688e-01
4.651342977310203852e-01
4.651351752501154957e-01
4.651360791878773049e-01
4.651370097354830535e-01
4.651379670702313618e-01
4.651389513561791089e-01
4.651399627447673768e-01
4.651407457713904736e-01
4.651418049182807768e-01
4.651428915241623829e-01
4.651440056985003402e-01
4.651451475408395209e-01
4.651463171414387254e-01
4.651472192227141256e-01
4.651484375910296953e-01
4.651496839216424095e-01
4.651509582741410465e-01
4.651522607010364352e-01
4.651535912481936652e-01
4.651549499552448674e-01
4.651559941017127664e-01
4.651574021666393111e-01
4.651588384715069635e-01
4.651603030360024205e-01
4.651617958753487270e-01
4.651633170006305718e-01
4.651644830279315634e-01
4.651660536689462555e-01
4.651676526076375384e-01
4.651692798423516240e-01
4.651709353687111803e-01
4.651726191798958299e-01
4.651743312668944474e-01
4.651756404983454773e-01
4.651774020406577725e-01
4.651791918246787061e-01
4.651810098353457157e-01
4.651828560564502113e-01
4.651847304709373354e-01
4.651861613902567028e-01
4.651880851000642636e-01
4.651900369533009671e-01
4.651920169312735442e-01
4.651940250152677425e-01
4.651960611867266837e-01
4.651981254274004662e-01
4.651996986353939545e-01
4.652018119547739472e-01
4.652039532959712509e-01
4.652061226431747909e-01
4.652083199815268411e-01
4.652105452972575828e-01
4.652122392549069563e-01
4.652145135014927879e-01
4.652168156940086341e-01
4.652191458236522581e-01
4.652215038831550853e-01
4.652238898668663580e-01
4.652263037708135318e-01
4.652281391389364584e-01
4.652306018990312042e-01
4.652330925775310377e-01
4.652356111772321667e-01
4.652381577027702164e-01
4.652407321606815693e-01
4.652433345593783298e-01
4.652453113202280055e-01
4.652479626411590297e-01
4.652506419356230438e-01
4.652533492189176445e-01
4.652560845080733198e-01
4.652588478217725143e-01
4.652609453303990228e-01
4.652637577367416677e-01
4.652665982268427980e-01
4.652694668247547849e-01
4.652723635556694215e-01
4.652752884457653226e-01
4.652782415220430012e-01
4.652804814638333286e-01
4.652834839326775440e-01
4.652865146646732453e-01
4.652895736881840771e-01
4.652926610314083167e-01
4.652957767221280183e-01
4.652981387309303440e-01
4.653013040944774525e-01
4.653044978775950913e-01
4.653077201040730637e-01
4.653109707958870134e-01
4.653142499729291948e-01
4.653175576526094037e-01
4.653200637482486912e-01
4.653234213408162234e-01
4.653268074684117628e-01
4.653302221360579027e-01
4.653336653445719895e-01
4.653371370901628334e-01
4.653397662444428984e-01
4.653432879055561244e-01
4.653468380662819648e-01
4.653504167019367754e-01
4.653540237812889835e-01
4.653576592661322064e-01
4.653613231108860160e-01
4.653640961973285473e-01
4.653678095385458402e-01
4.653715510729921068e-01
4.653753207238843781e-01
4.653791184052467611e-01
4.653829440215671576e-01
4.653858381272871769e-01
4.653897123702930849e-01
4.653936142341200677e-01
4.653975435851293030e-01
4.654015002790405364e-01
4.654054841608685211e-01
4.654094950648599016e-01
4.654125274953801461e-01
4.654165852571404693e-01
4.654206695304394792e-01
4.654247801102140980e-01
4.654289167815735540e-01
4.654330793202574035e-01
4.654362246854940599e-01
4.654404319263301670e-01
4.654446643744948320e-01
4.654489217765580000e-01
4.654532038734166544e-01
4.654575104014063713e-01
4.654618410935136286e-01
4.654651114350522589e-01
4.654694837665433460e-01
4.654738795218103520e-01
4.654782984338966534e-01
4.654827402395906866e-01
4.654872046811363018e-01
4.654916915079483353e-01
4.654950778000526701e-01
4.654996032259470784e-01
4.655041503991292906e-01
4.655087191112503575e-01
4.655133091691062708e-01
4.655173461547322256e-01
4.655213992407126744e-01
4.655260471437993042e-01
4.655307158270101109e-01
4.655348212036936606e-01
4.655395285885368106e-01
4.655442565158068313e-01
4.655490049460624391e-01
4.655531799422750749e-01
4.655579667884340855e-01
4.655627741503057249e-01
4.655670007728578974e-01
4.655718467463462185e-01
4.655767134288903430e-01
4.655809921622550140e-01
4.655858979758266680e-01
4.655908248535032268e-01
4.655951565884070553e-01
4.656001233942930750e-01
4.656051117523913874e-01
4.656101218574709155e-01
4.656145270153800864e-01
4.656195784563899598e-01
4.656246522573679880e-01
4.656291136694926114e-01
4.656342300109655441e-01
4.656400101125073854e-01
4.656438887122501535e-01
4.656490718898068093e-01
4.656542787765763358e-01
4.656595096105040077e-01
4.656647646279297725e-01
4.656700440627738469e-01
4.656753481458366095e-01
4.656793491533540164e-01
4.656846969147624415e-01
4.656900699384440290e-01
4.656954684388940335e-01
4.657008926254281866e-01
4.657063427019617619e-01
4.657104540032991902e-01
4.657159498612173931e-01
4.657214721411260805e-01
4.657270210258880327e-01
4.657325966927589045e-01
4.657381993134648290e-01
4.657438290543089443e-01
4.657480758898229212e-01
4.657537534753151132e-01
4.657594586114465196e-01
4.657651914454994380e-01
4.657709521201119363e-01
4.657767407734448861e-01
4.657811073415209502e-01
4.657869452773093499e-01
4.657928115504209043e-01
4.657987062840890369e-01
4.658046295980400875e-01
4.658105816086970941e-01
4.658165624293749696e-01
4.658210736555655207e-01
4.658271051578833921e-01
4.658331657674015802e-01
4.658392555875034424e-01
4.658453747193606609e-01
4.658515232621255331e-01
4.658577013131123823e-01
4.658623609126699150e-01
4.658685908321999469e-01
4.658748505195051681e-01
4.658811400665622271e-01
4.658874595643308636e-01
4.658938091029340423e-01
4.658985976651454641e-01
4.659049999902305506e-01
4.659114326010139751e-01
4.659178955859424875e-01
4.659243890334257565e-01
4.659309130319582715e-01
4.659374676703232909e-01
4.659424104517301268e-01
4.659490189246714986e-01
4.659556582842240835e-01
4.659623286215559546e-01
4.659690300288354403e-01
4.659757625993847241e-01
4.659808391779542980e-01
4.659876265128851114e-01
4.659944452748742139e-01
4.660012955628727860e-01
4.660081774776871910e-01
4.660150911221148662e-01
4.660220366010906501e-01
4.660272733106525234e-01
4.660342747594424240e-01
4.660413083435647197e-01
4.660483741772765698e-01
4.660554723776693109e-01
4.660626030648345464e-01
4.660679791195510568e-01
4.660751669572031908e-01
4.660823876285783984e-01
4.660896412663944055e-01
4.660969280071167176e-01
4.661042479911581826e-01
4.661116013630182131e-01
4.661171450396388027e-01
4.661245572007771121e-01
4.661320031697401833e-01
4.661394831080259982e-01
4.661469971821091129e-01
4.661545455636301738e-01
4.661602361194382982e-01
4.661678449683588354e-01
4.661754886249621088e-01
4.661831672820071493e-01
4.661908811383550510e-01
4.661986303991657588e-01
4.662064152761038471e-01
4.662122840890217668e-01
4.662201318236541270e-01
4.662280157916110501e-01
4.662359362306775501e-01
4.662438933860754142e-01
4.662518875106317906e-01
4.662579141742125843e-01
4.662659736268733313e-01
4.662740707847340405e-01
4.662822059307704103e-01
4.662903793564295851e-01
4.662985913617550549e-01
4.663068422555786130e-01
4.663130627920361593e-01
4.663213825106414245e-01
4.663297420134259741e-01
4.663381416433957649e-01
4.663465817529818813e-01
4.663550627041654906e-01
4.663635848685950824e-01
4.663700104239786870e-01
4.663786056354802256e-01
4.663872431329346702e-01
4.663959233251290248e-01
4.664046466309583194e-01
4.664134134795083209e-01
4.664200241134477398e-01
4.664288682250437579e-01
4.664377571124133093e-01
4.664466912434096502e-01
4.664556710963466690e-01
4.664646971600367453e-01
4.664737699338336596e-01
4.664806121349955870e-01
4.664897678850267737e-01
4.664989717729456364e-01
4.665082243378299021e-01
4.665175261294079445e-01
4.665268777080409657e-01
4.665339310708987441e-01
4.665433711571997377e-01
4.665528626264499601e-01
4.665624060789259064e-01
4.665720021255205796e-01
4.665816513877404370e-01
4.665913544976788563e-01
4.665986742193553027e-01
4.666084731157610910e-01
4.666183276525630585e-01
4.666282385013419964e-01
4.666382063441433803e-01
4.666482318734264667e-01
4.666557959672346101e-01
4.666659241452056905e-01
4.666761119672888647e-01
4.666863601646157322e-01
4.666966694785003589e-01
4.667070406603898158e-01
4.667174744717939028e-01
4.667253480649950492e-01
4.667358933406800525e-01
4.667465033913508199e-01
4.667571790155770062e-01
4.667679210216536534e-01
4.667787302274362116e-01
4.667868884016328490e-01
4.667978172033360740e-01
4.668088155025021391e-01
4.668198841519982101e-01
4.668310240137458211e-01
4.668422359585563397e-01
4.668535208659853053e-01
4.668620396377315962e-01
4.668734543721801411e-01
4.668849445317925784e-01
4.668965110274025943e-01
4.669081547777272356e-01
4.669198767091359281e-01
4.669287267035492905e-01
4.669405877030639584e-01
4.669525294686704964e-01
4.669645529532147066e-01
4.669766591159231761e-01
4.669888489220889172e-01
4.670011233427180386e-01
4.670103919546486626e-01
4.670228168032498073e-01
4.670353289630265192e-01
4.670479294229658573e-01
4.670606191758270298e-01
4.670733992176349103e-01
4.670862705471577891e-01
4.670959912381884571e-01
4.671090247307030374e-01
4.671221522670151449e-01
4.671353748509294856e-01
4.671486934860253348e-01
4.671621091749170174e-01
4.671722419223155454e-01
4.671858298624752548e-01
4.671995176020776741e-01
4.672133061327481962e-01
4.672271964409826506e-01
4.672411895071259536e-01
4.672552863042772064e-01
4.672659342466859989e-01
4.672802148886878726e-01
4.672946018907497279e-01
4.673090961880191907e-01
4.673236987023330347e-01
4.673384103407245416e-01
4.673495229119488670e-01
4.673644276501733863e-01
4.673794439173692417e-01
4.673945725503564352e-01
4.674098143629009661e-01
4.674251701437350803e-01
4.674406406543894499e-01
4.674523259673354914e-01
4.674679989979576566e-01
4.674837886940205189e-01
4.674996956944671989e-01
4.675157205994688314e-01
4.675318639676399601e-01
4.675440562462275795e-01
4.675604081339024276e-01
4.675768797821686640e-01
4.675934715664905039e-01
4.676101838055388149e-01
4.676270167575517500e-01
4.676439706165271826e-01
4.676567721380402998e-01
4.676739378434905392e-01
4.676912246250151117e-01
4.677086323988228211e-01
4.677261609963903055e-01
4.677438101596199660e-01
4.677571326517690475e-01
4.677749918967225029e-01
4.677929704938534328e-01
4.678110678026439762e-01
4.678292830672597380e-01
4.678476154105841167e-01
4.678660638279515949e-01
4.678799823458057450e-01
4.678986310687993644e-01
4.679173923923769518e-01
4.679362647748184778e-01
4.679552465145560003e-01
4.679743357427945671e-01
4.679887286950522030e-01
4.680080010016763881e-01
4.680273747329155021e-01
4.680468473240305682e-01
4.680664160055828527e-01
4.680860777951258433e-01
4.681058294887621707e-01
4.681207069201644977e-01
4.681406075401220446e-01
4.681605880417721299e-01
4.681806443143692875e-01
4.682007719848014227e-01
4.682209664089976853e-01
4.682412226633867469e-01
4.682564590287705553e-01
4.682768107684968650e-01
4.682972092894802651e-01
4.683176485467473449e-01
4.683381221778144532e-01
4.683586234955842698e-01
4.683740201700066219e-01
4.683945528486389565e-01
4.684150930976710980e-01
4.684356329573475253e-01
4.684561641165678192e-01
4.684766779092648381e-01
4.684971653116641876e-01
4.685125146440238253e-01
4.685329330686975879e-01
4.685532984325992412e-01
4.685736003637082647e-01
4.685938281340443767e-01
4.686139706637491020e-01
4.686290214950485367e-01
4.686489871552410591e-01
4.686688353420822573e-01
4.686885537191525231e-01
4.687081296395360086e-01
4.687275501597005789e-01
4.687468020553525183e-01
4.687611289512702006e-01
4.687800531540010640e-01
4.687987710711185585e-01
4.688172686017579860e-01
4.688355314678986363e-01
4.688535452423689409e-01
4.688668901015232149e-01
4.688844329100157471e-01
4.689016864356553294e-01
4.689186359763549694e-01
4.689352668416617576e-01
4.689515643920632026e-01
4.689675140799126618e-01
4.689792461298623039e-01
4.689945524818581180e-01
4.690094717896473586e-01
4.690239902375806236e-01
4.690380943131113312e-01
4.690517708534071573e-01
4.690617467417638742e-01
4.690746446412725756e-01
4.690870809921804940e-01
4.690990443575605573e-01
4.691105238688026424e-01
4.691215092690906308e-01
4.691319909552544853e-01
4.691395230235737568e-01
4.691491022103217445e-01
4.691581549625929437e-01
4.691666744648814724e-01
4.691746547228227704e-01
4.691820905899825589e-01
4.691873143848870331e-01
4.691937878164118558e-01
4.691997072537434366e-01
4.692050709071242109e-01
4.692098779112923723e-01
4.692141283299844368e-01
4.692178231562409430e-01
4.692202375474237575e-01
4.692229652557552422e-01
4.692251448475038278e-01
4.692267807320488204e-01
4.692278781930915299e-01
4.692284433658503451e-01
4.692284832107381787e-01
4.692281797475847394e-01
4.692273193917528840e-01
4.692259568514014489e-01
4.692241018935410235e-01
4.692217649446757677e-01
4.692189570491781536e-01
4.692165558035737982e-01
4.692129520304744172e-01
4.692089105108686597e-01
4.692044442110614444e-01
4.691995665004518035e-01
4.691942911047338738e-01
4.691886320592230097e-01
4.691841513664243291e-01
4.691778554725967165e-01
4.691712157473085232e-01
4.691642469810783922e-01
4.691569640620009696e-01
4.691493819345562977e-01
4.691435147550816476e-01
4.691354450026037903e-01
4.691271171130492745e-01
4.691185459045651429e-01
4.691097460801477714e-01
4.691007321972325839e-01
4.690915186394006842e-01
4.690844927486727545e-01
4.690749637550021833e-01
4.690652735389326811e-01
4.690554356165833050e-01
4.690454632249103639e-01
4.690353693055197559e-01
4.690277335004264803e-01
4.690174571103732926e-01
4.690070931498028228e-01
4.689966533414312022e-01
4.689861490614399830e-01
4.689755913336593474e-01
4.689649908252088717e-01
4.689570253619590456e-01
4.689463745724177790e-01
4.689357084783882801e-01
4.689250363938651800e-01
4.689143672733576684e-01
4.689037097144514443e-01
4.688957358860207369e-01
4.688851181873512908e-01
4.688745338843919863e-01
4.688639902734474396e-01
4.688534943169073155e-01
4.688430526498555961e-01
4.688326715871275474e-01
4.688249359673394845e-01
4.688146752207118517e-01
4.688044908548011369e-01
4.687943880522340012e-01
4.687843717131723875e-01
4.687744464638184949e-01
4.687670717231768869e-01
4.687573162195575183e-01
4.687476631854198827e-01
4.687381162964030512e-01
4.687286789951576882e-01
4.687193544998582984e-01
4.687101458126403108e-01
4.687033237731757507e-01
4.686943243537342596e-01
4.686854479516202043e-01
4.686766968316493087e-01
4.686680730807191719e-01
4.686595786153274767e-01
4.686512151888992395e-01
4.686450363708950517e-01
4.686369060168513734e-01
4.686289107400777865e-01
4.686210517439698964e-01
4.686133301006297769e-01
4.686057467568883195e-01
4.686001573033556356e-01
4.685928179059615784e-01
4.685856188124373212e-01
4.685785605494576234e-01
4.685716435437872751e-01
4.685648681269381499e-01
4.685582345395663539e-01
4.685533593161036459e-01
4.685469742511589875e-01
4.685407312422497084e-01
4.685346302245454453e-01
4.685286710600856108e-01
4.685228535408176853e-01
4.685185899908602680e-01
4.685130196492714449e-01
4.685075900417217110e-01
4.685023007207712586e-01
4.684971511803853184e-01
4.684921408577259472e-01
4.684872691347450879e-01
4.684837126969585985e-01
4.684790818752824215e-01
4.684745876795876063e-01
4.684702292955422176e-01
4.684660058584944609e-01
4.684619164539747249e-01
4.684589435843339866e-01
4.684550863876420501e-01
4.684513604541893361e-01
4.684477646846891830e-01
4.684442979305094568e-01
4.684409589934495077e-01
4.684377466254599498e-01
4.684354264368838505e-01
4.684324324107402293e-01
4.684295612616467541e-01
4.684268115514956254e-01
4.684241817908083028e-01
4.684216704385020247e-01
4.684198704815172865e-01
4.684175624806152238e-01
4.684153683847764871e-01
4.684132864610262015e-01
4.684113149267499221e-01
4.684094519509681698e-01
4.684076956560603855e-01
4.684064541000875770e-01
4.684048798467951302e-01
4.684034068902777626e-01
4.684022029604071324e-01
4.684009144435972716e-01
4.683997213125660752e-01
4.683987573228634016e-01
4.683977373618620765e-01
4.683968067101535460e-01
4.683959632464729239e-01
4.683952984844236833e-01
4.683946128242298390e-01
4.683940083462371784e-01
4.683935478392069474e-01
4.683930901682762382e-01
4.683927080192809567e-01
4.683924375558516928e-01
4.683921921428676471e-01
4.683920172435599438e-01
4.683919113305988202e-01
4.683918775579025695e-01
4.683918973582603673e-01
4.683919825558748307e-01
4.683921134290455202e-01
4.683923189066647730e-01
4.683925876499872021e-01
4.683928778345393673e-01
4.683932644587750493e-01
4.683937139844997488e-01
4.683941625865639113e-01
4.683947311540329062e-01
4.683953642722919475e-01
4.683960630194479169e-01
4.683967327228012456e-01
4.683975583662519648e-01
4.683984542415373653e-01
4.683993008239556444e-01
4.684003343378237982e-01
4.684014449397226332e-01
4.684024856459531594e-01
4.684037488395150217e-01
4.684050982022673892e-01
4.684063558710140351e-01
4.684078768904266776e-01
4.684094953173956188e-01
4.684112155534486677e-01
4.684128113404150140e-01
4.684147352036383549e-01
4.684167749231360478e-01
4.684186623463597043e-01
4.684209339699391683e-01
4.684233375747042794e-01
4.684255572069133122e-01
4.684282249577976232e-01
4.684310429918189800e-01
4.684340182227175742e-01
4.684367595823713537e-01
4.684400492610001909e-01
4.684435177627071512e-01
4.684467092377823660e-01
4.684505354043433933e-01
4.684545649856751148e-01
4.684582684960052479e-01
4.684627050690225447e-01
4.684673732443939143e-01
4.684716597736044985e-01
4.684767917480854860e-01
4.684821879432551905e-01
4.684878609297728480e-01
4.684930656907498880e-01
4.684992940631616531e-01
4.685058395238613227e-01
4.685118426050438600e-01
4.685190254949267996e-01
4.685265730099839598e-01
4.685334941296969702e-01
4.685417760624062677e-01
4.685504788759815575e-01
4.685584596820385195e-01
4.685680116297258335e-01
4.685780508539043043e-01
4.685886030198569419e-01
4.685982815655240219e-01
4.686098693638525159e-01
4.686220513111521435e-01
4.686332253716674057e-01
4.686466046595633150e-01
4.686597706083687753e-01
4.686735651406306880e-01
4.686890004864251447e-01
4.687041782664165268e-01
4.687211470639199296e-01
4.687378129446899688e-01
4.687552297908532117e-01
4.687746493439480244e-01
4.687936549497579986e-01
4.688134304766736760e-01
4.688353544788400051e-01
4.688566575268592329e-01
4.688801177030849088e-01
4.689027254353211327e-01
4.689258168338784061e-01
4.689508181725008384e-01
4.689744133711554741e-01
4.689994790739611674e-01
4.690225887676113259e-01
4.690449819382770946e-01
4.690676508957001278e-01
4.690873270327574063e-01
4.691061261851825481e-01
4.691212383556825349e-01
4.691334955763833969e-01
4.691430194353851668e-01
4.691483355684976098e-01
4.691499871363514207e-01
4.691476657752872148e-01
4.691417603994238461e-01
4.691317225987155504e-01
4.691191393191876946e-01
4.691038755757738210e-01
4.690851177074562561e-01
4.690656775271251910e-01
4.690434513694814456e-01
4.690216402930035833e-01
4.689992477717074837e-01
4.689750643016781240e-01
4.689523865990146145e-01
4.689284257579562909e-01
4.689063518850164480e-01
4.688847796238015952e-01
4.688624216861189686e-01
4.688421421935026756e-01
4.688225609478938738e-01
4.688024664754731341e-01
4.687843820441828790e-01
4.687658888849714489e-01
4.687492898839007993e-01
4.687333859465576680e-01
4.687171617043731087e-01
4.687026229249501852e-01
4.686877975002690655e-01
4.686745136732981543e-01
4.686609654608568931e-01
4.686480285661799861e-01
4.686371887318261931e-01
4.686253134451832114e-01
4.686139614420407051e-01
4.686044390501684087e-01
4.685939938227666191e-01
4.685839953757025556e-01
4.685755980551008504e-01
4.685663748348135038e-01
4.685575345332690933e-01
4.685490577714684912e-01
4.685419280624962268e-01
4.685340854116143983e-01
4.685265579572382988e-01
4.685202220208906088e-01
4.685132473997877245e-01
4.685065492335196979e-01
4.685009094587640477e-01
4.684946992449054992e-01
4.684887346557107257e-01
4.684830065349679940e-01
4.684781851873291991e-01
4.684728782018846571e-01
4.684677851364023038e-01
4.684635023465694714e-01
4.684587927506351779e-01
4.684542791960596420e-01
4.684504898984757637e-01
4.684463299156335081e-01
4.684423517591088659e-01
4.684390201226662498e-01
4.684353717140045670e-01
4.684318937746778655e-01
4.684285829037024840e-01
4.684258238905781302e-01
4.684228179457087804e-01
4.684199705900459199e-01
4.684176106698238473e-01
4.684147415968475947e-01
4.684123553617054458e-01
4.684106706907892326e-01
4.684085445740079345e-01
4.684065645307661785e-01
4.684047288483273452e-01
4.684030359259936938e-01
4.684014842673679957e-01
4.684000724734623256e-01
4.683991115021797769e-01
4.683979413764540189e-01
4.683969077225698108e-01
4.683960094572943711e-01
4.683952455711606899e-01
4.683946151250714118e-01
4.683942362134866366e-01
4.683938372293593444e-01
4.683935694431086150e-01
4.683934321566762260e-01
4.683934247318774502e-01
4.683935465892619665e-01
4.683937972071483546e-01
4.683940762701797600e-01
4.683945511353975744e-01
4.683951536204961630e-01
4.683958834172449737e-01
4.683967402746176401e-01
4.683977239993802333e-01
4.683985518505085488e-01
4.683997573053899077e-01
4.684010894019350335e-01
4.684025481730040852e-01
4.684039320275538154e-01
4.684056286257057833e-01
4.684074523559126346e-01
4.684091560792112974e-01
4.684112190279420829e-01
4.684134101492917202e-01
4.684154363658477038e-01
4.684178692545509226e-01
4.684204320133105726e-01
4.684227850018240491e-01
4.684255933951392836e-01
4.684285341109435952e-01
4.684316082016478644e-01
4.684344117982523481e-01
4.684377392016858543e-01
4.684412036593744721e-01
4.684443521326797089e-01
4.684480778063949136e-01
4.684519453307938175e-01
4.684554507676131907e-01
4.684595897106939577e-01
4.684638766493396389e-01
4.684683140884504104e-01
4.684723258819814551e-01
4.684770530102344011e-01
4.684819390738624856e-01
4.684863508799205767e-01
4.684915443625793374e-01
4.684969073497784464e-01
4.685017457944552488e-01
4.685074383272146981e-01
4.685133134955640766e-01
4.685186116503172737e-01
4.685248436998174504e-01
4.685312744976629085e-01
4.685379104052492805e-01
4.685438938315770185e-01
4.685509328458467015e-01
4.685581974384931958e-01
4.685647485846245464e-01
4.685724574099808248e-01
4.685799118843478328e-01
4.685875918273557650e-01
4.685960381111238804e-01
4.686042053343844049e-01
4.686126179196967723e-01
4.686218659132440068e-01
4.686308011084856506e-01
4.686406139255563374e-01
4.686500812036224484e-01
4.686598026914310933e-01
4.686704422888634536e-01
4.686806600143366142e-01
4.686917919368044361e-01
4.687024202944510276e-01
4.687131938804906528e-01
4.687247872786308722e-01
4.687356873987768013e-01
4.687472532599000208e-01
4.687579430763707533e-01
4.687683718105422059e-01
4.687790695600335122e-01
4.687885659155649476e-01
4.687974107922123768e-01
4.688059845424765726e-01
4.688131031237395274e-01
4.688196146817459886e-01
4.688246543317685644e-01
4.688286474520136915e-01
4.688317800708537431e-01
4.688337288960101601e-01
4.688348554458888207e-01
4.688351416716932119e-01
4.688348085418702627e-01
4.688339122789697000e-01
4.688326980714463965e-01
4.688311299151700084e-01
4.688295117598074158e-01
4.688278344790363650e-01
4.688260556013416069e-01
4.688244582711290631e-01
4.688229696980015238e-01
4.688215338115611641e-01
4.688203554297931674e-01
4.688192885964996837e-01
4.688184771382910010e-01
4.688178484684729086e-01
4.688173753062119253e-01
4.688171152403810549e-01
4.688170220576488023e-01
4.688171021172559128e-01
4.688173330669894723e-01
4.688177327743994760e-01
4.688182439826355519e-01
4.688188750800408866e-01
4.688196670169346159e-01
4.688205714975915983e-01
4.688215766301960241e-01
4.688225331044479360e-01
4.688236963490497455e-01
4.688249284651593851e-01
4.688260585653674095e-01
4.688273929752703184e-01
4.688287685755446188e-01
4.688300026692857059e-01
4.688314325977537278e-01
4.688328802005128360e-01
4.688343382325000364e-01
4.688356206827603012e-01
4.688370803335937809e-01
4.688385320980828497e-01
4.688397950186495855e-01
4.688412173789590631e-01
4.688426170027712447e-01
4.688438230078415536e-01
4.688451683993627439e-01
4.688464793542867493e-01
4.688475989864486770e-01
4.688488365189043550e-01
4.688500307882813578e-01
4.688511793532438299e-01
4.688521486361054702e-01
4.688532059950896169e-01
4.688542123228713332e-01
4.688550534407033288e-01
4.688559608222012676e-01
4.688568141992751626e-01
4.688575196555524460e-01
4.688582705796198180e-01
4.688589666900869202e-01
4.688596081791713277e-01
4.688601954711692499e-01
4.688607292148145311e-01
4.688612102756045674e-01
4.688615440691233371e-01
4.688619356415429928e-01
4.688622779653321970e-01
4.688625726491242873e-01
4.688628214806529471e-01
4.688630264184579510e-01
4.688631595208081482e-01
4.688632928409174894e-01
4.688633884642122718e-01
4.688634489126669025e-01
4.688634768368733496e-01
4.688634750064109014e-01
4.688634547251669948e-01
4.688634158558861453e-01
4.688633473321358602e-01
4.688632603226981499e-01
4.688631750003590115e-01
4.688630619706101177e-01
4.688629397617415928e-01
4.688628313694812588e-01
4.688627008796150686e-01
4.688625707462272252e-01
4.688624442697488792e-01
4.688623426386343551e-01
4.688622317645557702e-01
4.688621337458707683e-01
4.688620643763753981e-01
4.688619985095291987e-01
4.688619538079873972e-01
4.688619375383473731e-01
4.688619392134953934e-01
4.688619687184873985e-01
4.688620222200488574e-01
4.688621083228626807e-01
4.688622262066052260e-01
4.688623763408097389e-01
4.688625375509016258e-01
4.688627472584178668e-01
4.688629868642688603e-01
4.688632225947192422e-01
4.688635107155492143e-01
4.688638184934334485e-01
4.688641025911777782e-01
4.688644292786090517e-01
4.688647349140085963e-01
4.688650455100116798e-01
4.688653136157046042e-01
4.688655440211875192e-01
4.688657290985746018e-01
4.688658311495881859e-01
4.688658435245764977e-01
4.688657344326239151e-01
4.688655008783298994e-01
4.688650874291925841e-01
4.688645326509620626e-01
4.688638013978377872e-01
4.688628146531779173e-01
4.688616932601805121e-01
4.688602812619395155e-01
4.688587589634709563e-01
4.688570451376679604e-01
4.688550080985343094e-01
4.688529105234127692e-01
4.688504745460727596e-01
4.688480135464830334e-01
4.688453848603801322e-01
4.688424007960729223e-01
4.688392401897358841e-01
4.688363398727972697e-01
4.688328714298908295e-01
4.688292526994389808e-01
4.688254944066693186e-01
4.688221038937300245e-01
4.688181153313465410e-01
4.688140217611670435e-01
4.688103673425213502e-01
4.688061117265094890e-01
4.688017884653937761e-01
4.687979637867584759e-01
4.687935483907011425e-01
4.687891017759183709e-01
4.687846358280983727e-01
4.687807246696768515e-01
4.687762525450966944e-01
4.687717920045769704e-01
4.687679094995054196e-01
4.687634957627239696e-01
4.687591191384840594e-01
4.687553295267721243e-01
4.687510425650344148e-01
4.687468130378477094e-01
4.687431675186373159e-01
4.687390614438362024e-01
4.687350287508723623e-01
4.687310741551104498e-01
4.687276848651685257e-01
4.687238882057063738e-01
4.687201813672065565e-01
4.687170178575165158e-01
4.687134888900792995e-01
4.687100594786305918e-01
4.687071463079015010e-01
4.687039117366874064e-01
4.687007852391353313e-01
4.686981438868036975e-01
4.686952275073434371e-01
4.686924270978324869e-01
4.686897453494335841e-01
4.686875017596989212e-01
4.686850497748669131e-01
4.686827242627221168e-01
4.686807988719619011e-01
4.686787181053631568e-01
4.686767720839011275e-01
4.686751857470129456e-01
4.686735007671706810e-01
4.686719597660586878e-01
4.686705662891961222e-01
4.686694744530149337e-01
4.686683679316296369e-01
4.686674204725200243e-01
4.686667290184660106e-01
4.686660924833599973e-01
4.686656292687256808e-01
4.686653741711945265e-01
4.686652519977124731e-01
4.686653213268210938e-01
4.686655484737812793e-01
4.686659977708015901e-01
4.686666623576249968e-01
4.686675522362664936e-01
4.686685278687739986e-01
4.686698710374735954e-01
4.686714748642891726e-01
4.686731073831162386e-01
4.686752421738624164e-01
4.686775257908507575e-01
4.686800985395446206e-01
4.686831815246736421e-01
4.686864159460630286e-01
4.686900068889911508e-01
4.686942597888970607e-01
4.686986799653291014e-01
4.687038945927762823e-01
4.687092989064479687e-01
4.687152487474258722e-01
4.687222558508393200e-01
4.687295138487000412e-01
4.687380700333978467e-01
4.687469470377809144e-01
4.687567498693149259e-01
4.687683525983482036e-01
4.687804475892241030e-01
4.687943470057313600e-01
4.688093380621384254e-01
4.688266363959854854e-01
4.688460232949128725e-01
4.688677767528887097e-01
4.688913557403187604e-01
4.689185952455757755e-01
4.689489502130925747e-01
4.689824286265897313e-01
4.690186625978044477e-01
4.690553904414404007e-01
4.690930907212919609e-01
4.691267859536134566e-01
4.691532682355298856e-01
4.691673503702847303e-01
4.691666283177322039e-01
4.691508583444287672e-01
4.691236225394578296e-01
4.690884937094983442e-01
4.690507730993884739e-01
4.690123659561389879e-01
4.689758097866110198e-01
4.689420579216232454e-01
4.689123723710512115e-01
4.688847439171696108e-01
4.688600102530851021e-01
4.688378953496910029e-01
4.688181084387468278e-01
4.688009160377406004e-01
4.687849249831452791e-01
4.687705180788199200e-01
4.687571016548519043e-01
4.687457069870209492e-01
4.687353221460258124e-01
4.687252296740235802e-01
4.687165923918556465e-01
4.687081589256882341e-01
4.687009108846446614e-01
4.686942343296138791e-01
4.686876794859317630e-01
4.686820190540783582e-01
4.686767834720318437e-01
4.686716240892035423e-01
4.686671552605070623e-01
4.686627445929524294e-01
4.686589202293375833e-01
4.686553717718720535e-01
4.686518663625383607e-01
4.686486301564256052e-01
4.686456436165614137e-01
4.686432248846562620e-01
4.686406606440410849e-01
4.686383002913759310e-01
4.686363954869779969e-01
4.686343833480194343e-01
4.686325409056433244e-01
4.686310637131702594e-01
4.686295135928691402e-01
4.686281071207032967e-01
4.686269918109013388e-01
4.686258346997755342e-01
4.686248010413782139e-01
4.686238848811449809e-01
4.686231788056398062e-01
4.686224684900889281e-01
4.686218609921520284e-01
4.686214138258757433e-01
4.686209875453927198e-01
4.686206523138738977e-01
4.686204343902266034e-01
4.686202605184549563e-01
4.686201681517671025e-01
4.686201543957814186e-01
4.686202082222175602e-01
4.686203347107423811e-01
4.686205324959918928e-01
4.686207657890507638e-01
4.686210913317862548e-01
4.686214820990685648e-01
4.686218795605760490e-01
4.686223876670625454e-01
4.686229559059245098e-01
4.686235047069337023e-01
4.686241815001607192e-01
4.686249141047543199e-01
4.686257011658702121e-01
4.686264370111551392e-01
4.686273227495696969e-01
4.686282593920562678e-01
4.686291233286777325e-01
4.686301523880455067e-01
4.686312291939600527e-01
4.686322132666629892e-01
4.686333768372237807e-01
4.686345852523984279e-01
4.686356821483780855e-01
4.686369720272163253e-01
4.686383039668913786e-01
4.686396770014102930e-01
4.686409148650111378e-01
4.686423623151159679e-01
4.686438480159433317e-01
4.686451820862549411e-01
4.686467367055482391e-01
4.686483265260487086e-01
4.686497491209217769e-01
4.686514018574847729e-01
4.686530864180533662e-01
4.686548015335489370e-01
4.686563298019680301e-01
4.686580986026862017e-01
4.686598940128301471e-01
4.686614891831004659e-01
4.686633304731167571e-01
4.686651940063521482e-01
4.686668451055484019e-01
4.686687460147026529e-01
4.686706645051119113e-01
4.686723598293310311e-01
4.686743068531370460e-01
4.686762667636005797e-01
4.686782379892124872e-01
4.686799744238707155e-01
4.686819628621194944e-01
4.686839585147698495e-01
4.686857131874554439e-01
4.686877191931034248e-01
4.686897292991534791e-01
4.686914944119426885e-01
4.686935102595788938e-01
4.686955284733272942e-01
4.686972996820241710e-01
4.686993218502549796e-01
4.687013462300352873e-01
4.687033731347982068e-01
4.687051526500040088e-01
4.687071857366280625e-01
4.687092231808160370e-01
4.687110137548641253e-01
4.687130619129147302e-01
4.687151173296546514e-01
4.687169262169398332e-01
4.687189984439966151e-01
4.687210814200956643e-01
4.687231764091778219e-01
4.687250238939735802e-01
4.687271447890745679e-01
4.687292812576209777e-01
4.687311678882047361e-01
4.687333366693208214e-01
4.687355242397078237e-01
4.687374580897785692e-01
4.687396835304137310e-01
4.687419304458824709e-01
4.687439182655370185e-01
4.687462075316363719e-01
4.687485203621115093e-01
4.687508573457839223e-01
4.687529259577873364e-01
4.687553095821845872e-01
4.687577186863423062e-01
4.687598513536267997e-01
4.687623091186648439e-01
4.687647932112891103e-01
4.687669920752157715e-01
4.687695260356344318e-01
4.687720867840670103e-01
4.687743530107265633e-01
4.687769641929125930e-01
4.687796023250282440e-01
4.687822674082470220e-01
4.687846249770798446e-01
4.687873405165234875e-01
4.687900828883853621e-01
4.687925079460636968e-01
4.687953004136934387e-01
4.687981194596517742e-01
4.688006113715078582e-01
4.688034799455068624e-01
4.688063747558533501e-01
4.688092956699620451e-01
4.688118763071571493e-01
4.688148457925910839e-01
4.688178409772026378e-01
4.688204862634480774e-01
4.688235292404693277e-01
4.688265974956267734e-01
4.688293063728833365e-01
4.688324216296022584e-01
4.688355617450465918e-01
4.688383331596984172e-01
4.688415195016472081e-01
4.688447302976471720e-01
4.688479654122073015e-01
4.688508195172934601e-01
4.688540998757944056e-01
4.688574041823235783e-01
4.688603185356107206e-01
4.688640841572810358e-01
4.688674595959003155e-01
4.688700136670817531e-01
4.688734301399248849e-01
4.688768699211183777e-01
4.688803329147761545e-01
4.688838190297984210e-01
4.688873281799438297e-01
4.688908602838688933e-01
4.688935314552202249e-01
4.688971035476813820e-01
4.689006983957448305e-01
4.689043159366677593e-01
4.689079561126940354e-01
4.689116188710285571e-01
4.689143878094088058e-01
4.689180899746135389e-01
4.689218146024074496e-01
4.689255616584329656e-01
4.689293311131550457e-01
4.689331229418248759e-01
4.689369371244258566e-01
4.689398195038849138e-01
4.689436727720185938e-01
4.689475483629435559e-01
4.689514462738759715e-01
4.689553665063696530e-01
4.689593090664272435e-01
4.689622877298493808e-01
4.689662693901395785e-01
4.689702734160643982e-01
4.689742998291313025e-01
4.689783486547816072e-01
4.689824199223024959e-01
4.689865136647360377e-01
4.689896058308177795e-01
4.689937389950625812e-01
4.689978947436177492e-01
4.690020731227104722e-01
4.690062741818536440e-01
4.690104979737390045e-01
4.690136878604383996e-01
4.690179515705526492e-01
4.690222381738829993e-01
4.690265477341504785e-01
4.690308803177844488e-01
4.690352359938181337e-01
4.690396148338065729e-01
4.690429213037463074e-01
4.690473408603325622e-01
4.690517837898398601e-01
4.690562501724644395e-01
4.690607400904300839e-01
4.690652536280588980e-01
4.690697908715277253e-01
4.690732165115290564e-01
4.690777954532274752e-01
4.690823983473226266e-01
4.690870252867075374e-01
4.690916763659172539e-01
4.690963516810770506e-01
4.690998812312413557e-01
4.691045991955306582e-01
4.691093416679940620e-01
4.691141087503850615e-01
4.691189005459058814e-01
4.691237171591752797e-01
4.691285586962324339e-01
4.691322133734179833e-01
4.691370987864074693e-01
4.691420094221003256e-01
4.691469453918928334e-01
4.691519068086482669e-01
4.691568937867331979e-01
4.691606579709266533e-01
4.691656899614584098e-01
4.691707478358699279e-01
4.691758317146327295e-01
4.691809417198156695e-01
4.691860779754453148e-01
4.691912406072989983e-01
4.691951370771426100e-01
4.692003461761691807e-01
4.692055820079987227e-01
4.692108447063685905e-01
4.692161344073547680e-01
4.692214512494877754e-01
4.692254638897178087e-01
4.692308285702466719e-01
4.692362207864762547e-01
4.692416406871883217e-01
4.692470884242040396e-01
4.692525641525185920e-01
4.692580680304235807e-01
4.692622216250315059e-01
4.692677751558945176e-01
4.692733572898445948e-01
4.692789681988250305e-01
4.692846080587530500e-01
4.692902770496638620e-01
4.692945551394097636e-01
4.693002755558965955e-01
4.693060256208102521e-01
4.693118055309670189e-01
4.693176154877947703e-01
4.693234556977969874e-01
4.693293263723571362e-01
4.693337566228760194e-01
4.693396811347408382e-01
4.693456367196966461e-01
4.693516236091693217e-01
4.693576420401677218e-01
4.693636922553892643e-01
4.693682580493496737e-01
4.693743644885999267e-01
4.693805034094997164e-01
4.693866750768124763e-01
4.693928797613476367e-01
4.693991177400186343e-01
4.694053892958924834e-01
4.694101222999612077e-01
4.694164533154404073e-01
4.694228187185223722e-01
4.694292188155765322e-01
4.694356539192114375e-01
4.694421243482617689e-01
4.694486304277662447e-01
4.694535407137308547e-01
4.694601099824377566e-01
4.694667158271267904e-01
4.694733585957835409e-01
4.694800386422767202e-01
4.694867563264118471e-01
4.694918266436212684e-01
4.694986110763624265e-01
4.695054341655862107e-01
4.695122962921636778e-01
4.695191978422806889e-01
4.695261392072906936e-01
4.695331207835506393e-01
4.695383907336728169e-01
4.695454436479726268e-01
4.695525378877803413e-01
4.695596738665039349e-01
4.695668520015778835e-01
4.695740727142177495e-01
4.695795235868149842e-01
4.695868198338052912e-01
4.695941598339467005e-01
4.696015440201016244e-01
4.696089728274938646e-01
4.696164466933282489e-01
4.696239660564276996e-01
4.696296428456798733e-01
4.696372428884746375e-01
4.696448896401177464e-01
4.696525835416207051e-01
4.696603250333462598e-01
4.696681145545710812e-01
4.696739956259376458e-01
4.696818702497414511e-01
4.696897941000926502e-01
4.696977676063531781e-01
4.697057911935552665e-01
4.697138652816067461e-01
4.697219902844297912e-01
4.697281248458793912e-01
4.697363399244740556e-01
4.697446070176234945e-01
4.697529265082157068e-01
4.697612987682953656e-01
4.697697241578605021e-01
4.697760854299485311e-01
4.697846046211007764e-01
4.697931778589908847e-01
4.698018054465790683e-01
4.698104876681555298e-01
4.698192247877641670e-01
4.698280170475808148e-01
4.698346547188960165e-01
4.698435439852218787e-01
4.698524889311694319e-01
4.698603651282497462e-01
4.698694148401109105e-01
4.698785205660740982e-01
4.698865376493518431e-01
4.698957485199513617e-01
4.699050154646226551e-01
4.699143384330476403e-01
4.699225455000673457e-01
4.699319732409082406e-01
4.699414566406470151e-01
4.699498036947513668e-01
4.699593908673159737e-01
4.699690329945474532e-01
4.699775182651386163e-01
4.699872625251596547e-01
4.699970606999276934e-01
4.700069123544458050e-01
4.700155796388277296e-01
4.700255302791724321e-01
4.700355329702006202e-01
4.700443311783754075e-01
4.700544299745849086e-01
4.700645792032344117e-01
4.700735042756924997e-01
4.700837464901786444e-01
4.700940374610419470e-01
4.701030851969938418e-01
4.701134660727825376e-01
4.701238941355520007e-01
4.701343688973515511e-01
4.701435758583561997e-01
4.701541370177574342e-01
4.701647437322118983e-01
4.701740653385936275e-01
4.701847567464021993e-01
4.701954930655674048e-01
4.702049277067291144e-01
4.702157480625748232e-01
4.702266132870788207e-01
4.702361608588034869e-01
4.702471106300239456e-01
4.702581058547598558e-01
4.702691468760885618e-01
4.702788492493579220e-01
4.702899772893064934e-01
4.703011524602228044e-01
4.703109734344768644e-01
4.703222385364582148e-01
4.703335525068418899e-01
4.703434964373799931e-01
4.703549038558680340e-01
4.703663621179674514e-01
4.703778719362128324e-01
4.703879894771215153e-01
4.703995978888162455e-01
4.704112599030127462e-01
4.704215122799266235e-01
4.704332766638374408e-01
4.704450966114525068e-01
4.704554887537064634e-01
4.704674146195784723e-01
4.704793978672532351e-01
4.704899343481120932e-01
4.705020267844931547e-01
4.705141782789055149e-01
4.705263893901394101e-01
4.705371270505390169e-01
4.705494514285391561e-01
4.705618370088353597e-01
4.705727286373808105e-01
4.705852304938385466e-01
4.705977952082384674e-01
4.706088449852973143e-01
4.706215292587181409e-01
4.706358728905399302e-01
4.706454909657145080e-01
4.706583634342516587e-01
4.706713029567609063e-01
4.706843104749047213e-01
4.706973870172888041e-01
4.707105337097726161e-01
4.707237517856392994e-01
4.707337202067251036e-01
4.707470665320060976e-01
4.707604882750996422e-01
4.707739871701741019e-01
4.707875651123778482e-01
4.708012241700346157e-01
4.708149665972126141e-01
4.708253368122805593e-01
4.708392311650534401e-01
4.708532161514279446e-01
4.708672948416048887e-01
4.708796967766355479e-01
4.708939603246117267e-01
4.709065297049412901e-01
4.709209916165696952e-01
4.709355655353270609e-01
4.709484169316233704e-01
4.709632139431120246e-01
4.709781375921990865e-01
4.709931937121159540e-01
4.710064850061994601e-01
4.710218067302149314e-01
4.710372801581088620e-01
4.710509534606415749e-01
4.710667323561726350e-01
4.710826864278349624e-01
4.710968008672422602e-01
4.711131090421928902e-01
4.711296210364794845e-01
4.711442487780034272e-01
4.711611742826621874e-01
4.711783386474631130e-01
4.711957558447760208e-01
4.712112186955410564e-01
4.712291513367544704e-01
4.712473831522752676e-01
4.712635996023196716e-01
4.712824435998838046e-01
4.713016442402788719e-01
4.713187591404814913e-01
4.713386923726346489e-01
4.713590540310743648e-01
4.713798731658165875e-01
4.713984934869536736e-01
4.714202572865506258e-01
4.714411662064255104e-01
4.714625957134459533e-01
4.714845809516552411e-01
4.715086851690168390e-01
4.715319420668646622e-01
4.715574992113033548e-01
4.715822152884589502e-01
4.716077127436875682e-01
4.716358292930286633e-01
4.716631130608754385e-01
4.716932648909970549e-01
4.717225821602993308e-01
4.717529742712814333e-01
4.717866394571068600e-01
4.718194277973006279e-01
4.718557554991946179e-01
4.718911129724244202e-01
4.719277298607018611e-01
4.719681383281055242e-01
4.720072072865539869e-01
4.720472759315242905e-01
4.720894882485583977e-01
4.721321610296685956e-01
4.721747899977965512e-01
4.722167146395047088e-01
4.722558462396657109e-01
4.722938601761121902e-01
4.723283797479724266e-01
4.723583577680961487e-01
4.723821639176929432e-01
4.724007018425443460e-01
4.724127255562350358e-01
4.724182778485887524e-01
4.724177979139572714e-01
4.724123082862298206e-01
4.724023861358283560e-01
4.723891902786639396e-01
4.723737522789832610e-01
4.723575541944442513e-01
4.723402778553564274e-01
4.723230741692462931e-01
4.723058911879564614e-01
4.722906421231684027e-01
4.722764331349897926e-01
4.722625624865701699e-01
4.722508370760962748e-01
4.722397140615307576e-01
4.722305766528336335e-01
4.722226541688510637e-01
4.722154895970222532e-01
4.722099255672375651e-01
4.722051495268516086e-01
4.722016991978812972e-01
4.721991805852624458e-01
4.721974541144266513e-01
4.721966808899141776e-01
4.721966703982324876e-01
4.721974424658763048e-01
4.721988555954033107e-01
4.722010449692433665e-01
4.722036986177787221e-01
4.722068946012452639e-01
4.722111255793912110e-01
4.722150583953112490e-01
