-1.758792030237543713e-06
-5.277058599983952547e-06
-8.795950208861924580e-06
-1.231555454572763608e-05
-1.583594180476488589e-05
-1.935722664814232274e-05
-2.287948386614502283e-05
-2.640285777888440322e-05
-2.992750902652829836e-05
-3.345363525253386427e-05
-3.698143545938226140e-05
-4.051119104853118102e-05
-4.404317681361291648e-05
-4.757765795626589522e-05
-5.111479155994747003e-05
-5.465471308352398694e-05
-5.819734502310325297e-05
-6.174250104340472944e-05
-6.528990830101388809e-05
-6.883925577449989675e-05
-7.239032210049067828e-05
-7.594290855827967590e-05
-7.949691223041455146e-05
-8.305224391258470007e-05
-8.660890797440590205e-05
-9.016692728558428627e-05
-9.372632733950503336e-05
-9.728713655210441402e-05
-1.008493607965732508e-04
-1.044130450483793382e-04
-1.079781864202766783e-04
-1.115447794021173777e-04
-1.151127881579006029e-04
-1.186821942488203163e-04
-1.222529696385254994e-04
-1.258250614315503668e-04
-1.293984237206169396e-04
-1.329730004692164513e-04
-1.365487554532140990e-04
-1.401256169474285329e-04
-1.437035281296461520e-04
-1.472824460083677067e-04
-1.508623316276436199e-04
-1.544431376718780058e-04
-1.580248319666965884e-04
-1.616073794284966780e-04
-1.651907497093318966e-04
-1.687749262095916691e-04
-1.723598839545870121e-04
-1.759456067844666904e-04
-1.795320839658165468e-04
-1.831193092985961002e-04
-1.867072750229015199e-04
-1.902959793113057074e-04
-1.938854225908004381e-04
-1.974756064245797305e-04
-2.010665353120444365e-04
-2.046582142224417922e-04
-2.082506481199120074e-04
-2.118438418430290682e-04
-2.154378056042904888e-04
-2.190325478820254190e-04
-2.226280853361295442e-04
-2.262244323374407173e-04
-2.298215999145813981e-04
-2.334196120942211294e-04
-2.370184906924643897e-04
-2.406182570133807985e-04
-2.442189297806596215e-04
-2.478205406136746447e-04
-2.514231255457133329e-04
-2.550267220794433243e-04
-2.586313736435696953e-04
-2.622371194791472959e-04
-2.658440363207947854e-04
-2.694522062823834219e-04
-2.730616861732482192e-04
-2.766726052527701540e-04
-2.802850518214272668e-04
-2.838992111311444688e-04
-2.875152468853059418e-04
-2.911332816759593101e-04
-2.947533502378751891e-04
-2.983753482778128685e-04
-3.019989369379416644e-04
-3.056237252980764652e-04
-3.092493985599187312e-04
-3.128757871309062466e-04
-3.165028284526361091e-04
-3.201305375239993367e-04
-3.237589611696511938e-04
-3.273881550042156974e-04
-3.310181989413241155e-04
-3.346491269826668002e-04
-3.382810005201353221e-04
-3.419138776169505789e-04
-3.455478168440384579e-04
-3.491828664441420926e-04
-3.528190688206755965e-04
-3.564564744669151963e-04
-3.600951263366125588e-04
-3.637350897636171254e-04
-3.673763947132924201e-04
-3.710190862447060312e-04
-3.746632176175879181e-04
-3.783088559528025030e-04
-3.819560526564513836e-04
-3.856048551783564093e-04
-3.892553310306245962e-04
-3.929075390965985903e-04
-3.965616064586230394e-04
-4.002175942066088510e-04
-4.038754817013989751e-04
-4.075354872113967630e-04
-4.111975619408569926e-04
-4.148618899769696000e-04
-4.185285793623094719e-04
-4.221977241184449170e-04
-4.258694340127933131e-04
-4.295439065605810569e-04
-4.332212226336729088e-04
-4.369015151766131311e-04
-4.405849478943402175e-04
-4.442717295348730389e-04
-4.479620234967285342e-04
-4.516560206606623495e-04
-4.553539289487984476e-04
-4.590558951277357025e-04
-4.627623769665190068e-04
-4.664734743307086262e-04
-4.701896468488619973e-04
-4.739108477030962163e-04
-4.776374366460833798e-04
-4.813696153096458374e-04
-4.851073395768512597e-04
-4.888504110588387519e-04
-4.925984524980497881e-04
-4.963513449560696955e-04
-5.001088832170541565e-04
-5.038710339417828976e-04
-5.076378101394052322e-04
-5.114094938656332801e-04
-5.151865076689077227e-04
-5.189693684771734539e-04
-5.227587508126463334e-04
-5.265553506560438635e-04
-5.303604292783425933e-04
-5.341751810182815419e-04
-5.380012364892827748e-04
-5.418404745647364962e-04
-5.456952223442668171e-04
-5.495673410103041334e-04
-5.534578421890756772e-04
-5.573656385081671161e-04
-5.612873008642438322e-04
-5.652178494314208379e-04
-5.691518378493354291e-04
-5.730851751287735496e-04
-5.770154912625446997e-04
-5.809419109392699454e-04
-5.848641516628116932e-04
-5.887824902768290514e-04
-5.926973787091505130e-04
-5.966094024341117574e-04
-6.005191042165458626e-04
-6.044267393425784007e-04
-6.083328296092593845e-04
-6.122376845602017781e-04
-6.161418223301629027e-04
-6.200452953625257280e-04
-6.239484740370171423e-04
-6.278515929452055389e-04
-6.317548717301724182e-04
-6.356584803586251553e-04
-6.395625981606700705e-04
-6.434673799913248615e-04
-6.473729653632132042e-04
-6.512794838381408269e-04
-6.551870640548740354e-04
-6.590958160102022845e-04
-6.630058533385607689e-04
-6.669172772081344291e-04
-6.708302260355347713e-04
-6.747449072990185925e-04
-6.786611649679530345e-04
-6.825792282645348763e-04
-6.864991701640565935e-04
-6.904210844873581721e-04
-6.943451136627309950e-04
-6.982713711647381416e-04
-7.021999384229093977e-04
-7.061310015855637445e-04
-7.100646848785530096e-04
-7.140011459081385681e-04
-7.179405530336468999e-04
-7.218830514562624145e-04
-7.258288942594282034e-04
-7.297783340667329810e-04
-7.337316064549570527e-04
-7.376888357870647894e-04
-7.416502329185004072e-04
-7.456157486092074294e-04
-7.495850805685488893e-04
-7.535579974480288712e-04
-7.575342180168309625e-04
-7.615131571281352763e-04
-7.654947816090329482e-04
-7.694790429949582844e-04
-7.734659544671451670e-04
-7.774556573024726802e-04
-7.814481991840205310e-04
-7.854436922645202657e-04
-7.894423043929288397e-04
-7.934441739474440425e-04
-7.974494957632138892e-04
-8.014583709213818352e-04
-8.054709734544029942e-04
-8.094874459574352699e-04
-8.135081289312173780e-04
-8.175330691208015921e-04
-8.215624506260343907e-04
-8.255964664547477128e-04
-8.296352233823078848e-04
-8.336788806824202425e-04
-8.377278052301706524e-04
-8.417821823392124259e-04
-8.458422354244987673e-04
-8.499084096617037787e-04
-8.539809166724365852e-04
-8.580600036296459621e-04
-8.621459370640183195e-04
-8.662391589852047602e-04
-8.703401361209728293e-04
-8.744491761927264406e-04
-8.785668180375516556e-04
-8.826935167822735906e-04
-8.868302412774475840e-04
-8.909771023716261951e-04
-8.951349608585790207e-04
-8.993044112857173644e-04
-9.034860882090045564e-04
-9.076808036693195803e-04
-9.118895633758450359e-04
-9.161134590396358135e-04
-9.203534947646030417e-04
-9.246110673111207490e-04
-9.288872984577478675e-04
-9.331836779030711071e-04
-9.375019240558390976e-04
-9.418433224716027397e-04
-9.462096718638735027e-04
-9.506019809590871006e-04
-9.550215854507992930e-04
-9.594682079129279728e-04
-9.639411301298750345e-04
-9.684370380940166001e-04
-9.729504444562220300e-04
-9.774738804407823167e-04
-9.819984626362465718e-04
-9.865156000139485570e-04
-9.910179849446087985e-04
-9.955005715401865629e-04
-9.999612372250110681e-04
-1.004398764725467075e-03
-1.008813770101979479e-03
-1.013207952396455447e-03
-1.017583010598288595e-03
-1.021941033875206628e-03
-1.026283686551776597e-03
-1.030612945395636970e-03
-1.034930532179623164e-03
-1.039238241211881686e-03
-1.043537218391121790e-03
-1.047828703298669950e-03
-1.052113901908069415e-03
-1.056393808695821335e-03
-1.060669421893978281e-03
-1.064941393645546519e-03
-1.069210515251217686e-03
-1.073477412247725304e-03
-1.077742617224930477e-03
-1.082006531784251990e-03
-1.086269598311928597e-03
-1.090532129973564857e-03
-1.094794271001231500e-03
-1.099056121056984914e-03
-1.103317637874301482e-03
-1.107578707503775739e-03
-1.111839062303832115e-03
-1.116098341278792816e-03
-1.120355959715602090e-03
-1.124611586559409737e-03
-1.128864744127655584e-03
-1.133115118091554407e-03
-1.137362280210330034e-03
-1.141605907697962330e-03
-1.145845875700546301e-03
-1.150082194191104357e-03
-1.154314940698730751e-03
-1.158544095806957053e-03
-1.162769928287787913e-03
-1.166992715012526993e-03
-1.171212697092305355e-03
-1.175430136080901633e-03
-1.179645330210088439e-03
-1.183858513791435918e-03
-1.188069949967229810e-03
-1.192279888637459706e-03
-1.196488607522527836e-03
-1.200696250248878272e-03
-1.204903063926510143e-03
-1.209109218723414259e-03
-1.213314900963102794e-03
-1.217520304301222822e-03
-1.221725543858798169e-03
-1.225930763055105288e-03
-1.230136096303180437e-03
-1.234341679944961356e-03
-1.238547615628804444e-03
-1.242754022532599478e-03
-1.246961007519753473e-03
-1.251168672405600368e-03
-1.255377111632594023e-03
-1.259586416533897690e-03
-1.263796675650574741e-03
-1.268007973923790388e-03
-1.272220383404465416e-03
-1.276434090393019360e-03
-1.280648986028865011e-03
-1.284865234454479754e-03
-1.289082885203018947e-03
-1.293302003438134840e-03
-1.297522667111028483e-03
-1.301744946933469649e-03
-1.305968912935551174e-03
-1.310194617996640609e-03
-1.314422155223704536e-03
-1.318651572020601570e-03
-1.322882932405455847e-03
-1.327116271713224549e-03
-1.331351668714897407e-03
-1.335589204944032105e-03
-1.339828950011723308e-03
-1.344070976506794857e-03
-1.348315323308479918e-03
-1.352562153752345786e-03
-1.356811603824059631e-03
-1.361063584346955402e-03
-1.365318296494000272e-03
-1.369575729795902141e-03
-1.373836112622317529e-03
-1.378099569570578886e-03
-1.382366223812381278e-03
-1.386636125433104993e-03
-1.390909427322895020e-03
-1.395186131970982402e-03
-1.399466185401432305e-03
-1.403749402666742974e-03
-1.408035636778937061e-03
-1.412324707243950428e-03
-1.416616437063589196e-03
-1.420910695949073599e-03
-1.425207367265923786e-03
-1.429506519707191003e-03
-1.433808089337018643e-03
-1.438112340049313431e-03
-1.442418779711740484e-03
-1.446727665856961664e-03
-1.451039112247198837e-03
-1.455353166960438038e-03
-1.459669877931890625e-03
-1.463989247414199113e-03
-1.468311386897735993e-03
-1.472636318462394733e-03
-1.476964084218268525e-03
-1.481294676065170179e-03
-1.485628156090323948e-03
-1.489964585027481192e-03
-1.494303998059276495e-03
-1.498646428337413461e-03
-1.502991854453794573e-03
-1.507340431345149945e-03
-1.511692110074291939e-03
-1.516046910912449697e-03
-1.520404796718777263e-03
-1.524765755157475589e-03
-1.529129871180257005e-03
-1.533497146889550855e-03
-1.537867579246676719e-03
-1.542241106133768191e-03
-1.546617795284865871e-03
-1.550997602378201279e-03
-1.555380505195103069e-03
-1.559766425382469457e-03
-1.564155359973895543e-03
-1.568547301091793855e-03
-1.572942212146100083e-03
-1.577340054078946174e-03
-1.581740738287096271e-03
-1.586144295060099019e-03
-1.590550703190141135e-03
-1.594959942726181801e-03
-1.599371787333159212e-03
-1.603786244386284920e-03
-1.608203339800384768e-03
-1.612623013788616610e-03
-1.617045239292402847e-03
-1.621469971407774047e-03
-1.625897216645522114e-03
-1.630326879654031558e-03
-1.634758971258531979e-03
-1.639193455221676921e-03
-1.643630335035894952e-03
-1.648069574419097627e-03
-1.652511135849632495e-03
-1.656955027919404522e-03
-1.661401200501178010e-03
-1.665849717474965352e-03
-1.670300497948140617e-03
-1.674753489725344657e-03
-1.679208727454306604e-03
-1.683666229682079241e-03
-1.688125982944876924e-03
-1.692587967196290677e-03
-1.697052188873837686e-03
-1.701518639327104232e-03
-1.705987360865912628e-03
-1.710458331569686408e-03
-1.714931555951371145e-03
-1.719407006526063597e-03
-1.723884708073164518e-03
-1.728364686289562968e-03
-1.732846952537059337e-03
-1.737331520108797989e-03
-1.741818369493830509e-03
-1.746307640600686106e-03
-1.750799159339178068e-03
-1.755293044574779415e-03
-1.759789311217674346e-03
-1.764288013812231881e-03
-1.768789173361984268e-03
-1.773292803641357551e-03
-1.777798950586162441e-03
-1.782307643812153231e-03
-1.786818978084192544e-03
-1.791332951357249570e-03
-1.795849606324284586e-03
-1.800369010330427066e-03
-1.804891261406038616e-03
-1.809416419358500505e-03
-1.813944536516176598e-03
-1.818475709650990702e-03
-1.823010016803183753e-03
-1.827547664073225775e-03
-1.832088686082866680e-03
-1.836633097904605272e-03
-1.841181142239745050e-03
-1.845732933007715459e-03
-1.850288682743617130e-03
-1.854848512780060688e-03
-1.859412630735524097e-03
-1.863981213955478999e-03
-1.868554493795859806e-03
-1.873132527363874367e-03
-1.877715058231310685e-03
-1.882300914513468371e-03
-1.886888623766957984e-03
-1.891477444978972855e-03
-1.896067217897368096e-03
-1.900657996342980383e-03
-1.905249876469006232e-03
-1.909843034140656926e-03
-1.914437404316071678e-03
-1.919033078722320873e-03
-1.923630088998873333e-03
-1.928228500177042726e-03
-1.932828220768900707e-03
-1.937429341274388150e-03
-1.942031876697059012e-03
-1.946635832410725797e-03
-1.951241233173806044e-03
-1.955848075450017376e-03
-1.960456365660889766e-03
-1.965066110569124724e-03
-1.969677302923522610e-03
-1.974289958815989010e-03
-1.978904088325683652e-03
-1.983519708058101294e-03
-1.988136829999320732e-03
-1.992755504784171627e-03
-1.997375860121497482e-03
-2.001997661325805034e-03
-2.006621074072456601e-03
-2.011246103092112492e-03
-2.015872716571220913e-03
-2.020500833223137782e-03
-2.025130304253996982e-03
-2.029760963167315246e-03
-2.034392702055076718e-03
-2.039025451695097857e-03
-2.043659186016344442e-03
-2.048293909898024623e-03
-2.052929611933373977e-03
-2.057566287463341581e-03
-2.062203931753825437e-03
-2.066842531383117354e-03
-2.071482066290819546e-03
-2.076122545310976619e-03
-2.080763900635052011e-03
-2.085406219657914839e-03
-2.090049271845417778e-03
-2.094693157898563918e-03
-2.099337779390975101e-03
-2.103983139870591046e-03
-2.108629205389345174e-03
-2.113275945851977866e-03
-2.117923322534465136e-03
-2.122571304161380290e-03
-2.127219859164752869e-03
-2.131868957638172191e-03
-2.136518571839052250e-03
-2.141168676398352844e-03
-2.145819248655644884e-03
-2.150470269048798677e-03
-2.155121739400134295e-03
-2.159773619415217283e-03
-2.164425892165811049e-03
-2.169078581461203470e-03
-2.173731710717996535e-03
-2.178385202221910788e-03
-2.183039105346118447e-03
-2.187693408170710008e-03
-2.192348115514386464e-03
-2.197003242931483413e-03
-2.201658782573279183e-03
-2.206314746091675438e-03
-2.210971143948525786e-03
-2.215627982717127686e-03
-2.220285261791632436e-03
-2.224942973090393572e-03
-2.229601118355128975e-03
-2.234259681260897246e-03
-2.238918658037714060e-03
-2.243577999729629013e-03
-2.248237718171952615e-03
-2.252897755586347195e-03
-2.257558151383953771e-03
-2.262218880187294445e-03
-2.266879913949471081e-03
-2.271541240893459879e-03
-2.276202863271348242e-03
-2.280864803794857565e-03
-2.285527064019965415e-03
-2.290189678591958433e-03
-2.294852684654347108e-03
-2.299516127573841828e-03
-2.304180067787431341e-03
-2.308844560808043234e-03
-2.313509671926783362e-03
-2.318175473086991900e-03
-2.322842042393635786e-03
-2.327509448396769542e-03
-2.332177780501987208e-03
-2.336847119469465106e-03
-2.341517547217564221e-03
-2.346189072742754789e-03
-2.350861683719340789e-03
-2.355535294379818012e-03
-2.360209741692487206e-03
-2.364884799349042943e-03
-2.369560184080854448e-03
-2.374235632668364460e-03
-2.378910925692534484e-03
-2.383585917423047817e-03
-2.388260565460487150e-03
-2.392934838312599233e-03
-2.397608777140347591e-03
-2.402282433622504598e-03
-2.406955884556749581e-03
-2.411629177022533987e-03
-2.416302397703851135e-03
-2.420975674547576340e-03
-2.425649014126229908e-03
-2.430322502806836482e-03
-2.434996188157456665e-03
-2.439670136257676702e-03
-2.444344389129327055e-03
-2.449019005216879208e-03
-2.453694015565610620e-03
-2.458369468466559127e-03
-2.463045403890418150e-03
-2.467721859841010001e-03
-2.472398878795356580e-03
-2.477076491906093914e-03
-2.481754724646401122e-03
-2.486433612753025102e-03
-2.491113197063410389e-03
-2.495793498784371067e-03
-2.500474548844722200e-03
-2.505156382450191010e-03
-2.509839026800686490e-03
-2.514522511485206557e-03
-2.519206863564216192e-03
-2.523892112990866465e-03
-2.528578289020089187e-03
-2.533265420923802580e-03
-2.537953534563208713e-03
-2.542642663949212789e-03
-2.547332837077309620e-03
-2.552024083421811085e-03
-2.556716426556748800e-03
-2.561409898406807883e-03
-2.566104527534140978e-03
-2.570800344765977741e-03
-2.575497380705393802e-03
-2.580195658991590868e-03
-2.584895217535465584e-03
-2.589596063742538590e-03
-2.594298232959091344e-03
-2.599001744649553913e-03
-2.603706620848633690e-03
-2.608412874676835358e-03
-2.613120520977396666e-03
-2.617829567170604221e-03
-2.622540013838547956e-03
-2.627251871109570480e-03
-2.631965114281986651e-03
-2.636679728160618019e-03
-2.641395699002013764e-03
-2.646113017031215264e-03
-2.650831660746533203e-03
-2.655551613647055831e-03
-2.660272863275525701e-03
-2.664995393116598166e-03
-2.669719254711377943e-03
-2.674444390140973127e-03
-2.679170861615731702e-03
-2.683898638496606814e-03
-2.688627762004291988e-03
-2.693358287575997601e-03
-2.698090256563756562e-03
-2.702823714872515382e-03
-2.707558696250056407e-03
-2.712295276541154543e-03
-2.717033504134769295e-03
-2.721773437294183751e-03
-2.726515115164529490e-03
-2.731258631837651940e-03
-2.736004051336782261e-03
-2.740751428279009083e-03
-2.745500801877631680e-03
-2.750252222406990299e-03
-2.755005832595469606e-03
-2.759761724680398487e-03
-2.764519840754986468e-03
-2.769280305993326863e-03
-2.774043089363353864e-03
-2.778808319721437492e-03
-2.783576039623536502e-03
-2.788346284918086226e-03
-2.793119047759362594e-03
-2.797894414559354281e-03
-2.802672397589356379e-03
-2.807453035443718825e-03
-2.812236336211082488e-03
-2.817022384627443365e-03
-2.821811281885855394e-03
-2.826603098113333878e-03
-2.831397946362779194e-03
-2.836195911454120200e-03
-2.840997236992937047e-03
-2.845801721936269679e-03
-2.850609351004451675e-03
-2.855420044698075976e-03
-2.860233577117732295e-03
-2.865049571938227402e-03
-2.869867688622296242e-03
-2.874687597446357046e-03
-2.879509070319419273e-03
-2.884332033182057664e-03
-2.889156457125507949e-03
-2.893982400872019412e-03
-2.898809939780533362e-03
-2.903639175007355355e-03
-2.908470228785930978e-03
-2.913303193516236789e-03
-2.918138133553682678e-03
-2.922975101458336056e-03
-2.927814219975788390e-03
-2.932655447565379880e-03
-2.937498725172571490e-03
-2.942344097570992467e-03
-2.947191549887984152e-03
-2.952041025461205059e-03
-2.956892465353022637e-03
-2.961745799274773105e-03
-2.966600918849149338e-03
-2.971457739506466744e-03
-2.976316113809995834e-03
-2.981175908716271472e-03
-2.986036982936646211e-03
-2.990899176321559771e-03
-2.995762329284445968e-03
-3.000626272956496976e-03
-3.005490832864832207e-03
-3.010355836728484391e-03
-3.015221095788223060e-03
-3.020086417167000548e-03
-3.024951673784137540e-03
-3.029816669862461787e-03
-3.034681212381928894e-03
-3.039545137632937433e-03
-3.044408302949164202e-03
-3.049270546824356387e-03
-3.054131743358223794e-03
-3.058991713161374193e-03
-3.063850383131616617e-03
-3.068707671222026256e-03
-3.073563571887261148e-03
-3.078418026598361834e-03
-3.083270999465592688e-03
-3.088122503905998961e-03
-3.092972574443741962e-03
-3.097821315119819729e-03
-3.102668716818857142e-03
-3.107514923708309951e-03
-3.112359979444923042e-03
-3.117203988477368348e-03
-3.122047125657001487e-03
-3.126889447454317406e-03
-3.131731071151278023e-03
-3.136572116239189079e-03
-3.141412732402981689e-03
-3.146252992800691040e-03
-3.151093032511931291e-03
-3.155932967458419114e-03
-3.160772927944699440e-03
-3.165613008745404855e-03
-3.170453296798436682e-03
-3.175293880376073297e-03
-3.180134835520487258e-03
-3.184976233335468088e-03
-3.189818007764855246e-03
-3.194660356635403708e-03
-3.199503244615264919e-03
-3.204346626673015841e-03
-3.209190459217414748e-03
-3.214034692585632236e-03
-3.218879263382823375e-03
-3.223724086318990878e-03
-3.228569093199684659e-03
-3.233414190690009349e-03
-3.238259329399695297e-03
-3.243104465865065400e-03
-3.247949598794930282e-03
-3.252794718790141815e-03
-3.257639840184900493e-03
-3.262485011347848740e-03
-3.267330303063364916e-03
-3.272175820990375072e-03
-3.277021643547484153e-03
-3.281867899901147467e-03
-3.286714774455079535e-03
-3.291562393319957813e-03
-3.296410934532256753e-03
-3.301260600377720067e-03
-3.306111609086115344e-03
-3.310964210498923421e-03
-3.315818672726678074e-03
-3.320675335934830663e-03
-3.325534511343097854e-03
-3.330396557652659517e-03
-3.335261931746713593e-03
-3.340131079888286614e-03
-3.345004489270775316e-03
-3.349882517972968543e-03
-3.354765482399435506e-03
-3.359653258416250843e-03
-3.364545423792053569e-03
-3.369440508571353021e-03
-3.374336985687786949e-03
-3.379233168393058762e-03
-3.384127863500063782e-03
-3.389020385176744199e-03
-3.393910610853589915e-03
-3.398798652671231046e-03
-3.403684774599624596e-03
-3.408569010202366911e-03
-3.413451338020290216e-03
-3.418331639182148329e-03
-3.423209760985979067e-03
-3.428085749565656926e-03
-3.432959608415497854e-03
-3.437831495919696501e-03
-3.442701606239717549e-03
-3.447570186957626959e-03
-3.452437425368604096e-03
-3.457303664203159599e-03
-3.462168927633402227e-03
-3.467033445369138711e-03
-3.471897374239474310e-03
-3.476760805232737006e-03
-3.481623858327620447e-03
-3.486486592622406455e-03
-3.491349101364726870e-03
-3.496211411201044506e-03
-3.501073588509484580e-03
-3.505935682991845326e-03
-3.510797743126570225e-03
-3.515659837201923210e-03
-3.520522003840675929e-03
-3.525384283631582960e-03
-3.530246728793762223e-03
-3.535109407485026445e-03
-3.539972343706732083e-03
-3.544835610420626892e-03
-3.549699272003215000e-03
-3.554563363204699122e-03
-3.559427939613613034e-03
-3.564293043336608235e-03
-3.569158728043753115e-03
-3.574025034261962830e-03
-3.578892010660861267e-03
-3.583759692205701342e-03
-3.588628121874770649e-03
-3.593497337394002678e-03
-3.598367374592736923e-03
-3.603238268732655847e-03
-3.608110051406598906e-03
-3.612982753247506729e-03
-3.617856404295682893e-03
-3.622731031444836880e-03
-3.627606667013671959e-03
-3.632483341366343765e-03
-3.637361068353883731e-03
-3.642239879410258396e-03
-3.647119794296216355e-03
-3.652000833617607967e-03
-3.656883027530533070e-03
-3.661766399101207270e-03
-3.666650964167073035e-03
-3.671536754888959919e-03
-3.676423790206717612e-03
-3.681312092007171799e-03
-3.686201681949219378e-03
-3.691092572225107560e-03
-3.695984788365302975e-03
-3.700878355925585339e-03
-3.705773295918590726e-03
-3.710669618047446328e-03
-3.715567395709329368e-03
-3.720466584442139180e-03
-3.725367246105171226e-03
-3.730269364676574995e-03
-3.735173001105374091e-03
-3.740078092866250259e-03
-3.744984716684718329e-03
-3.749892891225403702e-03
-3.754802619660324581e-03
-3.759713942388831498e-03
-3.764626868650977620e-03
-3.769541414461508033e-03
-3.774457596275704319e-03
-3.779375412482077756e-03
-3.784294885682104592e-03
-3.789216037865306141e-03
-3.794138882031838911e-03
-3.799063412428749231e-03
-3.803989686094855216e-03
-3.808917727111449381e-03
-3.813847452760255052e-03
-3.818778900282149280e-03
-3.823712111501675892e-03
-3.828647057605993886e-03
-3.833583770489812359e-03
-3.838522256342735695e-03
-3.843462501484595784e-03
-3.848404540657712758e-03
-3.853348369795117634e-03
-3.858293994445260999e-03
-3.863241420147711658e-03
-3.868190632317580757e-03
-3.873141646299926855e-03
-3.878094477297477916e-03
-3.883049130287807849e-03
-3.888005589425702624e-03
-3.892963924458481273e-03
-3.897924075494163532e-03
-3.902886105833225372e-03
-3.907849928440731979e-03
-3.912815590243923225e-03
-3.917783062585722398e-03
-3.922752385264072217e-03
-3.927723563691198905e-03
-3.932696584504791204e-03
-3.937671490897520776e-03
-3.942648288302375015e-03
-3.947626997854669639e-03
-3.952607645204220255e-03
-3.957590235306729376e-03
-3.962574806916530079e-03
-3.967561379171979929e-03
-3.972549957788285013e-03
-3.977540500993970163e-03
-3.982532944419969745e-03
-3.987527090832054810e-03
-3.992522695274280942e-03
-3.997519449796205215e-03
-4.002517005262551386e-03
-4.007515027786512363e-03
-4.012513260913230795e-03
-4.017511531236417355e-03
-4.022509778321858853e-03
-4.027508032457549625e-03
-4.032506354232023860e-03
-4.037504850440964965e-03
-4.042503636959793312e-03
-4.047502834291671903e-03
-4.052502563060889074e-03
-4.057502923239142412e-03
-4.062504014517021034e-03
-4.067505928007864036e-03
-4.072508746580716377e-03
-4.077512552677964308e-03
-4.082517422988485301e-03
-4.087523380323587752e-03
-4.092530568746477471e-03
-4.097538907942732678e-03
-4.102548516810133883e-03
-4.107559436696273103e-03
-4.112571712220680631e-03
-4.117585380359445324e-03
-4.122600492383665660e-03
-4.127617071584932518e-03
-4.132635148168528616e-03
-4.137654758105901998e-03
-4.142675944172613534e-03
-4.147698735036065010e-03
-4.152723162222482500e-03
-4.157749257020948441e-03
-4.162777033306030994e-03
-4.167806567256793215e-03
-4.172837864440448463e-03
-4.177870984798714993e-03
-4.182905888512555848e-03
-4.187942647229325743e-03
-4.192981314956378824e-03
-4.198021899487147657e-03
-4.203064472538375895e-03
-4.208109057734943370e-03
-4.213155746222274622e-03
-4.218204573418704584e-03
-4.223255602115338903e-03
-4.228308918655887538e-03
-4.233364635130798526e-03
-4.238422848956147071e-03
-4.243483733096353738e-03
-4.248547461146112703e-03
-4.253614273808881130e-03
-4.258684575298099517e-03
-4.263758871101086534e-03
-4.268837649855306005e-03
-4.273922111511341271e-03
-4.279014051094098825e-03
-4.284116122187264786e-03
-4.289230391089970951e-03
-4.294350122105106138e-03
-4.299463622809862606e-03
-4.304569631035759514e-03
-4.309670867270631867e-03
-4.314769446396415908e-03
-4.319866759191715033e-03
-4.324963633883127656e-03
-4.330060620838849239e-03
-4.335158105789993499e-03
-4.340256357638572204e-03
-4.345355572598186278e-03
-4.350455959893695379e-03
-4.355557520528519078e-03
-4.360660445219100012e-03
-4.365764627589974189e-03
-4.370870173809882075e-03
-4.375977133864727975e-03
-4.381085524123307096e-03
-4.386195352545141368e-03
-4.391306609950795803e-03
-4.396419309977472878e-03
-4.401533441613425524e-03
-4.406648998612650026e-03
-4.411765965043223936e-03
-4.416884342380189565e-03
-4.422004135298363003e-03
-4.427125347170712821e-03
-4.432247985916903943e-03
-4.437372053378019210e-03
-4.442497602454520411e-03
-4.447624673951322549e-03
-4.452753209810755841e-03
-4.457883360338810164e-03
-4.463014962077016534e-03
-4.468148170644892225e-03
-4.473283025876462204e-03
-4.478419569882818863e-03
-4.483557828970252679e-03
-4.488697874756697459e-03
-4.493839746434469262e-03
-4.498983493300245939e-03
-4.504129144171420407e-03
-4.509276761926028776e-03
-4.514426412094763030e-03
-4.519578152159198225e-03
-4.524732042386903075e-03
-4.529888117375757695e-03
-4.535046560749211864e-03
-4.540207296507725587e-03
-4.545370483560962072e-03
-4.550536114364289730e-03
-4.555704330706511485e-03
-4.560875248238782653e-03
-4.566048886143980745e-03
-4.571225269112799694e-03
-4.576404449087578818e-03
-4.581586470619902762e-03
-4.586771250538745903e-03
-4.591958619992730917e-03
-4.597148272772799693e-03
-4.602339852354253580e-03
-4.607532922683676979e-03
-4.612727045716802365e-03
-4.617921862038354419e-03
-4.623117148345401439e-03
-4.628312811176704678e-03
-4.633508816025089239e-03
-4.638705228314332629e-03
-4.643902145041067797e-03
-4.649099689738034336e-03
-4.654298003366252878e-03
-4.659497215204422282e-03
-4.664697446584820106e-03
-4.669898810036543502e-03
-4.675101418807781073e-03
-4.680305374034521293e-03
-4.685510773748124969e-03
-4.690717699355917425e-03
-4.695926248998616437e-03
-4.701136521766735576e-03
-4.706348612667388132e-03
-4.711562619992837320e-03
-4.716778622449235847e-03
-4.721996798433214515e-03
-4.727217196895949769e-03
-4.732440018710648566e-03
-4.737665325417195206e-03
-4.742893351166510563e-03
-4.748124227511807405e-03
-4.753358179535260852e-03
-4.758595387373110164e-03
-4.763836129915044459e-03
-4.769080767974442914e-03
-4.774329604020466356e-03
-4.779582913104540864e-03
-4.784840846052573760e-03
-4.790103196994910384e-03
-4.795369438131746875e-03
-4.800638349369390490e-03
-4.805908334164832318e-03
-4.811177838515257044e-03
-4.816445822471315807e-03
-4.821711849899434910e-03
-4.826975962108237539e-03
-4.832238538623800927e-03
-4.837499914415177571e-03
-4.842760438388715727e-03
-4.848020459266133564e-03
-4.853280249505043109e-03
-4.858540049379356240e-03
-4.863799996819073712e-03
-4.869060238613998060e-03
-4.874320875797089059e-03
-4.879581983694425418e-03
-4.884843627379509279e-03
-4.890105839618241745e-03
-4.895368643005992837e-03
-4.900632057172504830e-03
-4.905896104738682872e-03
-4.911160833584116148e-03
-4.916426178225963284e-03
-4.921692168564084646e-03
-4.926958823714855384e-03
-4.932226157732588767e-03
-4.937494176180834415e-03
-4.942762895875696394e-03
-4.948032326813622817e-03
-4.953302482171850762e-03
-4.958573365579921344e-03
-4.963844992979415949e-03
-4.969117374460485514e-03
-4.974390519594473759e-03
-4.979664442420594916e-03
-4.984939148256262165e-03
-4.990214642627832653e-03
-4.995490933266899525e-03
-5.000768032401792240e-03
-5.006045937725134287e-03
-5.011324648187098774e-03
-5.016604213392561462e-03
-5.021884619573979691e-03
-5.027165880542749932e-03
-5.032448007569634285e-03
-5.037731017349722507e-03
-5.043014927892164323e-03
-5.048299761268526531e-03
-5.053585537819760276e-03
-5.058872284502524685e-03
-5.064160030695541437e-03
-5.069448809378873655e-03
-5.074738655601929160e-03
-5.080029610768144188e-03
-5.085321721796987049e-03
-5.090615040576840222e-03
-5.095909618782257233e-03
-5.101205530806729449e-03
-5.106502840184434788e-03
-5.111801642801783174e-03
-5.117102019011166014e-03
-5.122404066441821335e-03
-5.127707927872648952e-03
-5.133013699984534384e-03
-5.138321524696731757e-03
-5.143631519022973109e-03
-5.148943830344143713e-03
-5.154258545672862901e-03
-5.159575664877680268e-03
-5.164895042646167056e-03
-5.170216312723519003e-03
-5.175538929501288798e-03
-5.180862158614019108e-03
-5.186185265736109606e-03
-5.191507727156596808e-03
-5.196829190031726498e-03
-5.202149575716741303e-03
-5.207468968354223016e-03
-5.212787495763260281e-03
-5.218105494985469939e-03
-5.223423090319645468e-03
-5.228740496235673163e-03
-5.234057885623366602e-03
-5.239375421475900296e-03
-5.244693221518992310e-03
-5.250011426972123196e-03
-5.255330147754699865e-03
-5.260649480795853705e-03
-5.265969518151503159e-03
-5.271290331419931086e-03
-5.276611984471268890e-03
-5.281934537786914241e-03
-5.287258045873266532e-03
-5.292582539311641021e-03
-5.297908090297065442e-03
-5.303234715670512855e-03
-5.308562449665710226e-03
-5.313891315034680041e-03
-5.319221332182433315e-03
-5.324552512666391735e-03
-5.329884867029011097e-03
-5.335218395751906151e-03
-5.340553100508294015e-03
-5.345888970619272484e-03
-5.351225993336927722e-03
-5.356564151765663695e-03
-5.361903423893310539e-03
-5.367243789341946680e-03
-5.372585226686599214e-03
-5.377927714196206743e-03
-5.383271232512254478e-03
-5.388615774028160388e-03
-5.393961311295991656e-03
-5.399307861816637910e-03
-5.404655409794623111e-03
-5.410003974617105804e-03
-5.415353575133230457e-03
-5.420704237938056558e-03
-5.426055997538647979e-03
-5.431408893243450109e-03
-5.436762975159825650e-03
-5.442118293929709694e-03
-5.447474905627691655e-03
-5.452832869547119543e-03
-5.458192237401515712e-03
-5.463553074700144840e-03
-5.468915446710354011e-03
-5.474279412404303713e-03
-5.479645011653766495e-03
-5.485012322473448165e-03
-5.490381360307550196e-03
-5.495752154796695876e-03
-5.501124725196038234e-03
-5.506499055499047834e-03
-5.511875098604179790e-03
-5.517252830241181627e-03
-5.522632182301645543e-03
-5.528013059500458404e-03
-5.533395384095696201e-03
-5.538779050088815659e-03
-5.544163962505677112e-03
-5.549550038655648443e-03
-5.554937220171196621e-03
-5.560325485070349849e-03
-5.565714851808123420e-03
-5.571105403412435209e-03
-5.576497333692143066e-03
-5.581891040706388196e-03
-5.587287459745238216e-03
-5.592689226866953689e-03
-5.598100620286539097e-03
-5.603505350803561491e-03
-5.608905765540961319e-03
-5.614304663121072458e-03
-5.619703065308567780e-03
-5.625101474849736327e-03
-5.630500185665243684e-03
-5.635899376074338107e-03
-5.641299195245808029e-03
-5.646699760531892487e-03
-5.652101176219503920e-03
-5.657503527711105207e-03
-5.662906902347497606e-03
-5.668311385783275647e-03
-5.673717064466066162e-03
-5.679124020955050867e-03
-5.684532353097071500e-03
-5.689942155458149742e-03
-5.695353552340187697e-03
-5.700766603145668299e-03
-5.706181514967600954e-03
-5.711598400587436508e-03
-5.717017416446368294e-03
-5.722438730335066559e-03
-5.727862480452872163e-03
-5.733288859499086065e-03
-5.738717990878106079e-03
-5.744149905096640474e-03
-5.749584430639775867e-03
-5.755021222532019642e-03
-5.760459614100321701e-03
-5.765898742021380308e-03
-5.771337760310468745e-03
-5.776776102645486688e-03
-5.782213400400193493e-03
-5.787649745344292107e-03
-5.793085218349869336e-03
-5.798520057145650775e-03
-5.803954473553529780e-03
-5.809388718535535290e-03
-5.814822984908429859e-03
-5.820257437074372042e-03
-5.825692225303602534e-03
-5.831127446583095342e-03
-5.836563211165213261e-03
-5.841999591662205837e-03
-5.847436637324565645e-03
-5.852874382570982803e-03
-5.858312859518211013e-03
-5.863752081188278176e-03
-5.869192061814354489e-03
-5.874632815467406566e-03
-5.880074353393660580e-03
-5.885516575991678323e-03
-5.890959726787547979e-03
-5.896403706215469498e-03
-5.901848594874414822e-03
-5.907294418258879354e-03
-5.912741235216123492e-03
-5.918189116011940420e-03
-5.923638147425802636e-03
-5.929088393552994773e-03
-5.934539963716845001e-03
-5.939992961796036752e-03
-5.945447498741485148e-03
-5.950903691978148835e-03
-5.956361664836928860e-03
-5.961821546051293552e-03
-5.967283469157869114e-03
-5.972747517430265773e-03
-5.978213846815516597e-03
-5.983682652560995407e-03
-5.989153965755944498e-03
-5.994628115741362784e-03
-6.000105122781262956e-03
-6.005585155853587764e-03
-6.011068253526485883e-03
-6.016554604428292485e-03
-6.022044093052514313e-03
-6.027536874141481427e-03
-6.033032879390165526e-03
-6.038531996469087559e-03
-6.044034032481326868e-03
-6.049538706207835403e-03
-6.055045623937438393e-03
-6.060554356271508070e-03
-6.066064406323956604e-03
-6.071575238158710697e-03
-6.077086296858325021e-03
-6.082597047071591767e-03
-6.088107071499648804e-03
-6.093616037492588511e-03
-6.099123648376392204e-03
-6.104629706515596332e-03
-6.110134152774615579e-03
-6.115636957570447230e-03
-6.121138182144325590e-03
-6.126637844538818101e-03
-6.132136146361766293e-03
-6.137633251270813162e-03
-6.143129305862471412e-03
-6.148624447597450526e-03
-6.154118866380731134e-03
-6.159612738831921064e-03
-6.165106238084638868e-03
-6.170599558591005618e-03
-6.176092787114506599e-03
-6.181586113565562535e-03
-6.187079684845442351e-03
-6.192573656285227379e-03
-6.198068159749658967e-03
-6.203563260732236628e-03
-6.209059042141085172e-03
-6.214555550407507845e-03
-6.220052859522651190e-03
-6.225551099322879089e-03
-6.231050234705159951e-03
-6.236550293189591088e-03
-6.242051293470107787e-03
-6.247553252617943365e-03
-6.253056177409010985e-03
-6.258560084807851531e-03
-6.264064995550544523e-03
-6.269570933949197844e-03
-6.275077894696390324e-03
-6.280585894351098375e-03
-6.286095043335993005e-03
-6.291605257683574592e-03
-6.297116585031514724e-03
-6.302629028899997543e-03
-6.308142562686303023e-03
-6.313657181303833354e-03
-6.319172889060364895e-03
-6.324689693587126627e-03
-6.330207658035824636e-03
-6.335726860826396134e-03
-6.341247374815894844e-03
-6.346769366775473209e-03
-6.352292987496954701e-03
-6.357818409397641979e-03
-6.363345772387840604e-03
-6.368875079833746788e-03
-6.374406068860527519e-03
-6.379938182189071050e-03
-6.385470346502275518e-03
-6.391001273500229729e-03
-6.396529897100822204e-03
-6.402055735729050845e-03
-6.407578802605784496e-03
-6.413099458812077103e-03
-6.418618245525697930e-03
-6.424135596818425498e-03
-6.429652004469765814e-03
-6.435167949186637593e-03
-6.440683894382792651e-03
-6.446200308757088493e-03
-6.451717675680757047e-03
-6.457236554295864295e-03
-6.462757602987312389e-03
-6.468281607830639324e-03
-6.473809703817834382e-03
-6.479343539267157226e-03
-6.484885917139915357e-03
-6.490441957601400524e-03
-6.496023261989947173e-03
-6.501670245719237684e-03
-6.507517153175879088e-03
-6.513144701429052219e-03
-6.518716003843127993e-03
-6.524265082443747588e-03
-6.529802398980377731e-03
-6.535332380757430393e-03
-6.540857375581410338e-03
-6.546378973257604983e-03
-6.551898068474892867e-03
-6.557415331509108825e-03
-6.562931259000981399e-03
-6.568446273028105686e-03
-6.573960574124959599e-03
-6.579474484418978975e-03
-6.584988170063366120e-03
-6.590501821296723683e-03
-6.596015555190071211e-03
-6.601529531697125641e-03
-6.607043831436509862e-03
-6.612558578319549518e-03
-6.618073863393192369e-03
-6.623589750582192792e-03
-6.629106306241694391e-03
-6.634623595792255024e-03
-6.640141679027045107e-03
-6.645660610749559716e-03
-6.651180441279547217e-03
-6.656701216904203910e-03
-6.662222980167498143e-03
-6.667745771118838150e-03
-6.673269622809785417e-03
-6.678794573510615784e-03
-6.684320644733232619e-03
-6.689847856752639821e-03
-6.695376256113161340e-03
-6.700905842026871895e-03
-6.706436655440350947e-03
-6.711968691425318490e-03
-6.717501973578676733e-03
-6.723036505248303207e-03
-6.728572296693102750e-03
-6.734109350132078120e-03
-6.739647663532077893e-03
-6.745187230103977249e-03
-6.750728037854258901e-03
-6.756270068983272203e-03
-6.761813299369423547e-03
-6.767357694236530996e-03
-6.772903205045088804e-03
-6.778449812542608477e-03
-6.783997454771428792e-03
-6.789546068122764844e-03
-6.795095578602583508e-03
-6.800645931575921566e-03
-6.806197034589622774e-03
-6.811748823671415209e-03
-6.817301229171124355e-03
-6.822854176519066449e-03
-6.828407580371842478e-03
-6.833961376597308401e-03
-6.839515510375981933e-03
-6.845069955672133943e-03
-6.850624672053107211e-03
-6.856179630511438639e-03
-6.861734832245058868e-03
-6.867290284946703238e-03
-6.872845967250018617e-03
-6.878401916458276588e-03
-6.883958185083693948e-03
-6.889514817137842861e-03
-6.895071838493693761e-03
-6.900629285098824894e-03
-6.906187220893089673e-03
-6.911745696574489450e-03
-6.917304770764798327e-03
-6.922864489137370292e-03
-6.928424921136544512e-03
-6.933986129481262140e-03
-6.939548178613086371e-03
-6.945111138013215779e-03
-6.950675073175260898e-03
-6.956240053363482723e-03
-6.961806152863014852e-03
-6.967373446326252662e-03
-6.972942031988949019e-03
-6.978511968887102235e-03
-6.984083375808025629e-03
-6.989656354682627359e-03
-6.995231024525483399e-03
-7.000807476708614807e-03
-7.006385869691045265e-03
-7.011966366507471626e-03
-7.017549135127088000e-03
-7.023134392014851457e-03
-7.028722343678350803e-03
-7.034313181903950607e-03
-7.039907099698150539e-03
-7.045504177840333782e-03
-7.051104354543480390e-03
-7.056707178122234581e-03
-7.062311830867473716e-03
-7.067917200889728413e-03
-7.073522196166637244e-03
-7.079126077578323795e-03
-7.084728586710498099e-03
-7.090329818040141951e-03
-7.095930080855405997e-03
-7.101529690465180344e-03
-7.107129020898828031e-03
-7.112728382961175377e-03
-7.118328046159638767e-03
-7.123928246763999717e-03
-7.129529188871219780e-03
-7.135131077304568414e-03
-7.140734073360133216e-03
-7.146338331632473562e-03
-7.151944001658860905e-03
-7.157551216884439071e-03
-7.163160115016498075e-03
-7.168770823833159334e-03
-7.174383514776061510e-03
-7.179998294670419945e-03
-7.185615311196880128e-03
-7.191234649062350215e-03
-7.196856485468527964e-03
-7.202480990229243041e-03
-7.208108276874902742e-03
-7.213738505836286841e-03
-7.219371739070723493e-03
-7.225008100836038949e-03
-7.230647552912916609e-03
-7.236290031806258405e-03
-7.241935343559213756e-03
-7.247583144878055883e-03
-7.253233046680018781e-03
-7.258884558366762718e-03
-7.264537169085816259e-03
-7.270190408591337139e-03
-7.275843910928170288e-03
-7.281497377082057909e-03
-7.287150595503333328e-03
-7.292803479839293779e-03
-7.298455938523629172e-03
-7.304107980620311302e-03
-7.309759606231813756e-03
-7.315410849569548013e-03
-7.321061725924504771e-03
-7.326712379901789696e-03
-7.332362803503467141e-03
-7.338013072392124414e-03
-7.343663253589594042e-03
-7.349313415391245385e-03
-7.354963626591937143e-03
-7.360613955791017737e-03
-7.366264470881733750e-03
-7.371915238560289296e-03
-7.377566357788301055e-03
-7.383217860334800875e-03
-7.388869793657826257e-03
-7.394522216796040048e-03
-7.400175219333005039e-03
-7.405828812133918859e-03
-7.411483081832370701e-03
-7.417138052456584418e-03
-7.422793843228081556e-03
-7.428450397752972556e-03
-7.434107809466405925e-03
-7.439766114011647780e-03
-7.445425352197387880e-03
-7.451085563253689870e-03
-7.456746784942569484e-03
-7.462409053694440964e-03
-7.468072404715031531e-03
-7.473736872107172857e-03
-7.479402485769837128e-03
-7.485069333350247156e-03
-7.490737341289688267e-03
-7.496406608586747566e-03
-7.502077133566098510e-03
-7.507748991793850024e-03
-7.513422153580751051e-03
-7.519096694385218882e-03
-7.524772608914154226e-03
-7.530449983698450644e-03
-7.536128743291459209e-03
-7.541808979283692871e-03
-7.547490721073968345e-03
-7.553173998439022263e-03
-7.558858841600457623e-03
-7.564545281352308415e-03
-7.570233349221910935e-03
-7.575923077557500385e-03
-7.581614471915631981e-03
-7.587307606695459228e-03
-7.593002582990560079e-03
-7.598699281607723677e-03
-7.604397828982256691e-03
-7.610098204040349756e-03
-7.615800500686997765e-03
-7.621504764694142509e-03
-7.627211044803128281e-03
-7.632919370566981776e-03
-7.638629830512888574e-03
-7.644342474513399210e-03
-7.650057368280949177e-03
-7.655774555078154187e-03
-7.661494126165790952e-03
-7.667216181841296496e-03
-7.672940818752027603e-03
-7.678668182378833862e-03
-7.684398298190564525e-03
-7.690131397372290678e-03
-7.695867561055336203e-03
-7.701607097119311796e-03
-7.707349950111352932e-03
-7.713096453861867374e-03
-7.718846840952808819e-03
-7.724601287262489180e-03
-7.730359865673164244e-03
-7.736122367979159087e-03
-7.741888371183947015e-03
-7.747656899787624951e-03
-7.753426719580125415e-03
-7.759196668733703284e-03
-7.764965950063040800e-03
-7.770734231121068092e-03
-7.776501564019988599e-03
-7.782268160408722935e-03
-7.788034314375136269e-03
-7.793800260960770387e-03
-7.799566216292408427e-03
-7.805332308157608701e-03
-7.811098795346138601e-03
-7.816865608425760392e-03
-7.822632973966348047e-03
-7.828400923064582351e-03
-7.834169620746234131e-03
-7.839939020138131376e-03
-7.845709212251361642e-03
-7.851480276967470751e-03
-7.857252273628545503e-03
-7.863025262575873420e-03
-7.868799298514694840e-03
-7.874574435815961948e-03
-7.880350729084883987e-03
-7.886128231146094514e-03
-7.891906988875763140e-03
-7.897687127276786789e-03
-7.903468551395120834e-03
-7.909251397130834249e-03
-7.915035643557666312e-03
-7.920821345792972146e-03
-7.926608545276048190e-03
-7.932397268127666656e-03
-7.938187535779239745e-03
-7.943979354500196877e-03
-7.949772751122186065e-03
-7.955567727333634487e-03
-7.961364284991834239e-03
-7.967162421348650270e-03
-7.972962129502825235e-03
-7.978763398986399302e-03
-7.984566216460042831e-03
-7.990370566597126967e-03
-7.996176415213107624e-03
-8.001983778765930921e-03
-8.007792691103743365e-03
-8.013603011531422737e-03
-8.019414814823266902e-03
-8.025228046937282755e-03
-8.031042825302425747e-03
-8.036858950063119345e-03
-8.042676547430294143e-03
-8.048495558871993083e-03
-8.054316017701346198e-03
-8.060137953796786547e-03
-8.065961383072806079e-03
-8.071786314757134484e-03
-8.077612773210951502e-03
-8.083440784649731370e-03
-8.089270372220958016e-03
-8.095101559996931151e-03
-8.100934361038647502e-03
-8.106768855466794932e-03
-8.112604998978145687e-03
-8.118442922604107714e-03
-8.124282494988088743e-03
-8.130123850563886201e-03
-8.135966955796325450e-03
-8.141811927439457364e-03
-8.147658667814083877e-03
-8.153507262719017490e-03
-8.159357689869750629e-03
-8.165210023854174715e-03
-8.171064291066176821e-03
-8.176920518105146307e-03
-8.182778731757212043e-03
-8.188638958930294365e-03
-8.194501226504113944e-03
-8.200365539527076919e-03
-8.206231912202932577e-03
-8.212100435200930804e-03
-8.217971128848033935e-03
-8.223843947467890381e-03
-8.229719007116109708e-03
-8.235596184775317852e-03
-8.241475548531496109e-03
-8.247357130938715031e-03
-8.253240933433492188e-03
-8.259126926278059777e-03
-8.265015134027553501e-03
-8.270905524252358809e-03
-8.276798069153490367e-03
-8.282692733771135352e-03
-8.288589456305728298e-03
-8.294488202455818637e-03
-8.300388936107405691e-03
-8.306291601696158544e-03
-8.312196152811202055e-03
-8.318102684100603383e-03
-8.324010963407402208e-03
-8.329921028702225172e-03
-8.335832912620078083e-03
-8.341746628671486974e-03
-8.347662217001117213e-03
-8.353579713615610913e-03
-8.359499198045572399e-03
-8.365420740902296259e-03
-8.371344470630259771e-03
-8.377270479095311195e-03
-8.383198911268929798e-03
-8.389129957214191968e-03
-8.395063740749497683e-03
-8.401000486264131872e-03
-8.406940448842714630e-03
-8.412883890795419539e-03
-8.418831029065265703e-03
-8.424782221634785628e-03
-8.430737666391130425e-03
-8.436697442369078814e-03
-8.442661313675992041e-03
-8.448628618556885961e-03
-8.454598405127633498e-03
-8.460569462925948692e-03
-8.466540831272073575e-03
-8.472512079348737402e-03
-8.478483220278443255e-03
-8.484454555330755987e-03
-8.490426523249938739e-03
-8.496399591439884880e-03
-8.502374198335660438e-03
-8.508350746648796203e-03
-8.514329657718477939e-03
-8.520311307411043700e-03
-8.526296009943257204e-03
-8.532284199851969397e-03
-8.538276193525540236e-03
-8.544272427302379569e-03
-8.550273164705135542e-03
-8.556278787973381483e-03
-8.562289730901562201e-03
-8.568306506933742739e-03
-8.574329602346275614e-03
-8.580359398925208048e-03
-8.586396628709302981e-03
-8.592441786336779685e-03
-8.598495418932095014e-03
-8.604558025945618915e-03
-8.610629809542524882e-03
-8.616711054224568400e-03
-8.622801743040420241e-03
-8.628901325408833145e-03
-8.635008559544798956e-03
-8.641121926650341400e-03
-8.647239201372114437e-03
-8.653357820484708363e-03
-8.659475305287100966e-03
-8.665589572880882940e-03
-8.671698904499924865e-03
-8.677802274129953197e-03
-8.683899191808563955e-03
-8.689989767264982845e-03
-8.696074094933448073e-03
-8.702152619743386275e-03
-8.708225795225565946e-03
-8.714294078022710721e-03
-8.720357968470704435e-03
-8.726417883500037220e-03
-8.732474338887463716e-03
-8.738527764446391011e-03
-8.744578638922195779e-03
-8.750627223265805554e-03
-8.756673842292950205e-03
-8.762718830042093288e-03
-8.768762431922705325e-03
-8.774804933938895601e-03
-8.780846543723686004e-03
-8.786887453831271344e-03
-8.792927831826502505e-03
-8.798967844701577334e-03
-8.805007593354785556e-03
-8.811047243234892967e-03
-8.817086928305295501e-03
-8.823126713160656109e-03
-8.829166674342303622e-03
-8.835206864929112669e-03
-8.841247353270742515e-03
-8.847288166834110790e-03
-8.853329327152437145e-03
-8.859370793899090657e-03
-8.865412644332493208e-03
-8.871454799776357092e-03
-8.877497239179743538e-03
-8.883539947726837305e-03
-8.889582885055591355e-03
-8.895626048283755694e-03
-8.901669412433643735e-03
-8.907713001987116463e-03
-8.913756805586148246e-03
-8.919800862108417938e-03
-8.925845210922878081e-03
-8.931889900983702724e-03
-8.937934988998530450e-03
-8.943980537645446205e-03
-8.950026614099271249e-03
-8.956073288871824190e-03
-8.962120655536920388e-03
-8.968168762692019236e-03
-8.974217691329444690e-03
-8.980267558726051647e-03
-8.986318363239265139e-03
-8.992370247053238508e-03
-8.998423289173107520e-03
-9.004477586463499605e-03
-9.010533245411456171e-03
-9.016590379577027470e-03
-9.022649116631087374e-03
-9.028709623808972573e-03
-9.034772063901463923e-03
-9.040836644300997982e-03
-9.046903623381230553e-03
-9.052973339765513217e-03
-9.059046186281727309e-03
-9.065122732504149461e-03
-9.071203673280958668e-03
-9.077289819457878828e-03
-9.083382081835678079e-03
-9.089480659293602827e-03
-9.095583792449457583e-03
-9.101687021023097124e-03
-9.107786265692974226e-03
-9.113880539176055784e-03
-9.119970593310378071e-03
-9.126057620831851125e-03
-9.132142668324960688e-03
-9.138226451851139132e-03
-9.144309560709329432e-03
-9.150392421086062100e-03
-9.156475379616280108e-03
-9.162558659837283237e-03
-9.168642455636977218e-03
-9.174726942641098226e-03
-9.180812266159632529e-03
-9.186898549867983377e-03
-9.192985891209759508e-03
-9.199074388197003849e-03
-9.205164083192718394e-03
-9.211255102804516426e-03
-9.217347410479526104e-03
-9.223441117217179297e-03
-9.229536272075344883e-03
-9.235632917875991055e-03
-9.241731082394677443e-03
-9.247830807963097755e-03
-9.253932112218365980e-03
-9.260035008818001678e-03
-9.266139492275504708e-03
-9.272245561497527433e-03
-9.278353205651623803e-03
-9.284462397655790511e-03
-9.290573100017907038e-03
-9.296685259991610550e-03
-9.302798959621383368e-03
-9.308913896437953639e-03
-9.315030148011937960e-03
-9.321147627937342861e-03
-9.327266386181309876e-03
-9.333386233147056288e-03
-9.339507240109679032e-03
-9.345629365749230644e-03
-9.351752744359065339e-03
-9.357877149155147123e-03
-9.364002726978015723e-03
-9.370129508272762031e-03
-9.376257529197129514e-03
-9.382386829954736385e-03
-9.388517453379097155e-03
-9.394649443800417998e-03
-9.400782846178956653e-03
-9.406917691362592926e-03
-9.413054049313585026e-03
-9.419191976593022098e-03
-9.425331464474773213e-03
-9.431472604982338304e-03
-9.437615385487818642e-03
-9.443759959141595495e-03
-9.449906197461221957e-03
-9.456054254379786528e-03
-9.462204072512525599e-03
-9.468355734788991285e-03
-9.474509291417798629e-03
-9.480664778285241567e-03
-9.486822230997171701e-03
-9.492981685022439109e-03
-9.499143175778712589e-03
-9.505306738774255138e-03
-9.511472409698074060e-03
-9.517640179654840438e-03
-9.523810192864523572e-03
-9.529982380062973490e-03
-9.536156956877261948e-03
-9.542333665723767844e-03
-9.548512666812891680e-03
-9.554694038158451086e-03
-9.560877821373714447e-03
-9.567064059438190604e-03
-9.573252766267081881e-03
-9.579444032858597247e-03
-9.585637892570941787e-03
-9.591834395632825583e-03
-9.598033559506502499e-03
-9.604235455682230693e-03
-9.610440159086186540e-03
-9.616647730948391093e-03
-9.622858236128961629e-03
-9.629071701320546239e-03
-9.635288303855404912e-03
-9.641508110703744805e-03
-9.647731075017484947e-03
-9.653957270675084246e-03
-9.660186903799883318e-03
-9.666420070864822911e-03
-9.672656862774742237e-03
-9.678897410438813687e-03
-9.685141868258861919e-03
-9.691390486746942479e-03
-9.697643376102571544e-03
-9.703900753390781730e-03
-9.710162916786613252e-03
-9.716430288807309523e-03
-9.722703310834024393e-03
-9.728982575732847415e-03
-9.735268753110259965e-03
-9.741562597168962334e-03
-9.747864723366750361e-03
-9.754174181112906794e-03
-9.760487587048949365e-03
-9.766800779225870421e-03
-9.773111596880768026e-03
-9.779420139410577306e-03
-9.785727401754540367e-03
-9.792034353932166368e-03
-9.798341888248129905e-03
-9.804650700013572973e-03
-9.810961309851595757e-03
-9.817274166352696341e-03
-9.823589616285932635e-03
-9.829907996524722691e-03
-9.836229646013716632e-03
-9.842554826548721714e-03
-9.848883827536902835e-03
-9.855216899365193406e-03
-9.861554482303747093e-03
-9.867896747853488471e-03
-9.874243714810937433e-03
-9.880595836683991884e-03
-9.886953473620008204e-03
-9.893316907722660147e-03
-9.899686398114115882e-03
-9.906062300320095382e-03
-9.912444921152396837e-03
-9.918834776383889107e-03
-9.925232076868906184e-03
-9.931637177533980676e-03
-9.938050493567107679e-03
-9.944472548802041345e-03
-9.950903713608072465e-03
-9.957344291113723322e-03
-9.963794708544249090e-03
-9.970255253668347528e-03
-9.976726526740642420e-03
-9.983208526222697721e-03
-9.989701521389671157e-03
-9.996205342654107540e-03
-1.000271978680344898e-02
-1.000924481624287932e-02
-1.001578025288729634e-02
-1.002232502028399530e-02
-1.002887826497289581e-02
-1.003543939326345669e-02
-1.004200755454565108e-02
-1.004858180453260807e-02
-1.005516122798166823e-02
-1.006174492033895529e-02
-1.006833223038394731e-02
-1.007492263673059885e-02
-1.008151577607652172e-02
-1.008811147009225362e-02
-1.009470985092875139e-02
-1.010131122533197701e-02
-1.010791602801675015e-02
-1.011452485103780941e-02
-1.012113785567503310e-02
-1.012775472947435862e-02
-1.013437530712002488e-02
-1.014100123148198307e-02
-1.014763734586543453e-02
-1.015429576125970179e-02
-1.016102117839123853e-02
-1.016820841877130732e-02
-1.017155186069140793e-02
