5.503284670939393441e-01
5.503724889466427017e-01
5.504207459133285685e-01
5.504736818402012899e-01
5.505317629624473241e-01
5.505939618999264873e-01
5.506652510027967296e-01
5.507397332071972684e-01
5.508226118076855471e-01
5.509121961308708348e-01
5.510056335214980061e-01
5.511056650913004340e-01
5.512071094847186270e-01
5.513050107947102818e-01
5.513909074400181742e-01
5.514618421608801224e-01
5.515101105841291318e-01
5.515358213373242613e-01
5.515419880468870328e-01
5.515354206752339783e-01
5.515228587556295636e-01
5.515093029283147930e-01
5.514963867582403090e-01
5.514855023924051247e-01
5.514783859305543157e-01
5.514757366237397207e-01
5.514766897675497104e-01
5.514801039323836696e-01
5.514847604039501139e-01
5.514899102184542823e-01
5.514947535103831289e-01
5.514988892056293945e-01
5.515021924977669965e-01
5.515050218521510006e-01
5.515077617366802576e-01
5.515109592330057486e-01
5.515152559381580888e-01
5.515210409640174394e-01
5.515289060125621035e-01
5.515394243878868341e-01
5.515538976082743350e-01
5.515731442229612203e-01
5.515987870774344826e-01
5.516315952893755536e-01
5.516745040686877877e-01
5.517275509558073887e-01
5.517933451808835210e-01
5.518726668486670928e-01
5.519566630845245125e-01
5.520278818121473474e-01
5.520659922584655321e-01
5.520777503289227006e-01
5.520822821395183766e-01
5.520931475693628965e-01
5.521193022701246234e-01
5.521645969427073641e-01
5.521702215695037941e-01
5.521362465059554969e-01
5.521077472372268868e-01
5.520832014394182474e-01
5.520641442145235445e-01
5.520524564181581439e-01
5.520473786824705575e-01
5.520474432740791748e-01
5.520503952997189989e-01
5.520546110965710573e-01
5.520588981493063097e-01
5.520627763652983244e-01
5.520663102367880937e-01
5.520702701189620365e-01
5.520756377605477994e-01
5.520837289989530827e-01
5.520958973915879309e-01
5.521129364875779766e-01
5.521367212240542166e-01
5.521679853297500884e-01
5.522077523649677744e-01
5.522557919068434851e-01
5.523151140990237851e-01
5.523849074284943317e-01
5.524636480523935633e-01
5.525453326003090249e-01
5.526207726390462982e-01
5.526767637595801919e-01
5.527022589045298417e-01
5.527003103718348687e-01
5.526835106233631834e-01
5.526649134716438150e-01
5.526533336009937791e-01
5.526526586310290812e-01
5.526639953930095883e-01
5.526865944527241670e-01
5.527210130731038396e-01
5.527657987782882421e-01
5.528214996308629114e-01
5.528861288264096396e-01
5.529589298963683008e-01
5.530324488619584589e-01
5.530937337266393916e-01
5.531372152826867783e-01
5.531657769503064426e-01
5.531847234800398860e-01
5.531968626005746570e-01
5.532062920946353435e-01
5.532167214023919755e-01
5.532314739783835700e-01
5.532523719592529199e-01
5.532800076276701562e-01
5.533153458738390151e-01
5.533577097493380670e-01
5.534083177177884227e-01
5.534666343538143796e-01
5.535357384463875929e-01
5.536126960117385698e-01
5.537029686992401833e-01
5.538060279933438856e-01
5.539223070693378714e-01
5.540485563096650967e-01
5.541796332661412805e-01
5.543036413827442388e-01
5.544015705678674300e-01
5.544692742904083760e-01
5.545157426066106288e-01
5.545596125848740732e-01
5.546131758979961912e-01
5.546822785534059053e-01
5.547682491116624481e-01
5.548677017194417749e-01
5.549833374712682676e-01
5.551107234056252837e-01
5.552472210413644804e-01
5.553858278889514111e-01
5.555273240603757490e-01
5.556613667752867691e-01
5.557820790542563616e-01
5.558884629317678572e-01
5.559835543093569754e-01
5.560808927760468867e-01
5.561884012340772010e-01
5.563149583015581934e-01
5.564637913021434068e-01
5.566473526816657635e-01
5.568676095135871584e-01
5.571297983744669668e-01
5.574398206989561455e-01
5.577956096078204862e-01
5.582213861119846854e-01
5.587116972674313065e-01
5.592839924179676681e-01
5.599228928034827302e-01
5.606216211540413497e-01
5.613295950936387779e-01
5.619703466528410685e-01
5.624206077549014360e-01
5.625740479042160569e-01
5.623888872122618787e-01
5.619316728800619609e-01
5.613292307831813099e-01
5.606931873593287152e-01
5.601035607755866508e-01
5.595611892104069840e-01
5.590864822300539716e-01
5.586748810490163031e-01
5.583259023846613989e-01
5.580153564091526741e-01
5.577451081271432853e-01
5.575096729530549799e-01
5.573046609249958649e-01
5.571302586474399243e-01
5.569753564378763233e-01
5.568417424140427174e-01
5.567272073424902601e-01
5.566318829658211120e-01
5.565496002375268647e-01
5.564816558604785968e-01
5.564239968830960725e-01
5.563742048391597805e-01
5.563306138477891460e-01
5.562928099883147626e-01
5.562630113417541544e-01
5.562409723243839643e-01
5.562269874198145780e-01
5.562203198131537851e-01
5.562208207646240909e-01
5.562282312219123392e-01
5.562423975980586022e-01
5.562627277913776425e-01
5.562901649392583137e-01
5.563244300714003110e-01
5.563656925847775270e-01
5.564130042108001994e-01
5.564687850779382883e-01
5.565322980806953757e-01
5.566038051857197244e-01
5.566835558010926333e-01
5.567696701955477945e-01
5.568661408132299373e-01
5.569705079775773005e-01
5.570808597990559718e-01
5.571904646440418718e-01
5.572974525277860636e-01
5.573893983591180490e-01
5.574608876378183142e-01
5.575091579638538075e-01
5.575377936584807737e-01
5.575580749604691633e-01
5.575786579224085715e-01
5.576076584927324165e-01
5.576499360266525818e-01
5.577106182571022197e-01
5.577890778283084439e-01
5.578723694930094457e-01
5.579291317502844683e-01
5.579699620430804696e-01
5.580218998213519743e-01
5.580887986442151227e-01
5.581684323639029000e-01
5.582546736016384958e-01
5.583459623051005849e-01
5.584391568946094342e-01
5.585337201222969616e-01
5.586306068671372804e-01
5.587293202765879485e-01
5.588364408122579174e-01
5.589515715166383236e-01
5.590746865854964165e-01
5.592081343036812147e-01
5.593547007613212108e-01
5.595143653614834678e-01
5.596872868714711791e-01
5.598796906197136547e-01
5.600927085347645606e-01
5.603067543916722126e-01
5.605039548513788272e-01
5.607164953409212726e-01
5.609534914126367289e-01
5.612148799742635585e-01
5.614986982705096885e-01
5.618055541050441803e-01
5.621369190133909122e-01
5.624865199748947386e-01
5.628733809005774802e-01
5.632883462727727997e-01
5.637451655529719385e-01
5.642369232079733621e-01
5.647687464667368040e-01
5.653259785094494339e-01
5.658999760625531561e-01
5.665209149836237801e-01
5.671901718055609720e-01
5.679095483496630070e-01
5.686610362072311853e-01
5.694440039626808003e-01
5.702305177162027006e-01
5.710034413897042693e-01
5.716969775963396394e-01
5.722401019363008157e-01
5.725634873583456130e-01
5.726231798702209330e-01
5.724168190929916911e-01
5.719768714254213071e-01
5.713678244446039889e-01
5.706770149142630366e-01
5.699319732769628777e-01
5.691925956705978784e-01
5.684959742710520292e-01
5.678436356671274776e-01
5.672592861855538793e-01
5.667322525310221071e-01
5.662684014453964743e-01
5.658643484363647946e-01
5.655231661772687213e-01
5.652245866898765181e-01
5.649729472621581872e-01
5.647644304795602643e-01
5.645974428842617243e-01
5.644667518569871367e-01
5.643695761531823951e-01
5.643075571130073964e-01
5.642808981304378024e-01
5.642839795837735206e-01
5.642752953799459181e-01
5.642797719655830990e-01
5.643146075922144123e-01
5.643762795371156660e-01
5.644636173089587761e-01
5.645845490046289550e-01
5.647448411522514311e-01
5.648644454363574985e-01
5.647746177544604729e-01
5.646102641156819368e-01
5.644612167976414963e-01
5.643161195262303975e-01
5.641570387813762411e-01
5.639815652921722489e-01
5.637851892582208535e-01
5.635726184979398257e-01
5.633507315714405550e-01
5.631215393133741642e-01
5.628862557512303022e-01
5.626508066346850301e-01
5.624204144913175218e-01
5.621891186167042864e-01
5.619712622880841391e-01
5.617550876033042817e-01
5.615465606061103010e-01
5.613463034864125678e-01
5.611547730746739848e-01
5.609763507952266748e-01
5.608029463735523246e-01
5.606390619596370861e-01
5.604848965050304166e-01
5.603437152677852584e-01
5.602087928617975887e-01
5.600831738732336973e-01
5.599662530147794248e-01
5.598572291318949512e-01
5.597574729494464441e-01
5.596615069326021930e-01
5.595711573690821394e-01
5.594861219786562145e-01
5.594080643893610816e-01
5.593332575336183998e-01
5.592634739928736831e-01
5.591985110598005626e-01
5.591381000620990749e-01
5.590831932937891935e-01
5.590309354991032098e-01
5.589824654325180608e-01
5.589376749072665351e-01
5.588974382604352531e-01
5.588598302018530362e-01
5.588261659742100873e-01
5.587955527179829796e-01
5.587683112760675197e-01
5.587447352916398158e-01
5.587244715203449896e-01
5.587080964526529581e-01
5.586958393188063976e-01
5.586879943833341633e-01
5.586842459232684854e-01
5.586849245866496450e-01
5.586901702564613936e-01
5.587002032426514608e-01
5.587149034051098750e-01
5.587351589493929627e-01
5.587608957907285179e-01
5.587922973418335548e-01
5.588287201689683403e-01
5.588721435485223266e-01
5.589220167416986129e-01
5.589780856127715136e-01
5.590392116784770327e-01
5.591015362184665882e-01
5.591640714812334823e-01
5.592201926831036340e-01
5.592643959213121629e-01
5.592922076464424963e-01
5.593039580986178816e-01
5.593013971253710803e-01
5.592895122184735612e-01
5.592738623031263678e-01
5.592594733227578274e-01
5.592488963221685649e-01
5.592444953975015398e-01
5.592472278779592187e-01
5.592570511051752069e-01
5.592741619132329811e-01
5.592978268421151533e-01
5.593270864586872282e-01
5.593606558701069709e-01
5.593962058350059330e-01
5.594339126972706078e-01
5.594719037095362557e-01
5.595097638355021052e-01
5.595468873288903522e-01
5.595854986363996142e-01
5.596251766345804457e-01
5.596660008530700559e-01
5.597077254509255084e-01
5.597489735728907734e-01
5.597911676974988149e-01
5.598329796736805086e-01
5.598741545783851858e-01
5.599136670204243327e-01
5.599532205323500822e-01
5.599916902190075207e-01
5.600285620852109014e-01
5.600628748802221057e-01
5.600926119630228461e-01
5.601176053197278737e-01
5.601360182490489059e-01
5.601477657794665665e-01
5.601538861519883561e-01
5.601564888859082991e-01
5.601574197922155607e-01
5.601583469988358210e-01
5.601604286334966876e-01
5.601643522368883188e-01
5.601710012570954023e-01
5.601814873470490896e-01
5.601978249870855908e-01
5.602225751611152882e-01
5.602617745707878516e-01
5.603229166963087371e-01
5.604179873902613851e-01
5.605723830751521142e-01
5.608210279343255333e-01
5.611956882978138550e-01
5.614735748134491722e-01
5.611967318173931574e-01
5.607351188670931519e-01
5.603898353655479836e-01
5.601508603818675658e-01
5.599785491179392061e-01
5.598422542418628467e-01
5.597350583141267322e-01
5.596418849493906000e-01
5.595611570987630845e-01
5.594877092026526721e-01
5.594209573236204047e-01
5.593573961007975992e-01
5.592964974269705181e-01
5.592387695039530149e-01
5.591829522929636642e-01
5.591300231044018521e-01
5.590783007691989548e-01
5.590281510258282571e-01
5.589796192301418332e-01
5.589340517901342231e-01
5.588896571417685255e-01
5.588478020504846766e-01
5.588084390815266644e-01
5.587709711052557537e-01
5.587349429964796332e-01
5.586968739010164109e-01
5.586567622761409169e-01
5.586138701037153265e-01
5.585709322262484289e-01
5.585292311850598157e-01
5.584912301600961637e-01
5.584587949136179397e-01
5.584324960637274682e-01
5.584139266303530524e-01
5.584015018475637637e-01
5.583883523010528815e-01
5.583641821205783673e-01
5.583325310585627310e-01
5.583021312569501626e-01
5.582773786387659198e-01
5.582594961390251465e-01
5.582486979172419650e-01
5.582458048998661937e-01
5.582512651608013687e-01
5.582655705808841073e-01
5.582897835588966906e-01
5.583247607128385415e-01
5.583711024395473510e-01
5.584312809305225223e-01
5.585055126716489404e-01
5.585966525488462731e-01
5.587005639468067830e-01
5.588062503948389992e-01
5.588826700904890865e-01
5.588889123505177414e-01
5.588039849190667985e-01
5.586492752348519719e-01
5.584665055613664553e-01
5.582862215950366025e-01
5.581092946573569247e-01
5.579452276754400808e-01
5.577928281778993247e-01
5.576535353104816739e-01
5.575260935346818547e-01
5.574089332439086109e-01
5.573024949450512411e-01
5.571993796114731445e-01
5.571007947464714505e-01
5.570028565140331400e-01
5.569076514182716986e-01
5.568137109927241424e-01
5.567229122467302060e-01
5.566357276990846481e-01
5.565525261796150369e-01
5.564755360260512651e-01
5.564017229134388121e-01
5.563343159136426852e-01
5.562722985852656121e-01
5.562176751513139283e-01
5.561700148104430363e-01
5.561312315273856388e-01
5.561026839227264373e-01
5.560851260478885116e-01
5.560775815666335609e-01
5.560751210341366990e-01
5.560685898829930141e-01
5.560443396441996367e-01
5.559905802551828868e-01
5.559009543572319689e-01
5.557828825254967908e-01
5.556439605385555813e-01
5.554999293544878869e-01
5.553592421166214654e-01
5.552178710561057606e-01
5.550794159037065745e-01
5.549432672912252285e-01
5.548118666702079871e-01
5.546788659206387528e-01
5.545475716182201031e-01
5.544183638091104704e-01
5.542915788693608681e-01
5.541702354726630864e-01
5.540487093794883577e-01
5.539298043874204547e-01
5.538133608124817808e-01
5.537017668189674335e-01
5.535895905412360207e-01
5.534792962503071179e-01
5.533707586627599762e-01
5.532639148600930756e-01
5.531587662020781559e-01
5.530553716691205546e-01
5.529538357701905271e-01
5.528542952891341011e-01
5.527613256264324315e-01
5.526661573988288501e-01
5.525734975266592963e-01
5.524835492982891338e-01
5.523965263920468383e-01
5.523145291310946892e-01
5.522338872384842112e-01
5.521567166418077655e-01
5.520831445986814634e-01
5.520148352956698590e-01
5.519484756993331409e-01
5.518849326314424486e-01
5.518229976607836873e-01
5.517592897979577415e-01
5.516955358525004183e-01
5.516319579262281003e-01
5.515709849547658639e-01
5.515104704406305069e-01
5.514533277776386688e-01
5.513955462720673273e-01
5.513379241152615018e-01
5.512800327340968698e-01
5.512216182720354185e-01
5.511639868768708483e-01
5.511045467822645039e-01
5.510449596501676428e-01
5.509856809714243076e-01
5.509286074456639648e-01
5.508716606888084399e-01
5.508168539015261267e-01
5.507648331271739472e-01
5.507162138683273644e-01
5.506725542531766271e-01
5.506322931963584244e-01
5.505973465773271736e-01
5.505672115277788770e-01
5.505426373961715969e-01
5.505226327567871447e-01
5.505068862169838484e-01
5.504951422056467703e-01
5.504864560895372794e-01
5.504792599319927593e-01
5.504701308267780924e-01
5.504546147858483396e-01
5.504275095282695762e-01
5.503853988039100198e-01
5.503237213044743781e-01
5.502436195558646492e-01
5.501482270475032132e-01
5.500422672788033429e-01
5.499332438017379143e-01
5.498201835212767064e-01
5.497100435217066039e-01
5.496022453399658225e-01
5.494994453741591789e-01
5.493970240282405326e-01
5.492937386522148691e-01
5.491904285305266864e-01
5.490829974900909294e-01
5.489708474204200161e-01
5.488513449536952526e-01
5.487307575546338523e-01
5.486085500245405644e-01
5.484931915815108860e-01
5.483778144453309578e-01
5.482642256750646093e-01
5.481511568162842352e-01
5.480372713198907730e-01
5.479240006941984431e-01
5.478049873368648903e-01
5.476791992872694914e-01
5.475518081860787367e-01
5.474261003986372609e-01
5.472902922989604235e-01
5.471508973861657354e-01
5.470087325684388491e-01
5.468647526019890792e-01
5.467232742072163365e-01
5.465786410240993654e-01
5.464350706641665223e-01
5.462933755168821737e-01
5.461542578641042089e-01
5.460213876177261172e-01
5.458890527053047448e-01
5.457608633650322671e-01
5.456372439757418702e-01
5.455212523891481702e-01
5.454078306263164810e-01
5.453013435841906897e-01
5.451997542616801029e-01
5.451049056582403241e-01
5.450186819294101648e-01
5.449411542942412812e-01
5.448741032088117997e-01
5.448069261843676570e-01
5.447372984201436230e-01
5.446819016677705294e-01
5.446230659144012387e-01
5.445257946062328491e-01
5.444199264057769660e-01
5.443242147202347336e-01
5.442348328790969081e-01
5.441502406879142884e-01
5.440668201062566212e-01
5.439856135624983047e-01
5.439041987708739256e-01
5.438231669001599711e-01
5.437422955507379418e-01
5.436615021137722881e-01
5.435827058006114099e-01
5.435024151516045787e-01
5.434228323345863254e-01
5.433443959511733423e-01
5.432693321643327078e-01
5.431945790356693671e-01
5.431223645289365853e-01
5.430530724800128883e-01
5.429870265197390689e-01
5.429259003792566984e-01
5.428670444237007064e-01
5.428121595110051434e-01
5.427614491568255595e-01
5.427161262813396947e-01
5.426732904753136522e-01
5.426361598079761928e-01
5.426038304293925307e-01
5.425769831433931989e-01
5.425548716352911471e-01
5.425371733343601344e-01
5.425245141969899931e-01
5.425169225574072440e-01
5.425144425586133634e-01
5.425169298137415552e-01
5.425245097186314203e-01
5.425371410687624962e-01
5.425547787403334210e-01
5.425769187697858653e-01
5.426048656087016919e-01
5.426389641177622458e-01
5.426805101859646374e-01
5.427299304985251371e-01
5.427912418467680800e-01
5.428650098352395537e-01
5.429511030426337204e-01
5.430513846510989229e-01
5.431631764857376421e-01
5.432914507906380086e-01
5.434434193101519428e-01
5.436361626119033952e-01
5.437997013775694999e-01
5.437500115161153502e-01
5.436378079060614210e-01
5.435447802465012135e-01
5.434591573184608393e-01
5.433759950021008756e-01
5.432955407463764264e-01
5.432228473195276353e-01
5.431610035467385744e-01
5.431125292951057837e-01
5.430753906002958598e-01
5.430503605073838669e-01
5.430364933146529793e-01
5.430326553845288284e-01
5.430374659726151521e-01
5.430499569038290675e-01
5.430687676730526769e-01
5.430932614378177758e-01
5.431218229480585524e-01
5.431531599120387188e-01
5.431843734527059819e-01
5.432138895872375972e-01
5.432429925724195918e-01
5.432711160617886836e-01
5.432979895263370107e-01
5.433220270617986625e-01
5.433429628598900329e-01
5.433587378722316563e-01
5.433692227133489761e-01
5.433729242348250832e-01
5.433690210778467922e-01
5.433568913309898551e-01
5.433370670494226395e-01
5.433103528261686854e-01
5.432791394536858887e-01
5.432436920114908085e-01
5.432031467768458910e-01
5.431497312537847399e-01
5.430754702522528898e-01
5.429830026146053035e-01
5.428791210266588063e-01
5.427718754689436764e-01
5.426603519393264907e-01
5.425457911780089404e-01
5.424280032109664029e-01
5.423097764457809333e-01
5.421857975550310460e-01
5.420593297437521496e-01
5.419312462444295653e-01
5.418027333717735372e-01
5.416780150360051005e-01
5.415523647263936757e-01
5.414293000254987165e-01
5.413085901442340475e-01
5.411920379235424239e-01
5.410732409617813321e-01
5.409548868618714312e-01
5.408383913158163470e-01
5.407263305532112874e-01
5.406238786540105146e-01
5.405286467987077126e-01
5.404449449679239459e-01
5.403740405320268669e-01
5.403180873938909778e-01
5.402754878482042278e-01
5.402492926724985489e-01
5.402421957735306091e-01
5.402589328887863473e-01
5.403060755638084967e-01
5.403986706858140421e-01
5.405535891446606733e-01
5.407976504153220176e-01
5.411232843259744518e-01
5.414022022802862377e-01
5.413119101988644877e-01
5.408240461956331790e-01
5.402505745537823367e-01
5.397607400957723511e-01
5.393539178427539937e-01
5.390144108370726883e-01
5.387229980115200156e-01
5.384726715975453049e-01
5.382444074492018782e-01
5.380401670715327933e-01
5.378576078047662135e-01
5.376951311622538698e-01
5.375536241267092619e-01
5.374216985223529974e-01
5.372949081893197976e-01
5.371574764110131905e-01
5.370020525955778723e-01
5.368342078377963400e-01
5.366630560175252862e-01
5.365052820984324011e-01
5.363655775159617001e-01
5.362516614039369856e-01
5.361640383724088910e-01
5.361083469536320756e-01
5.360884267287820970e-01
5.360988309291571108e-01
5.360994417856917993e-01
5.361134506804640099e-01
5.361631712153784868e-01
5.362379955646210394e-01
5.363161613476885581e-01
5.363704391667092342e-01
5.363672154479180998e-01
5.362821416914855810e-01
5.361216345660436700e-01
5.358979216748231966e-01
5.356163235631529185e-01
5.353371275869224233e-01
5.350750858097939044e-01
5.348355253372889528e-01
5.346014155551023217e-01
5.343699439282801888e-01
5.341339448134425627e-01
5.338908964062822893e-01
5.336491295668630563e-01
5.334030772120166297e-01
5.331670743648637689e-01
5.329386715207385938e-01
5.327184487516724021e-01
5.324885949659731166e-01
5.322510482525392161e-01
5.320127988681313536e-01
5.317862257359659006e-01
5.315754103016645526e-01
5.313740055935963769e-01
5.311846447328323340e-01
5.309991311812642945e-01
5.308264107391139630e-01
5.306551705993913792e-01
5.304886633056966616e-01
5.303262553065037910e-01
5.301674946118097864e-01
5.300155891107922734e-01
5.298632299867620521e-01
5.297138624265210760e-01
5.295673547154879923e-01
5.294267877650066234e-01
5.292852756524177860e-01
5.291471658134616618e-01
5.290084080016042023e-01
5.288697870945219259e-01
5.287327010588066534e-01
5.285943358188133212e-01
5.284582900453729248e-01
5.283202204205884600e-01
5.281881669601198315e-01
5.280545333553061660e-01
5.279224941224163192e-01
5.277920510325474490e-01
5.276631707489314316e-01
5.275387066933119318e-01
5.274127894961221363e-01
5.272883247182569288e-01
5.271653035981981317e-01
5.270465024081910643e-01
5.269263806975179598e-01
5.268077800324143523e-01
5.266907541146038652e-01
5.265753639172265910e-01
5.264642567885233770e-01
5.263522837008509647e-01
5.262421282281384283e-01
5.261338530494348298e-01
5.260299431301309614e-01
5.259256037070610956e-01
5.258233833833633186e-01
5.257233751676970712e-01
5.256256703895940685e-01
5.255325115377283973e-01
5.254395883383707888e-01
5.253491430976630072e-01
5.252611307382670791e-01
5.251773216199699945e-01
5.250934066699336489e-01
5.250107588932833025e-01
5.249285899527359467e-01
5.248462247799272617e-01
5.247653646394470073e-01
5.246825856241390529e-01
5.246005186247325591e-01
5.245198903102157306e-01
5.244429955057190451e-01
5.243664855904413002e-01
5.242922936071605644e-01
5.242204164509498554e-01
5.241508004426064238e-01
5.240849024829159486e-01
5.240195438964045938e-01
5.239562311070431466e-01
5.238948896247561660e-01
5.238367819451613672e-01
5.237790606935106563e-01
5.237230263869410152e-01
5.236692738762642740e-01
5.236160092474759775e-01
5.235663182819080275e-01
5.235172189777643759e-01
5.234697532256007424e-01
5.234235936162582314e-01
5.233792517168589509e-01
5.233338642645913863e-01
5.232875461158931207e-01
5.232394246890935685e-01
5.231890623110814209e-01
5.231379616907889663e-01
5.230846707397309725e-01
5.230317969639806108e-01
5.229808349070035334e-01
5.229341565127921809e-01
5.228905638521742505e-01
5.228519863194792672e-01
5.228190300320521011e-01
5.227922160663922568e-01
5.227724668839857092e-01
5.227594130579624743e-01
5.227543726316353778e-01
5.227583504462663955e-01
5.227722627767446006e-01
5.227984942936818591e-01
5.228393117913482380e-01
5.228980453213024626e-01
5.229792767642601481e-01
5.230865569118955394e-01
5.232339273371141575e-01
5.234311910079125774e-01
5.237087711865157091e-01
5.241115738157525739e-01
5.247631135995797225e-01
5.259426298747746920e-01
5.284114966232911215e-01
5.306806651841065037e-01
5.273294260154475221e-01
5.252009252416622864e-01
5.240734699541910180e-01
5.233510790700421911e-01
5.228272662748877364e-01
5.224195732798954106e-01
5.220776409452725364e-01
5.217842965246350939e-01
5.215261070129434406e-01
5.212993265756439287e-01
5.210873956409158847e-01
5.208916781280131802e-01
5.207094230947261204e-01
5.205389018125974321e-01
5.203825069620515720e-01
5.202320344844305611e-01
5.200904456994348557e-01
5.199569796815828315e-01
5.198337410039056694e-01
5.197143323988567820e-01
5.196011568410607850e-01
5.194949093859289047e-01
5.193926649039888321e-01
5.192963315943636138e-01
5.192032598633483653e-01
5.191152475229838803e-01
5.190299861209519694e-01
5.189492015248065027e-01
5.188707692056966359e-01
5.187953847272924746e-01
5.187227898414690230e-01
5.186527650275885026e-01
5.185866998418269258e-01
5.185214476208063195e-01
5.184586756604642188e-01
5.183985627710014921e-01
5.183426340505664642e-01
5.182872923505835727e-01
5.182378009090667925e-01
5.181908104039177898e-01
5.181478606066698411e-01
5.181101950356770125e-01
5.180765096084306576e-01
5.180486779918949125e-01
5.180268514693808779e-01
5.180126552267150242e-01
5.180073110794921609e-01
5.180118447870752929e-01
5.180216581351696492e-01
5.180369879917561260e-01
5.180683478681220588e-01
5.181220616001697143e-01
5.182038555383013945e-01
5.183276466668617077e-01
5.185117989691628848e-01
5.187971735685202868e-01
5.192464788799732167e-01
5.199340610595458712e-01
5.204473514569927239e-01
5.195052997661537830e-01
5.189137734072052366e-01
5.185241046726222214e-01
5.182586878121637763e-01
5.180705522345594449e-01
5.179265404760061697e-01
5.178140583603798586e-01
5.177202117079854338e-01
5.176429202385203210e-01
5.175789317193740802e-01
5.175229383208500566e-01
5.174747649085557066e-01
5.174326958513348895e-01
5.173957341636030716e-01
5.173603316937817054e-01
5.173261379143359040e-01
5.172928440500187408e-01
5.172608531180848956e-01
5.172312975254435008e-01
5.172028073620097421e-01
5.171757467088384796e-01
5.171495765719378301e-01
5.171244928891391979e-01
5.170992015144093568e-01
5.170745204201265821e-01
5.170507968490751782e-01
5.170283709627627733e-01
5.170079918694051591e-01
5.169888741225363571e-01
5.169716976438056832e-01
5.169566003558613287e-01
5.169439883135976688e-01
5.169333258636389372e-01
5.169250228417341386e-01
5.169191133399674287e-01
5.169155848902254879e-01
5.169143976170547106e-01
5.169153567882383005e-01
5.169184393000574307e-01
5.169235732949608586e-01
5.169305424151365846e-01
5.169395751745825551e-01
5.169505143532115987e-01
5.169633857376224606e-01
5.169783308457455151e-01
5.169952209520328745e-01
5.170151644987130979e-01
5.170382432033893139e-01
5.170648880635256850e-01
5.170947803567365053e-01
5.171304304323047774e-01
5.171699243403499180e-01
5.172130296646531011e-01
5.172614896449861943e-01
5.173124444883354656e-01
5.173667077542524195e-01
5.174204818373054904e-01
5.174697562710263155e-01
5.175086876744261488e-01
5.175339045659392845e-01
5.175406597847986845e-01
5.175283323740045294e-01
5.174999177760049029e-01
5.174620147203288223e-01
5.174191860674541843e-01
5.173780983192209915e-01
5.173431580010812159e-01
5.173175373769911545e-01
5.173007554787620865e-01
5.172920787254162711e-01
5.172875826926138787e-01
5.172814470414859311e-01
5.172690666300865381e-01
5.172490804489474625e-01
5.172244637570981851e-01
5.171995803070932318e-01
5.171788196167270701e-01
5.171642591439113978e-01
5.171589265466505214e-01
5.171647034120825381e-01
5.171829846649325102e-01
5.172139792898700072e-01
5.172599947383381691e-01
5.173214311791244358e-01
5.173993643351607608e-01
5.174950929535948596e-01
5.176102063713277079e-01
5.177466357655998719e-01
5.179027867295378229e-01
5.180884815875154148e-01
5.182980667908922978e-01
5.185439569753339528e-01
5.188234498000171557e-01
5.191356105586695247e-01
5.194734334556289079e-01
5.198111617610812196e-01
5.201319085325009084e-01
5.203808086548160627e-01
5.205257590663160405e-01
5.205553050774136548e-01
5.204939304021315438e-01
5.203760861456323550e-01
5.202284571684433478e-01
5.200639745673126813e-01
5.198905560487442346e-01
5.197003760937390915e-01
5.194978149480882212e-01
5.192848821123080549e-01
5.190700591692715138e-01
5.188472712318173974e-01
5.186253303564805073e-01
5.184073798595758564e-01
5.181956497084643232e-01
5.179960988362388719e-01
5.178001563482962366e-01
5.176129573343212220e-01
5.174346703991453689e-01
5.172691159671323202e-01
5.171084972345767472e-01
5.169582454456081999e-01
5.168142606220954560e-01
5.166770324894316424e-01
5.165464728280489970e-01
5.164190816662650452e-01
5.162985408705619284e-01
5.161827631696555008e-01
5.160745090983324124e-01
5.159710377784355595e-01
5.158733189404055564e-01
5.157810511725354763e-01
5.156939841751020381e-01
5.156137518358849814e-01
5.155364159186714978e-01
5.154637400126650393e-01
5.153954269005718292e-01
5.153323340849799150e-01
5.152703710591393094e-01
5.152099670820615707e-01
5.151475879207831898e-01
5.150824707293818472e-01
5.150155126862721033e-01
5.149465152117830291e-01
5.148777795748071817e-01
5.148102510459476866e-01
5.147457212672427174e-01
5.146810113435629219e-01
5.146173406712920562e-01
5.145543641055474460e-01
5.144918080918389203e-01
5.144309597002955092e-01
5.143689502687399662e-01
5.143073864669269746e-01
5.142465911602560613e-01
5.141883859231095588e-01
5.141305948920096291e-01
5.140753007390803653e-01
5.140232824020505298e-01
5.139753893399319207e-01
5.139325246670656266e-01
5.138956239975728257e-01
5.138662374794105148e-01
5.138437814807361725e-01
5.138298808487509195e-01
5.138238573234353845e-01
5.138250309997414167e-01
5.138302991299463773e-01
5.138336476326502700e-01
5.138262210110405848e-01
5.137967940944250245e-01
5.137364060334217442e-01
5.136426677585013145e-01
5.135242457229486357e-01
5.133859658069414023e-01
5.132412025597673511e-01
5.130981775486654906e-01
5.129618104299048520e-01
5.128371430982258117e-01
5.127187283676776230e-01
5.126101760908029492e-01
5.125081252114088715e-01
5.124144594494833838e-01
5.123268997477535835e-01
5.122464797469421516e-01
5.121729525663082372e-01
5.121059817629775024e-01
5.120465867569939933e-01
5.119917641692716126e-01
5.119429985877125278e-01
5.119006697163280828e-01
5.118665385583394123e-01
5.118412217470779124e-01
5.118303548087297372e-01
5.118424288006659939e-01
5.118820693126751031e-01
5.118815814798964858e-01
5.117629832363687070e-01
5.116350452946550886e-01
5.115345062666103448e-01
5.114538601465192791e-01
5.113833357559864901e-01
5.113196957265764286e-01
5.112607184115547376e-01
5.112052129033374248e-01
5.111537168337713100e-01
5.111034421878307699e-01
5.110554704224896660e-01
5.110097774344833921e-01
5.109674580711387470e-01
5.109267795563667836e-01
5.108892597709204786e-01
5.108558140344490184e-01
5.108252421014488620e-01
5.107926552126647035e-01
5.107515634146130301e-01
5.107066049494674020e-01
5.106639729830048102e-01
5.106257611446681777e-01
5.105907452535813906e-01
5.105589708450555264e-01
5.105300950075055688e-01
5.105037584382524640e-01
5.104800287701857231e-01
5.104570805584071058e-01
5.104345983811982013e-01
5.104115328495429926e-01
5.103875035503671054e-01
5.103606601719153923e-01
5.103312045621178905e-01
5.102989707340561676e-01
5.102637605022579681e-01
5.102261490555126677e-01
5.101838199497383819e-01
5.101370115803647298e-01
5.100851530700823977e-01
5.100292625113652667e-01
5.099666799513642435e-01
5.098991187305699224e-01
5.098275897846697990e-01
5.097537102918705543e-01
5.096814307060016924e-01
5.096102809813103374e-01
5.095458573050731799e-01
5.094937112043393945e-01
5.094588881888378884e-01
5.094500025305169766e-01
5.094845508255013700e-01
5.096466404816206719e-01
5.100042386519209048e-01
5.094220060099192704e-01
5.090123670264001809e-01
5.087693280003526830e-01
5.085892807264728033e-01
5.084417525583866393e-01
5.083154982163170521e-01
5.082015137060799104e-01
5.080978493496246529e-01
5.080022459174085014e-01
5.079151585246488576e-01
5.078315657300355168e-01
5.077531663387038208e-01
5.076799393849869002e-01
5.076120714433683956e-01
5.075511923749361776e-01
5.074947023697512494e-01
5.074444166348912599e-01
5.074007067025421147e-01
5.073648128263802404e-01
5.073356091049385785e-01
5.073147808917556345e-01
5.073031912476765326e-01
5.073017232701514390e-01
5.073107749679180989e-01
5.073309046026169833e-01
5.073610464833773204e-01
5.073979095218217328e-01
5.074338032739819093e-01
5.074592020576333962e-01
5.074591024569868880e-01
5.074219076799306727e-01
5.073451297540023663e-01
5.072396606760456450e-01
5.071137535208041225e-01
5.069829634314315658e-01
5.068508100028302765e-01
5.067216938409149218e-01
5.065912569757058392e-01
5.064610021454925004e-01
5.063277946295284826e-01
5.061947347732910218e-01
5.060657993063002458e-01
5.059402892961685216e-01
5.058225261234449155e-01
5.057103159173831353e-01
5.056058647794651195e-01
5.055061357411283485e-01
5.054107396593374713e-01
5.053187822867302170e-01
5.052303212768833873e-01
5.051457518334439012e-01
5.050627469328295982e-01
5.049822017861345103e-01
5.049042155570471202e-01
5.048307051994649353e-01
5.047584758150545081e-01
5.046895831818858369e-01
5.046243206467020403e-01
5.045616104736383445e-01
5.045071152477694776e-01
5.044543689857327040e-01
5.044063964602519823e-01
5.043634865396010580e-01
5.043259313263265264e-01
5.042940261889288234e-01
5.042680684791810419e-01
5.042483545031436476e-01
5.042351741957954436e-01
5.042289844334461035e-01
5.042293445229305560e-01
5.042369576271815701e-01
5.042519628895931749e-01
5.042744004987377293e-01
5.043041692277017152e-01
5.043409725038943137e-01
5.043842509722760159e-01
5.044331026501577275e-01
5.044837561793952263e-01
5.045391711761404441e-01
5.045946443874292919e-01
5.046471253042662530e-01
5.046929731060365576e-01
5.047281028164837258e-01
5.047480247713183044e-01
5.047496826490979194e-01
5.047291496779012787e-01
5.046856310666740786e-01
5.046164623544509009e-01
5.045234053973095545e-01
5.044089562631911550e-01
5.042799264657596980e-01
5.041344202186752721e-01
5.039795054606284186e-01
5.038204616183277196e-01
5.036555475261086379e-01
5.034903156696244331e-01
5.033243885071877477e-01
5.031648153742180885e-01
5.030097350017406210e-01
5.028635111644562672e-01
5.027230966387213895e-01
5.025902857383529598e-01
5.024649720735961944e-01
5.023469701357680117e-01
5.022385368740933664e-01
5.021343630558127158e-01
5.020367936138930842e-01
5.019454599696686614e-01
5.018617971958102553e-01
5.017813182806719619e-01
5.017054276988204276e-01
5.016318529832228812e-01
5.015632403118142069e-01
5.015001956924514115e-01
5.014355885796136780e-01
5.013704840559701781e-01
5.013031541916704859e-01
5.012360875335800658e-01
5.011675341128993821e-01
5.010995964908038225e-01
5.010325151707830660e-01
5.009667445032042199e-01
5.009039440975103785e-01
5.008368102343291328e-01
5.007633220992462331e-01
5.006877858818742366e-01
5.006152245667260248e-01
5.005459733877067885e-01
5.004766744748252449e-01
5.004093815741986750e-01
5.003437278516744691e-01
5.002753218253449541e-01
5.002077327499311332e-01
5.001467180729453066e-01
5.000941363067730183e-01
5.000525055076496805e-01
5.000216113853479527e-01
5.000042315190597053e-01
5.000013423137302793e-01
5.000120979180672220e-01
5.000312357329044222e-01
5.000480028893897755e-01
5.000414480939491257e-01
4.999858461228386397e-01
4.998663003305399144e-01
4.996857439518368471e-01
4.994690798458665815e-01
4.992419189212565778e-01
4.990207585150443492e-01
4.988197370229894290e-01
4.986353774099186453e-01
4.984747020706029597e-01
4.983381675535684674e-01
4.982262502562683215e-01
4.981401421523515838e-01
4.980831993410407277e-01
4.980567099693074540e-01
4.980690301264830144e-01
4.981291374615208212e-01
4.982580635185779871e-01
4.984849077619015190e-01
4.988791188599360771e-01
4.995845944850831888e-01
5.009918183965883509e-01
5.048327454967147521e-01
5.167195905584470728e-01
5.039019597090415026e-01
5.003267170529099861e-01
4.988090534197996972e-01
4.979403979180420103e-01
4.973440175872391178e-01
4.968956076020114576e-01
4.965519253276692857e-01
4.962602970896956567e-01
4.960113319601762716e-01
4.957936843801176718e-01
4.956041172278053963e-01
4.954287521657969595e-01
4.952686232459014848e-01
4.951210646844208529e-01
4.949840767140491482e-01
4.948561253058808562e-01
4.947360099552335910e-01
4.946227735768496392e-01
4.945156396022021839e-01
4.944185198646827151e-01
4.943215558917360419e-01
4.942290714708887922e-01
4.941406596687598629e-01
4.940559559609192797e-01
4.939746253525483799e-01
4.938963518553400323e-01
4.938208300561222619e-01
4.937477587213875974e-01
4.936800600171307729e-01
4.936109062015401339e-01
4.935433067349959124e-01
4.934769573789697383e-01
4.934115599251860940e-01
4.933468292451708148e-01
4.932825013247011947e-01
4.932183407979669476e-01
4.931541453433543332e-01
4.930927202286303768e-01
4.930279832654939631e-01
4.929627524508169989e-01
4.928968645282227889e-01
4.928301182331945030e-01
4.927622643826936044e-01
4.926930125500263435e-01
4.926220561189359470e-01
4.925491112243049474e-01
4.924774679620788631e-01
4.924001008416168390e-01
4.923204165173594715e-01
4.922385402973872837e-01
4.921546931851968898e-01
4.920691440496758329e-01
4.919821634607476346e-01
4.918940000740463225e-01
4.918048847755997488e-01
4.917191921480557060e-01
4.916289396730365024e-01
4.915385924950998464e-01
4.914486256554176924e-01
4.913596817068854317e-01
4.912746042411030301e-01
4.911905684707483788e-01
4.911112876814429096e-01
4.910400064589298674e-01
4.909792965992311187e-01
4.909333576510673258e-01
4.909051721572447735e-01
4.908761431522344343e-01
4.907892745553709690e-01
4.906352914994704384e-01
4.904712548298935659e-01
4.903267151990930439e-01
4.901985512810927426e-01
4.900854441092289959e-01
4.899813393969300601e-01
4.898853714662944614e-01
4.897961439097709424e-01
4.897127988816576960e-01
4.896365592374571363e-01
4.895635584933470397e-01
4.894940259762193269e-01
4.894325091991905130e-01
4.893758998106395031e-01
4.893232874008213162e-01
4.892764624221278003e-01
4.892359772062705447e-01
4.892025804473335016e-01
4.891777559844781575e-01
4.891615072242507245e-01
4.891558471291169163e-01
4.891613753254364094e-01
4.891766615566558452e-01
4.891970933219687567e-01
4.892175451107665385e-01
4.892403522211549172e-01
4.892731562046488958e-01
4.893174509260833083e-01
4.893678333608862396e-01
4.894079285018346770e-01
4.894164424275422864e-01
4.893735503401562270e-01
4.892731336292877597e-01
4.891288598434309076e-01
4.889649875163615822e-01
4.887968463017747789e-01
4.886397365875400078e-01
4.884953700056343662e-01
4.883687172651337005e-01
4.882574493869911159e-01
4.881603322405415613e-01
4.880707554877403709e-01
4.879903337306420452e-01
4.879212165672597301e-01
4.878623062410823996e-01
4.878139144274902805e-01
4.877749108034087899e-01
4.877464791467986394e-01
4.877283589244207906e-01
4.877213245714201451e-01
4.877247757540789097e-01
4.877360747445078637e-01
4.877484827794998923e-01
4.877553751032380203e-01
4.877574122437827175e-01
4.877620625489809680e-01
4.877749715333591918e-01
4.877982536763997290e-01
4.878291483357021785e-01
4.878661380254608604e-01
4.879040119983903412e-01
4.879367889096454247e-01
4.879574181235675767e-01
4.879588842438883911e-01
4.879351940283324640e-01
4.878825781958668895e-01
4.878010984706495079e-01
4.876942129265516845e-01
4.875706692408467990e-01
4.874309200152504573e-01
4.872834872473477685e-01
4.871330129320753377e-01
4.869862341056669930e-01
4.868384281588337137e-01
4.866943718390274176e-01
4.865547929131774918e-01
4.864170078344812187e-01
4.862931249795244826e-01
4.861681022499225180e-01
4.860479103777378684e-01
4.859324315330543209e-01
4.858215340642462188e-01
4.857150817252897101e-01
4.856129375416368688e-01
4.855149650854981291e-01
4.854210286967639565e-01
4.853350450580289355e-01
4.852486081258474138e-01
4.851658099493071918e-01
4.850865167270934086e-01
4.850105944181736795e-01
4.849379078968366619e-01
4.848683199282161072e-01
4.848016898697035115e-01
4.847378728898460998e-01
4.846794859192179450e-01
4.846207361762621679e-01
4.845643608178908379e-01
4.845102253079245358e-01
4.844582162408279102e-01
4.844082484876741646e-01
4.843602672921418217e-01
4.843142443399232611e-01
4.842701695289580166e-01
4.842299561135941510e-01
4.841896871541983005e-01
4.841513632342056561e-01
4.841149779283787646e-01
4.840805211843909883e-01
4.840479811029662627e-01
4.840173458874105772e-01
4.839886059455387191e-01
4.839617555447333630e-01
4.839379297161524041e-01
4.839147775202464752e-01
4.838935335334638710e-01
4.838742189132554383e-01
4.838568628457877163e-01
4.838415021617297751e-01
4.838281802940042065e-01
4.838169451631137985e-01
4.838078449329880626e-01
4.838012287927705990e-01
4.837963965765538221e-01
4.837937326867270960e-01
4.837931437300047599e-01
4.837944176985277123e-01
4.837973011649987498e-01
4.838014838146001417e-01
4.838066938650352755e-01
4.838128427222395112e-01
4.838199628321634416e-01
4.838288077134395571e-01
4.838399195827716714e-01
4.838540608021528744e-01
4.838715696523217535e-01
4.838939466618690788e-01
4.839215331027166278e-01
4.839549057855076497e-01
4.839955540842860171e-01
4.840402720786334823e-01
4.840953452479591634e-01
4.841605547055926051e-01
4.842376345935612281e-01
4.843260481239600734e-01
4.844313054940085905e-01
4.845523893501528789e-01
4.846885604850635354e-01
4.848356266735785458e-01
4.849799589555658375e-01
4.851097177919174164e-01
4.851956413040466320e-01
4.852186263835769342e-01
4.851745055961005360e-01
4.850780282257426967e-01
4.849533452770678488e-01
4.848205849673178358e-01
4.846919934604934643e-01
4.845759470029835647e-01
4.844688800044619770e-01
4.843735716539748770e-01
4.842890895200648305e-01
4.842142388478283266e-01
4.841478508798390257e-01
4.840889023134875568e-01
4.840365468819625150e-01
4.839901067875809204e-01
4.839508480793494605e-01
4.839145478415424750e-01
4.838829285838187055e-01
4.838557587702950746e-01
4.838333492644032452e-01
4.838144414260989734e-01
4.837994199674307549e-01
4.837880234924663014e-01
4.837799391912393498e-01
4.837749560971937868e-01
4.837725570340010162e-01
4.837727798724891226e-01
4.837755809283360020e-01
4.837808007259863929e-01
4.837885561968925940e-01
4.837986119956518838e-01
4.838107256609995854e-01
4.838245916037104966e-01
4.838395185435318546e-01
4.838557791313335965e-01
4.838726557148951279e-01
4.838897321044212663e-01
4.839065950902355917e-01
4.839228478800611244e-01
4.839381241871695827e-01
4.839521021710345705e-01
4.839645171189523309e-01
4.839747698622151595e-01
4.839836278193200281e-01
4.839905554072159166e-01
4.839955761991317496e-01
4.839987815550202410e-01
4.840003202156450968e-01
4.840003855948560307e-01
4.839992012705576219e-01
4.839970069264634134e-01
4.839942349090005091e-01
4.839907568493491130e-01
4.839869478865778119e-01
4.839829959169414941e-01
4.839791656861903157e-01
4.839753518887855988e-01
4.839717463420429855e-01
4.839683956007507226e-01
4.839653255512027519e-01
4.839626400980898135e-01
4.839602027911489857e-01
4.839581402573747138e-01
4.839564883648216909e-01
4.839552741058540941e-01
4.839545183509548765e-01
4.839542431836841851e-01
4.839544809682567172e-01
4.839552820817186185e-01
4.839566825644749382e-01
4.839588217436102680e-01
4.839618137337914905e-01
4.839657966945683509e-01
4.839709180372368524e-01
4.839773271403659538e-01
4.839851700380590205e-01
4.839945864121097951e-01
4.840054567443241584e-01
4.840180696790059023e-01
4.840328627612026091e-01
4.840496684053087750e-01
4.840685262596572946e-01
4.840894091938134913e-01
4.841116849241164921e-01
4.841361439489411667e-01
4.841620550903407705e-01
4.841892023658769251e-01
4.842168815267708371e-01
4.842464630095745792e-01
4.842776340710285843e-01
4.843107899284193052e-01
4.843463897970597398e-01
4.843840932990199355e-01
4.844263342939645334e-01
4.844733675611931911e-01
4.845262027630963253e-01
4.845878712303556268e-01
4.846634720488889325e-01
4.847582724515381858e-01
4.848848750941750496e-01
4.850434661830191896e-01
4.851652797940785300e-01
4.851557643978294254e-01
4.851131137005800231e-01
4.851055396002911246e-01
4.851301265871565405e-01
4.851754485331597477e-01
4.852307433679744486e-01
4.852904366634650524e-01
4.853482926029715760e-01
4.854037286575633159e-01
4.854631599432685518e-01
4.855313034330985267e-01
4.856141405846685632e-01
4.857138386121675477e-01
4.858377173048329389e-01
4.859836582299028596e-01
4.861469168817747488e-01
4.863136314073229216e-01
4.864660787810957121e-01
4.865831167648845268e-01
4.866495386012797408e-01
4.866736516392430878e-01
4.866756333158843151e-01
4.866766782340857245e-01
4.866889929759898314e-01
4.867145096064767196e-01
4.867477434433848948e-01
4.867797628112620067e-01
4.868062422466720718e-01
4.868265627517592842e-01
4.868468283529970297e-01
4.868750613990776022e-01
4.869205932849450247e-01
4.869890159986957068e-01
4.870843166553701642e-01
4.872090557805738853e-01
4.873611704708890602e-01
4.875492118858733015e-01
4.877715536006134722e-01
4.880297677963744696e-01
4.883182573705505125e-01
4.886515966129549304e-01
4.890240028587038990e-01
4.894344768827590397e-01
4.898794925135273037e-01
4.903406331605147384e-01
4.908264034356417116e-01
4.913058460158578611e-01
4.917499923118215932e-01
4.921151464844496504e-01
4.923797344948950272e-01
4.925000830664830187e-01
4.924563747104335198e-01
4.922496767527855810e-01
4.919109614248843299e-01
4.914593468740494631e-01
4.909417287963580567e-01
4.903966478718904676e-01
4.898710528081968163e-01
4.893828601301994374e-01
4.890170127029289104e-01
4.885078714513140241e-01
4.878899313468501586e-01
4.873996838294196721e-01
4.869709506012390166e-01
4.865862967801632410e-01
4.862374315003218928e-01
4.859265781302798959e-01
4.856360198654197102e-01
4.853708658403014797e-01
4.851292439093933817e-01
4.849098798738907812e-01
4.847164892962314564e-01
4.845404734294660454e-01
4.843903088514571187e-01
4.842679160056607146e-01
4.841891700498331952e-01
4.841901910726769676e-01
4.844313200590444346e-01
4.877254275348363310e-01
4.843195599934051465e-01
4.836961006010645492e-01
4.833961795848867316e-01
4.831882694639434428e-01
4.830179663814195834e-01
4.828713283901670539e-01
4.827356288410141194e-01
4.826076785441215655e-01
4.824841956703777024e-01
4.823631154810561483e-01
4.822451946165022818e-01
4.821267114414152233e-01
4.820098253935412580e-01
4.818902890658994242e-01
4.817749781351506888e-01
4.816574438170913575e-01
4.815408301461178708e-01
4.814256196323715709e-01
4.813122829029234384e-01
4.812012431272488788e-01
4.810928608123997696e-01
4.809874352858114488e-01
4.808852175077099611e-01
4.807908844343529720e-01
4.806955630271123048e-01
4.806040826881644024e-01
4.805166731083597709e-01
4.804335934556236420e-01
4.803568976433194027e-01
4.802833326966051142e-01
4.802152069940259782e-01
4.801530817575704879e-01
4.800982669321545160e-01
4.800508896629359090e-01
4.800116880273342934e-01
4.799830886087932957e-01
4.799664448336130040e-01
4.799647559460277768e-01
4.799811521597837638e-01
4.800203879331423895e-01
4.800904277459546177e-01
4.802014293307669823e-01
4.803625165647051332e-01
4.805822970434315278e-01
4.808288432125369938e-01
4.810001617353246717e-01
4.809396697173582980e-01
4.806448987510494875e-01
4.802747112690724518e-01
4.799288949687269823e-01
4.796397331273926645e-01
4.794047896172867751e-01
4.792076211590057810e-01
4.790414080233933447e-01
4.788988011523983013e-01
4.787771896999173382e-01
4.786671490819420782e-01
4.785668353668053876e-01
4.784786971751476270e-01
4.783988626904924213e-01
4.783294004429353707e-01
4.782627575118595931e-01
4.782017462777959360e-01
4.781458076021674053e-01
4.780956194237368506e-01
4.780484133546247238e-01
4.780050667569574752e-01
4.779652233684550389e-01
4.779285049672268304e-01
4.778952601423766544e-01
4.778634537820721229e-01
4.778334577514505854e-01
4.778048571122224808e-01
4.777779041708845598e-01
4.777508925193400535e-01
4.777239842059462505e-01
4.776965911919910379e-01
4.776680636913243627e-01
4.776384793989161826e-01
4.776058298360396637e-01
4.775703254136856035e-01
4.775316718639305846e-01
4.774897951732702261e-01
4.774448514409779798e-01
4.773972060480967672e-01
4.773473880844106287e-01
4.772960296023628923e-01
4.772462288278876419e-01
4.771937860516000662e-01
4.771417054799317881e-01
4.770905080834271228e-01
4.770406206151487916e-01
4.769923746279145504e-01
4.769460132402483232e-01
4.769017025030531931e-01
4.768595448808515269e-01
4.768214035419303665e-01
4.767835718859111949e-01
4.767479510425426392e-01
4.767145116914250913e-01
4.766832110618537399e-01
4.766539963258775714e-01
4.766268071665648587e-01
4.766015779287338106e-01
4.765782411283332465e-01
4.765577133498736795e-01
4.765378949108138862e-01
4.765198058068167430e-01
4.765034222385020057e-01
4.764887440366811777e-01
4.764757961000969932e-01
4.764646269125351052e-01
4.764553044259771108e-01
4.764479101180441600e-01
4.764427745575239292e-01
4.764394044128703598e-01
4.764382199199616030e-01
4.764392979942888018e-01
4.764426243818883355e-01
4.764483688610070544e-01
4.764565540734861382e-01
4.764672203275134854e-01
4.764803950980581737e-01
4.764957325112222364e-01
4.765139189778136442e-01
4.765346759598093618e-01
4.765580440815158636e-01
4.765834712389473427e-01
4.766121436463379157e-01
4.766435744276462105e-01
4.766778346007519707e-01
4.767150396298976966e-01
4.767544479001207813e-01
4.767981379661990204e-01
4.768456830777083044e-01
4.768970805440825300e-01
4.769536411108472040e-01
4.770172089186416886e-01
4.770885891554776936e-01
4.771676516055738393e-01
4.772519216037894862e-01
4.773320412454845618e-01
4.774124463369471272e-01
4.775027139845724466e-01
4.776093957700013881e-01
4.777323214624316083e-01
4.778774968605315476e-01
4.780486857704325798e-01
4.782531002412439003e-01
4.784963494540093731e-01
4.787857126681404618e-01
4.791103584440619123e-01
4.793919593763438236e-01
4.795014666786952540e-01
4.793751232359005909e-01
4.791153804307164421e-01
4.788471299668598524e-01
4.786201421088085439e-01
4.784332177805972197e-01
4.782928136566084731e-01
4.781817497945093365e-01
4.780960135026141589e-01
4.780300033026871342e-01
4.779809083728817076e-01
4.779438617573827375e-01
4.779183961897643385e-01
4.779033309245514505e-01
4.778972989144255612e-01
4.778996652828698677e-01
4.779097793680199269e-01
4.779268259078887082e-01
4.779505562905116411e-01
4.779797736213082238e-01
4.780144459382729138e-01
4.780539115088476843e-01
4.780976384787691824e-01
4.781467413651117049e-01
4.782003963037715910e-01
4.782602955652951460e-01
4.783256971241504618e-01
4.783982844737072471e-01
4.784746437097014415e-01
4.785514035447513415e-01
4.786251369219449714e-01
4.786995344577277267e-01
4.787802694556244631e-01
4.788661129917649029e-01
4.789581189602048483e-01
4.790540435211620984e-01
4.791524659158684640e-01
4.792519004628507662e-01
4.793486245816708236e-01
4.794477935801646495e-01
4.795414612941496513e-01
4.796308088014091253e-01
4.797115699636484432e-01
4.797913266766889451e-01
4.798668314307275029e-01
4.799395004323993574e-01
4.800115185758575542e-01
4.800841061523745679e-01
4.801641750746494242e-01
4.802544598108149376e-01
4.803600922050784705e-01
4.804840213288543715e-01
4.806390902897993422e-01
4.808282198192281864e-01
4.810617198131332817e-01
4.813351807569183904e-01
4.816244331833908765e-01
4.819049912170400018e-01
4.821800768049667174e-01
4.825473665390681566e-01
4.831679389097229271e-01
4.844269974132766610e-01
4.880124405411208066e-01
5.113655514760697685e-01
4.864426491840165290e-01
