-2.295953164921371581e-06
-6.888624550449584660e-06
-1.148189752697703625e-05
-1.607577651974168020e-05
-2.067026946162009438e-05
-2.526537545277651731e-05
-2.986110995562007986e-05
-3.445746847152708625e-05
-3.905444389018519757e-05
-4.365206419421063799e-05
-4.825031974398097390e-05
-5.284921763537564487e-05
-5.744875848023855980e-05
-6.204894760930557140e-05
-6.664979171355778220e-05
-7.125126673446224856e-05
-7.585341652427413095e-05
-8.045624062813505617e-05
-8.505972491723579054e-05
-8.966388133424540996e-05
-9.426871044038165337e-05
-9.887421818932651263e-05
-1.034803945950679704e-04
-1.080872560310641717e-04
-1.126948129791527364e-04
-1.173030530110530378e-04
-1.219119818753888751e-04
-1.265216076720143690e-04
-1.311319357885087911e-04
-1.357429494761586142e-04
-1.403546805962552213e-04
-1.449671198203716926e-04
-1.495802626897413390e-04
-1.541941190968953990e-04
-1.588086939883215365e-04
-1.634239760545108666e-04
-1.680399794998788110e-04
-1.726567091100417173e-04
-1.772741650273301772e-04
-1.818923431542440738e-04
-1.865112524965795160e-04
-1.911308975791614628e-04
-1.957512702007724315e-04
-2.003723863152062634e-04
-2.049942398979487379e-04
-2.096168373091344961e-04
-2.142401777666114171e-04
-2.188642625110537310e-04
-2.234890957463209205e-04
-2.281146720076732137e-04
-2.327410067789470460e-04
-2.373680964546931449e-04
-2.419959403113791652e-04
-2.466245451546722478e-04
-2.512539075041342329e-04
-2.558840339147439025e-04
-2.605149106479354160e-04
-2.651465658234375411e-04
-2.697789927141869271e-04
-2.744121863683668394e-04
-2.790461536485988603e-04
-2.836808967666692993e-04
-2.883164182018171928e-04
-2.929527173346491153e-04
-2.975897952234296540e-04
-3.022276552798741633e-04
-3.068662961103196807e-04
-3.115057243110452845e-04
-3.161459399922961211e-04
-3.207869328233359241e-04
-3.254287279307321867e-04
-3.300713142410094392e-04
-3.347146949029822238e-04
-3.393588700746352771e-04
-3.440038437428905027e-04
-3.486496167348640540e-04
-3.532961848715654440e-04
-3.579435606879677323e-04
-3.625917403375922277e-04
-3.672407257335752462e-04
-3.718905174693309945e-04
-3.765411167611087961e-04
-3.811925265093663029e-04
-3.858447368192408078e-04
-3.904977707490653316e-04
-3.951516196508686463e-04
-3.998062819400294288e-04
-4.044617627922963976e-04
-4.091180625704904372e-04
-4.137751838106940028e-04
-4.184331243343164530e-04
-4.230918905053782098e-04
-4.277514823964878588e-04
-4.324118980461033601e-04
-4.370731422504992025e-04
-4.417352153452958063e-04
-4.463981197107003140e-04
-4.510618486778250613e-04
-4.557264175768516168e-04
-4.603918217815916591e-04
-4.650580596243791831e-04
-4.697251364290666586e-04
-4.743930530078932506e-04
-4.790618058575502047e-04
-4.837314029315642472e-04
-4.884018422004476889e-04
-4.930731256582721045e-04
-4.977452543306615240e-04
-5.024182290375156512e-04
-5.070920508116749659e-04
-5.117667181135931997e-04
-5.164422382430977621e-04
-5.211186089815189604e-04
-5.257958332609558028e-04
-5.304739110202350005e-04
-5.351528422634643789e-04
-5.398326302300526791e-04
-5.445132721295653511e-04
-5.491947731667279342e-04
-5.538771368320816180e-04
-5.585603596520716252e-04
-5.632444450794915625e-04
-5.679293935383356029e-04
-5.726152068947776286e-04
-5.773018841439547799e-04
-5.819894293053184953e-04
-5.866778427561225584e-04
-5.913671242263607297e-04
-5.960572766178229287e-04
-6.007483003073188499e-04
-6.054401943733633829e-04
-6.101329636923891186e-04
-6.148266063745744248e-04
-6.195211250931142999e-04
-6.242165191167048377e-04
-6.289127913392533742e-04
-6.336099434109954132e-04
-6.383079710017280917e-04
-6.430068800266086626e-04
-6.477066745576021134e-04
-6.524073522859996643e-04
-6.571089137763497234e-04
-6.618113608279907467e-04
-6.665146942156363608e-04
-6.712189125673839740e-04
-6.759240195786109240e-04
-6.806300176968038684e-04
-6.853369055991320735e-04
-6.900446854513075934e-04
-6.947533573311570620e-04
-6.994629227461413024e-04
-7.041733773197611512e-04
-7.088847327708647228e-04
-7.135969845275536017e-04
-7.183101329918395450e-04
-7.230241803599657402e-04
-7.277391268190047668e-04
-7.324549737656171899e-04
-7.371717208354278128e-04
-7.418893711222951382e-04
-7.466079249835999576e-04
-7.513273823364086113e-04
-7.560477452099867435e-04
-7.607690148974111111e-04
-7.654911889433124728e-04
-7.702142715020343644e-04
-7.749382650011904516e-04
-7.796631687578825520e-04
-7.843889828422767607e-04
-7.891157091053369044e-04
-7.938433486639473458e-04
-7.985719006342595350e-04
-8.033013675070588278e-04
-8.080317507609402483e-04
-8.127630507684946437e-04
-8.174952680274349959e-04
-8.222284040375615888e-04
-8.269624594108293536e-04
-8.316974297142287753e-04
-8.364333263836121191e-04
-8.411701450528052959e-04
-8.459078861625668466e-04
-8.506465516754380118e-04
-8.553861417096575437e-04
-8.601266575858357299e-04
-8.648680991356627601e-04
-8.696104690284478522e-04
-8.743537671861423277e-04
-8.790979939806708998e-04
-8.838431508265687242e-04
-8.885892389280947157e-04
-8.933362589593762948e-04
-8.980842114150178190e-04
-9.028330976964538124e-04
-9.075829185031247803e-04
-9.123336743021015494e-04
-9.170853666282674510e-04
-9.218379959639033672e-04
-9.265915639744548571e-04
-9.313460700492992572e-04
-9.361015156781338220e-04
-9.408579019319907033e-04
-9.456152296686282099e-04
-9.503734994241730405e-04
-9.551327123192843160e-04
-9.598928697696074153e-04
-9.646539713712432018e-04
-9.694160185759193027e-04
-9.741790122387294915e-04
-9.789429531925630812e-04
-9.837078422972878045e-04
-9.884736803597027333e-04
-9.932404682939655061e-04
-9.980082068120621486e-04
-1.002776896754542513e-03
-1.007546539025794274e-03
-1.012317134326812251e-03
-1.017088683574085550e-03
-1.021861187581962760e-03
-1.026634647136925871e-03
-1.031409063158572614e-03
-1.036184436379428142e-03
-1.040960767755394478e-03
-1.045738057890321926e-03
-1.050516307779636449e-03
-1.055295518088361639e-03
-1.060075690460959841e-03
-1.064856824270377089e-03
-1.069638920854987241e-03
-1.074421981493545175e-03
-1.079206006518562688e-03
-1.083990996540773466e-03
-1.088776955439296756e-03
-1.093563881224723922e-03
-1.098351772235939272e-03
-1.103140631588561682e-03
-1.107930460436890030e-03
-1.112721259253102168e-03
-1.117513028773164940e-03
-1.122305770842824124e-03
-1.127099484935611962e-03
-1.131894171968572671e-03
-1.136689832725856775e-03
-1.141486468351327055e-03
-1.146284079735604422e-03
-1.151082667451786001e-03
-1.155882236470229252e-03
-1.160682779158817013e-03
-1.165484300634567205e-03
-1.170286802061881737e-03
-1.175090283471846853e-03
-1.179894746466736422e-03
-1.184700191096954569e-03
-1.189506619187818970e-03
-1.194314030012910699e-03
-1.199122424780929563e-03
-1.203931805218161344e-03
-1.208742171185939185e-03
-1.213553523071175810e-03
-1.218365866072046444e-03
-1.223179196779611289e-03
-1.227993513433167649e-03
-1.232808819414898949e-03
-1.237625116580876039e-03
-1.242442405371413372e-03
-1.247260685026119198e-03
-1.252079958723895103e-03
-1.256900226629942274e-03
-1.261721488464262464e-03
-1.266543743395187605e-03
-1.271366994240463733e-03
-1.276191241594060166e-03
-1.281016485878305744e-03
-1.285842730354591623e-03
-1.290669975428038185e-03
-1.295498215905799277e-03
-1.300327457739558490e-03
-1.305157700287717937e-03
-1.309988944684037371e-03
-1.314821191293780167e-03
-1.319654443685869261e-03
-1.324488699835590921e-03
-1.329323958524031291e-03
-1.334160223888436470e-03
-1.338997495225258128e-03
-1.343835773769619379e-03
-1.348675059781534458e-03
-1.353515357030432575e-03
-1.358356661237292151e-03
-1.363198975151025394e-03
-1.368042301029270824e-03
-1.372886638122849945e-03
-1.377731986678565335e-03
-1.382578350385688104e-03
-1.387425725913771224e-03
-1.392274116141956064e-03
-1.397123521465593043e-03
-1.401973942991241451e-03
-1.406825381311871404e-03
-1.411677837451885686e-03
-1.416531315880376063e-03
-1.421385809765585151e-03
-1.426241323911003889e-03
-1.431097857944707563e-03
-1.435955413484291121e-03
-1.440813992190426163e-03
-1.445673593297835957e-03
-1.450534220133081753e-03
-1.455395870754716547e-03
-1.460258544798254121e-03
-1.465122245969507908e-03
-1.469986973337000791e-03
-1.474852728371778277e-03
-1.479719511048860348e-03
-1.484587324674380149e-03
-1.489456165193803194e-03
-1.494326036258430968e-03
-1.499196939429237041e-03
-1.504068873849684351e-03
-1.508941841356858937e-03
-1.513815841450716349e-03
-1.518690875857986455e-03
-1.523566945669574402e-03
-1.528444050950428235e-03
-1.533322193717490123e-03
-1.538201372889513863e-03
-1.543081589758354966e-03
-1.547962846039752094e-03
-1.552845140945224855e-03
-1.557728476533126738e-03
-1.562612852831213317e-03
-1.567498271139000643e-03
-1.572384731444609329e-03
-1.577272234691617925e-03
-1.582160783721087149e-03
-1.587050375859933027e-03
-1.591941013954656370e-03
-1.596832697189243255e-03
-1.601725427484046449e-03
-1.606619205893666802e-03
-1.611514032554217657e-03
-1.616409911076144290e-03
-1.621306837104263820e-03
-1.626204813416909367e-03
-1.631103841969072654e-03
-1.636003921358097912e-03
-1.640905053609365005e-03
-1.645807240069907529e-03
-1.650710483094064429e-03
-1.655614779056180375e-03
-1.660520130685183560e-03
-1.665426540977676950e-03
-1.670334007990770253e-03
-1.675242533446863469e-03
-1.680152117019328983e-03
-1.685062763781774997e-03
-1.689974467566801586e-03
-1.694887231669883754e-03
-1.699801059618089027e-03
-1.704715949388146967e-03
-1.709631900688624029e-03
-1.714548919730329857e-03
-1.719467002779029308e-03
-1.724386149790091416e-03
-1.729306362278526521e-03
-1.734227641983610013e-03
-1.739149989511412642e-03
-1.744073404712609410e-03
-1.748997910374305853e-03
-1.753923468115425877e-03
-1.758850094606412284e-03
-1.763777791711884646e-03
-1.768706561136923483e-03
-1.773636405609235744e-03
-1.778567321893853581e-03
-1.783499315860304080e-03
-1.788432386174654276e-03
-1.793366529481366101e-03
-1.798301748378139386e-03
-1.803238043740607033e-03
-1.808175417304047627e-03
-1.813113868783355898e-03
-1.818053402175223709e-03
-1.822994013766954247e-03
-1.827935705460248528e-03
-1.832878480103383723e-03
-1.837822335776895244e-03
-1.842767274269796474e-03
-1.847713300015541016e-03
-1.852660406871375898e-03
-1.857608599267646099e-03
-1.862557877138737439e-03
-1.867508242559323683e-03
-1.872459694901240645e-03
-1.877412235717801359e-03
-1.882365869622426580e-03
-1.887320589573193708e-03
-1.892276400746184528e-03
-1.897233302764145257e-03
-1.902191297502131562e-03
-1.907150383969269392e-03
-1.912110563396018925e-03
-1.917071840884854161e-03
-1.922034209625111956e-03
-1.926997673522223842e-03
-1.931962235143580564e-03
-1.936927892138284868e-03
-1.941894647053521439e-03
-1.946862499456192275e-03
-1.951831451063812395e-03
-1.956801502520866265e-03
-1.961772655238447349e-03
-1.966744911312989785e-03
-1.971718267902100585e-03
-1.976692728130391430e-03
-1.981668290308213898e-03
-1.986644956973093734e-03
-1.991622730710296274e-03
-1.996601609164372348e-03
-2.001581596897672455e-03
-2.006562690808122440e-03
-2.011544890263561314e-03
-2.016528202004597148e-03
-2.021512619312049175e-03
-2.026498147636668357e-03
-2.031484785700699014e-03
-2.036472534916233812e-03
-2.041461395987487215e-03
-2.046451370116497692e-03
-2.051442458610330810e-03
-2.056434661659389818e-03
-2.061427980433405693e-03
-2.066422414386592799e-03
-2.071417965218591561e-03
-2.076414635691858912e-03
-2.081412423137196654e-03
-2.086411335786908516e-03
-2.091411387576291858e-03
-2.096412533083014118e-03
-2.101414802634482548e-03
-2.106418195488513057e-03
-2.111422712311128436e-03
-2.116428348518883951e-03
-2.121435112090508390e-03
-2.126442998942490448e-03
-2.131452007056888753e-03
-2.136462144057493795e-03
-2.141473406773619637e-03
-2.146485797412833740e-03
-2.151499315158567072e-03
-2.156513988893049572e-03
-2.161529765799530267e-03
-2.166546671965807747e-03
-2.171564712063922542e-03
-2.176583882888771804e-03
-2.181604183978724798e-03
-2.186625623722959766e-03
-2.191648196337769861e-03
-2.196671900218549744e-03
-2.201696739197012143e-03
-2.206722715030084991e-03
-2.211749826882991599e-03
-2.216778075971426176e-03
-2.221807506724626791e-03
-2.226838041886947117e-03
-2.231869709762968057e-03
-2.236902516197347701e-03
-2.241936464141502938e-03
-2.246971555035393031e-03
-2.252007788130394594e-03
-2.257045170068194828e-03
-2.262083691191962842e-03
-2.267123356643696575e-03
-2.272164170854629184e-03
-2.277206130235742698e-03
-2.282249236775779622e-03
-2.287293489745989561e-03
-2.292338899220092152e-03
-2.297385450237054982e-03
-2.302433149811267121e-03
-2.307482001873251143e-03
-2.312532002996969815e-03
-2.317583157147584672e-03
-2.322635461878164165e-03
-2.327688920258919048e-03
-2.332743533849490625e-03
-2.337799301669662988e-03
-2.342856227788181478e-03
-2.347914306306875254e-03
-2.352973542035230459e-03
-2.358033948499871357e-03
-2.363095499961720414e-03
-2.368158210339865732e-03
-2.373222081549997142e-03
-2.378287114847221773e-03
-2.383353307855995418e-03
-2.388420662170931408e-03
-2.393489187053177147e-03
-2.398558873839107264e-03
-2.403629721261291152e-03
-2.408701731995921413e-03
-2.413774908447297030e-03
-2.418849251202948025e-03
-2.423924759359263881e-03
-2.429001462968205516e-03
-2.434079316504189627e-03
-2.439158327524837411e-03
-2.444238510905805128e-03
-2.449319862320553653e-03
-2.454402385826837119e-03
-2.459486080430339783e-03
-2.464570952194322651e-03
-2.469656991931024059e-03
-2.474744204844059325e-03
-2.479832596762432395e-03
-2.484922162399483270e-03
-2.490012900715821154e-03
-2.495104840155137893e-03
-2.500197943423487779e-03
-2.505292215982168891e-03
-2.510387665698665671e-03
-2.515484298486025949e-03
-2.520582109807545379e-03
-2.525681098584642292e-03
-2.530781275462357094e-03
-2.535882632906494294e-03
-2.540985170471632415e-03
-2.546088889985198556e-03
-2.551193793898454132e-03
-2.556299886476320893e-03
-2.561407161265849552e-03
-2.566515627278054268e-03
-2.571625328309568026e-03
-2.576736170739835075e-03
-2.581848195509994781e-03
-2.586961407692323078e-03
-2.592075809767391270e-03
-2.597191400591558619e-03
-2.602308189374347158e-03
-2.607426168345527984e-03
-2.612545333148585947e-03
-2.617665694951143429e-03
-2.622787248896640833e-03
-2.627909995643884500e-03
-2.633033934959394529e-03
-2.638159070297740882e-03
-2.643285403272410683e-03
-2.648412932689359067e-03
-2.653541663032443765e-03
-2.658671589257699530e-03
-2.663802713962826196e-03
-2.668935044418452307e-03
-2.674068569062826306e-03
-2.679203296118148891e-03
-2.684339224352294551e-03
-2.689476358283982016e-03
-2.694614690915253519e-03
-2.699754227708073273e-03
-2.704894980553929074e-03
-2.710036930565595803e-03
-2.715180084868262789e-03
-2.720324443154398253e-03
-2.725470008978936320e-03
-2.730616783986006268e-03
-2.735764765940729148e-03
-2.740913956970625343e-03
-2.746064357738831063e-03
-2.751215968682330093e-03
-2.756368794687213963e-03
-2.761522830171836418e-03
-2.766678079546003310e-03
-2.771834541509643479e-03
-2.776992231360519980e-03
-2.782151120499176677e-03
-2.787311225223465527e-03
-2.792472551195968045e-03
-2.797635092095629439e-03
-2.802798850547572052e-03
-2.807963825248838141e-03
-2.813130022830012678e-03
-2.818297436025907210e-03
-2.823466067443103356e-03
-2.828635923834532662e-03
-2.833806999783750058e-03
-2.838979293871557452e-03
-2.844152814916012240e-03
-2.849327561673775655e-03
-2.854503528453511407e-03
-2.859680718066970329e-03
-2.864859133211217213e-03
-2.870038774547944982e-03
-2.875219640689929967e-03
-2.880401742663019071e-03
-2.885585070776519601e-03
-2.890769623488220752e-03
-2.895955403609873358e-03
-2.901142413868185166e-03
-2.906330659092515312e-03
-2.911520131610556561e-03
-2.916710862060467591e-03
-2.921902816321431118e-03
-2.927095989399330911e-03
-2.932290394289882585e-03
-2.937486036021730307e-03
-2.942682915246019881e-03
-2.947881024177756437e-03
-2.953080376086769654e-03
-2.958280967550130924e-03
-2.963482790644733633e-03
-2.968685850234686896e-03
-2.973890151251934455e-03
-2.979095694353839363e-03
-2.984302471627175990e-03
-2.989510505186143696e-03
-2.994719805560097647e-03
-2.999930304178000107e-03
-3.005142050251485841e-03
-3.010355037988743376e-03
-3.015569265889417316e-03
-3.020784747372440293e-03
-3.026001472440364992e-03
-3.031219439762145029e-03
-3.036438651935369215e-03
-3.041659111750250055e-03
-3.046880819915998018e-03
-3.052103774832670702e-03
-3.057327997058267854e-03
-3.062553458248129523e-03
-3.067780166052025415e-03
-3.073008123156029114e-03
-3.078237332387545599e-03
-3.083467794392946715e-03
-3.088699507589609539e-03
-3.093932483724470828e-03
-3.099166712310696958e-03
-3.104402187270260960e-03
-3.109638922625834745e-03
-3.114876912301833833e-03
-3.120116159170738257e-03
-3.125356661597522567e-03
-3.130598427058317590e-03
-3.135841446991971537e-03
-3.141085724354675257e-03
-3.146331266589030839e-03
-3.151578067525528937e-03
-3.156826125429001983e-03
-3.162075454661517071e-03
-3.167326044419271902e-03
-3.172577892994077331e-03
-3.177831003320918946e-03
-3.183085382917894002e-03
-3.188341025477159363e-03
-3.193597929332270269e-03
-3.198856164844054994e-03
-3.204115617465252974e-03
-3.209376324985635520e-03
-3.214638298549177264e-03
-3.219901541036462866e-03
-3.225166053130723576e-03
-3.230431833077584969e-03
-3.235698892843141827e-03
-3.240967221672885756e-03
-3.246236813450820158e-03
-3.251507682330734283e-03
-3.256779822083166742e-03
-3.262053235803752393e-03
-3.267327921593898843e-03
-3.272603899907244873e-03
-3.277881172514818253e-03
-3.283159682761493947e-03
-3.288439474369742044e-03
-3.293720541017841619e-03
-3.299002885840840449e-03
-3.304286506888742814e-03
-3.309571416453604975e-03
-3.314857608221588592e-03
-3.320145073254621160e-03
-3.325433817027545480e-03
-3.330723839989335744e-03
-3.336015140332881934e-03
-3.341307742244725709e-03
-3.346601644944380283e-03
-3.351896797687770047e-03
-3.357193232538580041e-03
-3.362490954953112343e-03
-3.367789956955635766e-03
-3.373090245222587491e-03
-3.378391827690729876e-03
-3.383694688399607742e-03
-3.388998836491907696e-03
-3.394304272251069676e-03
-3.399610998118252070e-03
-3.404919014930896104e-03
-3.410228319574049038e-03
-3.415538915686466837e-03
-3.420850803850683519e-03
-3.426163982830576771e-03
-3.431478459359094124e-03
-3.436794226560180299e-03
-3.442111287422555677e-03
-3.447429640107912974e-03
-3.452749297637613957e-03
-3.458070248128830571e-03
-3.463392484570171348e-03
-3.468716022484996664e-03
-3.474040855014348672e-03
-3.479366985189358275e-03
-3.484694411080346832e-03
-3.490023150439225397e-03
-3.495353174392534790e-03
-3.500684495707617749e-03
-3.506017122405613584e-03
-3.511351047563060490e-03
-3.516686269233293416e-03
-3.522022802917912365e-03
-3.527360636610632483e-03
-3.532699768529767859e-03
-3.538040201616410307e-03
-3.543381938915568519e-03
-3.548724980950046515e-03
-3.554069325752307051e-03
-3.559414997275300863e-03
-3.564761961878826213e-03
-3.570110228248490891e-03
-3.575459799503688529e-03
-3.580810678701196181e-03
-3.586162866368036717e-03
-3.591516360502922112e-03
-3.596871174338045485e-03
-3.602227295685711539e-03
-3.607584717407963382e-03
-3.612943452752315210e-03
-3.618303495884878096e-03
-3.623664852409835824e-03
-3.629027520294147990e-03
-3.634391574047657336e-03
-3.639756870015498080e-03
-3.645123477599709894e-03
-3.650491402421240927e-03
-3.655860638584917943e-03
-3.661231191724900746e-03
-3.666603057217332484e-03
-3.671976239396412822e-03
-3.677350740055151945e-03
-3.682726557129534228e-03
-3.688103696365296891e-03
-3.693482150308513567e-03
-3.698861922147633763e-03
-3.704243095522641305e-03
-3.709625528174553821e-03
-3.715009260504831268e-03
-3.720394312684893734e-03
-3.725780687966806504e-03
-3.731168382657745752e-03
-3.736557398591466850e-03
-3.741947746487617188e-03
-3.747339407123351229e-03
-3.752732393112578890e-03
-3.758126701664310509e-03
-3.763522335197500013e-03
-3.768919295562556115e-03
-3.774317580497510427e-03
-3.779717218068134876e-03
-3.785118160319900227e-03
-3.790520424571175440e-03
-3.795924021987584496e-03
-3.801328945072457444e-03
-3.806735196779764685e-03
-3.812142775088234181e-03
-3.817551689217379973e-03
-3.822961927342549693e-03
-3.828373493445003106e-03
-3.833786395869842600e-03
-3.839200627191674542e-03
-3.844616185239346784e-03
-3.850033099813909843e-03
-3.855451370229912023e-03
-3.860870929593085421e-03
-3.866291820134537538e-03
-3.871714050200036894e-03
-3.877137617626646993e-03
-3.882562512299236879e-03
-3.887988750706172780e-03
-3.893416327777288188e-03
-3.898845243815451944e-03
-3.904275488950004203e-03
-3.909707068812440234e-03
-3.915139989164262424e-03
-3.920574239863028332e-03
-3.926009873175151377e-03
-3.931446809716243607e-03
-3.936885080556673522e-03
-3.942324688793852339e-03
-3.947765640169076384e-03
-3.953207935116775928e-03
-3.958651563441217824e-03
-3.964096541511974436e-03
-3.969542864494024492e-03
-3.974990522133348136e-03
-3.980439520168910228e-03
-3.985889864373315383e-03
-3.991341555174443556e-03
-3.996794582328155876e-03
-4.002248973206112836e-03
-4.007704701052827723e-03
-4.013161777357221460e-03
-4.018620186182819687e-03
-4.024079944150327215e-03
-4.029541040989403911e-03
-4.035003493291111631e-03
-4.040467296004823794e-03
-4.045932449555311727e-03
-4.051398943688111487e-03
-4.056866783952450817e-03
-4.062335976304787266e-03
-4.067806510419047505e-03
-4.073278413136427467e-03
-4.078751734771346449e-03
-4.084226344777341922e-03
-4.089702322987220917e-03
-4.095179615058786027e-03
-4.100658262108258789e-03
-4.106138253785918124e-03
-4.111619606647187730e-03
-4.117102315718712546e-03
-4.122586370586822646e-03
-4.128071777124930897e-03
-4.133558535749370932e-03
-4.139046649468403061e-03
-4.144536116024721828e-03
-4.150027015499047067e-03
-4.155519194353307633e-03
-4.161012727261992339e-03
-4.166507622736181915e-03
-4.172003873055385448e-03
-4.177501481338552480e-03
-4.183000445275419921e-03
-4.188500773604886263e-03
-4.194002455446099731e-03
-4.199505494138722206e-03
-4.205009898164968618e-03
-4.210515659833324875e-03
-4.216022776848959985e-03
-4.221531333866712643e-03
-4.227041191322888913e-03
-4.232552395658673028e-03
-4.238064959609100235e-03
-4.243578886243382087e-03
-4.249094176017820246e-03
-4.254610826580962346e-03
-4.260128851129030281e-03
-4.265648237272379184e-03
-4.271168983421058662e-03
-4.276691091917528276e-03
-4.282214565876629742e-03
-4.287739405680168758e-03
-4.293265609005003647e-03
-4.298793198110772984e-03
-4.304322171398977659e-03
-4.309852473042719012e-03
-4.315384147931644598e-03
-4.320917188275097409e-03
-4.326451594454217009e-03
-4.331987368232592672e-03
-4.337524517093460652e-03
-4.343063028559579486e-03
-4.348602908785026422e-03
-4.354144163256634670e-03
-4.359686784862759623e-03
-4.365230779084239288e-03
-4.370776140862009385e-03
-4.376322874673599372e-03
-4.381870982253510682e-03
-4.387420461267832472e-03
-4.392971319973182354e-03
-4.398523549495769736e-03
-4.404077147818985516e-03
-4.409632130438323472e-03
-4.415188485005994146e-03
-4.420746210146542232e-03
-4.426305307997036032e-03
-4.431865781347688049e-03
-4.437427631236445791e-03
-4.442990854967465708e-03
-4.448555491834205178e-03
-4.454121492502904900e-03
-4.459688929412397584e-03
-4.465257680438927679e-03
-4.470827798240817330e-03
-4.476399297636435293e-03
-4.481972167999614953e-03
-4.487546425636312897e-03
-4.493122065997612324e-03
-4.498699078443024746e-03
-4.504277469400630451e-03
-4.509857244201720405e-03
-4.515438403205340734e-03
-4.521020935768116367e-03
-4.526604869080408378e-03
-4.532190249768031087e-03
-4.537776943147164843e-03
-4.543365006689170649e-03
-4.548954456659481949e-03
-4.554545282380084714e-03
-4.560137500950744993e-03
-4.565731106807358053e-03
-4.571326100558548156e-03
-4.576922471517974600e-03
-4.582520225652308987e-03
-4.588119368774123963e-03
-4.593719890184755350e-03
-4.599321818285040386e-03
-4.604925185122676901e-03
-4.610529893841697202e-03
-4.616136000977100196e-03
-4.621743463479432990e-03
-4.627352317494004552e-03
-4.632962552304276116e-03
-4.638574184773203157e-03
-4.644187209817962625e-03
-4.649801616720683484e-03
-4.655417411479678691e-03
-4.661034599872770912e-03
-4.666653182266888855e-03
-4.672273147921623959e-03
-4.677894573925867050e-03
-4.683517345392740339e-03
-4.689141520406447938e-03
-4.694767055847925974e-03
-4.700393987372208926e-03
-4.706022315330460337e-03
-4.711652028975388262e-03
-4.717283145190931393e-03
-4.722915658880499912e-03
-4.728549559265937674e-03
-4.734184852343559236e-03
-4.739821543907618562e-03
-4.745459623187620046e-03
-4.751099176290463078e-03
-4.756740069872922305e-03
-4.762382384656538292e-03
-4.768026067117903111e-03
-4.773671134421064721e-03
-4.779317602551347299e-03
-4.784965460722157005e-03
-4.790614725971864551e-03
-4.796265393018583900e-03
-4.801917462207705434e-03
-4.807570922725656892e-03
-4.813225780433083578e-03
-4.818882041233374380e-03
-4.824539694335605589e-03
-4.830198756774040092e-03
-4.835859257841357284e-03
-4.841521128882475544e-03
-4.847184387701930497e-03
-4.852849051517726942e-03
-4.858515120623518868e-03
-4.864182584234599815e-03
-4.869851459320839737e-03
-4.875521740627886125e-03
-4.881193417361484599e-03
-4.886866495353303641e-03
-4.892540980483084390e-03
-4.898216873039928920e-03
-4.903894162218258579e-03
-4.909572897712544126e-03
-4.915253020110199600e-03
-4.920934528692799681e-03
-4.926617440626834821e-03
-4.932301761756963110e-03
-4.937987481255512456e-03
-4.943674616103010955e-03
-4.949363160988817789e-03
-4.955053116215468734e-03
-4.960744470931532923e-03
-4.966437231011200382e-03
-4.972131402265378419e-03
-4.977826973873389349e-03
-4.983523994242400335e-03
-4.989222406635684948e-03
-4.994922296152282115e-03
-5.000623522242952923e-03
-5.006326144108452780e-03
-5.012030173510484410e-03
-5.017735607941609111e-03
-5.023442464242133809e-03
-5.029150728857456620e-03
-5.034860393791196209e-03
-5.040571475859900730e-03
-5.046283967029108197e-03
-5.051997870336166763e-03
-5.057713183245660105e-03
-5.063429926505769174e-03
-5.069148064915984797e-03
-5.074867613681588452e-03
-5.080588581355849342e-03
-5.086310959874551507e-03
-5.092034749463847376e-03
-5.097759949011626546e-03
-5.103486562887282751e-03
-5.109214592737276739e-03
-5.114944034606994094e-03
-5.120674890123688705e-03
-5.126407159888990428e-03
-5.132140846181965088e-03
-5.137875971104488571e-03
-5.143612489065141347e-03
-5.149350424580645402e-03
-5.155089775103371963e-03
-5.160830543672445536e-03
-5.166572726275631133e-03
-5.172316324553283273e-03
-5.178061348691809229e-03
-5.183807778968207991e-03
-5.189555627292508078e-03
-5.195304892477992098e-03
-5.201055576476654174e-03
-5.206807680168901165e-03
-5.212561201003884648e-03
-5.218316228700170534e-03
-5.224072584461780799e-03
-5.229830359362197534e-03
-5.235589557687214679e-03
-5.241350171453107443e-03
-5.247112206315907024e-03
-5.252875658380951052e-03
-5.258640528523428337e-03
-5.264406821005929160e-03
-5.270174532650329091e-03
-5.275943669195148900e-03
-5.281714222421518556e-03
-5.287486195346247086e-03
-5.293259612327516628e-03
-5.299034448050576884e-03
-5.304810688030681121e-03
-5.310588347086198091e-03
-5.316367430983959252e-03
-5.322147930118426018e-03
-5.327929851591917121e-03
-5.333713205413537217e-03
-5.339497972108420143e-03
-5.345284165745756155e-03
-5.351071779720606436e-03
-5.356860817056663393e-03
-5.362651277631691471e-03
-5.368443159059155256e-03
-5.374236486852534966e-03
-5.380031260512563307e-03
-5.385827410940291493e-03
-5.391624991009424939e-03
-5.397423998160233438e-03
-5.403224432552811152e-03
-5.409026283594076112e-03
-5.414829567767620588e-03
-5.420634279650005105e-03
-5.426440408673127713e-03
-5.432247960223346439e-03
-5.438056939981339433e-03
-5.443867342737940263e-03
-5.449679165979048889e-03
-5.455492432546837911e-03
-5.461307107944235462e-03
-5.467123206973623084e-03
-5.472940737839659953e-03
-5.478759692644663559e-03
-5.484580068878419645e-03
-5.490401882583761939e-03
-5.496225126028764230e-03
-5.502049794114283188e-03
-5.507875878972390282e-03
-5.513703396687885672e-03
-5.519532339413046884e-03
-5.525362704666636482e-03
-5.531194519861393211e-03
-5.537027760533552723e-03
-5.542862410161775166e-03
-5.548698484244551921e-03
-5.554535986895370314e-03
-5.560374919577726338e-03
-5.566215278478114925e-03
-5.572057065068691806e-03
-5.577900280470560190e-03
-5.583744924509526086e-03
-5.589591002906901807e-03
-5.595438506951433411e-03
-5.601287442024149854e-03
-5.607137805656692287e-03
-5.612989606223695027e-03
-5.618842828691628100e-03
-5.624697480134166483e-03
-5.630553568621299299e-03
-5.636411085044534808e-03
-5.642270032138352320e-03
-5.648130404842910401e-03
-5.653992207227398481e-03
-5.659855442066152875e-03
-5.665720106862170979e-03
-5.671586207053547213e-03
-5.677453734814763564e-03
-5.683322692976111590e-03
-5.689193105459233735e-03
-5.695065006044330858e-03
-5.700938262702459625e-03
-5.706812949016981662e-03
-5.712689067744580740e-03
-5.718566618977738436e-03
-5.724445600290950509e-03
-5.730326025025656023e-03
-5.736207880072119458e-03
-5.742091162840412544e-03
-5.747975876263855532e-03
-5.753862023056610653e-03
-5.759749603386321581e-03
-5.765638614797841122e-03
-5.771529152788001937e-03
-5.777421050260578284e-03
-5.783314360960800649e-03
-5.789209111042303846e-03
-5.795105292940583297e-03
-5.801002909383123907e-03
-5.806901957933319203e-03
-5.812802446508058551e-03
-5.818704364863092060e-03
-5.824607715775864669e-03
-5.830512507082330487e-03
-5.836418736369308746e-03
-5.842326403781794575e-03
-5.848235499230525214e-03
-5.854146047993946667e-03
-5.860058025671244231e-03
-5.865971431846306317e-03
-5.871886271673787405e-03
-5.877802545429799963e-03
-5.883720250722479506e-03
-5.889639403039659271e-03
-5.895559989705700943e-03
-5.901482008377922917e-03
-5.907405461767156751e-03
-5.913330352586232408e-03
-5.919256680969597895e-03
-5.925184444543152296e-03
-5.931113665800125112e-03
-5.937044344694331066e-03
-5.942976424978541061e-03
-5.948909941126512280e-03
-5.954844895823652173e-03
-5.960781289221950274e-03
-5.966719118976171465e-03
-5.972658397978669598e-03
-5.978599113632410145e-03
-5.984541258511222317e-03
-5.990484847983590377e-03
-5.996429879697950938e-03
-6.002376353817950871e-03
-6.008324260449282583e-03
-6.014273646173129428e-03
-6.020224452550348992e-03
-6.026176768010205187e-03
-6.032130436627536341e-03
-6.038085548702665228e-03
-6.044042094349832972e-03
-6.050000088850260305e-03
-6.055959527340726289e-03
-6.061920410006083060e-03
-6.067882726973783392e-03
-6.073846483384715000e-03
-6.079811684500446844e-03
-6.085778320466528335e-03
-6.091746435115230618e-03
-6.097715975328932281e-03
-6.103687030042714845e-03
-6.109659451067006586e-03
-6.115633304196732567e-03
-6.121608603315675801e-03
-6.127585338624785827e-03
-6.133563525014262829e-03
-6.139543152968163220e-03
-6.145524215462883078e-03
-6.151506727378630579e-03
-6.157490681438004820e-03
-6.163476080318752715e-03
-6.169462921730817229e-03
-6.175451226612005406e-03
-6.181440997798937076e-03
-6.187432172934603791e-03
-6.193424798822455557e-03
-6.199418868219841450e-03
-6.205414383814278345e-03
-6.211411340826922256e-03
-6.217409743183965887e-03
-6.223409593563378195e-03
-6.229410889691977538e-03
-6.235413636709652430e-03
-6.241417827420492337e-03
-6.247423464474488597e-03
-6.253430564547968196e-03
-6.259439096172769723e-03
-6.265449079710605496e-03
-6.271460509194692889e-03
-6.277473392236387895e-03
-6.283487721631453304e-03
-6.289503495130910338e-03
-6.295520727593095778e-03
-6.301539407023382111e-03
-6.307559531370077188e-03
-6.313581103129517480e-03
-6.319604124984112836e-03
-6.325628597149024479e-03
-6.331654517356621881e-03
-6.337681898280767001e-03
-6.343710736866237099e-03
-6.349741007472431420e-03
-6.355772734399578461e-03
-6.361805910472750902e-03
-6.367840538358149338e-03
-6.373876615819229485e-03
-6.379914150488885660e-03
-6.385953130226607044e-03
-6.391993561444375693e-03
-6.398035449288297372e-03
-6.404078785341438262e-03
-6.410123574146386893e-03
-6.416169815321781655e-03
-6.422217510929528750e-03
-6.428266661811066207e-03
-6.434317265731293034e-03
-6.440369327858741499e-03
-6.446422841001275827e-03
-6.452477807866507931e-03
-6.458534239499269525e-03
-6.464592124078683000e-03
-6.470651459642207115e-03
-6.476712248621785406e-03
-6.482774493708931551e-03
-6.488838195130575137e-03
-6.494903350679592791e-03
-6.500969982115023527e-03
-6.507038091917549671e-03
-6.513107641703208550e-03
-6.519178698059402421e-03
-6.525251144954169469e-03
-6.531325052299585820e-03
-6.537400410520977090e-03
-6.543477234524641695e-03
-6.549555519833938355e-03
-6.555635256743408412e-03
-6.561716450347421237e-03
-6.567799105865135267e-03
-6.573883223546905796e-03
-6.579968793800183846e-03
-6.586055858476602687e-03
-6.592144367516983294e-03
-6.598234330557506411e-03
-6.604325743099770385e-03
-6.610418619290459041e-03
-6.616512959391473991e-03
-6.622608753822700756e-03
-6.628706012102081324e-03
-6.634804728245402572e-03
-6.640904904404609788e-03
-6.647006547980560676e-03
-6.653109652082545011e-03
-6.659214214727038339e-03
-6.665320267110419472e-03
-6.671427755796099923e-03
-6.677536709618014932e-03
-6.683647125372615960e-03
-6.689759003801198922e-03
-6.695872348046805200e-03
-6.701987155194100154e-03
-6.708103427328859780e-03
-6.714221165454170581e-03
-6.720340370658717255e-03
-6.726461040121978208e-03
-6.732583175952044918e-03
-6.738706779516601131e-03
-6.744831848853771739e-03
-6.750958402818696413e-03
-6.757086404231227306e-03
-6.763215873295091995e-03
-6.769346813741417002e-03
-6.775479218887436872e-03
-6.781613096162986132e-03
-6.787748439659235800e-03
-6.793885257067588945e-03
-6.800023538693578118e-03
-6.806163287305988518e-03
-6.812304510678490743e-03
-6.818447201406674374e-03
-6.824591357457165941e-03
-6.830737003104658811e-03
-6.836884107613738770e-03
-6.843032678408689229e-03
-6.849182718026702865e-03
-6.855334234115217917e-03
-6.861487219564477158e-03
-6.867641672212321247e-03
-6.873797607356624262e-03
-6.879955012405902792e-03
-6.886113885511857546e-03
-6.892274229375217054e-03
-6.898436051663958679e-03
-6.904599350205486985e-03
-6.910764115383383199e-03
-6.916930405938881421e-03
-6.923098139875683010e-03
-6.929267355933355077e-03
-6.935438020091111433e-03
-6.941610162171096832e-03
-6.947783782439986844e-03
-6.953958871287246879e-03
-6.960135443643489239e-03
-6.966313495041620563e-03
-6.972493015846015219e-03
-6.978674011492991269e-03
-6.984856487017743198e-03
-6.991040442703377877e-03
-6.997225868911272073e-03
-7.003412789340912603e-03
-7.009601204537418973e-03
-7.015791077426336564e-03
-7.021982418305650064e-03
-7.028175236088674005e-03
-7.034369528556516649e-03
-7.040565310553081879e-03
-7.046762570221298816e-03
-7.052961305871741082e-03
-7.059161519844425747e-03
-7.065363219812548223e-03
-7.071566398664796971e-03
-7.077771054274872853e-03
-7.083977210168512784e-03
-7.090184832394874626e-03
-7.096393937168987698e-03
-7.102604522257305319e-03
-7.108816590355226950e-03
-7.115030141890854587e-03
-7.121245174583457072e-03
-7.127461698162029791e-03
-7.133679697767236760e-03
-7.139899180639730503e-03
-7.146120150807400151e-03
-7.152342602318895182e-03
-7.158566540479860407e-03
-7.164791963042427270e-03
-7.171018901680703550e-03
-7.177247295162447749e-03
-7.183477173904884161e-03
-7.189708543193673584e-03
-7.195941395807481378e-03
-7.202175737012317391e-03
-7.208411562107719384e-03
-7.214648875122131599e-03
-7.220887680090548599e-03
-7.227127971041191756e-03
-7.233369755755170161e-03
-7.239613027009039747e-03
-7.245857782587905582e-03
-7.252104059490394050e-03
-7.258351811125440811e-03
-7.264601038896811858e-03
-7.270851754617280172e-03
-7.277103961090380935e-03
-7.283357658580458249e-03
-7.289612844868842423e-03
-7.295869532960574944e-03
-7.302127710427153140e-03
-7.308387374857838736e-03
-7.314648529220479922e-03
-7.320911176325384240e-03
-7.327175316428680141e-03
-7.333440947310587710e-03
-7.339708090070340418e-03
-7.345976762570649576e-03
-7.352246872535772582e-03
-7.358518481996978444e-03
-7.364791588699071134e-03
-7.371066192937258954e-03
-7.377342284897614455e-03
-7.383619880132474833e-03
-7.389898973776731772e-03
-7.396179555941184702e-03
-7.402461631955681298e-03
-7.408745207228006890e-03
-7.415030282045376175e-03
-7.421316846571879289e-03
-7.427604959992173406e-03
-7.433894527426487819e-03
-7.440185587794023725e-03
-7.446478144400026089e-03
-7.452772202280688596e-03
-7.459067751569792293e-03
-7.465364807544450088e-03
-7.471663360607561089e-03
-7.477963408696108871e-03
-7.484264954402242154e-03
-7.490568000573794016e-03
-7.496872547491095773e-03
-7.503178592899062416e-03
-7.509486194736569864e-03
-7.515795259103619230e-03
-7.522105811889501226e-03
-7.528417864316017116e-03
-7.534731419091666993e-03
-7.541046476754242889e-03
-7.547363034917320412e-03
-7.553681106291620928e-03
-7.560000678745404379e-03
-7.566321745261062048e-03
-7.572644320978927368e-03
-7.578968398647134563e-03
-7.585293981241303385e-03
-7.591621066355691561e-03
-7.597949672127457532e-03
-7.604279768291477559e-03
-7.610611367855124598e-03
-7.616944478834652976e-03
-7.623279098892599137e-03
-7.629615218082252959e-03
-7.635952852145244663e-03
-7.642291996199479520e-03
-7.648632645350428305e-03
-7.654974792220992086e-03
-7.661318452528265155e-03
-7.667663618849296370e-03
-7.674010288890031894e-03
-7.680358487864857864e-03
-7.686708207639503243e-03
-7.693059408627411777e-03
-7.699412117076365192e-03
-7.705766335857622273e-03
-7.712122070425597720e-03
-7.718479310742432098e-03
-7.724838070330419804e-03
-7.731198344005263401e-03
-7.737560121632736099e-03
-7.743923408534914010e-03
-7.750288210397582311e-03
-7.756654527523054732e-03
-7.763022349835613234e-03
-7.769391715232498719e-03
-7.775762583634771019e-03
-7.782135004210655183e-03
-7.788508881282352192e-03
-7.794884275374447391e-03
-7.801261186782593171e-03
-7.807639605391214488e-03
-7.814019547089268158e-03
-7.820401006981780867e-03
-7.826783974931972310e-03
-7.833168456490846587e-03
-7.839554457123032449e-03
-7.845941966691083458e-03
-7.852331023795899867e-03
-7.858721587421957366e-03
-7.865113720417649112e-03
-7.871507314387349297e-03
-7.877902414754167637e-03
-7.884299036260866700e-03
-7.890697168716931387e-03
-7.897096827734317870e-03
-7.903498009080522912e-03
-7.909900707493755512e-03
-7.916304915471461534e-03
-7.922710643710417777e-03
-7.929117892507275833e-03
-7.935526659525349302e-03
-7.941936967007401371e-03
-7.948348779369007744e-03
-7.954762108032698009e-03
-7.961176964145444401e-03
-7.967593339716971812e-03
-7.974011235334699244e-03
-7.980430652431813598e-03
-7.986851598658084583e-03
-7.993274061104949091e-03
-7.999698045878744779e-03
-8.006123558676359053e-03
-8.012550591753542228e-03
-8.018979150642313591e-03
-8.025409230520086368e-03
-8.031840835524328703e-03
-8.038273967139852871e-03
-8.044708621936846882e-03
-8.051144802126541933e-03
-8.057582509906735524e-03
-8.064021743440452639e-03
-8.070462510586740024e-03
-8.076904796730066671e-03
-8.083348614082552785e-03
-8.089793956442825618e-03
-8.096240826361400522e-03
-8.102689224649850530e-03
-8.109139148629429528e-03
-8.115590668637984173e-03
-8.122043664256062279e-03
-8.128498177494170029e-03
-8.134954217452694536e-03
-8.141411786946606277e-03
-8.147870886432317938e-03
-8.154331513393175968e-03
-8.160793680229372349e-03
-8.167257375048087020e-03
-8.173722591293341999e-03
-8.180189344037525068e-03
-8.186657625528837023e-03
-8.193127438675507079e-03
-8.199598781063244246e-03
-8.206071668471537350e-03
-8.212546075441640170e-03
-8.219022012394772148e-03
-8.225499487605980597e-03
-8.231978493306923994e-03
-8.238459032435696550e-03
-8.244941102552805212e-03
-8.251424711929966627e-03
-8.257909850119093953e-03
-8.264396520026084936e-03
-8.270884729939198543e-03
-8.277374472075105238e-03
-8.283865744010410204e-03
-8.290358571717781899e-03
-8.296852922476838366e-03
-8.303348804041821296e-03
-8.309846219058170114e-03
-8.316345170434669143e-03
-8.322845658471744734e-03
-8.329347680695597944e-03
-8.335851250529047185e-03
-8.342356355082625186e-03
-8.348862992128558425e-03
-8.355371164334934875e-03
-8.361880874637184213e-03
-8.368392123322854204e-03
-8.374904907912261720e-03
-8.381419273347789911e-03
-8.387935159335779822e-03
-8.394452576434230373e-03
-8.400971520613698118e-03
-8.407492001939909088e-03
-8.414014023332638814e-03
-8.420537582338960547e-03
-8.427062681937269595e-03
-8.433589322340284689e-03
-8.440117501089750007e-03
-8.446647223879111266e-03
-8.453178484128076597e-03
-8.459711284834026124e-03
-8.466245669137784091e-03
-8.472781552800401350e-03
-8.479318980368022451e-03
-8.485857949360409158e-03
-8.492398465487993597e-03
-8.498940518056552484e-03
-8.505484114141426133e-03
-8.512029263596843087e-03
-8.518575947442763585e-03
-8.525124179621257348e-03
-8.531673953564578028e-03
-8.538225272260779875e-03
-8.544778135906039296e-03
-8.551332542038658779e-03
-8.557888515510647665e-03
-8.564446076121390306e-03
-8.571005116617791408e-03
-8.577565708796974775e-03
-8.584127844672329033e-03
-8.590691527193383692e-03
-8.597256753886561853e-03
-8.603823538821830930e-03
-8.610391865698896474e-03
-8.616961730464889335e-03
-8.623533147287254508e-03
-8.630106108065138670e-03
-8.636680617217673550e-03
-8.643256671527876911e-03
-8.649834275371692804e-03
-8.656413429722675801e-03
-8.662994130624990241e-03
-8.669576380403332116e-03
-8.676160181385617065e-03
-8.682745531762181557e-03
-8.689332441341957036e-03
-8.695920891178321455e-03
-8.702510895964410409e-03
-8.709102449020678094e-03
-8.715695558876079829e-03
-8.722290217781702992e-03
-8.728886422667558875e-03
-8.735484191514930608e-03
-8.742083503688546919e-03
-8.748684368130588140e-03
-8.755286779774884565e-03
-8.761890743013700522e-03
-8.768496260910363382e-03
-8.775103330810218871e-03
-8.781711964787386471e-03
-8.788322142265214687e-03
-8.794933872589894008e-03
-8.801547160300460249e-03
-8.808161998013930294e-03
-8.814778394701794362e-03
-8.821396343537846185e-03
-8.828015863860061430e-03
-8.834636920613925248e-03
-8.841259531594758414e-03
-8.847883705701442558e-03
-8.854509433109614136e-03
-8.861136716696305093e-03
-8.867765554106954440e-03
-8.874395954444835866e-03
-8.881027905812799439e-03
-8.887661411722813654e-03
-8.894296480925434345e-03
-8.900933105146280333e-03
-8.907571281749349090e-03
-8.914211035003671846e-03
-8.920852327086947753e-03
-8.927495179380628976e-03
-8.934139589330203357e-03
-8.940785559982789010e-03
-8.947433087382439254e-03
-8.954082173174948700e-03
-8.960732829162654234e-03
-8.967385035303920837e-03
-8.974038803387651697e-03
-8.980694128039257151e-03
-8.987351013727717941e-03
-8.994009464919128227e-03
-9.000669474827138750e-03
-9.007331057777290262e-03
-9.013994211528930656e-03
-9.020658904691836177e-03
-9.027325166040323090e-03
-9.033992992994788196e-03
-9.040662380141673005e-03
-9.047333324887385508e-03
-9.054005833107781065e-03
-9.060679905142254853e-03
-9.067355538346366650e-03
-9.074032741446802497e-03
-9.080711506291527790e-03
-9.087391835890468172e-03
-9.094073727650364702e-03
-9.100757202775699994e-03
-9.107442225308459705e-03
-9.114128810753796550e-03
-9.120816967981282275e-03
-9.127506688611730645e-03
-9.134197969979718223e-03
-9.140890830052983418e-03
-9.147585254384194009e-03
-9.154281239620476462e-03
-9.160978789496954100e-03
-9.167677907180760144e-03
-9.174378598547305863e-03
-9.181080852408318727e-03
-9.187784696574552434e-03
-9.194490159863177858e-03
-9.201197114212522621e-03
-9.207905643788927286e-03
-9.214615739984055587e-03
-9.221327405651846831e-03
-9.228040638416645791e-03
-9.234755453890852728e-03
-9.241471836947789953e-03
-9.248189778223281365e-03
-9.254909296488644799e-03
-9.261630383067487315e-03
-9.268353040830734635e-03
-9.275077267387077384e-03
-9.281803144559286345e-03
-9.288530515198289983e-03
-9.295259455340487698e-03
-9.301989974249358362e-03
-9.308722063153918036e-03
-9.315455719078435948e-03
-9.322190960840415208e-03
-9.328927773335049523e-03
-9.335666153070243389e-03
-9.342406104018263768e-03
-9.349147635149379632e-03
-9.355890737990590900e-03
-9.362635409859598745e-03
-9.369381736367698998e-03
-9.376129584929060456e-03
-9.382879029518509384e-03
-9.389630023338257914e-03
-9.396382579085260645e-03
-9.403136714112525496e-03
-9.409892416934684256e-03
-9.416649706048052515e-03
-9.423408575090830297e-03
-9.430169012208056145e-03
-9.436931023882100256e-03
-9.443694616343534243e-03
-9.450459789820508938e-03
-9.457226532797569085e-03
-9.463994873442516109e-03
-9.470764805943332476e-03
-9.477536279483445014e-03
-9.484309338250063171e-03
-9.491083973624192538e-03
-9.497860188817708327e-03
-9.504637981121222268e-03
-9.511417359700513607e-03
-9.518198312878811684e-03
-9.524980843893748883e-03
-9.531764961854150009e-03
-9.538550658153677198e-03
-9.545337930079389466e-03
-9.552126803189842086e-03
-9.558917237485808904e-03
-9.565709255543342060e-03
-9.572502854659603599e-03
-9.579298040967132444e-03
-9.586094802908395884e-03
-9.592893148119729929e-03
-9.599693090031613529e-03
-9.606494612744320705e-03
-9.613297713734092476e-03
-9.620102395980545396e-03
-9.626908662681787909e-03
-9.633716514167889322e-03
-9.640525947639311255e-03
-9.647337008043987971e-03
-9.654149631098896123e-03
-9.660963817970880108e-03
-9.667779596777670292e-03
-9.674596955787762020e-03
-9.681415904247980819e-03
-9.688236436362074322e-03
-9.695058560884151078e-03
-9.701882267050820907e-03
-9.708707557575246838e-03
-9.715534441788964415e-03
-9.722362910833837191e-03
-9.729192964914368247e-03
-9.736024602761128577e-03
-9.742857829157181015e-03
-9.749692645869778573e-03
-9.756529050060969155e-03
-9.763367047835869172e-03
-9.770206630714373119e-03
-9.777047801764360280e-03
-9.783890571112729972e-03
-9.790734920663735075e-03
-9.797580865161581443e-03
-9.804428397186315536e-03
-9.811277519812477976e-03
-9.818128233699319196e-03
-9.824980535805383219e-03
-9.831834451758281190e-03
-9.838690004690509028e-03
-9.845547085064465520e-03
-9.852405754572690633e-03
-9.859266022440249522e-03
-9.866127886305142702e-03
-9.872991333864766794e-03
-9.879856383234186801e-03
-9.886723029077226776e-03
-9.893591259283684991e-03
-9.900461080774136668e-03
-9.907332493258369510e-03
-9.914205500118900005e-03
-9.921080098431955818e-03
-9.927956297029694177e-03
-9.934834085121968528e-03
-9.941713465343893219e-03
-9.948594447169223365e-03
-9.955477021581726760e-03
-9.962361188835755499e-03
-9.969246947609811116e-03
-9.976134302754791072e-03
-9.983023256010747915e-03
-9.989913804573147260e-03
-9.996805954757381762e-03
-1.000369969764114408e-02
-1.001059503646573035e-02
-1.001749204065860432e-02
-1.002439059515425335e-02
-1.003129073096187263e-02
-1.003819246204085136e-02
-1.004509579168755273e-02
-1.005200072024259317e-02
-1.005890724472546793e-02
-1.006581538077777616e-02
-1.007272511327228504e-02
-1.007963643314480073e-02
-1.008654935926045493e-02
-1.009346388240905945e-02
-1.010038000594293273e-02
-1.010729772694074491e-02
-1.011421707214699151e-02
-1.012113803826886205e-02
-1.012806055924719839e-02
-1.013498468802576102e-02
-1.014191042167655876e-02
-1.014883776041974883e-02
-1.015576669178164249e-02
-1.016269723476093123e-02
-1.016962938346877010e-02
-1.017656312543058217e-02
-1.018349846746735565e-02
-1.019043541588504631e-02
-1.019737395816955328e-02
-1.020431412584954511e-02
-1.021125591934468613e-02
-1.021819927313094567e-02
-1.022514422797715650e-02
-1.023209079365738905e-02
-1.023903896082245524e-02
-1.024598872648008197e-02
-1.025294010683119872e-02
-1.025989308127162047e-02
-1.026684766280872019e-02
-1.027380384846410255e-02
-1.028076164164348771e-02
-1.028772103770836388e-02
-1.029468203688910233e-02
-1.030164464182192763e-02
-1.030860885349493827e-02
-1.031557467050048249e-02
-1.032254210032990116e-02
-1.032951113264968246e-02
-1.033648177415036340e-02
-1.034345402017089466e-02
-1.035042787333262382e-02
-1.035740333303669658e-02
-1.036438040189657794e-02
-1.037135908421193964e-02
-1.037833937036336529e-02
-1.038532126710212111e-02
-1.039230476809127612e-02
-1.039928987841831631e-02
-1.040627660316273406e-02
-1.041326493438943235e-02
-1.042025488203324191e-02
-1.042724643655101868e-02
-1.043423959487976838e-02
-1.044123437682786815e-02
-1.044823076622791724e-02
-1.045522875994897571e-02
-1.046222836149734992e-02
-1.046922958085627631e-02
-1.047623240843242876e-02
-1.048323684114937926e-02
-1.049024291167033329e-02
-1.049725065109363698e-02
-1.050425995249182343e-02
-1.051127088170011881e-02
-1.051828338225457848e-02
-1.052529749893971189e-02
-1.053231321876013649e-02
-1.053933056142908331e-02
-1.054634952080868437e-02
-1.055337008362244866e-02
-1.056039225740412757e-02
-1.056741604846112015e-02
-1.057444145697905569e-02
-1.058146846989238554e-02
-1.058849715919196743e-02
-1.059552742670288872e-02
-1.060255932152065483e-02
-1.060959279362949648e-02
-1.061662788431383397e-02
-1.062366459377261929e-02
-1.063070290886825031e-02
-1.063774284966312322e-02
-1.064478440978655627e-02
-1.065182757606697450e-02
-1.065887235545093237e-02
-1.066591875470745965e-02
-1.067296676063056449e-02
-1.068001643839888715e-02
-1.068706770081429003e-02
-1.069412057718743814e-02
-1.070117504832757138e-02
-1.070823113703212037e-02
-1.071528884351413691e-02
-1.072234816456540951e-02
-1.072940911700981381e-02
-1.073647168434788135e-02
-1.074353586359344526e-02
-1.075060165808650048e-02
-1.075766907134412254e-02
-1.076473810356948224e-02
-1.077180875153227468e-02
-1.077888104130286795e-02
-1.078595493807232852e-02
-1.079303044098489650e-02
-1.080010757052285442e-02
-1.080718632331467699e-02
-1.081426669283003239e-02
-1.082134867582684734e-02
-1.082843228604180030e-02
-1.083551751008249298e-02
-1.084260435148387547e-02
-1.084969282062298035e-02
-1.085678290745917263e-02
-1.086387461215188033e-02
-1.087096793314779042e-02
-1.087806287573578334e-02
-1.088515944178791717e-02
-1.089225762634249417e-02
-1.089935743212255836e-02
-1.090645885844376828e-02
-1.091356190803394188e-02
-1.092066659223500658e-02
-1.092777288544255487e-02
-1.093488080242221994e-02
-1.094199034334020215e-02
-1.094910150922168146e-02
-1.095621429507120936e-02
-1.096332870278071692e-02
-1.097044477820541264e-02
-1.097756245769065941e-02
-1.098468173538491577e-02
-1.099180264422616737e-02
-1.099892517400624659e-02
-1.100604933528614993e-02
-1.101317511437005514e-02
-1.102030252817032263e-02
-1.102743157051322420e-02
-1.103456222765586414e-02
-1.104169450729008961e-02
-1.104882840909737762e-02
-1.105596393651109288e-02
-1.106310108630093048e-02
-1.107023988100030998e-02
-1.107738028299631861e-02
-1.108452230784462422e-02
-1.109166596589028497e-02
-1.109881124710154765e-02
-1.110595814838510886e-02
-1.111310668627396581e-02
-1.112025683998629777e-02
-1.112740862270944486e-02
-1.113456203135143596e-02
-1.114171707273903245e-02
-1.114887373360484712e-02
-1.115603202269366268e-02
-1.116319196800974467e-02
-1.117035358266604828e-02
-1.117751676289535645e-02
-1.118468156865071172e-02
-1.119184800345973674e-02
-1.119901606793449744e-02
-1.120618575852938559e-02
-1.121335709235271594e-02
-1.122053005246859136e-02
-1.122770462970212879e-02
-1.123488084451029767e-02
-1.124205869354877319e-02
-1.124923817701861672e-02
-1.125641928083975785e-02
-1.126360208072341162e-02
-1.127078647324930571e-02
-1.127797250868067813e-02
-1.128516013869540480e-02
-1.129234940433554435e-02
-1.129954030580426760e-02
-1.130673282893135401e-02
-1.131392699486011288e-02
-1.132112279681918299e-02
-1.132832022099916625e-02
-1.133551927577836071e-02
-1.134271996757840739e-02
-1.134992228212372556e-02
-1.135712631695451336e-02
-1.136433192620489585e-02
-1.137153919878441943e-02
-1.137874806928906857e-02
-1.138595855834589887e-02
-1.139317067845269094e-02
-1.140038442630730842e-02
-1.140759982360073366e-02
-1.141481685259659873e-02
-1.142203551011555795e-02
-1.142925579970677230e-02
-1.143647772513534111e-02
-1.144370128676297504e-02
-1.145092648103673838e-02
-1.145815333945232606e-02
-1.146538185631940099e-02
-1.147261195701931857e-02
-1.147984370216847960e-02
-1.148707708828922147e-02
-1.149431211559159838e-02
-1.150154876951303695e-02
-1.150878707264357814e-02
-1.151602701755949365e-02
-1.152326858965901923e-02
-1.153051179628206135e-02
-1.153775664528955414e-02
-1.154500313687889523e-02
-1.155225125639458561e-02
-1.155950102670588731e-02
-1.156675245467120305e-02
-1.157037842885377810e-02
