5.344537991128720522e-01
5.345476822963559638e-01
5.346760138239645688e-01
5.348423947091818231e-01
5.350272938882668639e-01
5.351524888960570436e-01
5.351192643681745853e-01
5.349469970433795574e-01
5.347431264305196885e-01
5.345666572603435807e-01
5.344271765908059635e-01
5.343186437357672069e-01
5.342343547783712232e-01
5.341652265649931008e-01
5.341103048412386700e-01
5.340633971954396042e-01
5.340245244381742751e-01
5.339906550244322148e-01
5.339597110222285004e-01
5.339322521752344342e-01
5.339060288108825603e-01
5.338818292692770751e-01
5.338579621126001706e-01
5.338353980717776004e-01
5.338133442955992347e-01
5.337911268588101388e-01
5.337692719683824194e-01
5.337482972961414829e-01
5.337276162154560577e-01
5.337072290523698914e-01
5.336866197186261873e-01
5.336668915662537982e-01
5.336470404585748062e-01
5.336281649098073565e-01
5.336098225415134566e-01
5.335916420035197172e-01
5.335746837815925625e-01
5.335581607183510489e-01
5.335430676113364079e-01
5.335287233308371180e-01
5.335160157263918457e-01
5.335046700145085197e-01
5.334946642500317804e-01
5.334862613638116091e-01
5.334795741450255591e-01
5.334748167069510716e-01
5.334719958015202712e-01
5.334711858666318918e-01
5.334719949483136547e-01
5.334736078140894788e-01
5.334753731653150144e-01
5.334775729959799762e-01
5.334812064911362839e-01
5.334870136530034390e-01
5.334953041077755698e-01
5.335055119627412079e-01
5.335175528014450830e-01
5.335300965181408728e-01
5.335425266769827646e-01
5.335542372948590684e-01
5.335640230528514438e-01
5.335719494709585398e-01
5.335778233938701653e-01
5.335817813918815045e-01
5.335836055679854528e-01
5.335833577684452322e-01
5.335817059521166250e-01
5.335793209298467232e-01
5.335758066661853150e-01
5.335693941039899579e-01
5.335586153964516631e-01
5.335434345569932679e-01
5.335253512439478429e-01
5.335069848751562427e-01
5.334902246565582651e-01
5.334768397104412418e-01
5.334664576802501390e-01
5.334555672749696775e-01
5.334370315904332083e-01
5.334076434324332983e-01
5.333732668691062440e-01
5.333410230463371260e-01
5.333130259523209959e-01
5.332886870818300817e-01
5.332667423532199136e-01
5.332464168501181989e-01
5.332264226123741846e-01
5.332078136817712810e-01
5.331898851768378522e-01
5.331738955797845625e-01
5.331595765853976987e-01
5.331466947469652995e-01
5.331359161464250818e-01
5.331265575796447775e-01
5.331190160064451788e-01
5.331127413925349501e-01
5.331079826405292765e-01
5.331044564375324590e-01
5.331020283989781339e-01
5.331008183701801961e-01
5.331007102285550969e-01
5.331017768248859090e-01
5.331041240527980563e-01
5.331080208395841957e-01
5.331140211259532968e-01
5.331232041785273212e-01
5.331373289489164113e-01
5.331511460753237674e-01
5.331469767153905748e-01
5.331383502520791184e-01
5.331345580630305614e-01
5.331341756061174220e-01
5.331358058158660596e-01
5.331386813478868891e-01
5.331424553047137138e-01
5.331469025939388207e-01
5.331516885859599597e-01
5.331568470819896266e-01
5.331620073975336105e-01
5.331671299440601253e-01
5.331721856267087611e-01
5.331768550352077307e-01
5.331812600270199320e-01
5.331851932836918495e-01
5.331887569884409261e-01
5.331920331785643397e-01
5.331949170641581137e-01
5.331974989520362751e-01
5.331998002517812640e-01
5.332019864020105526e-01
5.332044307316048393e-01
5.332075394575125360e-01
5.332117578062920416e-01
5.332172342501907414e-01
5.332243822372136899e-01
5.332328899770039099e-01
5.332426337583180409e-01
5.332531552584368617e-01
5.332626323431733928e-01
5.332695280738477539e-01
5.332720038227336534e-01
5.332696783613577463e-01
5.332636883917355464e-01
5.332562041522589391e-01
5.332491709023534643e-01
5.332442677548815402e-01
5.332420927153216361e-01
5.332431260898856662e-01
5.332475501436871879e-01
5.332546470083306955e-01
5.332618908054206353e-01
5.332661031828664910e-01
5.332677281826068150e-01
5.332697076604586695e-01
5.332734724389182057e-01
5.332789633156492792e-01
5.332858675234525281e-01
5.332941667919123274e-01
5.333039333209903532e-01
5.333157503782466335e-01
5.333292175391226575e-01
5.333451078563329339e-01
5.333628074789849016e-01
5.333828436378017512e-01
5.334060434307809073e-01
5.334315926882127190e-01
5.334611464530715219e-01
5.334937264620470687e-01
5.335315282317211194e-01
5.335733593685487719e-01
5.336208409697025257e-01
5.336762932908157842e-01
5.337379473764909399e-01
5.338098879761092874e-01
5.338892253690511458e-01
5.339775355548282976e-01
5.340744473806420256e-01
5.341744985784143696e-01
5.342696398835368177e-01
5.343480794067246853e-01
5.343940971486692559e-01
5.343925198728833870e-01
5.343415719685048471e-01
5.342652493474077113e-01
5.341882141320258848e-01
5.341220543738529614e-01
5.340705701803516448e-01
5.340324357897276997e-01
5.340072490531171390e-01
5.339947301029530635e-01
5.339933392808631218e-01
5.340026001151981783e-01
5.340219598877904428e-01
5.340521280060898102e-01
5.340917664819098132e-01
5.341428531495805432e-01
5.342069736173700178e-01
5.342884364875796210e-01
5.344048033517274643e-01
5.346094982214996127e-01
5.352390391126334857e-01
5.359128434537729913e-01
5.347212408433383857e-01
5.344714893059520078e-01
5.343503948481589383e-01
5.342761387870912371e-01
5.342288624652473672e-01
5.341810569111046236e-01
5.341067490978983479e-01
5.340411257488169028e-01
5.339845690047405613e-01
5.339327609861814761e-01
5.338837800660836130e-01
5.338369904348273520e-01
5.337930695453224628e-01
5.337511701301259626e-01
5.337082575007410234e-01
5.336515483425193773e-01
5.335864671433048212e-01
5.335230452289599912e-01
5.334614024275612376e-01
5.334016782227913867e-01
5.333439136093446331e-01
5.332882714359045151e-01
5.332348599405370981e-01
5.331836875521805963e-01
5.331353067133471901e-01
5.330877690996608242e-01
5.330434080842557654e-01
5.329998354337535105e-01
5.329592237722647896e-01
5.329203956702753819e-01
5.328823504416575485e-01
5.328469661274322089e-01
5.328122924146440065e-01
5.327800019777747531e-01
5.327490835228464450e-01
5.327186942973120010e-01
5.326903805210950749e-01
5.326627307600211303e-01
5.326373642256201357e-01
5.326134817075817152e-01
5.325917263136257240e-01
5.325706495929313222e-01
5.325477702178106343e-01
5.325185325209046416e-01
5.324801982967142244e-01
5.324357482041655043e-01
5.323886414698369984e-01
5.323424789853227201e-01
5.322982105659200824e-01
5.322551357606479794e-01
5.322143460996093811e-01
5.321741840726340600e-01
5.321331640100217530e-01
5.320930892921924560e-01
5.320517344500834689e-01
5.320112470251292525e-01
5.319707334158148004e-01
5.319293822004840244e-01
5.318895856736117755e-01
5.318495464207619872e-01
5.318115583985603134e-01
5.317738385712155180e-01
5.317375582404016976e-01
5.317045664747082068e-01
5.316713513727712170e-01
5.316397370430970826e-01
5.316104212764480863e-01
5.315824531693792432e-01
5.315556371473120212e-01
5.315290164392817429e-01
5.315036074435467439e-01
5.314776531810042615e-01
5.314521300694421413e-01
5.314261214920457110e-01
5.313988455927923793e-01
5.313718357101063772e-01
5.313439599333231733e-01
5.313170387187045041e-01
5.312900727415112989e-01
5.312648551217088455e-01
5.312410502690427805e-01
5.312184561945554329e-01
5.311986269265497329e-01
5.311809487884799896e-01
5.311668914381966200e-01
5.311566710089031806e-01
5.311512120330768028e-01
5.311523415320806851e-01
5.311624276462315608e-01
5.311845719781511654e-01
5.312246015413899514e-01
5.312934212351135832e-01
5.314086485197163645e-01
5.315967576917250970e-01
5.318580545947804161e-01
5.319554754185917833e-01
5.316923326046847365e-01
5.313885946609884225e-01
5.311697438418012673e-01
5.310142126604313617e-01
5.308970713394995933e-01
5.308046767016144640e-01
5.307263582800800794e-01
5.306577033773290930e-01
5.305981604455090039e-01
5.305427074073592042e-01
5.304929575927535002e-01
5.304466609343527761e-01
5.304021783202864659e-01
5.303613475006050404e-01
5.303215641250315082e-01
5.302842109812185845e-01
5.302467128720806944e-01
5.302084719415282033e-01
5.301666925325970725e-01
5.301207357420821831e-01
5.300708842973191892e-01
5.300185222400823903e-01
5.299658723885926070e-01
5.299126173647396021e-01
5.298599198404229105e-01
5.298077830744001293e-01
5.297560591670941177e-01
5.297049048456903275e-01
5.296554205751801137e-01
5.296067302753535433e-01
5.295597496464631293e-01
5.295146551638728605e-01
5.294716008241858729e-01
5.294312582981895998e-01
5.293927422383122305e-01
5.293567798372047495e-01
5.293235395592782444e-01
5.292933032630063872e-01
5.292668217430553934e-01
5.292454193752471614e-01
5.292292547487253973e-01
5.292179632629366859e-01
5.292078555529116102e-01
5.291936828916734559e-01
5.291758504350018155e-01
5.291584451914156384e-01
5.291274893836546145e-01
5.290565469501625762e-01
5.289573616639609011e-01
5.288602282677776767e-01
5.287770427289703035e-01
5.287038046294536553e-01
5.286389379472593575e-01
5.285795616927173590e-01
5.285263561945096056e-01
5.284755314794948866e-01
5.284289948859962616e-01
5.283849317042867977e-01
5.283419011273466914e-01
5.283017911566556535e-01
5.282622134848163897e-01
5.282249200052329119e-01
5.281885982486123066e-01
5.281520119260091350e-01
5.281167288544661442e-01
5.280806691074015902e-01
5.280456561833355433e-01
5.280109635250828104e-01
5.279760431949842570e-01
5.279430367206022767e-01
5.279104852154252736e-01
5.278802322580917750e-01
5.278507765160045384e-01
5.278236777205050911e-01
5.277981700388045816e-01
5.277730212968830825e-01
5.277513357162019192e-01
5.277300658016694790e-01
5.277104263002212470e-01
5.276933135828903998e-01
5.276768302247937248e-01
5.276623532192705746e-01
5.276491369277849230e-01
5.276379710556694524e-01
5.276286280755829727e-01
5.276211672876900405e-01
5.276163889203616675e-01
5.276146061059630021e-01
5.276167346636546629e-01
5.276236779421147327e-01
5.276361933961174477e-01
5.276522954916000874e-01
5.276661032535784335e-01
5.276770603307898710e-01
5.276930779860351528e-01
5.277189912214474976e-01
5.277559370493251079e-01
5.277999708351976960e-01
5.278417225125798806e-01
5.278649719576992139e-01
5.278522350624624826e-01
5.277998917800532652e-01
5.277200744291155043e-01
5.276322031447082672e-01
5.275489796506488416e-01
5.274760630381173376e-01
5.274163623980872018e-01
5.273703622349774633e-01
5.273440350406901622e-01
5.273522853931504883e-01
5.274432588673581002e-01
5.276236927275387290e-01
5.273591641778739847e-01
5.271640639257482164e-01
5.270550782806558976e-01
5.269797410775342028e-01
5.269210734785096939e-01
5.268731911476070007e-01
5.268320499089136355e-01
5.267966308623240890e-01
5.267676967095681340e-01
5.267437466601538887e-01
5.267265197600476956e-01
5.267164035474273254e-01
5.267155103021199380e-01
5.267282219251933073e-01
5.267635972088478002e-01
5.268442105397781461e-01
5.270499354298281425e-01
5.276977636811369665e-01
5.272573985453549161e-01
5.268617730425710910e-01
5.267067290747894370e-01
5.266205854844056011e-01
5.265656410816809130e-01
5.265257541808486819e-01
5.264950985436619435e-01
5.264713937687809375e-01
5.264513721557058101e-01
5.264348209593323613e-01
5.264203228626359587e-01
5.264069393864453383e-01
5.263946522121202287e-01
5.263831948958842544e-01
5.263730126200572013e-01
5.263629323877191402e-01
5.263538786467323316e-01
5.263456814340923273e-01
5.263382544064653112e-01
5.263320757356192425e-01
5.263267631760202292e-01
5.263225436697082094e-01
5.263191751592579681e-01
5.263166397190293111e-01
5.263153934366797682e-01
5.263157951481564067e-01
5.263181935829835956e-01
5.263221909561932588e-01
5.263260760941680383e-01
5.263257980222276755e-01
5.263154363551069137e-01
5.262887698631146804e-01
5.262432090833218945e-01
5.261788825050306428e-01
5.261009874822615284e-01
5.260139652691063761e-01
5.259260011355515463e-01
5.258373564204642525e-01
5.257527516483011532e-01
5.256710860683598829e-01
5.255920749623173016e-01
5.255118343485429833e-01
5.254293169550611209e-01
5.253485138066653626e-01
5.252737234664892618e-01
5.252031022844290131e-01
5.251401623928418916e-01
5.250813894036771012e-01
5.250295751031273106e-01
5.249829389000123525e-01
5.249399527559543976e-01
5.249016026655966005e-01
5.248638211744662829e-01
5.248232892657068716e-01
5.247762879180415396e-01
5.247226824138661039e-01
5.246641441813553186e-01
5.246066095128513185e-01
5.245554431815001584e-01
5.245158003572534255e-01
5.244932232635962643e-01
5.244874234846852445e-01
5.244664558550805600e-01
5.243796774145731421e-01
5.242644564456299117e-01
5.241623124967358383e-01
5.240783705013816185e-01
5.240049341893584511e-01
5.239394212648786908e-01
5.238787495882925027e-01
5.238236903539926770e-01
5.237704174451770500e-01
5.237210147301073482e-01
5.236736655347328240e-01
5.236269050883177734e-01
5.235829189877050371e-01
5.235392701798179393e-01
5.234986253908597842e-01
5.234581631009613822e-01
5.234188236407608663e-01
5.233803118189874759e-01
5.233421597293660410e-01
5.233039164913974028e-01
5.232659999548426866e-01
5.232277132016579513e-01
5.231898922587523426e-01
5.231522301236429806e-01
5.231161894385555344e-01
5.230807592465417377e-01
5.230449704726679583e-01
5.230105976268354384e-01
5.229757695537701201e-01
5.229422173688689224e-01
5.229081145991502089e-01
5.228751549497901996e-01
5.228423985294377019e-01
5.228089202303887184e-01
5.227763647497347677e-01
5.227429271749945983e-01
5.227102335001329037e-01
5.226773321083758583e-01
5.226423752004556444e-01
5.226096773218105174e-01
5.225747754690455160e-01
5.225394068144598725e-01
5.225054326674603011e-01
5.224692244219977244e-01
5.224336256879374973e-01
5.223968633914418680e-01
5.223609376522141412e-01
5.223240924797500906e-01
5.222883571783405454e-01
5.222529297018326799e-01
5.222170366093948912e-01
5.221826418347316201e-01
5.221484495446038210e-01
5.221153472176913724e-01
5.220824135206214578e-01
5.220501209771843953e-01
5.220187070909334537e-01
5.219885567504208845e-01
5.219600146974229249e-01
5.219335467257402161e-01
5.219081708087823790e-01
5.218834048197427133e-01
5.218581281354712775e-01
5.218319184386051024e-01
5.218055769618802353e-01
5.217806632051388283e-01
5.217573249752147646e-01
5.217359137273585024e-01
5.217171697345810433e-01
5.217001081775843874e-01
5.216850145457266885e-01
5.216714668336422944e-01
5.216601016288103798e-01
5.216525884223450760e-01
5.216541844727347055e-01
5.216622212962007676e-01
5.216031888389296434e-01
5.215380298046681240e-01
5.214835747266690635e-01
5.214340351609821900e-01
5.213877724587729912e-01
5.213441223803801927e-01
5.213030252583674695e-01
5.212627948988765025e-01
5.212228840192599799e-01
5.211843215680694863e-01
5.211447395796344750e-01
5.211060153053252986e-01
5.210671529303173566e-01
5.210272568625121670e-01
5.209885407335388408e-01
5.209491384535200886e-01
5.209111893761489975e-01
5.208737515223267334e-01
5.208358887044269858e-01
5.207995318118214811e-01
5.207627307255754401e-01
5.207273214341291423e-01
5.206923008773103323e-01
5.206567151066120447e-01
5.206223637609818100e-01
5.205874345363787903e-01
5.205537435725619000e-01
5.205195572715092256e-01
5.204866831303742725e-01
5.204542879230485974e-01
5.204207467016778166e-01
5.203902771017459017e-01
5.203587443339119378e-01
5.203278251716864089e-01
5.202990652008868677e-01
5.202693261954914883e-01
5.202401689248699057e-01
5.202115713265178520e-01
5.201849477465516625e-01
5.201573734490515522e-01
5.201302916454724201e-01
5.201050517820692276e-01
5.200788851928973555e-01
5.200531744811458523e-01
5.200279158246057243e-01
5.200043827942654184e-01
5.199799874824603263e-01
5.199566179715416903e-01
5.199335719810092016e-01
5.199101205895417799e-01
5.198872784601724639e-01
5.198641359936380102e-01
5.198396627401933312e-01
5.198147089575321234e-01
5.197875912548891586e-01
5.197595745399999911e-01
5.197301216962773029e-01
5.196988279913846709e-01
5.196678989153973305e-01
5.196363621237044539e-01
5.196064327475273803e-01
5.195770367983121307e-01
5.195500779733630559e-01
5.195250616346833716e-01
5.195016043925125837e-01
5.194810489506663798e-01
5.194623398286096760e-01
5.194464378347043443e-01
5.194327433702191632e-01
5.194208201140974035e-01
5.194110436063832381e-01
5.194022862360909709e-01
5.193939407359460247e-01
5.193839669321810293e-01
5.193695224036691815e-01
5.193489662674304341e-01
5.193197935104253427e-01
5.192839490858862650e-01
5.192427931026631915e-01
5.191978579217211287e-01
5.191539746573786696e-01
5.191107781000962040e-01
5.190716457079220802e-01
5.190351735938394384e-01
5.190035155842975811e-01
5.189757727646576724e-01
5.189513445043856255e-01
5.189314198176395720e-01
5.189147758660330734e-01
5.189020505149575246e-01
5.188923754259416876e-01
5.188849685273074774e-01
5.188793226930009661e-01
5.188737243180553405e-01
5.188667352779687825e-01
5.188561335894158466e-01
5.188392738458516007e-01
5.188152980779431322e-01
5.187820082645320241e-01
5.187413177235504769e-01
5.186923142251830265e-01
5.186392968174412532e-01
5.185830343209230087e-01
5.185237810277991688e-01
5.184659842912560102e-01
5.184076884593932233e-01
5.183525091161684806e-01
5.182979442132173986e-01
5.182456286956070857e-01
5.181980942876780460e-01
5.181502001582982686e-01
5.181056304557453140e-01
5.180630747411089088e-01
5.180214486509423510e-01
5.179828648965528748e-01
5.179453159281117713e-01
5.179107963956227634e-01
5.178780460872649538e-01
5.178481924412111637e-01
5.178210103811700105e-01
5.177983496626114013e-01
5.177835854332512033e-01
5.177928070223507540e-01
5.180409281116880038e-01
5.177485036160285325e-01
5.176811636596273525e-01
5.176421259872955316e-01
5.176109756358309166e-01
5.175840375589425557e-01
5.175598200947819638e-01
5.175366218433113952e-01
5.175152006954515382e-01
5.174940855726556377e-01
5.174741427336208011e-01
5.174541029682505622e-01
5.174348646912555472e-01
5.174157828211884969e-01
5.173962624660128906e-01
5.173772750520134744e-01
5.173577716440509455e-01
5.173387763547135920e-01
5.173197974343825001e-01
5.173003607886291766e-01
5.172815341679091183e-01
5.172623584896475224e-01
5.172438990398539049e-01
5.172257058561223753e-01
5.172073520809699065e-01
5.171898497489862967e-01
5.171722883241094415e-01
5.171556193397067736e-01
5.171393870345726285e-01
5.171231696336190398e-01
5.171078202427971116e-01
5.170924879800693486e-01
5.170779717900448880e-01
5.170634606552045875e-01
5.170497177260914290e-01
5.170363477321627821e-01
5.170230032953778698e-01
5.170104113409508262e-01
5.169978766532363768e-01
5.169860334095883747e-01
5.169744083090807019e-01
5.169625800283654815e-01
5.169503596784538191e-01
5.169375152577126986e-01
5.169241696790030094e-01
5.169109786853250954e-01
5.168979936270524655e-01
5.168863928785083495e-01
5.168759861744127715e-01
5.168670754353079655e-01
5.168595700871864151e-01
5.168532153731627554e-01
5.168474563962094370e-01
5.168424678969983921e-01
5.168388148573822560e-01
5.168371373863739349e-01
5.168379874087832837e-01
5.168419171044139615e-01
5.168500143253302870e-01
5.168633529790995773e-01
5.168846257703985092e-01
5.169173188805219477e-01
5.169656154026207595e-01
5.170344186651776308e-01
5.171130379694410806e-01
5.171494241119557467e-01
5.170794476375921711e-01
5.169331587740593204e-01
5.167840428672644260e-01
5.166522232461373543e-01
5.165394919362804593e-01
5.164408975865172335e-01
5.163511646618200723e-01
5.162706881955949623e-01
5.161953132398447996e-01
5.161220755183378861e-01
5.160539194573107169e-01
5.159867724577476000e-01
5.159236944232523658e-01
5.158627103336983488e-01
5.158021285616749552e-01
5.157448906877568628e-01
5.156878981996226852e-01
5.156339611431323133e-01
5.155815359822081279e-01
5.155292470094341439e-01
5.154797043821183200e-01
5.154302687305800657e-01
5.153834209345495854e-01
5.153366700478410056e-01
5.152912238803242229e-01
5.152492763040095181e-01
5.152062733838378428e-01
5.151644692510150003e-01
5.151238232768520220e-01
5.150862907942322932e-01
5.150477675093457774e-01
5.150102507247357186e-01
5.149755325173303033e-01
5.149397849922058290e-01
5.149048340314738015e-01
5.148723465018097967e-01
5.148387245363675868e-01
5.148056775966403098e-01
5.147731461273034048e-01
5.147427256490479941e-01
5.147110759448091377e-01
5.146798367163256671e-01
5.146505716027408583e-01
5.146200772939830692e-01
5.145899343845183882e-01
5.145601152355558927e-01
5.145321051389641909e-01
5.145028106680268332e-01
5.144737179465265209e-01
5.144462699846263920e-01
5.144174225265459865e-01
5.143886266437619481e-01
5.143613292320121655e-01
5.143325208569281548e-01
5.143036722654636961e-01
5.142747811471889419e-01
5.142473578239125098e-01
5.142184378963359226e-01
5.141895575440760258e-01
5.141622534035749092e-01
5.141335996372020656e-01
5.141051472722483195e-01
5.140769548612812434e-01
5.140505140243667448e-01
5.140229851867168520e-01
5.139958653822612744e-01
5.139705626533925820e-01
5.139443306388544741e-01
5.139185741063169166e-01
5.138945875335514391e-01
5.138697106354122024e-01
5.138458483395310639e-01
5.138216473240421189e-01
5.137982732733326063e-01
5.137749913382280154e-01
5.137510816104989830e-01
5.137277108887778887e-01
5.137035712961508516e-01
5.136798710287608927e-01
5.136552613980717163e-01
5.136308777840854489e-01
5.136058865600866552e-01
5.135794328725757918e-01
5.135529086286000355e-01
5.135251648905170274e-01
5.134980335007629515e-01
5.134711731220962250e-01
5.134441600915781168e-01
5.134185498348210475e-01
5.133930446710975870e-01
5.133689821022390243e-01
5.133456753504561654e-01
5.133225052372147879e-01
5.133006540556406261e-01
5.132789222075141433e-01
5.132584205155318324e-01
5.132380178638129564e-01
5.132187569991693010e-01
5.132000686267890188e-01
5.131814488894441695e-01
5.131638722817229992e-01
5.131464000971045492e-01
5.131299968739729822e-01
5.131142602703986366e-01
5.130988850797484346e-01
5.130848133185346160e-01
5.130715965575513016e-01
5.130595897969059127e-01
5.130489992704225788e-01
5.130392033266881757e-01
5.130292484592325897e-01
5.130180196779444701e-01
5.130060148388363439e-01
5.129942792705940446e-01
5.129830427487883648e-01
5.129711724397956196e-01
5.129574839045286661e-01
5.129405051911700708e-01
5.129188676397237190e-01
5.128933693656698711e-01
5.128643076638923493e-01
5.128321381769724852e-01
5.127998203098662611e-01
5.127666408176526636e-01
5.127348925913662869e-01
5.127040005778931153e-01
5.126732850767212746e-01
5.126443295615388251e-01
5.126155373328453724e-01
5.125876029697673530e-01
5.125604321816626952e-01
5.125352936531886172e-01
5.125093515725690496e-01
5.124839225670552167e-01
5.124602325786612456e-01
5.124356313444424771e-01
5.124113925184494711e-01
5.123887307920406142e-01
5.123651433146579892e-01
5.123418861112106759e-01
5.123189699849596268e-01
5.122975825851665554e-01
5.122753853761011777e-01
5.122535891528534613e-01
5.122333243399581626e-01
5.122123672759696378e-01
5.121918623700848494e-01
5.121728597093093693e-01
5.121532525871871355e-01
5.121341011921421993e-01
5.121153930944665200e-01
5.120980645207710014e-01
5.120801583536843671e-01
5.120626182964831408e-01
5.120463105559885930e-01
5.120293690186189517e-01
5.120126669455088431e-01
5.119961555051071311e-01
5.119806533338735477e-01
5.119643764514024697e-01
5.119481568782318082e-01
5.119328217019635252e-01
5.119166241430171960e-01
5.119004093880907824e-01
5.118850340556025946e-01
5.118687715317863374e-01
5.118524898911354093e-01
5.118361974096218292e-01
5.118207687794008587e-01
5.118044780022740214e-01
5.117881942965664122e-01
5.117727814630878003e-01
5.117565023745854758e-01
5.117402111300003442e-01
5.117238916472386379e-01
5.117083950758563038e-01
5.116919584870693871e-01
5.116754223718953387e-01
5.116596433443242331e-01
5.116428172216366255e-01
5.116257851627523667e-01
5.116094260050483289e-01
5.115918655410919280e-01
5.115739675350147175e-01
5.115556908145034720e-01
5.115379980863853371e-01
5.115188965420357503e-01
5.114993527172483345e-01
5.114804347256631800e-01
5.114600642635478422e-01
5.114393173394176095e-01
5.114182416157728728e-01
5.113980168124135917e-01
5.113764606539323854e-01
5.113547435407406194e-01
5.113340650482838257e-01
5.113121874411323819e-01
5.112902957326717068e-01
5.112695723467791664e-01
5.112477581628087631e-01
5.112260274209435851e-01
5.112044042750344408e-01
5.111840331975289198e-01
5.111626789607045529e-01
5.111414895757230292e-01
5.111215798532210419e-01
5.111007607033764000e-01
5.110801560672647570e-01
5.110597828416799659e-01
5.110407103205530932e-01
5.110208383361876106e-01
5.110012498750446941e-01
5.109829724445514865e-01
5.109639908394115748e-01
5.109453490247544138e-01
5.109280242586398124e-01
5.109101026536592149e-01
5.108925804978008411e-01
5.108754784507072433e-01
5.108596916361870521e-01
5.108434683234962526e-01
5.108277259340088250e-01
5.108132867161117030e-01
5.107985400211304539e-01
5.107843330320139819e-01
5.107706853447429030e-01
5.107583082716911083e-01
5.107458086070221226e-01
5.107342443535328735e-01
5.107232910678525251e-01
5.107126893305113935e-01
5.107030475954644766e-01
5.106940944463254084e-01
5.106856332092055695e-01
5.106781776812665541e-01
5.106713435192609118e-01
5.106655947745534219e-01
5.106608232673500725e-01
5.106570692264902345e-01
5.106547875720447438e-01
5.106541375309554542e-01
5.106557014769944614e-01
5.106603051990658004e-01
5.106694178905769599e-01
5.106866974001953441e-01
5.107214888256705887e-01
5.108078262336147590e-01
5.109635382385041558e-01
5.107920918980743963e-01
5.107223094111824624e-01
5.106966446879340760e-01
5.106879698777289089e-01
5.106895903109248680e-01
5.107006525591049062e-01
5.107237212521059666e-01
5.107685732383399069e-01
5.108626531340905164e-01
5.110807035723616831e-01
5.110975108938791145e-01
5.108590116407981663e-01
5.107518292399612081e-01
5.106961879527328607e-01
5.106629783884442109e-01
5.106418264392409423e-01
5.106285824154487285e-01
5.106216291977718758e-01
5.106203373686037938e-01
5.106252503726268488e-01
5.106372565732377744e-01
5.106562220413193298e-01
5.106754009471388134e-01
5.106779166260392300e-01
5.106587570073125582e-01
5.106346389655472828e-01
5.106160968250348375e-01
5.106043898452184981e-01
5.105984077932151921e-01
5.105967515202963769e-01
5.105985732085479567e-01
5.106029015616821987e-01
5.106083018223869230e-01
5.106131147121839575e-01
5.106151260138136472e-01
5.106126307330220992e-01
5.106052662631821448e-01
5.105942865468909853e-01
5.105814590039293721e-01
5.105689792557822626e-01
5.105574933241950886e-01
5.105471961316075946e-01
5.105387937119046926e-01
5.105317728996248139e-01
5.105264430075926452e-01
5.105224694579055811e-01
5.105196572173797964e-01
5.105180365935561015e-01
5.105174974592114889e-01
5.105179438078917276e-01
5.105192115311735224e-01
5.105212554135272196e-01
5.105238786358047287e-01
5.105271513128185612e-01
5.105309107687341363e-01
5.105349788191914095e-01
5.105393258475020568e-01
5.105438589653515935e-01
5.105485765685742194e-01
5.105532026468481144e-01
5.105578264839584213e-01
5.105621839896963277e-01
5.105662838194326980e-01
5.105701093755654618e-01
5.105734931806077403e-01
5.105763137488920078e-01
5.105785621607918934e-01
5.105801806573674329e-01
5.105810929206532345e-01
5.105812933806845866e-01
5.105807293261170887e-01
5.105795106364814373e-01
5.105776300646392984e-01
5.105752817556340473e-01
5.105725908727835050e-01
5.105700086545751359e-01
5.105684626878570498e-01
5.105700105424436641e-01
5.105706040526397649e-01
5.105560996950432306e-01
5.105440719196524535e-01
5.105351781450381266e-01
5.105279476704046582e-01
5.105219794333317740e-01
5.105173529696988011e-01
5.105140983925002818e-01
5.105125247987740700e-01
5.105128134750895885e-01
5.105149444194194697e-01
5.105185153960811739e-01
5.105221626865765749e-01
5.105237422480818354e-01
5.105198190511254230e-01
5.105071041062861914e-01
5.104842541277243573e-01
5.104528700929491514e-01
5.104169747059393858e-01
5.103786838829904582e-01
5.103424558526649113e-01
5.103077722482147749e-01
5.102769670697739901e-01
5.102492042459298993e-01
5.102237379399594541e-01
5.102016845127594902e-01
5.101816095657140115e-01
5.101643280862327989e-01
5.101486532693629838e-01
5.101351925682875432e-01
5.101232819024643650e-01
5.101124207493018536e-01
5.101029881895411400e-01
5.100942266503851741e-01
5.100864297274871895e-01
5.100791655948541115e-01
5.100720834958444305e-01
5.100654657141520110e-01
5.100588136712979059e-01
5.100524349626031073e-01
5.100460725491919867e-01
5.100394831536442242e-01
5.100330082793217423e-01
5.100262254941834161e-01
5.100193006824668140e-01
5.100122157180575488e-01
5.100053818580452258e-01
5.099979630932103269e-01
5.099903759272237380e-01
5.099830752009031354e-01
5.099751916254159356e-01
5.099674093135215802e-01
5.099595246912178581e-01
5.099513254253706940e-01
5.099432977069865425e-01
5.099349958260349647e-01
5.099269072799844649e-01
5.099188097104595530e-01
5.099104711114487154e-01
5.099023565808562530e-01
5.098939777591997569e-01
5.098857861326424601e-01
5.098772826484654352e-01
5.098689296649842051e-01
5.098604781756576054e-01
5.098516734281783869e-01
5.098430029990417278e-01
5.098339523251075311e-01
5.098250058296841525e-01
5.098158804515955378e-01
5.098062672017369401e-01
5.097963796811247894e-01
5.097861705407835675e-01
5.097761867748756837e-01
5.097652220717867610e-01
5.097538132855850002e-01
5.097425912256319247e-01
5.097302379644169656e-01
5.097173745445789939e-01
5.097047287073026567e-01
5.096908509852553504e-01
5.096764516059639760e-01
5.096615317650552424e-01
5.096469304633992614e-01
5.096309917081771612e-01
5.096145192693962711e-01
5.095984164948105244e-01
5.095808517138448179e-01
5.095626892781780493e-01
5.095439001411892210e-01
5.095254994743506627e-01
5.095054127803230193e-01
5.094846336937259856e-01
5.094642997334766221e-01
5.094421535011334212e-01
5.094199148165085012e-01
5.093970137683488941e-01
5.093728108165150870e-01
5.093485728594990825e-01
5.093230095451888317e-01
5.092974816692388274e-01
5.092706880630224475e-01
5.092441331100809876e-01
5.092172827263047319e-01
5.091896109754631139e-01
5.091627669174413340e-01
5.091355213705542893e-01
5.091097997955147392e-01
5.090839698414700853e-01
5.090588031951323034e-01
5.090343084663779827e-01
5.090104287568485431e-01
5.089870645601162202e-01
5.089644568036079120e-01
5.089420565801252572e-01
5.089203242769129165e-01
5.088991479693986131e-01
5.088794720099407698e-01
5.088603319011937298e-01
5.088428289760470458e-01
5.088265335137915901e-01
5.088111480850761037e-01
5.087976045397348823e-01
5.087852691332567234e-01
5.087749303718908100e-01
5.087663449800916560e-01
5.087594442843658138e-01
5.087547256082033398e-01
5.087519702937124411e-01
5.087514192971628324e-01
5.087529548636631205e-01
5.087566141457421365e-01
5.087621389774726888e-01
5.087695207780875695e-01
5.087781033394906949e-01
5.087875550086622400e-01
5.087973563513230602e-01
5.088065388559496194e-01
5.088139446907872232e-01
5.088180195424415464e-01
5.088169341929699163e-01
5.088092031763894463e-01
5.087942713901137948e-01
5.087725783330584450e-01
5.087450133719880752e-01
5.087128723919640549e-01
5.086776984980904137e-01
5.086415066655113337e-01
5.086041614516922937e-01
5.085685587007455766e-01
5.085334919939173970e-01
5.085011567339534633e-01
5.084708110588046504e-01
5.084417785479017349e-01
5.084155329692326974e-01
5.083905865708308047e-01
5.083675568464203209e-01
5.083463283959424039e-01
5.083277862642950895e-01
5.083097692885094609e-01
5.082932734781931972e-01
5.082790097125489126e-01
5.082653148112284969e-01
5.082530041823785094e-01
5.082426353083849824e-01
5.082330057371334808e-01
5.082247849436227760e-01
5.082180357012096028e-01
5.082131370429200379e-01
5.082096036410208573e-01
5.082080059768797620e-01
5.082085937891209770e-01
5.082116541774139851e-01
5.082177137675476519e-01
5.082273133754909855e-01
5.082403746731519734e-01
5.082584556392022446e-01
5.082829834226744170e-01
5.083142205917683398e-01
5.083558674869618210e-01
5.084090946665698052e-01
5.084798541175025166e-01
5.085782709468033014e-01
5.087202833337577390e-01
5.089405373079517458e-01
5.093210235583874868e-01
5.101391176171035102e-01
5.131264641943885652e-01
5.134103095459412458e-01
5.101288916575238419e-01
5.092310654939122827e-01
5.087986210075386984e-01
5.085438777813244826e-01
5.083706208308519381e-01
5.082477994369049012e-01
5.081584759504748083e-01
5.080935029120138280e-01
5.080483312220176462e-01
5.080191885949431052e-01
5.080053228051527592e-01
5.080055052924677961e-01
5.080184148504430786e-01
5.080411363723394969e-01
5.080704787478868001e-01
5.081021568173238467e-01
5.081273081070931674e-01
5.081373072302001193e-01
5.081211603441100344e-01
5.080706210383929555e-01
5.079789636385998453e-01
5.078535925416902685e-01
5.076967380275686503e-01
5.075271630005259160e-01
5.073465678467894424e-01
5.071716738357515686e-01
5.070027698771572000e-01
5.068384673095942539e-01
5.066881738965836046e-01
5.065443202327084560e-01
5.064138220633751519e-01
5.062893255740337217e-01
5.061736184057873400e-01
5.060712445335621146e-01
5.059706700487293096e-01
5.058769394638554795e-01
5.057938123668608288e-01
5.057119854650166113e-01
5.056356603776914760e-01
5.055645095536157596e-01
5.055015125083436311e-01
5.054396916318059096e-01
5.053823344062734479e-01
5.053318628904580612e-01
5.052826674723269740e-01
5.052373721274929785e-01
5.051957482621177720e-01
5.051594059342888743e-01
5.051240550033484489e-01
5.050912863072374304e-01
5.050620666465631681e-01
5.050325016655594634e-01
5.050041308804854578e-01
5.049752825667453981e-01
5.049442020256103003e-01
5.049116148332678522e-01
5.048750490407981628e-01
5.048359429609391436e-01
5.047921361666338758e-01
5.047461790779147472e-01
5.046976822752650138e-01
5.046463637431186644e-01
5.045961866324017997e-01
5.045460963285234302e-01
5.045002862023110213e-01
5.044591267815456970e-01
5.044235471063336362e-01
5.043971570137897320e-01
5.043800054292468804e-01
5.043714549815454529e-01
5.043639906072239221e-01
5.043390441939508140e-01
5.042769932437378699e-01
5.041805794926622619e-01
5.040714046692770234e-01
5.039670175143745601e-01
5.038691681534491762e-01
5.037785985817931911e-01
5.036952135880091719e-01
5.036189566061288758e-01
5.035489840907251269e-01
5.034850506257810832e-01
5.034245915458466225e-01
5.033670505271861106e-01
5.033140222194820712e-01
5.032623004820788726e-01
5.032142005915609673e-01
5.031681096185721680e-01
5.031226679258151702e-01
5.030800151588010749e-01
5.030377326255627279e-01
5.029978379197359573e-01
5.029590848289471339e-01
5.029203482119933843e-01
5.028834823863740366e-01
5.028464058701490602e-01
5.028109278435202167e-01
5.027751110331973861e-01
5.027407984830890575e-01
5.027070994784955671e-01
5.026732147047306976e-01
5.026409710832747679e-01
5.026087287800714565e-01
5.025782154052768069e-01
5.025486320414317420e-01
5.025192672310802022e-01
5.024909569030269196e-01
5.024637337185530184e-01
5.024389645945090965e-01
5.024139532218269144e-01
5.023901258694851713e-01
5.023686778390078489e-01
5.023472712582766064e-01
5.023271726184318497e-01
5.023084345465088640e-01
5.022920043828216219e-01
5.022760949411410047e-01
5.022617379292902973e-01
5.022496625657789648e-01
5.022385517748099160e-01
5.022292187332713098e-01
5.022221200440170064e-01
5.022164439265633940e-01
5.022128096147410181e-01
5.022109902391185265e-01
5.022111299198681600e-01
5.022131092064071600e-01
5.022169863849391680e-01
5.022225787833548560e-01
5.022300305517813923e-01
5.022388509572144333e-01
5.022490487098613121e-01
5.022594705342019461e-01
5.022692013233333030e-01
5.022767440718697296e-01
5.022797620975241184e-01
5.022762612791407122e-01
5.022650026607283769e-01
5.022455530664798884e-01
5.022178870015309160e-01
5.021851801591038500e-01
5.021479002762042620e-01
5.021099842282089609e-01
5.020720765517755479e-01
5.020343199706283066e-01
5.019993447563178002e-01
5.019656688478497664e-01
5.019343878717501539e-01
5.019069428185434223e-01
5.018802362575293108e-01
5.018556946765231341e-01
5.018337261293944751e-01
5.018135058569876961e-01
5.017943912114068983e-01
5.017772456279705473e-01
5.017614106758409021e-01
5.017463848004040106e-01
5.017328888529721809e-01
5.017201101752221115e-01
5.017087138292249948e-01
5.016983309020434101e-01
5.016884604636558942e-01
5.016804290499160546e-01
5.016730171189108800e-01
5.016667700592920554e-01
5.016620042610537844e-01
5.016581306309536581e-01
5.016555263447779467e-01
5.016542265616148466e-01
5.016542897830221781e-01
5.016556347346352585e-01
5.016583876637636941e-01
5.016623966824425018e-01
5.016679951294038542e-01
5.016751029654276106e-01
5.016837528298937476e-01
5.016934846393125147e-01
5.017052287628838148e-01
5.017185996801235559e-01
5.017328875780959763e-01
5.017494925378014337e-01
5.017677787617105256e-01
5.017867732819065729e-01
5.018083550943550630e-01
5.018316221180598724e-01
5.018565609874418021e-01
5.018818402039537663e-01
5.019099718732268345e-01
5.019396948008224557e-01
5.019694321843898299e-01
5.020021625331393400e-01
5.020363999604690042e-01
5.020712601764634186e-01
5.021075776577004213e-01
5.021454158950439117e-01
5.021858941993370129e-01
5.022272325764439715e-01
5.022717772706303263e-01
5.023177512510801357e-01
5.023667297598269910e-01
5.024207408073588788e-01
5.024778885987098986e-01
5.025409111983143440e-01
5.026095720230775443e-01
5.026836360504139956e-01
5.027677545070980969e-01
5.028675929138290979e-01
5.029934738920076587e-01
5.031593559739977461e-01
5.033834303380223529e-01
5.036799361002429753e-01
5.040467472251494163e-01
5.043513224028767228e-01
5.043307995831387558e-01
5.039716302836558803e-01
5.035327410873762233e-01
5.031642810611955952e-01
5.028671356708982465e-01
5.026284506795881679e-01
5.024280442791752010e-01
5.022602079098199557e-01
5.021115545596416263e-01
5.019737755344729768e-01
5.018506455118416643e-01
5.017336893147784638e-01
5.016274359782137982e-01
5.015253457163211248e-01
5.014318226136502687e-01
5.013436188675479688e-01
5.012581564117178923e-01
5.011793747307975444e-01
5.011028390344368644e-01
5.010321641101691537e-01
5.009651311831043730e-01
5.008999302259394826e-01
5.008397069149573833e-01
5.007811541067452854e-01
5.007271204688538146e-01
5.006759531157267684e-01
5.006263090512009795e-01
5.005806305666301581e-01
5.005364164323908849e-01
5.004958277663351662e-01
5.004565711054916877e-01
5.004204432185869189e-01
5.003860568972010592e-01
5.003520157538378088e-01
5.003193456437211584e-01
5.002854453955967173e-01
5.002513622552897665e-01
5.002159144807694080e-01
5.001782439374483635e-01
5.001406891700758139e-01
5.001016772859924187e-01
5.000634603114354482e-01
5.000250987927752355e-01
4.999855035444134566e-01
4.999465770112486163e-01
4.999061041669473626e-01
4.998660311174608073e-01
4.998241412064332034e-01
4.997825393103242919e-01
4.997401647433295513e-01
4.996959334615655446e-01
4.996522284269622749e-01
4.996069129860500890e-01
4.995613417069685314e-01
4.995180964140480961e-01
4.994727692841102740e-01
4.994291482803286941e-01
4.993852713826596457e-01
4.993437547595634407e-01
4.993038694756229967e-01
4.992651371797535154e-01
4.992301649536595165e-01
4.991982722413756957e-01
4.991708197268332481e-01
4.991487311369488533e-01
4.991305868191212025e-01
4.991114266357132845e-01
4.990804722460546183e-01
4.990323082700581780e-01
4.989752789846887970e-01
4.989200525416266352e-01
4.988691341390928957e-01
4.988236581266276004e-01
4.987829836321936994e-01
4.987459465527315228e-01
4.987133514311284932e-01
4.986838105297159429e-01
4.986563751566098213e-01
4.986322896031930574e-01
4.986101305424498475e-01
4.985909935641375523e-01
4.985742465414125801e-01
4.985595696359173545e-01
4.985478758525943022e-01
4.985387144062345399e-01
4.985328989073443684e-01
4.985305070101777591e-01
4.985322987198854139e-01
4.985391941746294964e-01
4.985528625402674274e-01
4.985762617331672697e-01
4.986147559717056810e-01
4.986771018308664427e-01
4.987476271784676007e-01
4.987365893184120824e-01
4.986961425730190300e-01
4.986817158348008094e-01
4.986889413707549790e-01
4.987110039163267228e-01
4.987456387871199159e-01
4.987918391049719347e-01
4.988506845519194433e-01
4.989207913642101921e-01
4.990073393683520098e-01
4.991082148407462449e-01
4.992280358779670468e-01
4.993739607002986580e-01
4.995425024334156916e-01
4.997461866344756753e-01
4.999745996625475919e-01
5.002416524880525239e-01
5.005342674424243521e-01
5.008304145507560534e-01
5.010864789483403525e-01
5.012412303031915650e-01
5.012463324308263912e-01
5.011026576167673108e-01
5.008597274382727838e-01
5.005746633388408195e-01
5.002978514937391763e-01
5.000363195435252317e-01
4.997871837169879372e-01
4.995508868048840201e-01
4.993242840900350976e-01
4.991178074874031978e-01
4.989229933714324217e-01
4.987503153599258665e-01
4.985939460897296227e-01
4.984489187229287910e-01
4.983207558878679500e-01
4.982010241195834466e-01
4.980942282524490339e-01
4.979959501296488122e-01
4.979040661389176337e-01
4.978191603946268140e-01
4.977407416960797915e-01
4.976682711502583567e-01
4.976007207008873445e-01
4.975315751346756632e-01
4.974594533814249431e-01
4.973883161967889155e-01
4.973207914936860208e-01
4.972569970800836403e-01
4.971972002734933449e-01
4.971393850495303690e-01
4.970833144271635251e-01
4.970308509896659288e-01
4.969790636988962174e-01
4.969304707257893861e-01
4.968836231067580433e-01
4.968372722541865572e-01
4.967925991216625148e-01
4.967506254975997959e-01
4.967101263351330620e-01
4.966710407566164998e-01
4.966323180575982210e-01
4.965958667877923838e-01
4.965596384784567441e-01
4.965253503942146929e-01
4.964909681164161315e-01
4.964580006308133564e-01
4.964252333619052493e-01
4.963914591657391240e-01
4.963581526295227087e-01
4.963234177816157611e-01
4.962891422137580832e-01
4.962547311301722108e-01
4.962197263735568242e-01
4.961864416862292737e-01
4.961536091401557158e-01
4.961233542641885763e-01
4.960951575703418381e-01
4.960679962514769614e-01
4.960454913182968939e-01
4.960246565282319664e-01
4.960074476805877985e-01
4.959934119673952146e-01
4.959823096411454801e-01
4.959745736428918250e-01
4.959691784374034018e-01
4.959653312199134856e-01
4.959608148974267716e-01
4.959532328944243340e-01
4.959394559433163985e-01
4.959162641996542331e-01
4.958839206718732018e-01
4.958417834331828589e-01
4.957944910827693508e-01
4.957438373517157326e-01
4.956907967102796575e-01
4.956396961615930352e-01
4.955888057515163148e-01
4.955411579090443497e-01
4.954955544343530582e-01
4.954508434366703962e-01
4.954092174391909187e-01
4.953683506159882732e-01
4.953302271286908476e-01
4.952927285082294739e-01
4.952577180375152821e-01
4.952241647978561923e-01
4.951912128027139426e-01
4.951597697909301821e-01
4.951298474822892204e-01
4.951029079809761702e-01
4.950760108419733907e-01
4.950506967616344900e-01
4.950281880092555209e-01
4.950059921245845151e-01
4.949853855217291598e-01
4.949673130139760624e-01
4.949496926207706538e-01
4.949334945236986139e-01
4.949186039260498049e-01
4.949055937902553937e-01
4.948927926617865958e-01
4.948810855872585734e-01
4.948698895285442156e-01
4.948586620186646856e-01
4.948477930187667462e-01
4.948364570946762186e-01
4.948251446606345971e-01
4.948135013679195726e-01
4.948012490278157482e-01
4.947892101089251815e-01
4.947768572940984821e-01
4.947648053294368409e-01
4.947521219703890916e-01
4.947372550069600861e-01
4.947187741218544987e-01
4.946963030167018105e-01
4.946713445963981659e-01
4.946461096368446886e-01
4.946225477832839057e-01
4.946008635783840091e-01
4.945814869927652735e-01
4.945652541779300138e-01
4.945513163527628930e-01
4.945404764437265066e-01
4.945323949177867773e-01
4.945270567386112481e-01
4.945249439023161608e-01
4.945260895059545581e-01
4.945307351847390565e-01
4.945391115195692522e-01
4.945518774073176527e-01
4.945688197999733582e-01
4.945911676825127112e-01
4.946183152321674270e-01
4.946512075790977514e-01
4.946914143131310171e-01
4.947375188219053643e-01
4.947923507896967443e-01
4.948536519556154811e-01
4.949238074839732437e-01
4.950008957872232274e-01
4.950859552592876689e-01
4.951760079570101114e-01
4.952677105372172428e-01
4.953567539979593648e-01
4.954378648550165076e-01
4.955035652808663094e-01
4.955475083829299354e-01
4.955607253821162073e-01
4.955366287131577896e-01
4.954746219468737500e-01
4.953766558026579392e-01
4.952447947993650068e-01
4.950936623414566307e-01
4.949240516491394404e-01
4.947518564966925103e-01
4.945741235812194381e-01
4.944038500455044671e-01
4.942349191389981411e-01
4.940733324952402139e-01
4.939273406058376503e-01
4.937816070806091417e-01
4.936439156616437840e-01
4.935202894612870095e-01
4.933971512430283535e-01
4.932836377560835817e-01
4.931734017249943536e-01
4.930715995535799312e-01
4.929750042431794155e-01
4.928809668643650554e-01
4.927939322563592572e-01
4.927090021081643734e-01
4.926299626192593983e-01
4.925527886489069473e-01
4.924781711694399822e-01
4.924026610042949170e-01
4.923263141352451910e-01
4.922494163313099746e-01
4.921730709297483242e-01
4.920983402997393119e-01
4.920267439183235725e-01
4.919557156178990809e-01
4.918888233453656000e-01
4.918224253971777427e-01
4.917597283738755487e-01
4.916988453392427960e-01
4.916380888612900679e-01
4.915804108232249003e-01
4.915226540465682525e-01
4.914676476367307312e-01
4.914137943951276122e-01
4.913596270253286491e-01
4.913078276844887182e-01
4.912555996328557550e-01
4.912055534447043459e-01
4.911550133565860121e-01
4.911065400579963658e-01
4.910588212483301129e-01
4.910106401462508985e-01
4.909632855223745040e-01
4.909167937675185667e-01
4.908735288316487533e-01
4.908288614005680284e-01
4.907852206986649812e-01
4.907448439121377404e-01
4.907034410838709837e-01
4.906633417443016509e-01
4.906266419883844598e-01
4.905895176479422304e-01
4.905551121179806406e-01
4.905218816551055183e-01
4.904919128487799096e-01
4.904641201814624041e-01
4.904406514277022122e-01
4.904217309981796502e-01
4.904087017496965295e-01
4.904042279678674787e-01
4.904120753136748112e-01
4.904380448346638555e-01
4.904880839168201945e-01
4.905576182595016155e-01
4.905850373551614574e-01
4.905042562311001109e-01
4.903827514352578354e-01
4.902831608053896950e-01
4.902113086903297501e-01
4.901628928186839151e-01
4.901326752848925161e-01
4.901106104686786535e-01
4.900747233885226484e-01
4.900151488971454805e-01
4.899485539777395648e-01
4.898888051674264443e-01
4.898377520091264370e-01
4.897936616804858256e-01
4.897551116270635885e-01
4.897195815653646034e-01
4.896859963834303553e-01
4.896546493204453343e-01
4.896230103502677844e-01
4.895920009809803242e-01
4.895602161152673437e-01
4.895263445338942088e-01
4.894919225828506804e-01
4.894551214212994328e-01
4.894180321910995279e-01
4.893790243857087385e-01
4.893404969542817784e-01
4.893018365603288844e-01
4.892623770826527996e-01
4.892234520204215009e-01
4.891853052490651721e-01
4.891500151144587694e-01
4.891138659035788039e-01
4.890788992443676486e-01
4.890468965116192002e-01
4.890144014334686928e-01
4.889832224158058849e-01
4.889548992362712787e-01
4.889263346134932742e-01
4.888991308948070769e-01
4.888733068576788798e-01
4.888501392335616313e-01
4.888271015226184346e-01
4.888055739266718436e-01
4.887866577388735867e-01
4.887683342048819157e-01
4.887518341862758242e-01
4.887373132663992426e-01
4.887255769334808986e-01
4.887154554873460732e-01
4.887079089514356767e-01
4.887033998357832587e-01
4.887015479854450728e-01
4.887029351550371548e-01
4.887074442375596850e-01
4.887154341792822598e-01
4.887266129358565636e-01
4.887400839607747294e-01
4.887550732369861928e-01
4.887699835347152910e-01
4.887827421139933071e-01
4.887897327578069606e-01
4.887877205666680824e-01
4.887736970576189166e-01
4.887446753948763156e-01
4.887017212631675211e-01
4.886456325830502712e-01
4.885773123865629342e-01
4.885037064795542117e-01
4.884244843488794730e-01
4.883465047018760163e-01
4.882698476570408452e-01
4.881940133032892093e-01
4.881219198639140111e-01
4.880557004653838238e-01
4.879936304261336955e-01
4.879357038032401950e-01
4.878804629149138816e-01
4.878305900162445141e-01
4.877833089544530987e-01
4.877409068259270231e-01
4.877015193650748315e-01
4.876660925981611827e-01
4.876336401514757557e-01
4.876046552332972128e-01
4.875793719625466371e-01
4.875576715949715423e-01
4.875401164641245955e-01
4.875245766919959478e-01
4.875108726457212382e-01
4.875015174616304514e-01
4.874963686231888471e-01
4.874955732879532877e-01
4.874991794714593762e-01
4.875075147490795513e-01
4.875209324404931599e-01
4.875401338813867280e-01
4.875648661493575120e-01
4.875961230228548215e-01
4.876356989166418243e-01
4.876825764908135352e-01
4.877417586091731816e-01
4.878070866652722826e-01
4.878881845701570352e-01
4.879839725591570976e-01
4.880908571391777140e-01
4.882228000658679345e-01
4.883741091430612857e-01
4.885567430896760044e-01
4.887665520174551137e-01
4.890132870436383894e-01
4.893109856188423978e-01
4.896504602026711672e-01
4.900518411906990557e-01
4.904897461283775351e-01
4.909513850672420632e-01
4.913914951675366627e-01
4.917180522660243858e-01
4.918349546523665961e-01
4.916930292774018274e-01
4.913283311791646346e-01
4.908401312411526107e-01
4.903056080506039693e-01
4.897823837698612737e-01
4.893162772276455352e-01
4.888908488235417238e-01
4.885255141270207213e-01
4.882036543633730408e-01
4.879123662859393695e-01
4.876605172447011083e-01
4.874299629625837293e-01
4.872281085500536624e-01
4.870454533363833272e-01
4.868751105947090041e-01
4.867195624377214092e-01
4.865767751313166967e-01
4.864514748404797917e-01
4.863289973236350483e-01
4.862150903268808722e-01
4.861139745454586825e-01
4.860140666799158127e-01
4.859202109592998808e-01
4.858317796895710305e-01
4.857523544918150304e-01
4.856729744611292809e-01
4.855975594568446296e-01
4.855292799120840552e-01
4.854604585207185075e-01
4.853944921731576656e-01
4.853342391519994692e-01
4.852729506014700767e-01
4.852136726482171869e-01
4.851561973275189676e-01
4.851031791876935784e-01
4.850487927286915579e-01
4.849971871319249672e-01
4.849468992513707444e-01
4.848966157457023640e-01
4.848488781157184735e-01
4.848011494546102251e-01
4.847558735818513487e-01
4.847118375544098301e-01
4.846679946870307010e-01
4.846266948611597236e-01
4.845858731092294036e-01
4.845477449764570288e-01
4.845113370595474089e-01
4.844758350418502113e-01
4.844422947759522424e-01
4.844107671007404914e-01
4.843827761518103014e-01
4.843552705198026498e-01
4.843298557149912087e-01
4.843077122342034913e-01
4.842863628177368485e-01
4.842670465363594356e-01
4.842496788372492866e-01
4.842349176069044026e-01
4.842208691058689229e-01
4.842081031698716176e-01
4.841962099561772925e-01
