-6.500270822717979513e-07
-1.951133832833740200e-06
-3.253380940204664284e-06
-4.556883270501188576e-06
-5.861774968529687158e-06
-7.168215240715980485e-06
-8.476371744392530161e-06
-9.786448488369181575e-06
-1.109866680237825420e-05
-1.241330010504082537e-05
-1.373066662058164411e-05
-1.505112244981621217e-05
-1.637511092877907970e-05
-1.770313267301926174e-05
-1.903582532292169560e-05
-2.037391930165277643e-05
-2.171825199848154142e-05
-2.306984722966198831e-05
-2.442973692029504207e-05
-2.579896569698814091e-05
-2.717836226029390900e-05
-2.856801463713143363e-05
-2.996698783408469069e-05
-3.137292295063431879e-05
-3.278255714700417656e-05
-3.419257246584095356e-05
-3.560037996463982779e-05
-3.700443652132623384e-05
-3.840417573630627857e-05
-3.979965212796976459e-05
-4.119131322921631977e-05
-4.257985167699374074e-05
-4.396604280942906229e-05
-4.535077591572012068e-05
-4.673473432481589640e-05
-4.811793118275620174e-05
-4.949916256768993605e-05
-5.087674110437756525e-05
-5.224995081631877980e-05
-5.361903837974857367e-05
-5.498460175945574235e-05
-5.634722732728025818e-05
-5.770736808174969923e-05
-5.906540182920583248e-05
-6.042163832720159888e-05
-6.177630712467241381e-05
-6.312960992160832063e-05
-6.448171155981619052e-05
-6.583276937022208841e-05
-6.718290699103679486e-05
-6.853224313907446685e-05
-6.988088669857006607e-05
-7.122892954958270906e-05
-7.257646005598417105e-05
-7.392355775315273547e-05
-7.527029751919211975e-05
-7.661674880787838759e-05
-7.796297423745546240e-05
-7.930903600594785274e-05
-8.065499175391455111e-05
-8.200089585053138563e-05
-8.334680494015422880e-05
-8.469277084610649098e-05
-8.603884731073208059e-05
-8.738508590544480370e-05
-8.873154015587303434e-05
-9.007826413776065522e-05
-9.142531454509050803e-05
-9.277275042440802366e-05
-9.412063476543774954e-05
-9.546903638513182244e-05
-9.681802737815381477e-05
-9.816769054638019298e-05
-9.951811638853058639e-05
-1.008694058809433969e-04
-1.022216717461166269e-04
-1.035750442683891492e-04
-1.049296767279273013e-04
-1.062857336588951540e-04
-1.076433943267840476e-04
-1.090028584287416891e-04
-1.103643149827915337e-04
-1.117279383874292265e-04
-1.130937757459760107e-04
-1.144616857370328589e-04
-1.158312440634468032e-04
-1.172017247701440112e-04
-1.185722032178704310e-04
-1.199418005678465349e-04
-1.213099171690767974e-04
-1.226762723990360016e-04
-1.240408516359758906e-04
-1.254037693949605625e-04
-1.267652405569918983e-04
-1.281254894203165406e-04
-1.294847275975508083e-04
-1.308431391511266639e-04
-1.322008839527155644e-04
-1.335581073006464337e-04
-1.349149341415278869e-04
-1.362714692952904372e-04
-1.376278061837599154e-04
-1.389840256743601898e-04
-1.403402036240786188e-04
-1.416964077469717864e-04
-1.430527010952697964e-04
-1.444091391148427661e-04
-1.457657737010675802e-04
-1.471226522533619629e-04
-1.484798194028025264e-04
-1.498373161210597715e-04
-1.511951813374379228e-04
-1.525534515585125206e-04
-1.539121630653728090e-04
-1.552713492743995616e-04
-1.566310437784990128e-04
-1.579912785162340683e-04
-1.593520838912843018e-04
-1.607134932848364173e-04
-1.620755369500237464e-04
-1.634382493532759995e-04
-1.648016654909323364e-04
-1.661658184801684257e-04
-1.675307492271516097e-04
-1.688964899112521678e-04
-1.702630876242450242e-04
-1.716305908894266707e-04
-1.729990493465338730e-04
-1.743685270375605612e-04
-1.757390894863153363e-04
-1.771108229168261161e-04
-1.784838332534732785e-04
-1.798582476554289045e-04
-1.812342503046959763e-04
-1.826120709663703323e-04
-1.839920389060667461e-04
-1.853746228862584999e-04
-1.867605058689658648e-04
-1.881506935007548620e-04
-1.895461455364566561e-04
-1.909463576106329441e-04
-1.923477720950916847e-04
-1.937471889844610828e-04
-1.951441008374299457e-04
-1.965391473084387997e-04
-1.979330111530064329e-04
-1.993262269456286262e-04
-2.007191888049320028e-04
-2.021121845009465900e-04
-2.035054351460230393e-04
-2.048991129275368195e-04
-2.062933561518542902e-04
-2.076882813588643018e-04
-2.090839907846753221e-04
-2.104805688231126126e-04
-2.118780929142305425e-04
-2.132766292026744281e-04
-2.146762373081978481e-04
-2.160769867353140583e-04
-2.174789281853550804e-04
-2.188821037448773765e-04
-2.202865497096251346e-04
-2.216922705134960481e-04
-2.230992736045322999e-04
-2.245075063982415742e-04
-2.259169564056140445e-04
-2.273276138011759429e-04
-2.287394742963577698e-04
-2.301525457408803987e-04
-2.315668287634631284e-04
-2.329823233649941372e-04
-2.343990342529300719e-04
-2.358169607947768753e-04
-2.372361092847219410e-04
-2.386564799797818992e-04
-2.400780632748622523e-04
-2.415008740490609540e-04
-2.429249190586402207e-04
-2.443502282887255461e-04
-2.457768448969055441e-04
-2.472048461238385286e-04
-2.486343841960891865e-04
-2.500657437060072041e-04
-2.514995605900072206e-04
-2.529375795605748323e-04
-2.543898804360233967e-04
-2.558451783393200785e-04
-2.572867133338041512e-04
-2.587255486387052272e-04
-2.601635730840046179e-04
-2.616015147965944365e-04
-2.630397763527803079e-04
-2.644786362215878484e-04
-2.659183312277990652e-04
-2.673590761036459540e-04
-2.688010771421112111e-04
-2.702445492894778312e-04
-2.716896861766349147e-04
-2.731366451657057937e-04
-2.745854875709774490e-04
-2.760361543048261979e-04
-2.774884275887901097e-04
-2.789419592018616001e-04
-2.803963467500336648e-04
-2.818511913982302275e-04
-2.833061857718810472e-04
-2.847611263058213993e-04
-2.862159044497714078e-04
-2.876704793998152709e-04
-2.891248610573660116e-04
-2.905790891257753472e-04
-2.920332199030095666e-04
-2.934873198757737001e-04
-2.949414611114198337e-04
-2.963957155159846479e-04
-2.978501582997505892e-04
-2.993048631056982600e-04
-3.007599037190278324e-04
-3.022153551129891369e-04
-3.036713012306568871e-04
-3.051278352492747814e-04
-3.065850708928730128e-04
-3.080431565872787658e-04
-3.095022919440415521e-04
-3.109627943983506171e-04
-3.124251482269357894e-04
-3.138902175378044390e-04
-3.153597581544431705e-04
-3.168380289875205591e-04
-3.183393592876004874e-04
-3.198872703240596138e-04
-3.214128158687268311e-04
-3.229216807719703652e-04
-3.244233136249219385e-04
-3.259258165654310702e-04
-3.274272302417058356e-04
-3.289199260513298029e-04
-3.304090591582653502e-04
-3.318959520225428506e-04
-3.333812479261455408e-04
-3.348653824033487325e-04
-3.363486646565938543e-04
-3.378313501902763250e-04
-3.393136658002005035e-04
-3.407958260446264376e-04
-3.422780553163917716e-04
-3.437605936005283525e-04
-3.452437238525840613e-04
-3.467278021397346421e-04
-3.482133371199847005e-04
-3.497011192220567111e-04
-3.511925266802551349e-04
-3.526901028649831460e-04
-3.541973582985580293e-04
-3.557111039498295213e-04
-3.572205505524284064e-04
-3.587245311492681665e-04
-3.602250846029830811e-04
-3.617236456485706242e-04
-3.632208676377368661e-04
-3.647169525207161200e-04
-3.662118762646215941e-04
-3.677055822205455016e-04
-3.691980581486120627e-04
-3.706893328424554213e-04
-3.721795110209757951e-04
-3.736687034561203546e-04
-3.751570507168899837e-04
-3.766446797723865814e-04
-3.781317198496836340e-04
-3.796183099413763529e-04
-3.811045834325454962e-04
-3.825906665220202285e-04
-3.840766934630757135e-04
-3.855627933403438234e-04
-3.870491014938970409e-04
-3.885357549296974966e-04
-3.900228948023887199e-04
-3.915106645586696743e-04
-3.929992201028298382e-04
-3.944887288773735179e-04
-3.959793669822131434e-04
-3.974713325221035376e-04
-3.989648374886911597e-04
-4.004601362765924932e-04
-4.019574535286674077e-04
-4.034570361987066534e-04
-4.049590931333169053e-04
-4.064637272482851671e-04
-4.079709365008010735e-04
-4.094806608085921340e-04
-4.109927824939019203e-04
-4.125072459282286275e-04
-4.140240430123842685e-04
-4.155432793947477776e-04
-4.170650876003101359e-04
-4.185896376920350548e-04
-4.201171276039250557e-04
-4.216476877304531357e-04
-4.231814528706800971e-04
-4.247185112753459890e-04
-4.262588994073945869e-04
-4.278026214058483490e-04
-4.293496923494233286e-04
-4.309001924576172371e-04
-4.324541972169360093e-04
-4.340117912768892694e-04
-4.355730879329611227e-04
-4.371381749742608847e-04
-4.387071267107911510e-04
-4.402800420559849215e-04
-4.418569469910593739e-04
-4.434378380426817756e-04
-4.450227948815665968e-04
-4.466121554763669010e-04
-4.482067958572200084e-04
-4.498080244326185806e-04
-4.514158876445240054e-04
-4.530275980650921852e-04
-4.546403649413610637e-04
-4.562535057908156944e-04
-4.578673542424693821e-04
-4.594820355543483004e-04
-4.610970736593777985e-04
-4.627124147331684867e-04
-4.643283038264778284e-04
-4.659449618806821292e-04
-4.675625420206275251e-04
-4.691811919840249701e-04
-4.708010444649524118e-04
-4.724222553372792177e-04
-4.740449961904147358e-04
-4.756694869699762407e-04
-4.772960096811607045e-04
-4.789249154611985304e-04
-4.805566794782167861e-04
-4.821918515491852020e-04
-4.838310671726464562e-04
-4.854750771783322705e-04
-4.871248424943575017e-04
-4.887818213131778222e-04
-4.904479464750144402e-04
-4.921259290827650901e-04
-4.938193571154547712e-04
-4.955326230777767904e-04
-4.972700977361466101e-04
-4.990327844696107462e-04
-5.008167740067070994e-04
-5.026164393677756692e-04
-5.044297426084476399e-04
-5.062591225142298867e-04
-5.081012935473916414e-04
-5.099448372516413031e-04
-5.117857597625175003e-04
-5.136286800161427024e-04
-5.154882939197857894e-04
-5.173811197023425734e-04
-5.193257806225259898e-04
-5.211902044882643636e-04
-5.230213608374834067e-04
-5.248393176707777386e-04
-5.266503672682887327e-04
-5.284575353566856037e-04
-5.302626857260905879e-04
-5.320671676296573338e-04
-5.338720664798124460e-04
-5.356783778820428665e-04
-5.374868724778991691e-04
-5.392985076732026428e-04
-5.411142212462527468e-04
-5.429351299236495620e-04
-5.447624684770113745e-04
-5.465979294442258052e-04
-5.484437133776998152e-04
-5.503017076967653409e-04
-5.521708395710422934e-04
-5.540471017189130265e-04
-5.559285579830319790e-04
-5.578153849751243953e-04
-5.597083568149585631e-04
-5.616081922411586547e-04
-5.635153311268625842e-04
-5.654300344123397437e-04
-5.673526728260380736e-04
-5.692837946933426707e-04
-5.712212847942543803e-04
-5.731626296779923635e-04
-5.751073849986632069e-04
-5.770552968701325725e-04
-5.790061950483593733e-04
-5.809599763649808679e-04
-5.829166163814347712e-04
-5.848762387509198746e-04
-5.868392017344126188e-04
-5.888061481320594481e-04
-5.907782148930618149e-04
-5.927560005349885586e-04
-5.947363065772481860e-04
-5.967179829844404537e-04
-5.987021907931655562e-04
-6.006899554156230892e-04
-6.026820963979107049e-04
-6.046793698092356451e-04
-6.066825932162789314e-04
-6.086926218362709307e-04
-6.107104463782819792e-04
-6.127372135530384512e-04
-6.147741807239759382e-04
-6.168233154351110414e-04
-6.188878738960790216e-04
-6.209744334100264496e-04
-6.230978092375272226e-04
-6.252992291005954328e-04
-6.276947700221136017e-04
-6.301186887829324235e-04
-6.324442970626620308e-04
-6.347189741260361728e-04
-6.369655363991366670e-04
-6.391949981666700253e-04
-6.414134556000927745e-04
-6.436246565909575779e-04
-6.458310985123505432e-04
-6.480346761201793981e-04
-6.502369344557612507e-04
-6.524396957513500794e-04
-6.546502119973984790e-04
-6.568594349261047682e-04
-6.590649669920845000e-04
-6.612706059413442361e-04
-6.634775622953448249e-04
-6.656866322330978747e-04
-6.678985785175672873e-04
-6.701144410351522751e-04
-6.723363739513654735e-04
-6.745692171352679622e-04
-6.768110458174048105e-04
-6.790510897213275499e-04
-6.812901742502264213e-04
-6.835298149245883081e-04
-6.857709145952073371e-04
-6.880140001567225383e-04
-6.902594580683318881e-04
-6.925076092958448726e-04
-6.947589850431201697e-04
-6.970145626370438663e-04
-6.992724429081276227e-04
-7.015338041105323441e-04
-7.037989600181537853e-04
-7.060684598575450721e-04
-7.083429242977778983e-04
-7.106232241067544919e-04
-7.129100581614311594e-04
-7.152018269986903931e-04
-7.174977260242521027e-04
-7.197985740693413348e-04
-7.221052305547148720e-04
-7.244184881174398072e-04
-7.267389636400611863e-04
-7.290672042929990937e-04
-7.314035830456866449e-04
-7.337482707415743377e-04
-7.361016101266049105e-04
-7.384640624338301151e-04
-7.408361345077052462e-04
-7.432182396740483199e-04
-7.456107465093619879e-04
-7.480141730387135368e-04
-7.504281094820042242e-04
-7.528499499753760205e-04
-7.552759239161099813e-04
-7.577044416403611038e-04
-7.601348779525674004e-04
-7.625670098324599522e-04
-7.650006218563598637e-04
-7.674356034466089937e-04
-7.698719686937138817e-04
-7.723098840660691522e-04
-7.747496161836231465e-04
-7.771915195101675167e-04
-7.796360182795725180e-04
-7.820835881241494647e-04
-7.845347527013490918e-04
-7.869900030188503592e-04
-7.894496643985338125e-04
-7.919140196800400489e-04
-7.943838152235649375e-04
-7.968599144611010487e-04
-7.993431179605936521e-04
-8.018341763890157736e-04
-8.043338583987313939e-04
-8.068429246333996829e-04
-8.093621519139615472e-04
-8.118922374861226032e-04
-8.144339175901738059e-04
-8.169879661418244510e-04
-8.195550984597677058e-04
-8.221362485674177378e-04
-8.247325810323280493e-04
-8.273461271126603123e-04
-8.299787701903094117e-04
-8.326309714311586063e-04
-8.352990796157699904e-04
-8.379710548288565874e-04
-8.406407322323339315e-04
-8.433064567501258324e-04
-8.459670260142493348e-04
-8.486216681118374794e-04
-8.512703251825071149e-04
-8.539133289462430554e-04
-8.565511851288398759e-04
-8.591844368058820791e-04
-8.618136467829495828e-04
-8.644394552264067499e-04
-8.670625227230610577e-04
-8.696835934903779375e-04
-8.723035339454066062e-04
-8.749233489737662239e-04
-8.775435025081268492e-04
-8.801615003813934024e-04
-8.827741660750731967e-04
-8.853819802110418635e-04
-8.879863055952785800e-04
-8.905881167791118713e-04
-8.931881124922824711e-04
-8.957867978708344836e-04
-8.983846174697163178e-04
-9.009820217416031340e-04
-9.035795547657210491e-04
-9.061779791518231875e-04
-9.087780069350070988e-04
-9.113782338870946020e-04
-9.139756781216812342e-04
-9.165697221894530955e-04
-9.191609095696717802e-04
-9.217497331567292562e-04
-9.243365500206657259e-04
-9.269216265530566545e-04
-9.295051673943177661e-04
-9.320874111383714578e-04
-9.346685570210677696e-04
-9.372488375060106236e-04
-9.398284966043446431e-04
-9.424077906418082407e-04
-9.449870081293942903e-04
-9.475664548892481776e-04
-9.501464638740353408e-04
-9.527273999232477308e-04
-9.553096914904912751e-04
-9.578938506433765099e-04
-9.604805697207563497e-04
-9.630708756606098930e-04
-9.656665491970528592e-04
-9.682713406717891047e-04
-9.708950853392073199e-04
-9.735629756497665710e-04
-9.762181535410974220e-04
-9.788514191156894029e-04
-9.814761671547156396e-04
-9.840975955525133045e-04
-9.867181524388923819e-04
-9.893392238849996190e-04
-9.919617160284444068e-04
-9.945862890897716468e-04
-9.972134368564367080e-04
-9.998435731390920012e-04
-1.002477044352079183e-03
-1.005114149722152739e-03
-1.007755199510906863e-03
-1.010400401795341629e-03
-1.013049900668860914e-03
-1.015703529562039797e-03
-1.018361070426743176e-03
-1.021022605743437950e-03
-1.023688241127529430e-03
-1.026358060646881398e-03
-1.029032135525520530e-03
-1.031710523301865301e-03
-1.034393403223199392e-03
-1.037080954365832142e-03
-1.039773451492642664e-03
-1.042471362991070905e-03
-1.045175254003383181e-03
-1.047886102339856684e-03
-1.050607060704589202e-03
-1.053357344842353882e-03
-1.056095370020382340e-03
-1.058842631587397776e-03
-1.061584272441296051e-03
-1.064325976278035490e-03
-1.067070323037766499e-03
-1.069819900517132716e-03
-1.072580316752613783e-03
-1.075364516269550208e-03
-1.078163719286928668e-03
-1.081067222343135015e-03
-1.083873288923120626e-03
-1.086656953226849964e-03
-1.089433854762345000e-03
-1.092208393043025971e-03
-1.094982621069662265e-03
-1.097757823083744810e-03
-1.100534891839477503e-03
-1.103314576706204697e-03
-1.106097592953547704e-03
-1.108884735093518259e-03
-1.111677065291583055e-03
-1.114476096247374315e-03
-1.117284284404274075e-03
-1.120102544343581918e-03
-1.122924556502424842e-03
-1.125751688940579420e-03
-1.128578351538456204e-03
-1.131409016610351870e-03
-1.134245751095885879e-03
-1.137090232984694360e-03
-1.139944363263922789e-03
-1.142810389821669048e-03
-1.145691064076470589e-03
-1.148587502287301554e-03
-1.151493897980526704e-03
-1.154404900065686412e-03
-1.157320817921969613e-03
-1.160243373551805846e-03
-1.163173956710839008e-03
-1.166113539224800100e-03
-1.169062866758441288e-03
-1.172022746612988442e-03
-1.174994317381994335e-03
-1.177979409420659707e-03
-1.180981060238561753e-03
-1.183999832616966508e-03
-1.187032137288657196e-03
-1.190081105646334514e-03
-1.193146243921638927e-03
-1.196225384852978024e-03
-1.199318186214881621e-03
-1.202425523555983311e-03
-1.205548089776131704e-03
-1.208686512308210226e-03
-1.211840697965649305e-03
-1.215010178064801494e-03
-1.218194139870343307e-03
-1.221391126835169594e-03
-1.224599287234284795e-03
-1.227816155924044139e-03
-1.231038981672094579e-03
-1.234264762410175464e-03
-1.237490523124828989e-03
-1.240713574345075898e-03
-1.243931492836192199e-03
-1.247142657336275384e-03
-1.250345943451858233e-03
-1.253541074661135291e-03
-1.256728963171083180e-03
-1.259913146535951434e-03
-1.263100989971843724e-03
-1.266294691819602747e-03
-1.269471911960806665e-03
-1.272623751469859066e-03
-1.275754759118119530e-03
-1.278869737104226800e-03
-1.281972652886542718e-03
-1.285066044250049444e-03
-1.288149749810396649e-03
-1.291222769241651136e-03
-1.294285433109276795e-03
-1.297339059893154456e-03
-1.300385273736881508e-03
-1.303425846984618275e-03
-1.306461565462657681e-03
-1.309491011306729291e-03
-1.312513826754124757e-03
-1.315529617163857523e-03
-1.318538854156448004e-03
-1.321542741936965193e-03
-1.324542491297320268e-03
-1.327539123417986744e-03
-1.330533449371396060e-03
-1.333525981548122630e-03
-1.336517046846896761e-03
-1.339506695210879172e-03
-1.342494858306397809e-03
-1.345481481223709253e-03
-1.348466589782826297e-03
-1.351450355755789978e-03
-1.354433087620510179e-03
-1.357415239511716720e-03
-1.360397396108159462e-03
-1.363380209049358527e-03
-1.366364372896167190e-03
-1.369350647043465763e-03
-1.372339658454513334e-03
-1.375331961845582818e-03
-1.378327943576174164e-03
-1.381327841055601802e-03
-1.384331998475540892e-03
-1.387341167892297555e-03
-1.390356655041280476e-03
-1.393380190502058191e-03
-1.396412457073670232e-03
-1.399449459982715638e-03
-1.402481614934725229e-03
-1.405503094112692253e-03
-1.408514468297372701e-03
-1.411518362896879708e-03
-1.414517133313419883e-03
-1.417512532276510306e-03
-1.420505865903809450e-03
-1.423498054487826181e-03
-1.426489758473814540e-03
-1.429481494387152551e-03
-1.432474143866047100e-03
-1.435469509111886310e-03
-1.438472013022717988e-03
-1.441491406304007405e-03
-1.444536788079098244e-03
-1.447563937306051152e-03
-1.450555273467379891e-03
-1.453523957908875452e-03
-1.456477978485248848e-03
-1.459421374025993146e-03
-1.462356134635967031e-03
-1.465282810291346216e-03
-1.468201110502276308e-03
-1.471110607907832879e-03
-1.474011108857142816e-03
-1.476902667421842175e-03
-1.479785507784714405e-03
-1.482660080501463362e-03
-1.485526669270820221e-03
-1.488386103929539850e-03
-1.491239127715093815e-03
-1.494086153608020773e-03
-1.496927773251610638e-03
-1.499764480049403659e-03
-1.502596751758122906e-03
-1.505424965977608665e-03
-1.508249514892812115e-03
-1.511070804418701563e-03
-1.513889199193374502e-03
-1.516705094470105486e-03
-1.519518687032928028e-03
-1.522330014855910463e-03
-1.525138886811827632e-03
-1.527944947598003367e-03
-1.530747873943583137e-03
-1.533547450312533478e-03
-1.536343583723009942e-03
-1.539136278636110688e-03
-1.541925457578252612e-03
-1.544711158661171702e-03
-1.547493242008535219e-03
-1.550271571915784463e-03
-1.553046018797243910e-03
-1.555816433859935621e-03
-1.558582739081271207e-03
-1.561344837495703963e-03
-1.564102753015661484e-03
-1.566856529692128852e-03
-1.569606178052906920e-03
-1.572351763335366748e-03
-1.575093338791910824e-03
-1.577830881813957475e-03
-1.580564432920983364e-03
-1.583293954891096256e-03
-1.586019457814225042e-03
-1.588741006366189978e-03
-1.591458782199794975e-03
-1.594173047407720922e-03
-1.596884013418398141e-03
-1.599592147329520486e-03
-1.602297728464430193e-03
-1.605001103081482583e-03
-1.607702654050857660e-03
-1.610402758348561392e-03
-1.613101827484308970e-03
-1.615800294841207574e-03
-1.618498651455690940e-03
-1.621197449365618937e-03
-1.623897336178958817e-03
-1.626599076102075436e-03
-1.629303616963340140e-03
-1.632012270723293135e-03
-1.634726845549661078e-03
-1.637449250645683918e-03
-1.640179410342001987e-03
-1.642915046039639115e-03
-1.645660974787133135e-03
-1.648397163156456458e-03
-1.651118490804570627e-03
-1.653834374540252838e-03
-1.656548925739520506e-03
-1.659265093690631687e-03
-1.661984907675995160e-03
-1.664703814995949216e-03
-1.667413460962219318e-03
-1.670114901282215847e-03
-1.672811279486596803e-03
-1.675504667247640356e-03
-1.678196321986180628e-03
-1.680887108131190466e-03
-1.683577681867554077e-03
-1.686268582815508843e-03
-1.688960316059362476e-03
-1.691653429614192738e-03
-1.694348544836854487e-03
-1.697046375080057956e-03
-1.699747728114209266e-03
-1.702453223231481516e-03
-1.705162939966475832e-03
-1.707876018953058406e-03
-1.710591164166164191e-03
-1.713307578509515317e-03
-1.716024907513769016e-03
-1.718742610159473827e-03
-1.721460087067749889e-03
-1.724177330089671223e-03
-1.726894878997242699e-03
-1.729613479480307525e-03
-1.732333929251539395e-03
-1.735057013593221953e-03
-1.737783514224711112e-03
-1.740514294586548161e-03
-1.743250244977012642e-03
-1.745992402341078886e-03
-1.748741875661763423e-03
-1.751499846842752284e-03
-1.754267366343653656e-03
-1.757044715577027461e-03
-1.759830666408390698e-03
-1.762621998864566386e-03
-1.765414862511582861e-03
-1.768205770882991246e-03
-1.770992436862961483e-03
-1.773773975916270729e-03
-1.776550711930502402e-03
-1.779324524049608058e-03
-1.782093190859979082e-03
-1.784857939824746609e-03
-1.787619908041659933e-03
-1.790379767369620900e-03
-1.793138022219586958e-03
-1.795895008078418620e-03
-1.798650978837357250e-03
-1.801406180228060094e-03
-1.804160871718862857e-03
-1.806915359258920439e-03
-1.809669989874529428e-03
-1.812425150705232468e-03
-1.815181242446617382e-03
-1.817938718203904180e-03
-1.820697978029306441e-03
-1.823459457688691998e-03
-1.826223551209538165e-03
-1.828990630966642605e-03
-1.831761065482995221e-03
-1.834535368239631481e-03
-1.837314099732534345e-03
-1.840097948732077882e-03
-1.842887773238599536e-03
-1.845684963445726190e-03
-1.848491742136415539e-03
-1.851312388912895734e-03
-1.854157166091274789e-03
-1.857064002666941605e-03
-1.860143462661612013e-03
-1.863004957051939137e-03
-1.865836022068800837e-03
-1.868656460646711537e-03
-1.871473030719217334e-03
-1.874289148282137774e-03
-1.877107050841875235e-03
-1.879928240319461707e-03
-1.882753735638287296e-03
-1.885583712681437873e-03
-1.888417280609955284e-03
-1.891252480749172626e-03
-1.894087116648845992e-03
-1.896919702310206901e-03
-1.899749810374218306e-03
-1.902577799744675779e-03
-1.905404519740860891e-03
-1.908230989894565965e-03
-1.911058327222714404e-03
-1.913887763988819657e-03
-1.916720863026966093e-03
-1.919560012045185005e-03
-1.922410006577446318e-03
-1.925285053472669539e-03
-1.928177657142371437e-03
-1.931032667769505551e-03
-1.933877272816464377e-03
-1.936719484814664050e-03
-1.939562549226447885e-03
-1.942408767793724067e-03
-1.945260567960294118e-03
-1.948121371342703689e-03
-1.950991976952143325e-03
-1.953863047705395317e-03
-1.956733835923762932e-03
-1.959607480338299013e-03
-1.962486314307398949e-03
-1.965372186705671709e-03
-1.968267020559633096e-03
-1.971172778728269570e-03
-1.974091645758568880e-03
-1.977025843607260747e-03
-1.979977239154440127e-03
-1.982948727234812303e-03
-1.985943552530788914e-03
-1.988956534846875179e-03
-1.991968420031575704e-03
-1.994966295748246132e-03
-1.997949767751139305e-03
-2.000921817346346110e-03
-2.003885095018920204e-03
-2.006841481718590892e-03
-2.009792157808276691e-03
-2.012737341593240359e-03
-2.015676922857645437e-03
-2.018610762853145779e-03
-2.021538980173986921e-03
-2.024461910042685275e-03
-2.027380173929893559e-03
-2.030294687117906172e-03
-2.033206498308182120e-03
-2.036116740810500758e-03
-2.039026559855328102e-03
-2.041937049929276604e-03
-2.044849243632462787e-03
-2.047764060813639375e-03
-2.050682094480449358e-03
-2.053603852951946251e-03
-2.056529775457560660e-03
-2.059460503550436528e-03
-2.062396585704395768e-03
-2.065338777505032475e-03
-2.068288261380502036e-03
-2.071246816841787464e-03
-2.074217674987277604e-03
-2.077210804339313377e-03
-2.080278392427081791e-03
-2.083306580949684239e-03
-2.086328898337597160e-03
-2.089353709280317162e-03
-2.092384424079329897e-03
-2.095423968499821044e-03
-2.098475601393534618e-03
-2.101543719778775632e-03
-2.104635180920744197e-03
-2.107761077098979641e-03
-2.110924165900862626e-03
-2.114119092952893020e-03
-2.117378570559935724e-03
-2.120797430366749836e-03
-2.125383756874432706e-03
-2.129272275394611391e-03
-2.132874921350280673e-03
-2.136378979098574327e-03
-2.139849455419118307e-03
-2.143324158912274235e-03
-2.146842939439563835e-03
-2.150491753248884308e-03
-2.154694481141472551e-03
-2.159016820022618965e-03
-2.162810294522476973e-03
-2.166435763385710089e-03
-2.169979854398929042e-03
-2.173477968073989075e-03
-2.176954159255783949e-03
-2.180449588865318589e-03
-2.183965298415579959e-03
-2.187382947696048241e-03
-2.190775145065160245e-03
-2.194154807962589437e-03
-2.197529004873466363e-03
-2.200903474987914166e-03
-2.204283180852972812e-03
-2.207669411140922300e-03
-2.211055351469370933e-03
-2.214433361153012036e-03
-2.217802610608887726e-03
-2.221165792186896581e-03
-2.224526030867979287e-03
-2.227886407116352885e-03
-2.231250333391998630e-03
-2.234622683302434076e-03
-2.238012613751783064e-03
-2.241445608480496787e-03
-2.244987277824073146e-03
-2.248435148963889851e-03
-2.251842322685382314e-03
-2.255236327068699254e-03
-2.258626061919732919e-03
-2.262015274255957387e-03
-2.265405971685563458e-03
-2.268799622531680882e-03
-2.272197817388299512e-03
-2.275602487275762975e-03
-2.279016027866287430e-03
-2.282440880167713182e-03
-2.285877378299439044e-03
-2.289319123900068753e-03
-2.292758156067775666e-03
-2.296193724348749576e-03
-2.299628571316825187e-03
-2.303064655525766113e-03
-2.306503244839386291e-03
-2.309944867075364172e-03
-2.313389377892716148e-03
-2.316836311455627850e-03
-2.320285328354931842e-03
-2.323736037450396807e-03
-2.327188750180453347e-03
-2.330644164819539732e-03
-2.334103183353253286e-03
-2.337567387481365166e-03
-2.341038788301275098e-03
-2.344520066379862655e-03
-2.348014862422420634e-03
-2.351527687724508375e-03
-2.355061764620192122e-03
-2.358618987756244678e-03
-2.362216084815682571e-03
-2.365917964957442443e-03
-2.369608501741948814e-03
-2.373314793658654054e-03
-2.377103207466646495e-03
-2.380941306341366470e-03
-2.384732928744637270e-03
-2.388496136296769379e-03
-2.392245872392839701e-03
-2.395992336968966185e-03
-2.399728991455685190e-03
-2.403444523408126976e-03
-2.407143421887858459e-03
-2.410836418857198460e-03
-2.414533596865164888e-03
-2.418242071854148634e-03
-2.421963353293921095e-03
-2.425690837910776665e-03
-2.429414115366235194e-03
-2.433128311482013473e-03
-2.436838561253984459e-03
-2.440566104976560347e-03
-2.444558647745398439e-03
-2.448267812531490506e-03
-2.451915049145547698e-03
-2.455534844337581291e-03
-2.459136790977423104e-03
-2.462725493938444643e-03
-2.466303690292881434e-03
-2.469872720832766433e-03
-2.473433164335681056e-03
-2.476984996354181234e-03
-2.480527931691955956e-03
-2.484062384484397867e-03
-2.487589200436679526e-03
-2.491109624755960539e-03
-2.494624953360835562e-03
-2.498136451931531887e-03
-2.501645333735980081e-03
-2.505152689178835601e-03
-2.508659561129888971e-03
-2.512166862321030258e-03
-2.515675422437579911e-03
-2.519186014875218760e-03
-2.522699405819950336e-03
-2.526216352823351663e-03
-2.529737661926656500e-03
-2.533264150258562886e-03
-2.536796567935706292e-03
-2.540335390007864014e-03
-2.543880278555565866e-03
-2.547429686133639848e-03
-2.550980856700468813e-03
-2.554531118515224186e-03
-2.558078981497291515e-03
-2.561624270988605012e-03
-2.565167613244989653e-03
-2.568709791775702911e-03
-2.572251287672133735e-03
-2.575792060549808582e-03
-2.579331576071042242e-03
-2.582869038758928149e-03
-2.586403992777541738e-03
-2.589937569545397444e-03
-2.593478483840616633e-03
-2.597052417030565330e-03
-2.600565852185043880e-03
-2.604059798772206946e-03
-2.607537694644834758e-03
-2.611000596000390139e-03
-2.614450283884850457e-03
-2.617887867470747310e-03
-2.621315496003195911e-03
-2.624733772535470244e-03
-2.628144199301352124e-03
-2.631548520600990315e-03
-2.634949233408234726e-03
-2.638350552957802186e-03
-2.641758402656790850e-03
-2.645162893258778958e-03
-2.648552156365946431e-03
-2.651934340113903943e-03
-2.655315699075733171e-03
-2.658701357959203371e-03
-2.662095049730694996e-03
-2.665495787046445741e-03
-2.668895882177779733e-03
-2.672287811940954327e-03
-2.675670889819237175e-03
-2.679049681192369192e-03
-2.682428395533453802e-03
-2.685798204891343133e-03
-2.689162369666209251e-03
-2.692529512282826332e-03
-2.695909790315753618e-03
-2.699287727845334217e-03
-2.702645530742175950e-03
-2.705991258796225374e-03
-2.709331018628136079e-03
-2.712668509926463578e-03
-2.716006535248061127e-03
-2.719347515797276849e-03
-2.722693549552013259e-03
-2.726044751156453394e-03
-2.729398895570334105e-03
-2.732755791310936822e-03
-2.736117160488826805e-03
-2.739484881462472821e-03
-2.742860687058867875e-03
-2.746246299843324579e-03
-2.749643438365700909e-03
-2.753054268302301821e-03
-2.756480661673887944e-03
-2.759924745446395988e-03
-2.763389673202665264e-03
-2.766878628403635076e-03
-2.770395145882731391e-03
-2.773943194389172362e-03
-2.777526897223103752e-03
-2.781149109645331130e-03
-2.784810150395333750e-03
-2.788503207660553151e-03
-2.792212370526625520e-03
-2.795914992534953569e-03
-2.799590914550398324e-03
-2.803230329574524227e-03
-2.806833784673723464e-03
-2.810407047959317950e-03
-2.813956820563734418e-03
-2.817489515359650198e-03
-2.821010108539967476e-03
-2.824523096962572311e-03
-2.828031885930726297e-03
-2.831538989769732950e-03
-2.835046487346115640e-03
-2.838556029226446675e-03
-2.842068941508180124e-03
-2.845586283870771283e-03
-2.849108957775903228e-03
-2.852637728813944840e-03
-2.856173318635746305e-03
-2.859716165388492826e-03
-2.863266691829235988e-03
-2.866825620257196228e-03
-2.870396690465182310e-03
-2.874011116200558824e-03
-2.877600609411445909e-03
-2.881173054993579896e-03
-2.884744128330396506e-03
-2.888317488082714490e-03
-2.891895041050918103e-03
-2.895478381892524489e-03
-2.899068929688386476e-03
-2.902669067029295391e-03
-2.906284441833939525e-03
-2.909929777738295975e-03
-2.913604114429424463e-03
-2.917250467622811705e-03
-2.920879506595031039e-03
-2.924503190901428518e-03
-2.928127622278342557e-03
-2.931756851150213450e-03
-2.935394795763990317e-03
-2.939045983294641395e-03
-2.942716036117065670e-03
-2.946412228456929405e-03
-2.950141997796973392e-03
-2.953907307509440194e-03
-2.957697338120790498e-03
-2.961503296715850553e-03
-2.965319958043388660e-03
-2.969134932859662790e-03
-2.972931476231344128e-03
-2.976697066764066868e-03
-2.980427988790945726e-03
-2.984126498763339796e-03
-2.987798636502447813e-03
-2.991452252421145097e-03
-2.995102116621128907e-03
-2.998767255369627627e-03
-3.002370583833791073e-03
-3.005954627613993679e-03
-3.009525648949407106e-03
-3.013086903949968587e-03
-3.016640481778631866e-03
-3.020187939786311837e-03
-3.023730517041411936e-03
-3.027269096609996879e-03
-3.030804234230188854e-03
-3.034336178674656992e-03
-3.037864772351905884e-03
-3.041389694991791792e-03
-3.044910532610911602e-03
-3.048426933492276447e-03
-3.051938694838329802e-03
-3.055445721251937030e-03
-3.058948127243277249e-03
-3.062446147076625103e-03
-3.065940088653129614e-03
-3.069430543478746110e-03
-3.072918546204839174e-03
-3.076406283121224661e-03
-3.079898703048367103e-03
-3.083415800389510686e-03
-3.087013694579310297e-03
-3.090519148107317982e-03
-3.094007160592937566e-03
-3.097486728000697909e-03
-3.100959932907931815e-03
-3.104427754882066459e-03
-3.107892621397878585e-03
-3.111352378656340179e-03
-3.114808555016446157e-03
-3.118262934339699477e-03
-3.121716648234906799e-03
-3.125170646094965754e-03
-3.128625843938914741e-03
-3.132083161737742039e-03
-3.135543608628665879e-03
-3.139008295807488302e-03
-3.142478708617613137e-03
-3.145956970903696082e-03
-3.149447559889551052e-03
-3.152972449185109660e-03
-3.156503980341618387e-03
-3.160015259115245279e-03
-3.163527357380901961e-03
-3.167044702021448721e-03
-3.170569478429974275e-03
-3.174103128908534188e-03
-3.177646674337286647e-03
-3.181201050943771591e-03
-3.184767069397631545e-03
-3.188345015277205263e-03
-3.191934973585719426e-03
-3.195536732011339254e-03
-3.199150231470881955e-03
-3.202775125721868399e-03
-3.206411007863674278e-03
-3.210057509653641006e-03
-3.213714367505948744e-03
-3.217381711265177024e-03
-3.221059699952677491e-03
-3.224748877185046325e-03
-3.228450268851990046e-03
-3.232166336403774487e-03
-3.235897604197734978e-03
-3.239641457945197089e-03
-3.243400218154168790e-03
-3.247177232472586716e-03
-3.250976333014188313e-03
-3.254802357709474236e-03
-3.258660175599725761e-03
-3.262554848744381175e-03
-3.266490372313635149e-03
-3.270468545450877507e-03
-3.274496766037304774e-03
-3.278590142121728945e-03
-3.282723286234467963e-03
-3.286887223641343780e-03
-3.291111174829941532e-03
-3.295427898942659972e-03
-3.299866829336806084e-03
-3.304446178646558430e-03
-3.309162453158154271e-03
-3.313982710449026037e-03
-3.318839441966203729e-03
-3.323653486645761213e-03
-3.328375224551316514e-03
-3.332989805440278452e-03
-3.337501796432662537e-03
-3.341921554388394000e-03
-3.346263045922448498e-03
-3.350537506959683220e-03
-3.354755842629009166e-03
-3.358926997710343088e-03
-3.363058837161148062e-03
-3.367157779376239723e-03
-3.371227980643598521e-03
-3.375270540146080300e-03
-3.379285054818992329e-03
-3.383272564168926522e-03
-3.387236109686386776e-03
-3.391178821295026680e-03
-3.395103349876582577e-03
-3.399011827524334173e-03
-3.402906487313672734e-03
-3.406789928799502931e-03
-3.410664832631193910e-03
-3.414533947034947836e-03
-3.418400046429681538e-03
-3.422265736031659955e-03
-3.426133790732532880e-03
-3.430006524323236938e-03
-3.433883233724843720e-03
-3.437758801098977912e-03
-3.441632139862593753e-03
-3.445508379261830179e-03
-3.449395118081288736e-03
-3.453301212552495336e-03
-3.457237060671469742e-03
-3.461215560835895211e-03
-3.465251810440772573e-03
-3.469359278663208812e-03
-3.473535993193221927e-03
-3.477767882936189103e-03
-3.482060315498247682e-03
-3.486426844238832423e-03
-3.490879686094960910e-03
-3.495429707836783528e-03
-3.500079754051310665e-03
-3.504783360443908258e-03
-3.509481804882863543e-03
-3.514157746809187799e-03
-3.518808189032718303e-03
-3.523430956317241680e-03
-3.528025448992333502e-03
-3.532594464380922616e-03
-3.537136503462323667e-03
-3.541641108148807504e-03
-3.546113532850059258e-03
-3.550560913695877119e-03
-3.554992777483723110e-03
-3.559425406775340583e-03
-3.563893954391272878e-03
-3.568356049292620291e-03
-3.572758489949090510e-03
-3.577134374112000970e-03
-3.581495872415296766e-03
-3.585829197005563351e-03
-3.590135639286451408e-03
-3.594424843276322612e-03
-3.598703832385918844e-03
-3.602977745980617819e-03
-3.607249770667952937e-03
-3.611521797168171233e-03
-3.615794695612017939e-03
-3.620068896804440328e-03
-3.624345001157935897e-03
-3.628624431423421726e-03
-3.632910000041178478e-03
-3.637206052955477276e-03
-3.641518411215183271e-03
-3.645853800387843791e-03
-3.650219695655154695e-03
-3.654625034588132593e-03
-3.659079637829742992e-03
-3.663594057199182075e-03
-3.668177289157581455e-03
-3.672836082466157670e-03
-3.677571692338510445e-03
-3.682380316503808260e-03
-3.687255368601594085e-03
-3.692197737010793901e-03
-3.697274028951147429e-03
-3.702436454176116776e-03
-3.707447508840111539e-03
-3.712398545561601537e-03
-3.717378866976428498e-03
-3.722340706182714065e-03
-3.727356541535775669e-03
-3.732478249443227369e-03
-3.737754608318599736e-03
-3.743159935591711118e-03
-3.748558286393310901e-03
-3.753860694193367209e-03
-3.759058583914454132e-03
-3.764187701557286658e-03
-3.769294167982772947e-03
-3.774318455810332651e-03
-3.779251576143782820e-03
-3.784121821135411068e-03
-3.788945918360542287e-03
-3.793735052614821690e-03
-3.798498844842512767e-03
-3.803241329384809966e-03
-3.807968073043288548e-03
-3.812686318181324197e-03
-3.817401769073525131e-03
-3.822121314731141695e-03
-3.826865320661565484e-03
-3.831628108295848101e-03
-3.836371105159774864e-03
-3.841114006206347575e-03
-3.845863290036000137e-03
-3.850637913987764449e-03
-3.855450804708504542e-03
-3.860313437084483823e-03
-3.865234911146986363e-03
-3.870225673892058182e-03
-3.875306698905789382e-03
-3.880510935326708655e-03
-3.885866464209852822e-03
-3.891260941303875676e-03
-3.896727079251038894e-03
-3.901999110820786321e-03
-3.907175198883949818e-03
-3.912267961296844732e-03
-3.917264125631203520e-03
-3.922153447275533722e-03
-3.926947979401629318e-03
-3.931663816600705630e-03
-3.936313982944805723e-03
-3.940909175879414583e-03
-3.945457947346020511e-03
-3.949965085186191160e-03
-3.954435522734223163e-03
-3.958874382353205768e-03
-3.963286633720697338e-03
-3.967676975499490055e-03
-3.972049855673787100e-03
-3.976410023216914169e-03
-3.980761050506265164e-03
-3.985106000415905569e-03
-3.989448204416490285e-03
-3.993793154582148119e-03
-3.998147777455440810e-03
-4.002520477808246824e-03
-4.006921492878845470e-03
-4.011364015381824188e-03
-4.015865657800210542e-03
-4.020451201565689026e-03
-4.025156917808803136e-03
-4.030034502424784115e-03
-4.035148666853727306e-03
-4.040546868376293510e-03
-4.046164465569490609e-03
-4.051758876854827385e-03
-4.057120351861454033e-03
-4.062214588925749936e-03
-4.067084542850207818e-03
-4.071780569467109423e-03
-4.076343910997204389e-03
-4.080803786658093735e-03
-4.085184533881958124e-03
-4.089502449555970642e-03
-4.093771515350730361e-03
-4.098003427389529385e-03
-4.102208109884153409e-03
-4.106395131619033911e-03
-4.110573920880655763e-03
-4.114753948486815638e-03
-4.118942536850300762e-03
-4.123140005417802456e-03
-4.127339867130763729e-03
-4.131533435850265334e-03
-4.135719532351256333e-03
-4.139904576151320903e-03
-4.144097017068415489e-03
-4.148305812273656024e-03
-4.152540738636800732e-03
-4.156813193454844679e-03
-4.161137337634790434e-03
-4.165531832533431178e-03
-4.170021058682138460e-03
-4.174638380872730536e-03
-4.179427021682502463e-03
-4.184436404485847305e-03
-4.189710561687709500e-03
-4.195225367320420951e-03
-4.200814937940555716e-03
-4.206249161985975427e-03
-4.211416254935818060e-03
-4.216323393009480114e-03
-4.221020202110903341e-03
-4.225553398633730140e-03
-4.229961050330355299e-03
-4.234272571800312690e-03
-4.238509226181519374e-03
-4.242688001404371079e-03
-4.246822239195480186e-03
-4.250922517891275731e-03
-4.254997866351639679e-03
-4.259055904530573144e-03
-4.263104513691495789e-03
-4.267151327952745099e-03
-4.271204791857718952e-03
-4.275277282200340423e-03
-4.279388916212711891e-03
-4.283526608981236272e-03
-4.287664068907348636e-03
-4.291801270967177118e-03
-4.295956377728393782e-03
-4.300142768641102009e-03
-4.304372325328209570e-03
-4.308658019904876291e-03
-4.313014014048710543e-03
-4.317452837755197947e-03
-4.321980054152962936e-03
-4.326603818351260067e-03
-4.331355253255009252e-03
-4.336286959127466645e-03
-4.341463438030213062e-03
-4.346956075798158459e-03
-4.352790841048781445e-03
-4.358830444526229364e-03
-4.364755304972600669e-03
-4.370382112212078951e-03
-4.375755393021596440e-03
-4.380922102101503235e-03
-4.385868397116743367e-03
-4.390643185148146443e-03
-4.395297906216288908e-03
-4.399868616195012905e-03
-4.404381951078617519e-03
-4.408857158095802475e-03
-4.413308859490094882e-03
-4.417748490450068566e-03
-4.422185625399088771e-03
-4.426628588926617702e-03
-4.431084743741653398e-03
-4.435561024731971003e-03
-4.440064285822553636e-03
-4.444602307884237824e-03
-4.449182408445606640e-03
-4.453812757751030027e-03
-4.458503478362185746e-03
-4.463266401155574492e-03
-4.468116074153316575e-03
-4.473072328843308298e-03
-4.478161250731194087e-03
-4.483418204945022190e-03
-4.488893585979591982e-03
-4.494661694100510196e-03
-4.500807296280329162e-03
-4.507356525951911053e-03
-4.514027203044279624e-03
-4.520302720334767876e-03
-4.526055628634173544e-03
-4.531488815300410700e-03
-4.536854099242981775e-03
-4.542067745629374542e-03
-4.546998299800431020e-03
-4.551811556514739898e-03
-4.556558745207994754e-03
-4.561263604976106834e-03
-4.565941485533908661e-03
-4.570604447078685517e-03
-4.575263485625535864e-03
-4.579927451580090292e-03
-4.584604446829398938e-03
-4.589303228645924548e-03
-4.594034095805721307e-03
-4.598809631625400129e-03
-4.603645555962154745e-03
-4.608542409587856881e-03
-4.613528153670221066e-03
-4.618633603202471072e-03
-4.623899651642560116e-03
-4.629385276172848229e-03
-4.635170465668969619e-03
-4.641348971970327142e-03
-4.647962275570294288e-03
-4.654824424586423426e-03
-4.661545649946807757e-03
-4.667916771651570151e-03
-4.673984014976650947e-03
-4.679760566261736976e-03
-4.685328759754470163e-03
-4.690752292987987460e-03
-4.696074792676752097e-03
-4.701326348473755523e-03
-4.706525676071660058e-03
-4.711681267857370514e-03
-4.716791314116286493e-03
-4.721851530365084315e-03
-4.726861688480354928e-03
-4.731828143607841319e-03
-4.736761657753385535e-03
-4.741672989672318650e-03
-4.746572900989454169e-03
-4.751472403093259800e-03
-4.756381445513602202e-03
-4.761307327559416436e-03
-4.766238088176888432e-03
-4.771187423316392007e-03
-4.776168766251309705e-03
-4.781187104178408198e-03
-4.786233776022941200e-03
-4.791294698206605140e-03
-4.796360042647052069e-03
-4.801421833674823780e-03
-4.806473760445850729e-03
-4.811506059351433606e-03
-4.816513319895632250e-03
-4.821489992300587168e-03
-4.826433746481617604e-03
-4.831345702300260392e-03
-4.836226512558994273e-03
-4.841074970887815354e-03
-4.845893046371729795e-03
-4.850684629903345702e-03
-4.855453896846051443e-03
-4.860204919870603213e-03
-4.864940487809388259e-03
-4.869663718862549118e-03
-4.874374958679927872e-03
-4.879078632330058340e-03
-4.883786010295598778e-03
-4.888520742673430064e-03
-4.893289912027642963e-03
-4.898011529546164589e-03
-4.902657826734713176e-03
-4.907254461033017101e-03
-4.911813082323246427e-03
-4.916336018902067728e-03
-4.920830895677186234e-03
-4.925313667634934056e-03
-4.929790135266287621e-03
-4.934219284049579102e-03
-4.938629401796346130e-03
-4.943026701176300719e-03
-4.947415675930155743e-03
-4.951802698349716536e-03
-4.956197282159124917e-03
-4.960584971713588587e-03
-4.964975592280818084e-03
-4.969388030844568149e-03
-4.973864311134557070e-03
-4.979136856140375933e-03
-4.983622929550901581e-03
-4.988064338492748107e-03
-4.992513184764457712e-03
-4.996991746923695743e-03
-5.001517844106073696e-03
-5.006108226597971722e-03
-5.010782468015007041e-03
-5.015566518195235801e-03
-5.020492836878887033e-03
-5.025607225211392581e-03
-5.030967757618909353e-03
-5.036630757317972495e-03
-5.042614494112251933e-03
-5.048833797542506829e-03
-5.055127166681772088e-03
-5.061323165104880673e-03
-5.067287492278582661e-03
-5.073045062909065095e-03
-5.078616219337805937e-03
-5.084015730595914384e-03
-5.089280649630989473e-03
-5.094451282845913198e-03
-5.099560526076074574e-03
-5.104638999129718080e-03
-5.109715735791442448e-03
-5.114816468506533376e-03
-5.119950159038655357e-03
-5.125089343644861906e-03
-5.130195494794431710e-03
-5.135269002652154136e-03
-5.140345336907992113e-03
-5.145493674659884498e-03
-5.150735828219676904e-03
-5.155819980301457051e-03
-5.160817882523760503e-03
-5.165787071265137698e-03
-5.170749493256132645e-03
-5.175713071854048941e-03
-5.180680192054198940e-03
-5.185650113713635712e-03
-5.190620046306770874e-03
-5.195587566032888738e-03
-5.200548675037497404e-03
-5.205498500230332226e-03
-5.210433392230484628e-03
-5.215353343515305440e-03
-5.220332219097678639e-03
-5.225239337204090617e-03
-5.230190054576144831e-03
-5.235087114445757805e-03
-5.239980964306667488e-03
-5.244862187287036015e-03
-5.249727848337215619e-03
-5.254591313809342523e-03
-5.259431245850931802e-03
-5.264247112834574693e-03
-5.269053536946843863e-03
-5.273862681609231551e-03
-5.278691238224442195e-03
-5.283560675321985478e-03
-5.288468860968342788e-03
-5.293380095805710894e-03
-5.298311755158491287e-03
-5.303301831689144485e-03
-5.308431707957472767e-03
-5.313660308034706681e-03
-5.319042370082405213e-03
-5.324687039147790735e-03
-5.330766261280928120e-03
-5.337647585311300347e-03
-5.346315753016250838e-03
-5.356595267711816710e-03
-5.363735247947087892e-03
-5.369811260057755220e-03
-5.375302443987983736e-03
-5.380388367568156305e-03
-5.385186324048274464e-03
-5.389767359176844685e-03
-5.394299340235608753e-03
-5.398642296733036083e-03
-5.402861780923418067e-03
-5.406981985380032718e-03
-5.411016797405632239e-03
-5.414978568615502752e-03
-5.418964439085738327e-03
-5.422844429354145568e-03
-5.426653823651039765e-03
-5.430411834559834006e-03
-5.434127973169555759e-03
-5.437810521678243525e-03
-5.441480643360474545e-03
-5.445145261474659826e-03
-5.448749573390032630e-03
-5.452322061623382510e-03
-5.455871600329453841e-03
-5.459404905488574045e-03
-5.462933688979543234e-03
-5.466540966096333776e-03
-5.470038869181736985e-03
-5.473514235803333960e-03
-5.476977973435492864e-03
-5.480437019497519380e-03
-5.483901658578371752e-03
-5.487414519576017113e-03
-5.490896290478719521e-03
-5.494346225113799775e-03
-5.497791590168055187e-03
-5.501248861729202133e-03
-5.504736721963721102e-03
-5.508260610555093528e-03
-5.511822710489888699e-03
-5.515256832679282795e-03
-5.518666111302250599e-03
-5.522065678958743007e-03
-5.525464797314527665e-03
-5.528877169486801080e-03
-5.532368472562776418e-03
-5.535790506072113537e-03
-5.539209998327798701e-03
-5.542685118749113293e-03
-5.546496183639226807e-03
-5.550156965568930900e-03
-5.553673524254287841e-03
-5.557187530883633819e-03
-5.560579772730500636e-03
-5.563943501932233637e-03
-5.567293578727205983e-03
-5.570639019234602252e-03
-5.573993307520064278e-03
-5.577440763451013694e-03
-5.580787923151975249e-03
-5.584101191946633236e-03
-5.587403933274281975e-03
-5.590703715147804509e-03
-5.594008546130124770e-03
-5.597344814023741399e-03
-5.600734985966249191e-03
-5.604033698257793183e-03
-5.607316287860264481e-03
-5.610593364743898803e-03
-5.613871329134267896e-03
-5.617162341348680421e-03
-5.620560071179170336e-03
-5.623866833293522660e-03
-5.627142372657156777e-03
-5.630411059851958555e-03
-5.633680198869228661e-03
-5.636955207585891969e-03
-5.640262271091711632e-03
-5.643644565190841789e-03
-5.646936373938205023e-03
-5.650216254695195062e-03
-5.653496387061807127e-03
-5.656783894178785133e-03
-5.660090216184410217e-03
-5.663490426063066963e-03
-5.666841635656560960e-03
-5.670169788398959909e-03
-5.673500539765008455e-03
-5.676842929233538726e-03
-5.680205608773469805e-03
-5.683610577040032474e-03
-5.687127007855563576e-03
-5.690567778863342419e-03
-5.694021692908890486e-03
-5.697506509440342093e-03
-5.701038223697385554e-03
-5.704641080593431113e-03
-5.708399330831226415e-03
-5.712248084371096546e-03
-5.716187453504550930e-03
-5.720067136563922183e-03
-5.723810637032755722e-03
-5.727468409472136202e-03
-5.731093163449108019e-03
-5.734792008320055423e-03
-5.738357153980189196e-03
-5.741886819364605543e-03
-5.745395699192523686e-03
-5.748892535498595358e-03
-5.752388349207326890e-03
-5.755972524062902274e-03
-5.759461226235607079e-03
-5.762920905311053055e-03
-5.766369660973102995e-03
-5.769817137076138636e-03
-5.773274979589571032e-03
-5.776799764942941451e-03
-5.780283526346408074e-03
-5.783740020146921346e-03
-5.787192377148309141e-03
-5.790646850854841432e-03
-5.794110689770204381e-03
-5.797615429404046061e-03
-5.801119631954065881e-03
-5.804580452975938165e-03
-5.808036553888840103e-03
-5.811497203766058384e-03
-5.814972389505457251e-03
-5.818490312999191616e-03
-5.822085095570250779e-03
-5.825641421196570136e-03
-5.829163546722360145e-03
-5.832657395964169211e-03
-5.836145997137220931e-03
-5.839653597345173530e-03
-5.843282942330607632e-03
-5.846769886174829622e-03
-5.850250209834650938e-03
-5.853739649577582860e-03
-5.857247081532124255e-03
-5.860787664474287340e-03
-5.864452396207808782e-03
-5.868013565527796516e-03
-5.871572598269425569e-03
-5.875152679015394064e-03
-5.878764558338689383e-03
-5.882423376839751583e-03
-5.886199312686968277e-03
-5.889926858698713019e-03
-5.893654934912229137e-03
-5.897417868891974280e-03
-5.901227103069728308e-03
-5.905092828670355232e-03
-5.909035098893400395e-03
-5.913176587881263657e-03
-5.917206573977762396e-03
-5.921247650531036300e-03
-5.925315483320425791e-03
-5.929411477460289071e-03
-5.933538571118779359e-03
-5.937716080771981986e-03
-5.942122421689455258e-03
-5.946343797736841630e-03
-5.950571064829879298e-03
-5.954833566613526585e-03
-5.959155277026284558e-03
-5.963571626868002795e-03
-5.968157168759979925e-03
-5.972998787825534173e-03
-5.977922069793306648e-03
-5.982861056667565514e-03
-5.987718928251561934e-03
-5.992586253092291315e-03
-5.997598292063033298e-03
-6.003062624473476383e-03
-6.008809217391664070e-03
-6.015114131010523835e-03
-6.022029973997811148e-03
-6.029068138298177004e-03
-6.035490329972637014e-03
-6.041314447897572215e-03
-6.046746553237558608e-03
-6.051913085533655590e-03
-6.056894530188539072e-03
-6.061768426424030132e-03
-6.066485796068610270e-03
-6.070997112691212116e-03
-6.075413281906305585e-03
-6.079755604517123047e-03
-6.084042190790062143e-03
-6.088289261484414183e-03
-6.092512184184273316e-03
-6.096731742907812723e-03
-6.101014699743667613e-03
-6.105163050498130239e-03
-6.109292180768055580e-03
-6.113414535057981603e-03
-6.117535310213972899e-03
-6.121660048817090249e-03
-6.125796858616028295e-03
-6.129960930326694424e-03
-6.134224439713453769e-03
-6.138416813517899584e-03
-6.142641118231373376e-03
-6.146859014686922862e-03
-6.151075529184923951e-03
-6.155317579220387358e-03
-6.159535523256098877e-03
-6.163663393594420725e-03
-6.167741401896909004e-03
-6.171785521064232505e-03
-6.175809788815156409e-03
-6.179840904228628418e-03
-6.183944853875633640e-03
-6.188026169265836707e-03
-6.191999800595593406e-03
-6.195910602553977853e-03
-6.199797425586739408e-03
-6.203680104409192708e-03
-6.207607856417385328e-03
-6.211498433499773597e-03
-6.215350326117086155e-03
-6.219193728407290678e-03
-6.223038952696491322e-03
-6.226893432005220497e-03
-6.230777147513855141e-03
-6.234702631007116302e-03
-6.238567034190234395e-03
-6.242412970292932073e-03
-6.246252798712159660e-03
-6.250094285567553420e-03
-6.253950253339746190e-03
-6.257871239810031128e-03
-6.261749659869919604e-03
-6.265610780573860339e-03
-6.269471976348750530e-03
-6.273341156454059764e-03
-6.277226403258562293e-03
-6.281154398688149065e-03
-6.285099963837081916e-03
-6.289028858141976208e-03
-6.292965434707364913e-03
-6.296922136528215752e-03
-6.300911390842434123e-03
-6.304968264365107267e-03
-6.309047160921732456e-03
-6.313161867127603522e-03
-6.317297676749489277e-03
-6.321458385724731954e-03
-6.325648421560137180e-03
-6.329889415971345912e-03
-6.334216736154973937e-03
-6.338610782574360947e-03
-6.343073070073201869e-03
-6.347617432621688316e-03
-6.352257664303584406e-03
-6.357104422325954296e-03
-6.362177756808362616e-03
-6.367486033578284577e-03
-6.373136073559715342e-03
-6.379257283209094354e-03
-6.385892261920100843e-03
-6.393326295155543626e-03
-6.401024129265575624e-03
-6.408424263971812529e-03
-6.415612480259014205e-03
-6.422934410894365342e-03
-6.430651382391072701e-03
-6.439012366626140071e-03
-6.449221641135371996e-03
-6.461870247736478667e-03
-6.470325369927198977e-03
-6.477330080633225684e-03
-6.483888925229108757e-03
-6.490549531466771604e-03
-6.497536417069182946e-03
-6.505044914112967369e-03
-6.513954907963137586e-03
-6.526946085821494492e-03
-6.536377698190487529e-03
-6.543443811346860706e-03
-6.549881035070592716e-03
-6.556271783384803875e-03
-6.564091029579555148e-03
-6.571210924491532879e-03
-6.579661210734721877e-03
-6.585663201282732082e-03
