5.145575034644682688e-01
5.146182281701591199e-01
5.149157051209024560e-01
5.157127573765091233e-01
5.161977906470750499e-01
5.150146389566119254e-01
5.144029087526755806e-01
5.141835470475979442e-01
5.145390346005281890e-01
5.142435330671510929e-01
5.133935328430399014e-01
5.130973454333952466e-01
5.129549095627115030e-01
5.128356556747785122e-01
5.127372596196656529e-01
5.126791459654227445e-01
5.126763376655851800e-01
5.127658421710334924e-01
5.128818151817741144e-01
5.130057372423111328e-01
5.131507851510394014e-01
5.132927089217534933e-01
5.133631282347499436e-01
5.133044855284665253e-01
5.130700018849271293e-01
5.127342768330774847e-01
5.123295591436551888e-01
5.118893708751315330e-01
5.114967573520496913e-01
5.107994401178906907e-01
5.101721345589982359e-01
5.097000649744196643e-01
5.093422111718971523e-01
5.091315663500248778e-01
5.099915884305665781e-01
5.086248604788167205e-01
5.082649425239504914e-01
5.079370966660408104e-01
5.076131784288929749e-01
5.073335479259135639e-01
5.071128299250436955e-01
5.068419057074950995e-01
5.065842044561759128e-01
5.063675981434001550e-01
5.061829570248495003e-01
5.060176228799132536e-01
5.058757336333367105e-01
5.057429678938866191e-01
5.056539554947757642e-01
5.054833320339670033e-01
5.053645271536131300e-01
5.052501659495333142e-01
5.051588074203876566e-01
5.051475459210548191e-01
5.052365434798506971e-01
5.052246415719761075e-01
5.052969273010964324e-01
5.057339129525375565e-01
5.055470481492804202e-01
5.052754084248483046e-01
5.051026447089675964e-01
5.049387094404895748e-01
5.048476150335868828e-01
5.043733384334554426e-01
5.040779654992605385e-01
5.039293563651723318e-01
5.038878734772972434e-01
5.039005494366873839e-01
5.040152996904939675e-01
5.041032222187451506e-01
5.038796897576990341e-01
5.038286088940413521e-01
5.038580481088261731e-01
5.034899374828673002e-01
5.033369248153197750e-01
5.032809713202992530e-01
5.031633402259569898e-01
5.030715865073196458e-01
5.029571794417462272e-01
5.027920009555961744e-01
5.025923274434365151e-01
5.023459085329734508e-01
5.020253467817342719e-01
5.016791320993115866e-01
5.013251102941490567e-01
5.009655628547640127e-01
5.006085634730178535e-01
5.002560341428088364e-01
4.999031084678255965e-01
4.995376885789319377e-01
4.991540003866364317e-01
4.987918591831663750e-01
4.984681762856110199e-01
4.981842590086099087e-01
4.979363414036399038e-01
4.977121860939231479e-01
4.975027158830980234e-01
4.973019296207583650e-01
4.971128663160422345e-01
4.969439654661519379e-01
4.967922387976132503e-01
4.966769891165435657e-01
4.966086597873806130e-01
4.965998875162268567e-01
4.966483267292322035e-01
4.967896014599243459e-01
4.974077519975030892e-01
4.978628267744172331e-01
4.974463882568292972e-01
4.971401495877552090e-01
4.970617882993917380e-01
4.973374452489618402e-01
4.980361051284281082e-01
4.991261733717522464e-01
4.981774598229239959e-01
4.967608236703071611e-01
4.957614169024538442e-01
4.950819677754038084e-01
4.946340770587434044e-01
4.942711956448493926e-01
4.935077450692759715e-01
4.929433597330418193e-01
4.924845504793983753e-01
4.920937748925378608e-01
4.917666870195960827e-01
4.915036694819808760e-01
4.910019198850059108e-01
4.906760487933009562e-01
4.904373672560882191e-01
4.903710638049155746e-01
4.900001656199686750e-01
4.896710761896075903e-01
4.893637459032365022e-01
4.890799397627336731e-01
4.888201504940866138e-01
4.886014843252851625e-01
4.884633115822421545e-01
4.885256980896318102e-01
4.888376804991294566e-01
4.881424751445049837e-01
4.878458743665162745e-01
4.875538108442788454e-01
4.872067171378108297e-01
4.868939749468307321e-01
4.866544625752121100e-01
4.864770542144508103e-01
4.863291702307133701e-01
4.862224798952873850e-01
4.861377561952300308e-01
4.861215403542544777e-01
4.862659771445082546e-01
4.873926960896198257e-01
4.862369227191936649e-01
4.858752148147302274e-01
4.857057507285612585e-01
4.856112918856864136e-01
4.855585567681424131e-01
4.855322556315656568e-01
4.855390692493067317e-01
4.855752162016901963e-01
4.855805459754041209e-01
4.856164098791280748e-01
4.856489417308853529e-01
4.856444695932292666e-01
4.855929392751471840e-01
4.854549447130145912e-01
4.852947701832323602e-01
4.850311952853263997e-01
4.848371144952284273e-01
4.846911026013610013e-01
4.845968465179597562e-01
4.845408357765204066e-01
4.844476532142025782e-01
4.844120812792054864e-01
4.845468423823900972e-01
4.845119329290437649e-01
4.842317139410228233e-01
4.840965323857031044e-01
4.840023544119809173e-01
4.839114324491844421e-01
4.838118504759502669e-01
4.837179971391747935e-01
4.836548711515771815e-01
4.836382707852164287e-01
4.837162358321033251e-01
4.842222064298876694e-01
4.842750285382738662e-01
4.838141147874946424e-01
4.840704343990998026e-01
4.837955524410129660e-01
4.835638587781519449e-01
4.834865406378763275e-01
4.834154322064969644e-01
4.833103417502971344e-01
4.833248185485836124e-01
4.838344356310166350e-01
4.832593597804625274e-01
4.831377295192261778e-01
4.831763592167737653e-01
4.830062052549613516e-01
4.829198264676951569e-01
4.828501485323372089e-01
4.828008332937057667e-01
4.826400430009993858e-01
4.824571489071829977e-01
4.823188177749450634e-01
4.822348945683292420e-01
4.821434233192193330e-01
4.820615165044876971e-01
4.820284752810952145e-01
4.820420575769022165e-01
4.820873698284452447e-01
4.821104714162020577e-01
4.821468363400751578e-01
4.821810480100255369e-01
4.822323475404104443e-01
4.823152390304689674e-01
4.824246071056636498e-01
4.825356611443176735e-01
4.826374801019119865e-01
4.827468866759392352e-01
4.828744033126793345e-01
4.830215076378606143e-01
4.831904723656195721e-01
4.833934087467763319e-01
4.836487131786753602e-01
4.839074407623815688e-01
4.842438279130332202e-01
4.848254255188702566e-01
4.859807523061382417e-01
4.872880669057954028e-01
4.857339814275792866e-01
4.850344706382150317e-01
4.848334453235618180e-01
4.849997479976355663e-01
4.850300940445009257e-01
4.849019358154434967e-01
4.849441934837037116e-01
4.849802382248466492e-01
4.850448805223084858e-01
4.851266134772240224e-01
4.852044042639511168e-01
4.852858247331345298e-01
4.853327253746620440e-01
4.855116611876520438e-01
4.860051428883702118e-01
4.856922493405864127e-01
4.857960128221473495e-01
4.860097611369593729e-01
4.862465776241999826e-01
4.864238514533669178e-01
4.866243985610664846e-01
4.869272565810925379e-01
4.873215221964055099e-01
4.875559198601415734e-01
4.874543571918123486e-01
4.873067517695826023e-01
4.871778752136539103e-01
4.870434290771771813e-01
4.868898961100607825e-01
4.867319252455847844e-01
4.865950648401459744e-01
4.864866061524136254e-01
4.863676004833497046e-01
4.862369719542239954e-01
4.861253529085008407e-01
4.860366854952711257e-01
4.859897363278006810e-01
4.859630284300590630e-01
4.859765129009993578e-01
4.860114002328014826e-01
4.860639656315687840e-01
4.861579730173175573e-01
4.862844976687091259e-01
4.864269219325467741e-01
4.865667223260639052e-01
4.867086996180989833e-01
4.868672505801328598e-01
4.870498062679644580e-01
4.872641507516640158e-01
4.875136667389663447e-01
4.878019114743244455e-01
4.881400510915249735e-01
4.885496228181512302e-01
4.889072983554650920e-01
4.890348339848675230e-01
4.892383949927785469e-01
4.894734388054482466e-01
4.896525471699564869e-01
4.898117129837905592e-01
4.899953204580489996e-01
4.902109805900884409e-01
4.904601058443843198e-01
4.907270556425239461e-01
4.909973972740270809e-01
4.912609746635606678e-01
4.915253238041432104e-01
4.918049923572775928e-01
4.921053866490830431e-01
4.924330210018530996e-01
4.927878899565085735e-01
4.931722911101680817e-01
4.935710785894732444e-01
4.939399843543313962e-01
4.942766036742021196e-01
4.946115946542293251e-01
4.949799163590101192e-01
4.953924135782605820e-01
4.958436183097069128e-01
4.963387547988764026e-01
4.968691604423266517e-01
4.974278929794682669e-01
4.980152112146368215e-01
4.986232112405119543e-01
4.991950622496177936e-01
4.998272849018023378e-01
5.005719093433956823e-01
5.010074726786557520e-01
5.013904648487106375e-01
5.018738674928800991e-01
5.027441811924756587e-01
5.033087266293313489e-01
5.037850429707555477e-01
5.035867562670790498e-01
5.032691471107659797e-01
5.031015988366497327e-01
5.030530716865311280e-01
5.030884022338109052e-01
5.031880381583485606e-01
5.033343356963372317e-01
5.035248942729366739e-01
5.037611850111918255e-01
5.040421617288982636e-01
5.043637761741140979e-01
5.047434209830123919e-01
5.052309945108789391e-01
5.062100944524401402e-01
5.063129776764321299e-01
5.066479326169261999e-01
5.070802322228219472e-01
5.076278141245321729e-01
5.083194491465762299e-01
5.091786008610382774e-01
5.101921968998806012e-01
5.113818271007537497e-01
5.126987212205345035e-01
5.140153079935125824e-01
5.151471762506838470e-01
5.158799551901295244e-01
5.163540247308362474e-01
5.168330143054933323e-01
5.164944317255032447e-01
5.156841435908698923e-01
5.151185907633182293e-01
5.150169505068566966e-01
5.155914775760968016e-01
5.166383114666122101e-01
5.193584890611626648e-01
5.175869933710217641e-01
5.145853367051236305e-01
5.137053800567051853e-01
5.133051678730239376e-01
5.131853016100207387e-01
5.132328143570028534e-01
5.134209893399197533e-01
5.133864101479286290e-01
5.136412827143324034e-01
5.140174925309030085e-01
5.144814845341701970e-01
5.150188113148154168e-01
5.155984848152017630e-01
5.161456151124325098e-01
5.167369930115843779e-01
5.174457901885085587e-01
5.183361550604478341e-01
5.186001888665950910e-01
5.188565728855087933e-01
5.191888312740993161e-01
5.196317118381491573e-01
5.202018113529734977e-01
5.209429259677952340e-01
5.219521125132101647e-01
5.236631115299577033e-01
5.268844545698515569e-01
5.255489798966953563e-01
5.247771506059569768e-01
5.239329018472677069e-01
5.236881402572092226e-01
5.235391216367736300e-01
5.235423927460561844e-01
5.234599651633204953e-01
5.232509997572335481e-01
5.230894619375988652e-01
5.229753410421309479e-01
5.229172225775435834e-01
5.229526080213104944e-01
5.230720737529355180e-01
5.230581966239601366e-01
5.230150019619190793e-01
5.231422101424035853e-01
5.234257397079845608e-01
5.236253892126709886e-01
5.238917619526630709e-01
5.240339955616332146e-01
5.242835368482912095e-01
5.246126028948271403e-01
5.249622750743214716e-01
5.254187402388955652e-01
5.260115158418892101e-01
5.267846216083105215e-01
5.278479071841565284e-01
5.294128645735770577e-01
5.323140704068493045e-01
5.380708795019502055e-01
5.355137204872443268e-01
5.311599542420037956e-01
5.293105868583302120e-01
5.284653002082864148e-01
5.281082625844965017e-01
5.280218646845996622e-01
5.281253710866287143e-01
5.283752452872845229e-01
5.286709730055251244e-01
5.290634128307055706e-01
5.293548596162800379e-01
5.295690998524881232e-01
5.294074351058256633e-01
5.293477546720344318e-01
5.294701773248257082e-01
5.297115325935536356e-01
5.299891492373229873e-01
5.302652754466945506e-01
5.306601780100929089e-01
5.311920207434677188e-01
5.320836563688632337e-01
5.324104075320763574e-01
5.320965274140982970e-01
5.319988695720829774e-01
5.319926017518691319e-01
5.320789416947774297e-01
5.322596529430767553e-01
5.324703157202979042e-01
5.327140880300468284e-01
5.332026089181662876e-01
5.338355118810932387e-01
5.334188840303852874e-01
5.335155222399089459e-01
5.337595548859754846e-01
5.342242641633837552e-01
5.349773870102806361e-01
5.361420060937994725e-01
5.373988493815105016e-01
5.371517140157980874e-01
5.362587625315200501e-01
5.358138213710096354e-01
5.357199909180050401e-01
5.358063157501735674e-01
5.360393716453789592e-01
5.363855246116835396e-01
5.367096996264727471e-01
5.368316974912186179e-01
5.367749354570843234e-01
5.367001881195496704e-01
5.366872613707869277e-01
5.366840262501699765e-01
5.367588448622928610e-01
5.368696731387005983e-01
5.369766738100524295e-01
5.369754839135187918e-01
5.368452482037167073e-01
5.366993984651837746e-01
5.365805689840003057e-01
5.364868741970413302e-01
5.364219605626524556e-01
5.364074885241006951e-01
5.364588171115741710e-01
5.365792999888822079e-01
5.367750094170433695e-01
5.370465805623572120e-01
5.373445008668022993e-01
5.376861052794839058e-01
5.381375517864085412e-01
5.387686151451500649e-01
5.399022656907448425e-01
5.405157780548840440e-01
5.396255866892238906e-01
5.396327449055907666e-01
5.399010132912360760e-01
5.402275954789634849e-01
5.404749029695663509e-01
5.406404398059142524e-01
5.407434206437249369e-01
5.408193686777493792e-01
5.409156795771100645e-01
5.410942522704277335e-01
5.413513310733266692e-01
5.419719819927999449e-01
5.417533661116269439e-01
5.420256015546474071e-01
5.424006865555699441e-01
5.427136355125644629e-01
5.428324259977966859e-01
5.426605870845458979e-01
5.424199135858633891e-01
5.421894549530202889e-01
5.419530536099171902e-01
5.417054603359148235e-01
5.414956545905593721e-01
5.413293095957669721e-01
5.411866398447106041e-01
5.410674877256975712e-01
5.409773262771707669e-01
5.409208953862025826e-01
5.409612180594080000e-01
5.412674544433847545e-01
5.407883473569482513e-01
5.401803207313768951e-01
5.396256463966344619e-01
5.391084195022990411e-01
5.385829233760923707e-01
5.381564320134445412e-01
5.379152160309479402e-01
5.369302792205217223e-01
5.357795078662532795e-01
5.354850983134360476e-01
5.330995259084608806e-01
5.318138800996733417e-01
5.307660582651597680e-01
5.299685239642286660e-01
5.293042663362375055e-01
5.286475966996790898e-01
5.279936120926240761e-01
5.274169406869005927e-01
5.269474250063230780e-01
5.265772116100201350e-01
5.262890090413304689e-01
5.260327872578398622e-01
5.256994834691793850e-01
5.253420746136391317e-01
5.250406253973437520e-01
5.248101594737538678e-01
5.246243975536891702e-01
5.244838366937218943e-01
5.244225941118136891e-01
5.244552783744713675e-01
5.246007814806382674e-01
5.245992191494984747e-01
5.241677860343069151e-01
5.237774867701096015e-01
5.234293881957546857e-01
5.231190886558816366e-01
5.228831795739712351e-01
5.228049176814163479e-01
5.231017054357799401e-01
5.241260351605447898e-01
5.232323376534169235e-01
5.220860589977622812e-01
5.215018738575165624e-01
5.212304876340539961e-01
5.209868399844945763e-01
5.208407057746033963e-01
5.207980926464575999e-01
5.208302018638937270e-01
5.209709131259746551e-01
5.213627191450413978e-01
5.218157388480287873e-01
5.215595492310002301e-01
5.216036305265997486e-01
5.218732657098558159e-01
5.222015987319887920e-01
5.220836287476430249e-01
5.218359695961654054e-01
5.216807443739415184e-01
5.216174433893335793e-01
5.216207880249797979e-01
5.216906859152048437e-01
5.218413945506999996e-01
5.220932066755740175e-01
5.224645639830715060e-01
5.229759163308286274e-01
5.237054191996256547e-01
5.247565716020882176e-01
5.256720523874731654e-01
5.280639294087945412e-01
5.387087516201928272e-01
5.273050548652150615e-01
5.254959586834253571e-01
5.242225104740472208e-01
5.234658659802904346e-01
5.230075812858943074e-01
5.227809422019448204e-01
5.228686437767154915e-01
5.234438761836494036e-01
5.235395324047675825e-01
5.265988844987524731e-01
5.230708651491298156e-01
5.221088044214831081e-01
5.217483715073508721e-01
5.215664379612177104e-01
5.214910674105298627e-01
5.214964737246721160e-01
5.215189978132703796e-01
5.215041428597484430e-01
5.215535219688715030e-01
5.217010580467282832e-01
5.219400673565056659e-01
5.222811951656602947e-01
5.227819260193652395e-01
5.234741203622982342e-01
5.245334607389350312e-01
5.268612680735856868e-01
5.245523651437463686e-01
5.242019116862486339e-01
5.242960064521876573e-01
5.245744973849431059e-01
5.249692704805934973e-01
5.254492213471549933e-01
5.260956099428513166e-01
5.265842733428205413e-01
5.267936446616445778e-01
5.269724670066020522e-01
5.272151426702108568e-01
5.275342817188813926e-01
5.279102150685288652e-01
5.283283934050400088e-01
5.287678434781039050e-01
5.292065295179062545e-01
5.296373613307735484e-01
5.300846193876378454e-01
5.306605221526408123e-01
5.311129505017305741e-01
5.314488836315223175e-01
5.319399721793740543e-01
5.324547919974385035e-01
5.329393279218989088e-01
5.334375763111884883e-01
5.339913048545554819e-01
5.346047701254545981e-01
5.352761795806256773e-01
5.359865075728931227e-01
5.367194147409558580e-01
5.374312781875062450e-01
5.381259128772916123e-01
5.386752557147980180e-01
5.390482349377047067e-01
5.391289344604495160e-01
5.390298378568812998e-01
5.388394164377343643e-01
5.385682440967417550e-01
5.382273000370564331e-01
5.378144230612139642e-01
5.372402156519483496e-01
5.365215726643758343e-01
5.358450957506396550e-01
5.353237126364244203e-01
5.350468366292696620e-01
5.346646822983074365e-01
5.332896982582190359e-01
5.316919378294159282e-01
5.303720366741350167e-01
5.292901827969226369e-01
5.283726456276911509e-01
5.275258169247599715e-01
5.266390248602604851e-01
5.257162299882729428e-01
5.248653625166318504e-01
5.241282066840599052e-01
5.235073191648614843e-01
5.230259488510332622e-01
5.225263905963440925e-01
5.220553185418121966e-01
5.216587282948367266e-01
5.213323068323081344e-01
5.210708183315808650e-01
5.209254880529092802e-01
5.209252467915863605e-01
5.210591706515589339e-01
5.213143178504288100e-01
5.216950194576420730e-01
5.222368842216728035e-01
5.225820998545015472e-01
5.223684984042562540e-01
5.221736915040741112e-01
5.218327558799829013e-01
5.220917531246870302e-01
5.205277693744309042e-01
5.197251396713070681e-01
5.190356873956276651e-01
5.181911813846509229e-01
5.174840498335372407e-01
5.168741122870877946e-01
5.163426247130242785e-01
5.158690478849646821e-01
5.154865922731125538e-01
5.151721160798989896e-01
5.149049784937702601e-01
5.147290893281487589e-01
5.145999601371956667e-01
5.139865907364039588e-01
5.135002555499290633e-01
5.125581979264020038e-01
5.115155698890762048e-01
5.103825550738376737e-01
5.093208738945527170e-01
5.084059346968902160e-01
5.076171679987976360e-01
5.069507202746705854e-01
5.063618564961668289e-01
5.056744298617182887e-01
5.049656834846107945e-01
5.043761281631421456e-01
5.039153784949969017e-01
5.036125378377208639e-01
5.035416367599271359e-01
5.038853287912494761e-01
5.045948901207264470e-01
5.037771610701524683e-01
5.022593295691162307e-01
5.009526481750682381e-01
4.998523822838824571e-01
4.990360723711114721e-01
4.978502433030158603e-01
4.968560849880704899e-01
4.959526935994810204e-01
4.950518324437515605e-01
4.941290401961586087e-01
4.932224978546926875e-01
4.923757011931330085e-01
4.916031186864604496e-01
4.908942033105513358e-01
4.902232932771409257e-01
4.895752409044127340e-01
4.889717026347180084e-01
4.884498816685589606e-01
4.879663027284336096e-01
4.873686536043876361e-01
4.867431854195859997e-01
4.861912692157989158e-01
4.858558670622099562e-01
4.852352658383394246e-01
4.846579672040183251e-01
4.841457336146334223e-01
4.837689244831481772e-01
4.832973730807129664e-01
4.826742011377307962e-01
4.821708223352548783e-01
4.816818737267408168e-01
4.811856379165260211e-01
4.806860249278198660e-01
4.801880238888842078e-01
4.797002580750593381e-01
4.792284660837334287e-01
4.787520047931507206e-01
4.782789741403839501e-01
4.778184668530628398e-01
4.773779270501718464e-01
4.769775925570983732e-01
4.766523923292775300e-01
4.764231364628285226e-01
4.760097485865001365e-01
4.755142972006286550e-01
4.750985292367282953e-01
4.747305577931405507e-01
4.744075182844200711e-01
4.741346325459209754e-01
4.739064990471587580e-01
4.737161591544087336e-01
4.734676682226611755e-01
4.730615024998173213e-01
4.725517646187862297e-01
4.720775078235738831e-01
4.716389452638332647e-01
4.712694760879757028e-01
4.709768052684404349e-01
4.707119992971976474e-01
4.705035142608282039e-01
4.703568790154703527e-01
4.702736096128927179e-01
4.702536416118473506e-01
4.702891970667105181e-01
4.703641062345092494e-01
4.704858573627817564e-01
4.707591994645779487e-01
4.708660354930329084e-01
4.710321153731360511e-01
4.711695091890269471e-01
4.712041856333930578e-01
4.714432301988916163e-01
4.710647623781680782e-01
4.705394312194918771e-01
4.701717386866907100e-01
4.698729875015593138e-01
4.697257913831705545e-01
4.697526462194016594e-01
4.696861788578831631e-01
4.692584180571265917e-01
4.688030519658670792e-01
4.684649497318929545e-01
4.682516669610010118e-01
4.681037291593295180e-01
4.679768888409949201e-01
4.679419695778213595e-01
4.680104927442200191e-01
4.676183965045710433e-01
4.676331861106203802e-01
4.676368525684855837e-01
4.674848374489693481e-01
4.675139039553489195e-01
4.675967105088320031e-01
4.677071509935800120e-01
4.678007277539699693e-01
4.677868274722041253e-01
4.677868603230593836e-01
4.678032494411834552e-01
4.677968860216966118e-01
4.677616355627686739e-01
4.677410301203404619e-01
4.677707173500987858e-01
4.678600055462305285e-01
4.680012914238462218e-01
4.681877005986593288e-01
4.684098700939474114e-01
4.686681185998329835e-01
4.689603879479550264e-01
4.692901871021934457e-01
4.696508647695749605e-01
4.700337634503270468e-01
4.704368937307980003e-01
4.708476573713835100e-01
4.712208644088642373e-01
4.714624709573824735e-01
4.715589091814991751e-01
4.715167646364992193e-01
4.714036246550819542e-01
4.713289416404713994e-01
4.715310093564252791e-01
4.726662716068342762e-01
4.713963247780273425e-01
4.708262573094726955e-01
4.706593737899792962e-01
4.706339295586920990e-01
4.706715406753587128e-01
4.707549858600422188e-01
4.708818008867736160e-01
4.710580145283313480e-01
4.712931045636259419e-01
4.715809265193209310e-01
4.719209698588155977e-01
4.723093677908569155e-01
4.727334559922048984e-01
4.731901397599916348e-01
4.736801861275082848e-01
4.741978520624250404e-01
4.747227090105107239e-01
4.752219170532388515e-01
4.757122897941232220e-01
4.762082999637376468e-01
4.767232232734832098e-01
4.772887053018573522e-01
4.779143373874700229e-01
4.786195298951145261e-01
4.794044064715785591e-01
4.802965316218414382e-01
4.814991007857666316e-01
4.840151596983208182e-01
4.918298797419713431e-01
4.838362995211684670e-01
4.830539993397507947e-01
4.830429256013254458e-01
4.830380734742922844e-01
4.829031917743872304e-01
4.830714475157346643e-01
4.834210209173422368e-01
4.838619067830388087e-01
4.843288688025192967e-01
4.847736896533808570e-01
4.851600231513094053e-01
4.855763540604264294e-01
4.857902944907119824e-01
4.857974242004299836e-01
4.859452814469077397e-01
4.861700642604798728e-01
4.864805532492182394e-01
4.868750331886550486e-01
4.873479662479911489e-01
4.879119503472472141e-01
4.885788979648666430e-01
4.894110928432872099e-01
4.907602378550545152e-01
4.921304927541371721e-01
4.915351505294171530e-01
4.917783590439718244e-01
4.923110318080458070e-01
4.929889135533342404e-01
4.937217059871966685e-01
4.945590301109724640e-01
4.955442427607856248e-01
4.964988587499626349e-01
4.970350918147192765e-01
4.976025194379780081e-01
4.983457146456862774e-01
4.991992989181253670e-01
5.001186806835713483e-01
5.011013390822396385e-01
5.021599552778075459e-01
5.034414147856277610e-01
5.046045211103542538e-01
5.055183078026020960e-01
5.066979297513446445e-01
5.079828272849586934e-01
5.089180283312603192e-01
5.089192853739951117e-01
5.084169277097428941e-01
5.080235876409747720e-01
5.078783802895988631e-01
5.079455980431203388e-01
5.082340339421794750e-01
5.086638217415357932e-01
5.088469301819057433e-01
5.090235065192825203e-01
5.092408972545990897e-01
5.094766394864165271e-01
5.097626749182444517e-01
5.101564100919780964e-01
5.107438666476896705e-01
5.116701874757781932e-01
5.131592957968607038e-01
5.154066881281197388e-01
5.177079240041332353e-01
5.171124281648180609e-01
5.147391750587350101e-01
5.132413619209975630e-01
5.125028842454806277e-01
5.122312690292714077e-01
5.122605606491301700e-01
5.125235554306875052e-01
5.131408752055443001e-01
5.135304386163519474e-01
5.140349396552461592e-01
5.147567848456986450e-01
5.157703960992880976e-01
5.179416010759875233e-01
5.166531595920895725e-01
5.167045691227719617e-01
5.170719175816511637e-01
5.176363131175829579e-01
5.182512597293370549e-01
5.187597545287048195e-01
5.194313235299712339e-01
5.203453394593581249e-01
5.216065314234817896e-01
5.229521495372354556e-01
5.242692500885339779e-01
5.266599587852950348e-01
5.321313551532903530e-01
5.649659663986089653e-01
5.381139487097698071e-01
5.308483223492013181e-01
5.284938506703150685e-01
5.279556686271453803e-01
5.285863450120299456e-01
5.305213805904436253e-01
5.351675613010270505e-01
5.518004781513805579e-01
5.505595330036259227e-01
5.352858570249290349e-01
5.307667333471525195e-01
5.288526860836880727e-01
5.281023603805542477e-01
5.281709891688051162e-01
5.297317461341111144e-01
5.318648562268845081e-01
5.297700391437486500e-01
5.283723902007728679e-01
5.274714735860753789e-01
5.269993233839881386e-01
5.267488183713655570e-01
5.267013854884919910e-01
5.267029671414954484e-01
5.265742498017578210e-01
5.265952426054211211e-01
5.275417166675234748e-01
5.255131199272744524e-01
5.247541198311870270e-01
5.240868315513432796e-01
5.234062809290134233e-01
5.228416389879555481e-01
5.226266530059004989e-01
5.233343686492353264e-01
5.261844476043834318e-01
5.226763527905448070e-01
5.210211077586407447e-01
5.203369353758438010e-01
5.200249132279133324e-01
5.199517473550553381e-01
5.198597100199048304e-01
5.196461348456110629e-01
5.195267730820095631e-01
5.195360709283536327e-01
5.197259968415042231e-01
5.200294036740392700e-01
5.201973011938766378e-01
5.202109643255444782e-01
5.199786308930131051e-01
5.197963690883804500e-01
5.199229015250507180e-01
5.200630899525335860e-01
5.197454738250755213e-01
5.189884123623907941e-01
5.182243722852679646e-01
5.176364371291978239e-01
5.172157314885806878e-01
5.169400407664958008e-01
5.168079528056543914e-01
5.168625846095670218e-01
5.171452671736351814e-01
5.174075568687513949e-01
5.174163013674243361e-01
5.175193296645458352e-01
5.179859960709694011e-01
5.188549111512245071e-01
5.200283317493944457e-01
5.211090948948913226e-01
5.226211119279559059e-01
5.267860923468796752e-01
5.304606514541146955e-01
5.308457778152770867e-01
5.285814738992958839e-01
5.278897813202075850e-01
5.253923648512502931e-01
5.239855998478459842e-01
5.233897286124529202e-01
5.228108946261320611e-01
5.222160994135494061e-01
5.212578739251905180e-01
5.204696105953148244e-01
5.200899837980164087e-01
5.201697963392325486e-01
5.207469565172450077e-01
5.211141511899173295e-01
5.209323692050679133e-01
5.202855864551851894e-01
5.195467819546409904e-01
5.184772035358504727e-01
5.183295640862959353e-01
5.257014335039128516e-01
5.173762603278657668e-01
5.149151162814619154e-01
5.135891656791325977e-01
5.126593712070753872e-01
5.119743351277595833e-01
5.114465693331954332e-01
5.109239007710777436e-01
5.104886355478901461e-01
5.100571996689180487e-01
5.096286475694120632e-01
5.092223294255037169e-01
5.088291225196234224e-01
5.084419255873783294e-01
5.080249354687759178e-01
5.075960299668689224e-01
5.071995008789899062e-01
5.068830281197893584e-01
5.066718776224902188e-01
5.065381708463829735e-01
5.064355494959222881e-01
5.063643134356383690e-01
5.063129608861938191e-01
5.063280440086239675e-01
5.064092133287723119e-01
5.064700258710856939e-01
5.065336240433754300e-01
5.065941023936604282e-01
5.066220423590430677e-01
5.066230447306238061e-01
5.065997381674083311e-01
5.065284204349501662e-01
5.063847200599522758e-01
5.061930682913313717e-01
5.059843231121192719e-01
5.058709579209683671e-01
5.054942463306092426e-01
5.050340269046001973e-01
5.046013207100407127e-01
5.041414355914853873e-01
5.036736431576865902e-01
5.032830812477606663e-01
5.032127713020067006e-01
5.039470116261810517e-01
5.017876222195264413e-01
5.008752975224725068e-01
5.000468879663889643e-01
4.992874088528649335e-01
4.985852905372918364e-01
4.979941430513080136e-01
4.977157602317134888e-01
4.971877614913106092e-01
4.967792208260334297e-01
4.964643966750904580e-01
4.962214471883500400e-01
4.960857483718794092e-01
4.961520807916712794e-01
4.959318224401570441e-01
4.952977945858359488e-01
4.945527482399638131e-01
4.940989577839904889e-01
4.937947394986515470e-01
4.936223724632535781e-01
4.934115745815275678e-01
4.929186742160313606e-01
4.921731035086679973e-01
4.914521817875048826e-01
4.909420274645320270e-01
4.905929788562439775e-01
4.898825695745335773e-01
4.893295183954304295e-01
4.891119539483198553e-01
4.892273218758868003e-01
4.888006081625722032e-01
4.878265974272906758e-01
4.871839196583115372e-01
4.868598544803886541e-01
4.875993619849898764e-01
4.863950206510253560e-01
4.862156792448050768e-01
4.862306975834994049e-01
4.863038000444663278e-01
4.863314932285413006e-01
4.863745111230666773e-01
4.864480101155157499e-01
4.865833259058355842e-01
4.868289401661276550e-01
4.871625006480081455e-01
4.875874541375625482e-01
4.881052499377151466e-01
4.887395312586838569e-01
4.895013374387384708e-01
4.903870086927930028e-01
4.914576690790951607e-01
4.929734960092232443e-01
4.941442967312228984e-01
4.956832454710495828e-01
4.975415527949941796e-01
4.995603086669475612e-01
5.014311143069286603e-01
5.027552720869274960e-01
5.031781242602666460e-01
5.026883627612832584e-01
5.016449511057362587e-01
5.004966554602621187e-01
4.994825145676042855e-01
4.986143670584855525e-01
4.979565942414292956e-01
4.974801210597815659e-01
4.971928631796460607e-01
4.970554747113097305e-01
4.970788186723191227e-01
4.972287533813065097e-01
4.974886196039318143e-01
4.978448695451403450e-01
4.982728300962434576e-01
4.987285985992769843e-01
4.992757930673473732e-01
5.000750514715269768e-01
5.008824664614933697e-01
5.022435062002985617e-01
5.049425370579255778e-01
5.154438307613177228e-01
5.120628539043248217e-01
5.056917857375530234e-01
5.034463308088624744e-01
5.025703667971679334e-01
5.020910103513355205e-01
5.016944766879534168e-01
5.015022748461979152e-01
5.014665146668656481e-01
5.015921990342078196e-01
5.020005541576925134e-01
5.030012982728370163e-01
5.038993003486176292e-01
5.028076572953515955e-01
5.022741559311042492e-01
5.022842623777791227e-01
5.026470918929389908e-01
5.032524501428367047e-01
5.040921016548912670e-01
5.051583000623367514e-01
5.064343537779752991e-01
5.078480558924183264e-01
5.093229465104640585e-01
5.107256663186020562e-01
5.119155261817198710e-01
5.112614442553526928e-01
5.108140013877415786e-01
5.099211622087521656e-01
5.084057004144179048e-01
5.064723407600709715e-01
5.044606290432600559e-01
5.026008307857080526e-01
5.010721984194931311e-01
4.999530686978335692e-01
4.995087426851546608e-01
5.005832357086354989e-01
4.976109912686348391e-01
4.958450433538624247e-01
4.945631183142029097e-01
4.935423573437859313e-01
4.927882410105345334e-01
4.922175995935503257e-01
4.917706532167375189e-01
4.913943428253616519e-01
4.910661572906797612e-01
4.907957588377950819e-01
4.905824932557522056e-01
4.903867569076018618e-01
4.902240339005159986e-01
4.901054388129945094e-01
4.900733405466087822e-01
4.902716447312967518e-01
4.915454807880525467e-01
4.903239343170113229e-01
4.901424140502276261e-01
4.902331916392990707e-01
4.904814192884692226e-01
4.909064851567040422e-01
4.915897140438456048e-01
4.930480114035726280e-01
4.959475394252629843e-01
4.931975810692853512e-01
4.930090549205972117e-01
4.930494665995371895e-01
4.930582251907278946e-01
4.931585985951409956e-01
4.941840710209369769e-01
4.934320000999933842e-01
4.926757325116049024e-01
4.924045183366786427e-01
4.923240014601353298e-01
4.923829854543615436e-01
4.925423430860396690e-01
4.927977100010260680e-01
4.931560604866057074e-01
4.937473232362940001e-01
4.948694107459522540e-01
4.965638390429151783e-01
5.033331418830045978e-01
5.023271191182635542e-01
4.984422358339083425e-01
4.969992839265089946e-01
4.968868235221365337e-01
4.972055024913960564e-01
4.977631776462510538e-01
4.984897376439353378e-01
4.993476482873106526e-01
5.002540992143804655e-01
5.011459656816932284e-01
5.021123232918073276e-01
5.031703660151978230e-01
5.043092829446494951e-01
5.054434680446131534e-01
5.066034607760928621e-01
5.077409733619449028e-01
5.088212406987028258e-01
5.098744803603375564e-01
5.109149991943940927e-01
5.118345540555333528e-01
5.129525994866873662e-01
5.145534556425821471e-01
5.174456559189658522e-01
5.198446745167613070e-01
5.194918190667101587e-01
5.196542194799094183e-01
5.206797818229773611e-01
5.222060172295329705e-01
5.238434241701019900e-01
5.257925734748569724e-01
5.277406343988476634e-01
5.297372237212233381e-01
5.319077978151145469e-01
5.343697448405425598e-01
5.365051650101114733e-01
5.375391823330096797e-01
5.385550234510083634e-01
5.407010218507719568e-01
5.437696812264826152e-01
5.473327269783048177e-01
5.510892123150109567e-01
5.542796974243807684e-01
5.558403652305162757e-01
5.545919108069018444e-01
5.507252150256082279e-01
5.456743359664574244e-01
5.406675679106222043e-01
5.360571279669923417e-01
5.320175823731976283e-01
5.285874155292824561e-01
5.258081155197634748e-01
5.235588911789091915e-01
5.217320094260954333e-01
5.202316817110499425e-01
5.191038780583001611e-01
5.183061623155371667e-01
5.177109927938660094e-01
5.170160080614747411e-01
5.161652191321279837e-01
5.155955133070826424e-01
5.152558097179652519e-01
5.151089038366798434e-01
5.147073019573998875e-01
5.143865987112449245e-01
5.142208785001081139e-01
5.142890974635182522e-01
5.146019766976945853e-01
5.151415582240659319e-01
5.158886484816466167e-01
5.167340988577294736e-01
5.176018559237623995e-01
5.183642708104245767e-01
5.188175074394173469e-01
5.192117511105009964e-01
5.197955822731058495e-01
5.206856448140104732e-01
5.218356998868990404e-01
5.233324310816814817e-01
5.251630088653269635e-01
5.273146292294249582e-01
5.297665145345914484e-01
5.320723054762727111e-01
5.339099541481301392e-01
5.357130795880842289e-01
5.375392232761831979e-01
5.392241187738735508e-01
5.405552815902573416e-01
5.411222427597163209e-01
5.400649855327338544e-01
5.376254929164901997e-01
5.342006070541508445e-01
5.310968970439723380e-01
5.284002307677655441e-01
5.260384959167935248e-01
5.239679046774966542e-01
5.220670182247713065e-01
5.201716406007349525e-01
5.184998841375469958e-01
5.172835226111973661e-01
5.166396251276217377e-01
5.167131256924591964e-01
5.180375855244874206e-01
5.183124110626896597e-01
5.166866538161682954e-01
5.157078841786854051e-01
5.152834299705314480e-01
5.144804842021301061e-01
5.138171594236085049e-01
5.135472478575804356e-01
5.135803617991661074e-01
5.141923480031859173e-01
5.140898146601881047e-01
5.143892174726671929e-01
5.147845496922305308e-01
5.152943185232213841e-01
5.158822771351803116e-01
5.165968882680443963e-01
5.175049365487306430e-01
5.185662188048869581e-01
5.199671853875849070e-01
5.217278926903480274e-01
5.238471928561926338e-01
5.262672795244247581e-01
5.288957945679869654e-01
5.318406480220483346e-01
5.351220203060034208e-01
5.388844488918019815e-01
5.424337809157238066e-01
5.455205925572087500e-01
5.479587471814194588e-01
5.504853384637814484e-01
5.545153009064681671e-01
5.562528622005918910e-01
5.541692363551277145e-01
5.558843773438317815e-01
5.803587580186665429e-01
5.633978509575822136e-01
5.693412990600862367e-01
5.781356374708174206e-01
5.870645207375769781e-01
5.902185706627970374e-01
5.837279964212558347e-01
5.725234231098832449e-01
5.620343823678773942e-01
5.541091488465074155e-01
5.486825741497324271e-01
5.425140341981186110e-01
5.368459313399732702e-01
5.327920446617508965e-01
5.298817713896372128e-01
5.279268522378723905e-01
5.277331646744031213e-01
5.260370014350645995e-01
5.244281500681058361e-01
5.240618891097197363e-01
5.243442490849559157e-01
5.252850643173401224e-01
5.270895843384705293e-01
5.287130894773389711e-01
5.294165624465732023e-01
5.308445053701911220e-01
5.328036453641720183e-01
5.357129201660624229e-01
5.394466467688302513e-01
5.440576458232518897e-01
5.496199615016786888e-01
5.565005705653701673e-01
5.652118617625964125e-01
5.760203136033176241e-01
5.859484994440162797e-01
5.874944939527124710e-01
5.826634554775009800e-01
5.689100403851475862e-01
5.598559295774562239e-01
5.535828950392273073e-01
5.471542446844638308e-01
5.383488751841003506e-01
5.303956763691757281e-01
5.243584656517833453e-01
5.197002204202756381e-01
5.160518253806284372e-01
5.131650272214638431e-01
5.107909541091082417e-01
5.089166830959985788e-01
5.074587711501264975e-01
5.061916736571978603e-01
5.051878155538366277e-01
5.045526859269290343e-01
5.042957998719465040e-01
5.043878371380458026e-01
5.047823954000673075e-01
5.054365803286983150e-01
5.058137624876269944e-01
5.061883862943699075e-01
5.070465761495015489e-01
5.085448125721652168e-01
5.108403705679774864e-01
5.141213211667124972e-01
5.186632878554762183e-01
5.247732785270919909e-01
5.329960230693591150e-01
5.435723781653699627e-01
5.551440980101666200e-01
5.626358179481194544e-01
5.596869759652352005e-01
5.484444979138514142e-01
5.358351091959422385e-01
5.249969441343614873e-01
5.164120551492684674e-01
5.097581687096036651e-01
5.045112875622164150e-01
5.003419198584948546e-01
4.970360027447387474e-01
4.944272826681914146e-01
4.924050242024635149e-01
4.908623697522708218e-01
4.897532621358399174e-01
4.890405024258337452e-01
4.886657615100111762e-01
4.885193011651624562e-01
4.884024264239369417e-01
4.881777148277321454e-01
4.877750443273725645e-01
4.874050306305385272e-01
4.873385653093519898e-01
4.876756859549076228e-01
4.884496848972000316e-01
4.897041353410622744e-01
4.915108719656499092e-01
4.940202557374920866e-01
4.972604608062596299e-01
5.015773584191125511e-01
5.072907251423369734e-01
5.146806951377410622e-01
5.238767079133603843e-01
5.344293996128808288e-01
5.434744107602716978e-01
5.459926707064312046e-01
5.398593482333819971e-01
5.292365006107273562e-01
5.185280897761638252e-01
5.096132996195080755e-01
5.022245669347020769e-01
4.965038997296779000e-01
4.920618351793789036e-01
4.885928488368722622e-01
4.859099455769131382e-01
4.837780042919748169e-01
4.819576137267221894e-01
4.805302974913084890e-01
4.795323021143276243e-01
4.789176335224833991e-01
4.785400868391330720e-01
4.784166242090063803e-01
4.788014092319539117e-01
4.799386474110160505e-01
4.807809203180861135e-01
4.807418505768929484e-01
4.807764260579116544e-01
4.814136208704868358e-01
4.825077640471491236e-01
4.841127548400963043e-01
4.863240313049319030e-01
4.892196414222644840e-01
4.928212104655425585e-01
4.969784318184167771e-01
5.019396082270837223e-01
5.084442724795461555e-01
5.155601891430175998e-01
5.249529786004115683e-01
5.373341997509075707e-01
5.507786625334523123e-01
5.594905872533688651e-01
5.575893795190784985e-01
5.483728307444191152e-01
5.391585861473396912e-01
5.306304735561864216e-01
5.245802638969168097e-01
5.149228350134211762e-01
5.068838033418684441e-01
5.020473031583490009e-01
4.986609305648797008e-01
4.962209874510212226e-01
4.944439847583245173e-01
4.931867319688394979e-01
4.923636514720889923e-01
4.919381955944728269e-01
4.919182145248904847e-01
4.922016225848920845e-01
4.925774248940493205e-01
4.934134624404737379e-01
4.946470544932935476e-01
4.962486828846608411e-01
4.982075024175809386e-01
5.006202201786040806e-01
5.036997507022988874e-01
5.075912774930683158e-01
5.125172953023087175e-01
5.187809269966050518e-01
5.269724649557943064e-01
5.379467317578063845e-01
5.523719238827022870e-01
5.687234720057464665e-01
5.780503077158569702e-01
5.712299565864017437e-01
5.569215093436323816e-01
5.464513880321728578e-01
5.391764624373535097e-01
5.344656114322381413e-01
5.236858485309194844e-01
5.185039075856568980e-01
5.153482713013012306e-01
5.131892064613318150e-01
5.114927816235461666e-01
5.102651414421843779e-01
5.095071829208296377e-01
5.092479477797093868e-01
5.093899496113462044e-01
5.100477929088491624e-01
5.115120204886118849e-01
5.144284912999952386e-01
5.209981447284504075e-01
5.192260632774418072e-01
5.227650710918191335e-01
5.285752958538909585e-01
5.354802818729995639e-01
5.419194192137987143e-01
5.502982165887512211e-01
5.617864935591614373e-01
5.741441712085372240e-01
5.807222268031806411e-01
5.767359751472104223e-01
5.678472611121000435e-01
5.629605317582502266e-01
5.588946432803951758e-01
5.465049616756193496e-01
5.397603445342544770e-01
5.361335702967343630e-01
5.342181726276269416e-01
5.333897116713961495e-01
5.331007849280706701e-01
5.328983582822448550e-01
5.325428262236647781e-01
5.320196511934845995e-01
5.315245085280236870e-01
5.312572550226508650e-01
5.313323189979546335e-01
5.317695954438749206e-01
5.328532094813615005e-01
5.354090749960572770e-01
5.420823468139410739e-01
5.369377843172508102e-01
5.357073179365993143e-01
5.365033165225365774e-01
5.376676000705521430e-01
5.382714807234599830e-01
5.383410965677420945e-01
5.380934544372617534e-01
5.375780351990042671e-01
5.374896190679556707e-01
5.339046021160058775e-01
5.312787191799575037e-01
5.288712317185167988e-01
5.266170994767731539e-01
5.248304117912647726e-01
5.232259900207169023e-01
5.207796232001206116e-01
5.183640090159037372e-01
5.164030492709527076e-01
5.148325516811250724e-01
5.135776961150961828e-01
5.126253740847762641e-01
5.119633311701257128e-01
5.115591438499399457e-01
5.114809858249588226e-01
5.120190532914904447e-01
5.137489378566579834e-01
5.173525952626182312e-01
5.155607361567651203e-01
5.121647308211954019e-01
5.109410858348270024e-01
5.100967170525867456e-01
5.081543770581772312e-01
5.061170073346786813e-01
5.047278167170582419e-01
5.040026257343512839e-01
5.017981489099860859e-01
5.004763362466395638e-01
4.993916594115931917e-01
4.985782296619238330e-01
4.981230889446400800e-01
4.980728254563937529e-01
4.977954905856671330e-01
4.981667806778923291e-01
4.995154219467802803e-01
5.010950156699470748e-01
5.269510598821622871e-01
5.022626195818679085e-01
5.008984571070620451e-01
5.014263515807768634e-01
5.027349216148689903e-01
5.045880357765208934e-01
5.071590888321112489e-01
5.104221630784664399e-01
5.145337803500620311e-01
5.197119793755329287e-01
5.263242116967253859e-01
5.345003632451311715e-01
5.438910189266126238e-01
5.528113128181065816e-01
5.573608905058483609e-01
5.561331588786027069e-01
5.501031708602482917e-01
5.410860333697046221e-01
5.335889620143028367e-01
5.271313636723418128e-01
5.211679072532556800e-01
5.165823595981328120e-01
5.133404973459633203e-01
5.112420512266564465e-01
5.101601077460123923e-01
5.100034685144662072e-01
5.106418087053744559e-01
5.115813387780689947e-01
5.118939151247362540e-01
5.113438744914865497e-01
5.109687950637338272e-01
5.117331317741725671e-01
5.146535666608546000e-01
5.187288364161170007e-01
5.150965106461388165e-01
5.130334104322586963e-01
5.127861409037517415e-01
5.135185374504954714e-01
5.148433160338230508e-01
5.162019902083024858e-01
5.169165657231549194e-01
5.156126106062061121e-01
5.144559127347844152e-01
5.137913721311334614e-01
5.133882447400820448e-01
5.133756977621182216e-01
5.146626470639983353e-01
5.552596061111358949e-01
5.150060688144754151e-01
5.152521985398149651e-01
5.141981019248963447e-01
5.157004168226256846e-01
5.182384401330334400e-01
5.238593595323420837e-01
5.372271405163425717e-01
5.300070043471694081e-01
5.204213002811655109e-01
5.169423163337456550e-01
5.159268452969810737e-01
5.160979360529142079e-01
5.168933214496621575e-01
5.177945415971424437e-01
5.181087169478244547e-01
5.196177453868064955e-01
5.230273178524150746e-01
5.297090796447406769e-01
5.360889241681088269e-01
5.459341525778662607e-01
5.609924306817029027e-01
5.843344387654488825e-01
6.225394911695393274e-01
6.861710388631265811e-01
7.299605073819058765e-01
6.384186079721665408e-01
5.971309970118238164e-01
5.822516645895613463e-01
5.568639181614559730e-01
5.507972940080788637e-01
5.702626792461789051e-01
5.833990959001926768e-01
5.322750356728790377e-01
5.180030735691396604e-01
5.118923470877877469e-01
5.117966956828244873e-01
5.238728549722192485e-01
6.223118624170939084e-01
5.229809946453415348e-01
5.007001240640045481e-01
4.934222736626011074e-01
4.926854290206557629e-01
5.000580840900412660e-01
5.386999667087902788e-01
5.432028389145927560e-01
4.969321626981733631e-01
4.858205753726127507e-01
4.833714338792509113e-01
4.876066394002243065e-01
5.069613286220467918e-01
6.137715448543253904e-01
5.033766711524817472e-01
4.842276603005891689e-01
4.787834461585971924e-01
4.800519005797983518e-01
4.907288283661553896e-01
5.444383067642236673e-01
5.233537775725861652e-01
4.858577370943326645e-01
4.767268563726229091e-01
4.760639776967159342e-01
4.828645565141104212e-01
5.070781071425136677e-01
5.913100435850064951e-01
4.935644012920841206e-01
4.766676653408170594e-01
4.721368268381455624e-01
4.743237819493764662e-01
4.870315406350851917e-01
5.549690423322957145e-01
5.114381771677494193e-01
4.801294513244165341e-01
4.741304107628357967e-01
4.846867340426584958e-01
4.846323307088450383e-01
5.068831606981135662e-01
5.682207564002433875e-01
4.856882671692184239e-01
4.705622268074041714e-01
4.666190520022012733e-01
4.692295855802638971e-01
4.831131319295963178e-01
5.630241293248999801e-01
5.017336735544865034e-01
4.721099168061785312e-01
4.644174894069950654e-01
4.643079490652695651e-01
4.719583739534813915e-01
5.030656404187152653e-01
5.540950984150336822e-01
4.797250988389322179e-01
4.654205235463561019e-01
4.620418942229663206e-01
4.654637805697586228e-01
4.808219126227203932e-01
5.683113748857556713e-01
4.979340359495156298e-01
4.701011683116838591e-01
4.640534928971290496e-01
4.651491951594607932e-01
4.716080923111571899e-01
5.019880363857279759e-01
5.568748960570197859e-01
4.796138796162198181e-01
4.650861298857469905e-01
4.618899895445752746e-01
4.653892883859815921e-01
4.801608260911554016e-01
5.571808540943684607e-01
5.020852258693107029e-01
4.718876016889129721e-01
4.645317390881950059e-01
4.648979126768118530e-01
4.726658252634842738e-01
5.011398644946852832e-01
5.708658771343524396e-01
4.861502917164534088e-01
4.720324705610862703e-01
4.698736472852854118e-01
4.744823178182266954e-01
4.896906870921544641e-01
5.571245572149340353e-01
5.226397470160408787e-01
4.963913738216241267e-01
4.879811470486764002e-01
4.833757474579055691e-01
4.869223915253640955e-01
5.094150854418448837e-01
5.949775011974011152e-01
5.014738326063199469e-01
4.837251037742452131e-01
4.787391162374680098e-01
4.816793610076464116e-01
4.974329751261469257e-01
5.871603279954378252e-01
5.116292442010031971e-01
4.851715849930076652e-01
4.772694267683848524e-01
4.780804150078765691e-01
4.899942384320165600e-01
5.539156308422960029e-01
5.153940885296891539e-01
4.825844187476285296e-01
4.747228484186939435e-01
4.749910733813860753e-01
4.841864005259967074e-01
5.254134224142401610e-01
5.342132905117529251e-01
4.852468424579993167e-01
4.746909724243628670e-01
4.736521730997809709e-01
4.806146844640789562e-01
5.092897260433294493e-01
5.689400059558153977e-01
4.923978471794094869e-01
4.775579326495186794e-01
4.740037745589734119e-01
4.784139059299493124e-01
4.985823072564768421e-01
6.055114265704106824e-01
4.971736949813058692e-01
4.785372516255190223e-01
4.746830957928533379e-01
4.782590351027337650e-01
4.938169180114236889e-01
5.787826496837501500e-01
5.104904587925055415e-01
4.856872043272736361e-01
4.813190258371289887e-01
4.837706802309446608e-01
4.968600486692428819e-01
5.592595841609278029e-01
5.328088575703481267e-01
4.946186504595643241e-01
4.887339143859223967e-01
4.891839610671159799e-01
4.949161241274847578e-01
5.133428716379044854e-01
6.023491736183820278e-01
5.267754580558575705e-01
5.061782490854805916e-01
5.018377247385630291e-01
5.018281322552996526e-01
5.094164493214046185e-01
5.273874100705402412e-01
6.304147478419189765e-01
5.292869206660777426e-01
5.120367273956309973e-01
5.082498434848722324e-01
5.109131724006650277e-01
5.210390553032959726e-01
5.542729943077929766e-01
5.875094731348395882e-01
5.420663006922089577e-01
5.365971741566111231e-01
5.373518498569503921e-01
5.467735888938820565e-01
5.765192971102687247e-01
6.287063142010989036e-01
5.908959605119755709e-01
5.990984284010595351e-01
6.179288867986486578e-01
6.488109756809876671e-01
6.211089481605854834e-01
5.807649764891698041e-01
5.604467818777936206e-01
5.487413156945106785e-01
5.457512807410959121e-01
5.599157830831368310e-01
6.204001429141221546e-01
5.461183035277147324e-01
5.283429006137108086e-01
5.188872307057179611e-01
5.129747732486416023e-01
5.110443742823488344e-01
5.141492390259186918e-01
5.280269085604339940e-01
6.071098415657080194e-01
5.344776492583681593e-01
5.116085940772766572e-01
5.042106480062947815e-01
5.020650235560376595e-01
5.033667576441291924e-01
5.089425109026083360e-01
5.241553939474780099e-01
5.948230261389869655e-01
5.518650686577506459e-01
5.504778834650481123e-01
5.293575288628492581e-01
5.286878277355164801e-01
5.564372027367331386e-01
5.668328389631178688e-01
5.210711757243863262e-01
5.071751437457767686e-01
5.030774556372479278e-01
5.063339902734820264e-01
5.251420722786991346e-01
5.811680431268176905e-01
5.231484413397028410e-01
5.018639371416195871e-01
4.946640886883776900e-01
4.957091565998504867e-01
5.075111056382404229e-01
5.556682515764029828e-01
5.317257875395671185e-01
4.998897827924208004e-01
4.913319912722846072e-01
4.913532809910129973e-01
4.995262884613058674e-01
5.282938880418300842e-01
5.593805617850388101e-01
5.073327413222830096e-01
4.933142885503992714e-01
4.903993818729771026e-01
4.948004875023707672e-01
5.126858347973357599e-01
5.697266432535899039e-01
5.190698984428425700e-01
4.970361085308293569e-01
4.916441726205828533e-01
4.939599907120504896e-01
5.060810260974787367e-01
5.478435797738114843e-01
5.405885486563676290e-01
5.067972600741924571e-01
4.990264058991742413e-01
5.011838319225873084e-01
5.133171643034528664e-01
5.535246410663983152e-01
5.701239858310201969e-01
5.361659359067416641e-01
5.241489373685449538e-01
5.268349223196870934e-01
5.449906508966828600e-01
5.581123256087430207e-01
5.378895898366645723e-01
5.306188522783531480e-01
5.366384603364023897e-01
5.582819109476830910e-01
5.710372043974746292e-01
5.556212791005270546e-01
5.546206605124039957e-01
5.660426707533485757e-01
5.959633606207839218e-01
6.225650259858862556e-01
6.184044230895778815e-01
6.341408983877770966e-01
6.351965720589032305e-01
6.104624848737481013e-01
5.877907260618446816e-01
5.781382815434643607e-01
5.767552767285252235e-01
5.835686111429556622e-01
6.178317320581344640e-01
6.754779793293425039e-01
6.058777560387716976e-01
5.670722363729064908e-01
5.506469615525062533e-01
5.448825693709593576e-01
5.484025805198342596e-01
5.597847820391080864e-01
5.889220286308460839e-01
6.651527376163043348e-01
6.170008870744058127e-01
5.631187539480894122e-01
5.418986673969079515e-01
5.359912963132058561e-01
5.635362323960200204e-01
5.491982946385758346e-01
5.801156344725048042e-01
6.492480965264859627e-01
