-1.465406527179080598e-05
-4.394193129197976333e-05
-7.324615204951090419e-05
-1.026115598434795828e-04
-1.320961328229453002e-04
-1.617764887322792333e-04
-1.917662409478548824e-04
-2.222515834847671456e-04
-2.535176453625220816e-04
-2.858961062209841586e-04
-3.192027291202270689e-04
-3.526598297850513930e-04
-3.858542496711914183e-04
-4.187834147016955555e-04
-4.515647121613453052e-04
-4.843034209828234182e-04
-5.170822166475907977e-04
-5.499780272206766796e-04
-5.830670111708347036e-04
-6.164345230069701032e-04
-6.501830129517216506e-04
-6.844532833982786002e-04
-7.194609579367350349e-04
-7.555614567126278658e-04
-7.929108710048593522e-04
-8.308085169775880630e-04
-8.679860588686194589e-04
-9.049440232788974470e-04
-9.419757429803832238e-04
-9.793013110883652672e-04
-1.017219587882700615e-03
-1.056243971135240045e-03
-1.097672652102366087e-03
-1.138260566256543704e-03
-1.182334833548903674e-03
-1.223062182852396873e-03
-1.263595976428000256e-03
-1.304865245438269206e-03
-1.345260940797343707e-03
-1.386303448529968563e-03
-1.428794136722810748e-03
-1.473932293465818333e-03
-1.524106290709537070e-03
-1.578514656271234884e-03
-1.625881618021018937e-03
-1.669170440188327831e-03
-1.710782197047122644e-03
-1.751053613775921391e-03
-1.790094155591281933e-03
-1.828270648350671657e-03
-1.865883136151103017e-03
-1.903155814557688785e-03
-1.940296426855669942e-03
-1.977702795532998437e-03
-2.014292946581730526e-03
-2.050648968396573402e-03
-2.086939222215367096e-03
-2.123342257358440399e-03
-2.160218453544304751e-03
-2.198736798671774295e-03
-2.236640201892403645e-03
-2.274340657470674820e-03
-2.311075602883239100e-03
-2.347472324255028830e-03
-2.384203502285742182e-03
-2.420467746019006050e-03
-2.456745157278672487e-03
-2.493323705273664537e-03
-2.530792659325653560e-03
-2.569163998227819157e-03
-2.607299438857735296e-03
-2.646476014646070851e-03
-2.686816815684611726e-03
-2.738175183026880788e-03
-2.778369090771559691e-03
-2.818285877347448398e-03
-2.859355898858106926e-03
-2.902184975329569205e-03
-2.947479295478006023e-03
-2.989911578050286067e-03
-3.030085046196395737e-03
-3.069624182986618877e-03
-3.108890827544397162e-03
-3.147755270165752961e-03
-3.186253246459269661e-03
-3.224619557199437381e-03
-3.263035913127709797e-03
-3.301713575132758649e-03
-3.341420072799694552e-03
-3.380509157537958664e-03
-3.419477883245702898e-03
-3.458572446860763705e-03
-3.497931618908878271e-03
-3.537760096230968543e-03
-3.578365863458943252e-03
-3.618996888918202259e-03
-3.659428955820942519e-03
-3.700282809049659782e-03
-3.741696313214304404e-03
-3.782506250769812617e-03
-3.822957870231902255e-03
-3.863298467307152428e-03
-3.904564563489754114e-03
-3.945580227227019066e-03
-3.987505174885219716e-03
-4.034358262809845108e-03
-4.076154772176709962e-03
-4.117311051830330193e-03
-4.158306772770070658e-03
-4.199381479724539901e-03
-4.240532978842304068e-03
-4.281486000580758677e-03
-4.322155853810349946e-03
-4.362677304685202984e-03
-4.403212487354313254e-03
-4.443917022275978290e-03
-4.484603482638793714e-03
-4.524629092694465449e-03
-4.564187753602899633e-03
-4.603507134895101771e-03
-4.643010385843138188e-03
-4.682083292673056008e-03
-4.721094598023389821e-03
-4.760164329214333634e-03
-4.799381035079819391e-03
-4.838853222002836851e-03
-4.878772982303769545e-03
-4.920037402066812504e-03
-4.961122790660410509e-03
-5.002442965344244818e-03
-5.044107665746921931e-03
-5.084790891945800695e-03
-5.125224932193250815e-03
-5.165867972231730221e-03
-5.206219435611281199e-03
-5.246664356384656003e-03
-5.287404276880458553e-03
-5.328732795517820975e-03
-5.370897003969088424e-03
-5.415326589962687898e-03
-5.458498364200758957e-03
-5.500776264319884312e-03
-5.543108153463149890e-03
-5.586692372031798470e-03
-5.629510917829816385e-03
-5.672291061720957650e-03
-5.714959215403214721e-03
-5.757671624122329135e-03
-5.800728795790965897e-03
-5.843775480597002137e-03
-5.886642682366827195e-03
-5.929004667168280562e-03
-5.971397091373509269e-03
-6.014115062961566949e-03
-6.057603410109635433e-03
-6.102102997643688020e-03
-6.150279139204406498e-03
-6.205045426327715496e-03
-6.251010609281792973e-03
-6.295334515907802242e-03
-6.339259174652056572e-03
-6.383426056124630321e-03
-6.427394044697276598e-03
-6.470666320506301972e-03
-6.513367549932591594e-03
-6.555798047442329413e-03
-6.598105230474660132e-03
-6.640420688717285636e-03
-6.682895345697215106e-03
-6.725755754317552793e-03
-6.769521905957809338e-03
-6.816631343494305995e-03
-6.866241195582545309e-03
-6.911373056232128498e-03
-6.955442711890080787e-03
-6.999123171743448779e-03
-7.042745260712690580e-03
-7.086528630841359977e-03
-7.130642014234189752e-03
-7.175252532564013741e-03
-7.220615299746491189e-03
-7.266744002996428087e-03
-7.313835923462130850e-03
-7.362708441083776201e-03
-7.414453564656198203e-03
-7.472748167886233972e-03
-7.621649761762161468e-03
-7.684084883851305392e-03
-7.738610980564275543e-03
-7.788843277345081084e-03
-7.837405700648281126e-03
-7.885279803689804190e-03
-7.933061211799041779e-03
-7.980521863947931394e-03
-8.028213782784954233e-03
-8.076791099376867678e-03
-8.127712052330648973e-03
-8.178318915539439793e-03
-8.231508366562612089e-03
-8.323329404872459314e-03
-8.377528214403073825e-03
-8.432090362886168755e-03
-8.484870721947146421e-03
-8.537572222265366051e-03
-8.591298734141106230e-03
-8.645161117368904691e-03
-8.700416872508665023e-03
-8.756697138823876791e-03
-8.811973241855897143e-03
-8.867143634064378332e-03
-8.923107469503754885e-03
-8.980529514180601858e-03
-9.040343483192381235e-03
-9.101769226930844781e-03
-9.165838553431560065e-03
-9.234865868007147149e-03
-9.302736824017721062e-03
-9.372137442659078665e-03
-9.441039475394097380e-03
-9.508622699097024622e-03
-9.575340251401165403e-03
-9.641721368792488533e-03
-9.708018996589129479e-03
-9.774160857363156651e-03
-9.844555585921233032e-03
-9.911738125161884128e-03
-9.973932953125097534e-03
-1.003312095115227454e-02
-1.008997047924387047e-02
-1.014523591699656446e-02
-1.019931245337180048e-02
-1.025253017381289045e-02
-1.030516135881076600e-02
-1.035737639666711729e-02
-1.040937086830462377e-02
-1.046139572201765233e-02
-1.051414432942854305e-02
-1.056845093402247748e-02
-1.062164221148853560e-02
-1.067321386396391514e-02
-1.072394768031914580e-02
-1.077431160881503480e-02
-1.082475360734713732e-02
-1.087626862658763738e-02
-1.092963377725353347e-02
-1.098053456775860415e-02
-1.103041020786921234e-02
-1.107961924250333574e-02
-1.112838985159358973e-02
-1.117708290478480748e-02
-1.122569567030817783e-02
-1.127408745845837057e-02
-1.132227877188995979e-02
-1.137021664554949130e-02
-1.141792096814953084e-02
-1.146546771566070433e-02
-1.151294490267062987e-02
-1.156044796035837763e-02
-1.160809619175440233e-02
-1.165611773638497439e-02
-1.170548424400574827e-02
-1.175538574487600130e-02
-1.180439388840370807e-02
-1.185387081990496583e-02
-1.190466753925234489e-02
-1.195657200031474687e-02
-1.200728836844466851e-02
-1.205687275632461031e-02
-1.210588523832034635e-02
-1.215439649062621807e-02
-1.220270196030626142e-02
-1.225094934999171326e-02
-1.229924308058572002e-02
-1.234771325604688830e-02
-1.239634442190984398e-02
-1.244509957406292333e-02
-1.249365544257396987e-02
-1.254237480121955794e-02
-1.259145329457700413e-02
-1.264080715004234357e-02
-1.269036746444163199e-02
-1.274005545312928422e-02
-1.279004088311352927e-02
-1.284049708990586680e-02
-1.289160120306964696e-02
-1.294356366871585173e-02
-1.299667687394245874e-02
-1.305090566377098416e-02
-1.310663770063524858e-02
-1.316443188590177282e-02
-1.322466292557578083e-02
-1.328829757449534466e-02
-1.335636648648808045e-02
-1.343045202518522441e-02
-1.351303912445100952e-02
-1.360874757153618386e-02
-1.370642965206814168e-02
-1.378771667629141717e-02
-1.385940487044012848e-02
-1.392490613618102557e-02
-1.398616811001807125e-02
-1.404477424451866518e-02
-1.410122022993964830e-02
-1.415564474924524418e-02
-1.420848584454659225e-02
-1.426017210428032200e-02
-1.431102636960135399e-02
-1.436129981105971343e-02
-1.441109389319894518e-02
-1.445991666390444852e-02
-1.450807373797402544e-02
-1.455603587039977498e-02
-1.460336194163669443e-02
-1.465036581155776396e-02
-1.469721620611863511e-02
-1.474420222040861983e-02
-1.479105849669626327e-02
-1.483788104427974375e-02
-1.488486021664137127e-02
-1.493214463152359173e-02
-1.497989590618109546e-02
-1.502827423417796293e-02
-1.507742735383243993e-02
-1.512746687480803764e-02
-1.517832398134266736e-02
-1.522967200865554815e-02
-1.528090721748731617e-02
-1.533121509256607506e-02
-1.538093198769707737e-02
-1.543048069213059925e-02
-1.548484373643665979e-02
-1.553376767620495702e-02
-1.558217605471767797e-02
-1.563042733930486428e-02
-1.567871511296559106e-02
-1.572719408728551205e-02
-1.577600893061459342e-02
-1.582531165064560152e-02
-1.587527381312614505e-02
-1.592611005892230480e-02
-1.597809525030957634e-02
-1.603153538587043236e-02
-1.608682176096720706e-02
-1.614478516570383437e-02
-1.620685636779339855e-02
-1.627521399975451200e-02
-1.635460121573839576e-02
-1.645706025991688914e-02
-1.655586241021456129e-02
-1.663700903401932329e-02
-1.670854158692280933e-02
-1.677394817671040705e-02
-1.683584124539294624e-02
-1.689551929430455068e-02
-1.695384869574667608e-02
-1.701064676841612666e-02
-1.706585310963748547e-02
-1.711993946658985077e-02
-1.717311325123727084e-02
-1.722556997389845801e-02
-1.727751440106539693e-02
-1.732897399684840689e-02
-1.737990910718745230e-02
-1.743049795160511728e-02
-1.748090720541284337e-02
-1.753130874458275201e-02
-1.758186174856524175e-02
-1.763267602222584607e-02
-1.768402315482553444e-02
-1.773614614931873223e-02
-1.778844066335949492e-02
-1.784016601370974620e-02
-1.789149117297306191e-02
-1.794267514818015385e-02
-1.799385778899253996e-02
-1.804505461025252000e-02
-1.809619308762688838e-02
-1.814722128108536836e-02
-1.819815327860241361e-02
-1.824937793213787796e-02
-1.830029392926435516e-02
-1.835142613463014438e-02
-1.840298708313470311e-02
-1.845500397235289025e-02
-1.850720874072031563e-02
-1.855992042634568850e-02
-1.861340905357800057e-02
-1.866794183656361739e-02
-1.872389029512933067e-02
-1.878186693811079166e-02
-1.884302527802272920e-02
-1.890976430828261723e-02
-1.898814446179919457e-02
-1.909359147699174475e-02
-1.918866780952144246e-02
-1.926224299649781369e-02
-1.932675552946760966e-02
-1.938658739159870859e-02
-1.944360081615414959e-02
-1.949879409690902232e-02
-1.955278364901014143e-02
-1.960577098959026543e-02
-1.965903772564414620e-02
-1.971038265372082599e-02
-1.976105317681586815e-02
-1.981127412814887023e-02
-1.986129210603282402e-02
-1.991107176185635819e-02
-1.996058187465554745e-02
-2.000990230978061390e-02
-2.005909149993245766e-02
-2.010906995917782769e-02
-2.015811005799816868e-02
-2.020688996783959190e-02
-2.025542911969924198e-02
-2.030382693911114700e-02
-2.035218936954097391e-02
-2.040059594345811078e-02
-2.044911817023875589e-02
-2.049783159534768195e-02
-2.054683919770050604e-02
-2.059619358781294984e-02
-2.064619146343338318e-02
-2.069619647631881776e-02
-2.074660628978475252e-02
-2.079760479027925602e-02
-2.084969543126924396e-02
-2.090384789153543199e-02
-2.095620169766154728e-02
-2.100879606429517654e-02
-2.106207781291502545e-02
-2.111644793347167148e-02
-2.117250688414062942e-02
-2.123095396102758770e-02
-2.129118536854923693e-02
-2.135444823761301070e-02
-2.142337963384188804e-02
-2.150426438943153773e-02
-2.161779209561642823e-02
-2.172074324096084919e-02
-2.179702682319117901e-02
-2.186376816418200697e-02
-2.192613341481008948e-02
-2.198579710018544464e-02
-2.204394069705817305e-02
-2.210105932788120064e-02
-2.215739027346830259e-02
-2.221326994503591834e-02
-2.226930257238990407e-02
-2.232680421676624949e-02
-2.239076020885888418e-02
-2.245839250074266324e-02
-2.251810106926765975e-02
-2.257678263240259220e-02
-2.263662897651153028e-02
-2.270156300289616347e-02
-2.279605893344571754e-02
-2.286368239667924129e-02
-2.292328144360700204e-02
-2.297922970772026119e-02
-2.303296609527949457e-02
-2.308542386917233902e-02
-2.313712413618396191e-02
-2.318838603271056176e-02
-2.323949583074724767e-02
-2.329088621643338186e-02
-2.334206559470697329e-02
-2.339342468573424316e-02
-2.344505226366511152e-02
-2.349701427386075014e-02
-2.354939460693361575e-02
-2.360228189202739912e-02
-2.365550784877556989e-02
-2.370911263038477657e-02
-2.376335461229062140e-02
-2.381857182701119235e-02
-2.387526808613771312e-02
-2.393423439981612333e-02
-2.399704691353532482e-02
-2.406758504985440084e-02
-2.415968804905321843e-02
-2.427967700267430473e-02
-2.436160519895669285e-02
-2.443114179446059797e-02
-2.449536814902075754e-02
-2.455708140373114023e-02
-2.461735059906766665e-02
-2.467705726250335463e-02
-2.473627927167509899e-02
-2.479305738669645987e-02
-2.484792960315385102e-02
-2.490161930539491753e-02
-2.495449909240965436e-02
-2.500685036844407794e-02
-2.505905694798171712e-02
-2.511467700823211135e-02
-2.516702459619568621e-02
-2.521867538865096847e-02
-2.526962162205992346e-02
-2.532047145364257901e-02
-2.537154141121533701e-02
-2.542369838333990995e-02
-2.547768329712329916e-02
-2.553180819671985180e-02
-2.558435733957253877e-02
-2.563595258615236627e-02
-2.568714701209418028e-02
-2.573831111103885849e-02
-2.578971563548537738e-02
-2.584159380971839948e-02
-2.589416782235287595e-02
-2.594793801327044402e-02
-2.600279877833389097e-02
-2.605987275931520575e-02
-2.612051780795043854e-02
-2.618581909437123212e-02
-2.626218608585351166e-02
-2.637209499404524760e-02
-2.646925779636266629e-02
-2.654383820373551472e-02
-2.660942722974857233e-02
-2.667065084155828547e-02
-2.672955049010161677e-02
-2.678609753186655951e-02
-2.684132372015801682e-02
-2.689569193029583971e-02
-2.694953571166724959e-02
-2.700262583033485875e-02
-2.705513158795214146e-02
-2.710735289793519964e-02
-2.715955400042990853e-02
-2.721183269223936829e-02
-2.726398820524955635e-02
-2.731614520377312338e-02
-2.736852460542049670e-02
-2.742133822287651235e-02
-2.747494982938880614e-02
-2.752985292674980933e-02
-2.758513565889053609e-02
-2.764069325648865760e-02
-2.769704190084654183e-02
-2.775437111442335958e-02
-2.781259690425830211e-02
-2.787148192433142047e-02
-2.793105146943331007e-02
-2.799221420239172975e-02
-2.805461566356681757e-02
-2.811953910333098161e-02
-2.819179365069479637e-02
-2.828349638232130481e-02
-2.838875417611441687e-02
-2.846790378644759034e-02
-2.853544764123183697e-02
-2.859737608076240445e-02
-2.865620008158009657e-02
-2.871304039457234225e-02
-2.876817446571633408e-02
-2.882217697820765867e-02
-2.887546276398667011e-02
-2.892836594129954975e-02
-2.898131596786235331e-02
-2.903427951329806689e-02
-2.908736096012376482e-02
-2.914115529596428278e-02
-2.919653937316590842e-02
-2.925631978956388934e-02
-2.933582283262503587e-02
-2.940134572938246649e-02
-2.945787176236369653e-02
-2.951162468328072386e-02
-2.956398042428765027e-02
-2.961551511818116822e-02
-2.966656615924434526e-02
-2.971735749571313701e-02
-2.976791097940367781e-02
-2.981872536510066229e-02
-2.987021130836964300e-02
-2.992098744927995657e-02
-2.997196326431117441e-02
-3.002351901968314252e-02
-3.007447836632570759e-02
-3.012533627544722314e-02
-3.017661970749663247e-02
-3.022875215737597099e-02
-3.028286248033540407e-02
-3.034211192287084025e-02
-3.039657980536536463e-02
-3.044978711140189365e-02
-3.050290661762689037e-02
-3.055641608673986820e-02
-3.061086472182283913e-02
-3.066699759562552252e-02
-3.072921251237992202e-02
-3.079059178666121444e-02
-3.085527681678512657e-02
-3.092493129653239858e-02
-3.100191988545764055e-02
-3.108751288498345922e-02
-3.117459828451407677e-02
-3.125533872913710542e-02
-3.133339691947645278e-02
-3.141523907879395505e-02
-3.150227771083913275e-02
-3.158042198324728655e-02
-3.165162361835438531e-02
-3.171902826676220588e-02
-3.178286698752441630e-02
-3.184409985183078717e-02
-3.190341921078188037e-02
-3.196063864331366577e-02
-3.201672190178606048e-02
-3.207273501835528062e-02
-3.212747327319964707e-02
-3.218145753587153823e-02
-3.223502900820085504e-02
-3.228841375868674035e-02
-3.234186296377017378e-02
-3.239577878943133982e-02
-3.245187397988635869e-02
-3.251270565142383440e-02
-3.256859322903948861e-02
-3.262290518970889508e-02
-3.267685154703736661e-02
-3.273086767939681341e-02
-3.278528705441319246e-02
-3.284067000025148175e-02
-3.289826590291233810e-02
-3.295508571845950918e-02
-3.301281139576583978e-02
-3.307217632606918034e-02
-3.313406715335209807e-02
-3.320005969346595531e-02
-3.327344631212014736e-02
-3.336175960289711195e-02
-3.346384124676815564e-02
-3.354981484793484459e-02
-3.362182643008360117e-02
-3.368700981813921302e-02
-3.374966320295058608e-02
-3.380909416129562750e-02
-3.386691147938092339e-02
-3.392392853591386093e-02
-3.398078677514748680e-02
-3.403806081025628760e-02
-3.409355661591007003e-02
-3.414783739936178009e-02
-3.420144297043581361e-02
-3.425518006008509975e-02
-3.430851316123895156e-02
-3.436194013270932324e-02
-3.441815898736011459e-02
-3.447418851663697215e-02
-3.452973037730955319e-02
-3.458200617931639353e-02
-3.463384781346867669e-02
-3.468563522572498670e-02
-3.473786149016566682e-02
-3.479063028195450435e-02
-3.484316374233442648e-02
-3.489619977739466528e-02
-3.495032718372403924e-02
-3.500839358127849632e-02
-3.506605997455980450e-02
-3.512618393002708839e-02
-3.519083838384862162e-02
-3.526448549750282879e-02
-3.536099668307357557e-02
-3.549082343446197108e-02
-3.557407987369964886e-02
-3.564151599766107736e-02
-3.570234024523988303e-02
-3.575968549094510340e-02
-3.581491584560225760e-02
-3.586843539206152620e-02
-3.592082666779761180e-02
-3.597248423045973365e-02
-3.602370218233519328e-02
-3.607472138226741620e-02
-3.612572799334690110e-02
-3.617688076767189287e-02
-3.622841947578847588e-02
-3.628117335720626446e-02
-3.633473480676518985e-02
-3.638692345054983512e-02
-3.643914916466872711e-02
-3.649179543284319926e-02
-3.654513860475616660e-02
-3.659945475378811874e-02
-3.665498823752788571e-02
-3.671208823297589241e-02
-3.677124905908091268e-02
-3.683326030602585011e-02
-3.689945085786461298e-02
-3.697242059935090808e-02
-3.706033164992139639e-02
-3.717064182561791164e-02
-3.728728279987436611e-02
-3.738024216467561445e-02
-3.746346351617491077e-02
-3.756514511138508983e-02
-3.763804170642970348e-02
-3.770537511872351644e-02
-3.777185001038985135e-02
-3.784204272427360571e-02
-3.790678954284976143e-02
-3.797066041302132877e-02
-3.806236267090956638e-02
-3.813168169271341501e-02
-3.819349100582303258e-02
-3.825281968358740237e-02
-3.831184916953767061e-02
-3.837091709556139651e-02
-3.842978540862751480e-02
-3.849172232146114148e-02
-3.857694737724892686e-02
-3.864730146496064833e-02
-3.871040680277293422e-02
-3.876984266016270109e-02
-3.882666080918972806e-02
-3.888268852466203462e-02
-3.893960517151240364e-02
-3.900179901893097156e-02
-3.911615502287590918e-02
-3.917504594318999001e-02
-3.922994791876022180e-02
-3.928368643824986517e-02
-3.933691511905346161e-02
-3.939051827614148404e-02
-3.944658147209334498e-02
-3.951486053592567771e-02
-3.958206731656777055e-02
-3.963689314074070325e-02
-3.968917551646011788e-02
-3.974070168710630568e-02
-3.979241510685715966e-02
-3.984543109943716743e-02
-3.990259020365749532e-02
-4.000330478038804927e-02
-4.006323998270933107e-02
-4.011677760956222638e-02
-4.016866312274858242e-02
-4.022023811970520946e-02
-4.027239987455344394e-02
-4.032666472891066611e-02
-4.038707089067605782e-02
-4.051738247688574379e-02
-4.057975654530632248e-02
-4.064102733178398541e-02
-4.071213957003205763e-02
-4.076938150106945713e-02
-4.082564680473432794e-02
-4.088351587458927128e-02
-4.094580569990835528e-02
-4.113916464805478235e-02
-4.120016456027086882e-02
-4.125670965458017037e-02
-4.131226147832300910e-02
-4.136836211046523992e-02
-4.142589626652271040e-02
-4.148641242775996663e-02
-4.155302064312371702e-02
-4.164427748166465992e-02
-4.172130738774026959e-02
-4.180641620768388300e-02
-4.196614977385737522e-02
-4.206852130952409841e-02
-4.214523067782327548e-02
-4.221452661061497746e-02
-4.228083491143996842e-02
-4.234544099607384648e-02
-4.240863844385089898e-02
-4.246987341281394102e-02
-4.252944755640919450e-02
-4.258787053820722868e-02
-4.264569033380771756e-02
-4.270384620705158785e-02
-4.276742576117287253e-02
-4.282557029873945709e-02
-4.288246012522878292e-02
-4.294162049892047417e-02
-4.299780070105663210e-02
-4.305413901210219940e-02
-4.311112934542105091e-02
-4.316925155106576817e-02
-4.322959865341480246e-02
-4.329450256241396122e-02
-4.337077332469629898e-02
-4.355965567702069219e-02
-4.364948743363339378e-02
-4.372056598650997383e-02
-4.378509796786933528e-02
-4.384630191942628930e-02
-4.390555672582641122e-02
-4.396372374845225472e-02
-4.402143410483538855e-02
-4.407895795778760117e-02
-4.413625063816783989e-02
-4.419358348428847894e-02
-4.425144930665858567e-02
-4.431049147291465928e-02
-4.437175000800042124e-02
-4.443728574378724705e-02
-4.450977237160858024e-02
-4.457812526771354200e-02
-4.464040794303647530e-02
-4.470049395335728981e-02
-4.475978679583458852e-02
-4.481973554259810477e-02
-4.488181282566938712e-02
-4.494538602238062897e-02
-4.501332212951081324e-02
-4.509451642950157435e-02
-4.543885309657769156e-02
-4.552792424302920526e-02
-4.560053433113964161e-02
-4.566772745958658231e-02
-4.573389873331279443e-02
-4.580320098366108539e-02
-4.586770509245441385e-02
-4.593185187296322525e-02
-4.599638819941431755e-02
-4.606061806927197466e-02
-4.612344244745170130e-02
-4.618487083164635187e-02
-4.624621892543345769e-02
-4.631222382506372526e-02
-4.637138075744295929e-02
-4.642963212718409505e-02
-4.648762098384995323e-02
-4.654587337933169255e-02
-4.660483158303596607e-02
-4.666571425311227816e-02
-4.673259415240504921e-02
-4.679876998831988821e-02
-4.687055779884707896e-02
-4.696277811393778645e-02
-4.712263469888677836e-02
-4.721644648363421126e-02
-4.729263024132535076e-02
-4.736132135944903787e-02
-4.742872335085424051e-02
-4.749295934525510354e-02
-4.755808538725736501e-02
-4.763123330211238571e-02
-4.771721129884998192e-02
-4.778057246494471499e-02
-4.783977503661984709e-02
-4.789725160110236413e-02
-4.795391881957733471e-02
-4.801035943441600562e-02
-4.806685002526278616e-02
-4.812310765654248534e-02
-4.817959456279607977e-02
-4.823675019481543647e-02
-4.829513009788477529e-02
-4.835510102983120451e-02
-4.841763077217120514e-02
-4.848435571878262351e-02
-4.855914895498325556e-02
-4.865667235810100522e-02
-4.882178436594042381e-02
-4.891206121898783454e-02
-4.898657408684237158e-02
-4.905481221758378751e-02
-4.912047588250645358e-02
-4.918576865505275286e-02
-4.925312999134456859e-02
-4.932997602970679019e-02
-4.941594337483790067e-02
-4.948393291837227537e-02
-4.954761682169028791e-02
-4.961021207514026976e-02
-4.967221922250553146e-02
-4.973332208929903686e-02
-4.979528095813212651e-02
-4.985933563532085611e-02
-4.992775533698834423e-02
-5.000699233853023173e-02
-5.014423746543028582e-02
-5.024727159545416821e-02
-5.032377365337581399e-02
-5.039303233038250340e-02
-5.045776639395949115e-02
-5.051976606476327181e-02
-5.058028687013516045e-02
-5.063983594547194489e-02
-5.069887251427451780e-02
-5.075777631485078878e-02
-5.081690192083909707e-02
-5.087663824483967812e-02
-5.093740134148583287e-02
-5.099957250768838435e-02
-5.106351100093864392e-02
-5.113016209943466173e-02
-5.120165718425895296e-02
-5.128345981038950896e-02
-5.141653355279951487e-02
-5.152110502012996474e-02
-5.160010012657900713e-02
-5.167322957589470800e-02
-5.174562026536122517e-02
-5.181997896440682094e-02
-5.189164306679949767e-02
-5.195967986533633898e-02
-5.202595664213871540e-02
-5.209292985443791935e-02
-5.215998358769857735e-02
-5.223071662864176012e-02
-5.231305228346705416e-02
-5.251147371395104013e-02
-5.261023468393188907e-02
-5.268727480775481364e-02
-5.275683094714012089e-02
-5.282253673432979468e-02
-5.288601636880640999e-02
-5.294824173626533348e-02
-5.300987427457748424e-02
-5.307142015259369572e-02
-5.313304023765830220e-02
-5.319556584900664298e-02
-5.326628331296723307e-02
-5.333043352831901007e-02
-5.339668476351167037e-02
-5.346830864470153433e-02
-5.355615317643036555e-02
-5.386168693699544541e-02
-5.395124194771472315e-02
-5.402633779468335451e-02
-5.410099854778371853e-02
-5.416703663346922326e-02
-5.423064129079879780e-02
-5.429291219337362140e-02
-5.435453902764708634e-02
-5.441589066130125829e-02
-5.447803777481008414e-02
-5.453998514391167340e-02
-5.460300519946836850e-02
-5.466837573110427950e-02
-5.473750580739900062e-02
-5.481481370256657826e-02
-5.492583687830543404e-02
-5.504699215458253025e-02
-5.512879548619875614e-02
-5.520144040433305754e-02
-5.526997822613999301e-02
-5.533644647389734939e-02
-5.540161913787378101e-02
-5.546644351013818586e-02
-5.553137020948173408e-02
-5.559664697954613821e-02
-5.566253161853917941e-02
-5.572980994068998939e-02
-5.579963618998873276e-02
-5.587405650563592729e-02
-5.595464779379211162e-02
-5.605183810255187637e-02
-5.631738784393025554e-02
-5.641287546169126976e-02
-5.649801538197307682e-02
-5.658461547175464013e-02
-5.667354137243163503e-02
-5.675386892835976305e-02
-5.682954406594642460e-02
-5.690378555197073140e-02
-5.697886532338169996e-02
-5.705772188794344668e-02
-5.714256979678333792e-02
-5.725370450544353673e-02
-5.742260130035936605e-02
-5.751884378947191845e-02
-5.760072060526977289e-02
-5.767668727991770439e-02
-5.775536209465470527e-02
-5.782598712967201848e-02
-5.789328892902889656e-02
-5.795941027005191426e-02
-5.802605516080194814e-02
-5.809167888889976705e-02
-5.815771919613155205e-02
-5.822553325132229229e-02
-5.829711833895501183e-02
-5.837766679741196452e-02
-5.848886703753708449e-02
-5.865792614198683808e-02
-5.874817690369249501e-02
-5.882412049737939519e-02
-5.889519685747357514e-02
-5.896405866740317414e-02
-5.902962595142380309e-02
-5.909433381969575461e-02
-5.915915098579627163e-02
-5.922583774277534463e-02
-5.929314860034773371e-02
-5.936396836950030842e-02
-5.944020515168357832e-02
-5.953402683813091567e-02
-5.979817279607113623e-02
-5.989016569814387125e-02
-5.996476443925125022e-02
-6.003326126499419768e-02
-6.009880887190477416e-02
-6.016287195446712310e-02
-6.022634806032511889e-02
-6.028996532084018867e-02
-6.035441722074597060e-02
-6.042070718691228137e-02
-6.049048319098948578e-02
-6.056750085218942647e-02
-6.066613434541456851e-02
-6.087292074905714667e-02
-6.096014673137029050e-02
-6.103388887318250688e-02
-6.110238710540383256e-02
-6.116803705473716768e-02
-6.123270199222929921e-02
-6.129628116694341156e-02
-6.135997307137031065e-02
-6.142468539204870570e-02
-6.149159039047058517e-02
-6.156282692550429925e-02
-6.164391025514703859e-02
-6.176588372272651117e-02
-6.188371189146191220e-02
-6.196302277437193418e-02
-6.203510093524911007e-02
-6.210276166342376669e-02
-6.216797802158047226e-02
-6.223214998250192753e-02
-6.229627112445756953e-02
-6.236121708817476961e-02
-6.242809340069521706e-02
-6.249874080748141214e-02
-6.257747852303929825e-02
-6.268291170329420847e-02
-6.283902874417990336e-02
-6.292153655442600524e-02
-6.299304167620123351e-02
-6.306049034602068115e-02
-6.312628939987863230e-02
-6.319171335297268932e-02
-6.325801566962685474e-02
-6.332604885663961625e-02
-6.339576583083428307e-02
-6.346874839879856900e-02
-6.354920472013103616e-02
-6.365262518330994101e-02
-6.385026156897011251e-02
-6.393698851695606145e-02
-6.401179384460975452e-02
-6.408345618627486751e-02
-6.415650224410851532e-02
-6.424564591685821835e-02
-6.432450153806179571e-02
-6.439463097738928887e-02
-6.446346797107349591e-02
-6.453355103667690607e-02
-6.460767522582899769e-02
-6.469145348828220232e-02
-6.480897699270860013e-02
-6.495902258610020130e-02
-6.504434952881021914e-02
-6.511648403995740075e-02
-6.518297439416353978e-02
-6.524640775900336642e-02
-6.530812700473542787e-02
-6.536883543651783590e-02
-6.542913226191460208e-02
-6.548963265233709308e-02
-6.555095971728164272e-02
-6.561389790774541098e-02
-6.567966240948286405e-02
-6.575057030176634232e-02
-6.583278954204752065e-02
-6.595791798426065000e-02
-6.608966326308585160e-02
-6.617641619196701352e-02
-6.625199759876987393e-02
-6.632052081346495598e-02
-6.638573832958194476e-02
-6.644927222277763335e-02
-6.651281055300206635e-02
-6.657553306459751408e-02
-6.663861094866552204e-02
-6.670293413277195160e-02
-6.676969591043957486e-02
-6.684251691217979463e-02
-6.692274525540897745e-02
-6.703341308302135371e-02
-6.722500496668681880e-02
-6.735504375788425868e-02
-6.744408749691055416e-02
-6.751922406862387316e-02
-6.758856081432640384e-02
-6.765532332600487919e-02
-6.772132956402177051e-02
-6.778810413210190067e-02
-6.785744332796717071e-02
-6.793231767640972585e-02
-6.802000757928039487e-02
-6.815109237189398428e-02
-6.828437274082999053e-02
-6.837086614121767880e-02
-6.844463419477553323e-02
-6.851313748415932547e-02
-6.857920037158815596e-02
-6.864433218123688896e-02
-6.870968265805865727e-02
-6.877645290621936525e-02
-6.884631473282654124e-02
-6.892235226779952484e-02
-6.901214088738094610e-02
-6.915091752869728658e-02
-6.927545792671307989e-02
-6.936159678037934206e-02
-6.943714227896846669e-02
-6.950970342198492524e-02
-6.957754112052028095e-02
-6.964420622628508806e-02
-6.971071085690661029e-02
-6.977838824309035015e-02
-6.984899671814392974e-02
-6.992576032945685416e-02
-7.001712168042306672e-02
-7.015433753957778240e-02
-7.027286370094398826e-02
-7.035882479048849447e-02
-7.043368208035227784e-02
-7.050347472206663912e-02
-7.057082619273824520e-02
-7.063726852436125192e-02
-7.070401860759067958e-02
-7.077209598342504293e-02
-7.084309438897895550e-02
-7.091993112916628039e-02
-7.100979670954365996e-02
-7.113745606296995039e-02
-7.126446788090523565e-02
-7.135522590763720974e-02
-7.143395542029240541e-02
-7.150766927699303555e-02
-7.157937451851514865e-02
-7.165088922341511513e-02
-7.172388578802491033e-02
-7.179892802069165469e-02
-7.187558527892334848e-02
-7.195657205499350617e-02
-7.204697228652134910e-02
-7.216142160862626387e-02
-7.231138906488232543e-02
-7.241041112723300976e-02
-7.249343243205508269e-02
-7.256985126915471707e-02
-7.264483051861048146e-02
-7.271943270144831661e-02
-7.279207156468148199e-02
-7.286540499911531299e-02
-7.294068489108596065e-02
-7.302076912204835679e-02
-7.311145471833491172e-02
-7.323458709302632652e-02
-7.337229812877343882e-02
-7.346785725908377973e-02
-7.355403828495410412e-02
-7.363937732166847550e-02
-7.372338606623796142e-02
-7.380998378615744038e-02
-7.390914568652007244e-02
-7.408330535196983035e-02
-7.419192920609440911e-02
-7.427380743088729531e-02
-7.434872480046283982e-02
-7.442130090978271717e-02
-7.449380193432131314e-02
-7.456829192409153428e-02
-7.464774827861642148e-02
-7.473968648511353230e-02
-7.489019145147002288e-02
-7.500603930648142015e-02
-7.508844387612856330e-02
-7.516281947181568945e-02
-7.523446213656381776e-02
-7.530595956228092192e-02
-7.537953319225687565e-02
-7.545865324251188611e-02
-7.555295287229080170e-02
-7.575378351946571165e-02
-7.585623030641663878e-02
-7.593542590956103844e-02
-7.600817117435521020e-02
-7.607884119186991700e-02
-7.614980276617444588e-02
-7.622339710900971621e-02
-7.630369091292332762e-02
-7.640389287206650337e-02
-7.665421459439458740e-02
-7.674865672953867790e-02
-7.682616207984771517e-02
-7.689840844371087503e-02
-7.696911339763934379e-02
-7.704052405421513150e-02
-7.711516976404242385e-02
-7.719784056310130538e-02
-7.730715275067501224e-02
-7.749162437709788964e-02
-7.758215085028508096e-02
-7.765966779942257148e-02
-7.773294112408479783e-02
-7.780525303403851289e-02
-7.787899655201790949e-02
-7.795810021135707313e-02
-7.804981812563860366e-02
-7.817547968673421721e-02
-7.832004520714708207e-02
-7.840831795214509015e-02
-7.848586122901368700e-02
-7.855961515086418157e-02
-7.863242278694282383e-02
-7.870664946943450868e-02
-7.878563317116882292e-02
-7.887816674965486552e-02
-7.905668981001201523e-02
-7.916846153933010388e-02
-7.925277256113794078e-02
-7.932962635857754297e-02
-7.940311030387126046e-02
-7.947617813122420660e-02
-7.955155141052761003e-02
-7.963389763435813062e-02
-7.974054717494916122e-02
-7.994315440794363958e-02
-8.003722671164148483e-02
-8.011679521831027717e-02
-8.019150849065403985e-02
-8.026418953783731602e-02
-8.033728919303284588e-02
-8.041391481637871763e-02
-8.050098110678738372e-02
-8.063998752078349597e-02
-8.076519753951694192e-02
-8.085156339268639858e-02
-8.092802032490431507e-02
-8.100084484349745484e-02
-8.107297150040893019e-02
-8.114785363778054261e-02
-8.122690479587713064e-02
-8.132207992207440839e-02
-8.156177624900518008e-02
-8.166544785219120861e-02
-8.174794757086301100e-02
-8.182390580986886874e-02
-8.189755409969978750e-02
-8.197139560404365088e-02
-8.204813720365067287e-02
-8.213326818033495069e-02
-8.225094463094595465e-02
-8.240758741916842656e-02
-8.250052052395118185e-02
-8.258086824096977363e-02
-8.265623482876516270e-02
-8.272993316174148681e-02
-8.280421666030179928e-02
-8.288174710382001376e-02
-8.296824042766592910e-02
-8.309183538401787583e-02
-8.323454779562866612e-02
-8.332575405523345857e-02
-8.340674543198056679e-02
-8.348343955980985776e-02
-8.355830474615355552e-02
-8.363394840032678523e-02
-8.371276704122387891e-02
-8.379957716482144825e-02
-8.391843123131004223e-02
-8.407505315454477657e-02
-8.417120959223323151e-02
-8.425496289901823754e-02
-8.433321314001795965e-02
-8.440907377760253905e-02
-8.448501648809114695e-02
-8.456403339092100069e-02
-8.465274190444338487e-02
-8.478938414019809855e-02
-8.491820468129041011e-02
-8.500752840413494660e-02
-8.508704574277148325e-02
-8.516275605847301033e-02
-8.523739545630493186e-02
-8.531314297990377771e-02
-8.539337500915578083e-02
-8.548755393576634720e-02
-8.568409274539290355e-02
-8.579344725866233645e-02
-8.587922614743248584e-02
-8.595763077451457068e-02
-8.603315129520261451e-02
-8.610837247319735877e-02
-8.618568173303975399e-02
-8.626919936214261231e-02
-8.637319331924220300e-02
-8.659203639022616805e-02
-8.669187527579114150e-02
-8.677574934978782295e-02
-8.685417602517075952e-02
-8.693071182933087560e-02
-8.700757986999452243e-02
-8.708733277186497812e-02
-8.717512636781354907e-02
-8.729348223227084702e-02
-8.745074272474884225e-02
-8.754485622850949333e-02
-8.762710819885355384e-02
-8.770441954772023596e-02
-8.778004711374476354e-02
-8.785638618748559114e-02
-8.793643612485924077e-02
-8.802701197966467106e-02
-8.816639422892980082e-02
-8.829213893495679866e-02
-8.837973500401530291e-02
-8.845826154831770705e-02
-8.853353133880192960e-02
-8.860820024948123930e-02
-8.868448798871531036e-02
-8.876569394303268634e-02
-8.886053811201577446e-02
-8.903492269488710864e-02
-8.914691870941682250e-02
-8.923344237875974194e-02
-8.931299662704828002e-02
-8.938991628873116380e-02
-8.946670139626866636e-02
-8.954589928314338199e-02
-8.963185508001692003e-02
-8.973947246476321471e-02
-8.994351461019134408e-02
-9.004459541216469631e-02
-9.013088994849338675e-02
-9.021009929492662671e-02
-9.028683810927173869e-02
-9.036406787122808204e-02
-9.044519846795806561e-02
-9.053825318682573453e-02
-9.069950699095230551e-02
-9.081730052844128043e-02
-9.090403737463981226e-02
-9.098270096138250107e-02
-9.105866690812935982e-02
-9.113479333144636207e-02
-9.121403101647451717e-02
-9.130221382108660855e-02
-9.142657165758660831e-02
-9.157340707112959777e-02
-9.166512933022319398e-02
-9.174614066495345721e-02
-9.182362571565694243e-02
-9.190074946902448971e-02
-9.198030251993882800e-02
-9.206692730621135468e-02
-9.217714672955079624e-02
-9.237955131772368489e-02
-9.247696236824776150e-02
-9.256052404346359896e-02
-9.263966789097810572e-02
-9.271777198365804828e-02
-9.279735417941381570e-02
-9.288229870414799194e-02
-9.298407596320579227e-02
-9.322823832591464743e-02
-9.333145735849368574e-02
-9.341655570175178003e-02
-9.349682940657277896e-02
-9.357672546044326634e-02
-9.365988477153242009e-02
-9.375141673601428138e-02
-9.385456452413576400e-02
-9.406471799227922315e-02
-9.417193807333190669e-02
-9.425745486339032198e-02
-9.433718450705896874e-02
-9.441555074081142696e-02
-9.449520543557554664e-02
-9.457750242900875293e-02
-9.466938928517065754e-02
-9.480866496738760141e-02
-9.493302478046083959e-02
-9.502084491043105707e-02
-9.510065550999202699e-02
-9.517802555243004559e-02
-9.525578187857586254e-02
-9.533672857087371888e-02
-9.542628918476336874e-02
-9.554919243388815264e-02
-9.569641973495046638e-02
-9.578807744712114491e-02
-9.587018750252185306e-02
-9.594937760277510996e-02
-9.602853067936301112e-02
-9.611037331748395474e-02
-9.620017964669436150e-02
-9.632040488281079504e-02
-9.647514281797009428e-02
-9.656646333438478891e-02
-9.664748078077423088e-02
-9.672512286397960679e-02
-9.680234898800732513e-02
-9.688169497510834560e-02
-9.696820813745909984e-02
-9.708097757348477241e-02
-9.725595180843549237e-02
-9.734758195969106520e-02
-9.742747768617232573e-02
-9.750351129471923617e-02
-9.757892675714707753e-02
-9.765633190201139513e-02
-9.773993494964683393e-02
-9.784413009237780123e-02
-9.808707827235085830e-02
-9.818211344962091136e-02
-9.826272287715964726e-02
-9.833884290148464657e-02
-9.841399774861425698e-02
-9.849079317743980599e-02
-9.857305302645802403e-02
-9.867220511213581347e-02
-9.895827620122665813e-02
-9.905885245769685543e-02
-9.914136725171018849e-02
-9.921867161336217489e-02
-9.929475387920772000e-02
-9.937226285511457924e-02
-9.945492053552795753e-02
-9.955340720430227996e-02
-9.982055392278721406e-02
-9.992332200452858082e-02
-1.000071284219985479e-01
-1.000856060169456052e-01
-1.001626846445591301e-01
-1.002408733131832097e-01
-1.003234434826848487e-01
-1.004188144779658565e-01
-1.006044252968858466e-01
-1.007155272841956384e-01
-1.008012351442938437e-01
-1.008801764791011912e-01
-1.009570833924782196e-01
-1.010347555220444393e-01
-1.011165583347499730e-01
-1.012107146031373528e-01
-1.013854945100873817e-01
-1.014982371025822117e-01
-1.015840067003753733e-01
-1.016624123354908926e-01
-1.017386884687597748e-01
-1.018158272802829334e-01
-1.018973703819755494e-01
-1.019922062575434607e-01
-1.021809755720496371e-01
-1.022899806112456123e-01
-1.023740634900136559e-01
-1.024515195189515948e-01
-1.025271836428230943e-01
-1.026039609956505005e-01
-1.026856102452248232e-01
-1.027820550099153296e-01
-1.030096224434791097e-01
-1.031137836547113551e-01
-1.031963877737607227e-01
-1.032731182411606996e-01
-1.033483535227407435e-01
-1.034248261957669834e-01
-1.035065407944462113e-01
-1.036046677014917927e-01
-1.038706825192301508e-01
-1.039717197125568093e-01
-1.040532481812150856e-01
-1.041293020389895130e-01
-1.042041352532531162e-01
-1.042806908980270508e-01
-1.043631439742661593e-01
-1.044639664915186783e-01
-1.047506030791447440e-01
-1.048493526336936599e-01
-1.049303798112254382e-01
-1.050062312505897211e-01
-1.050810107005152316e-01
-1.051576793302936297e-01
-1.052407129449737244e-01
-1.053441878915770680e-01
-1.056164453946276671e-01
-1.057118834271301155e-01
-1.057913268695030995e-01
-1.058660854516043637e-01
-1.059400848367825221e-01
-1.060163340909198171e-01
-1.060995080683460046e-01
-1.062052546092856486e-01
-1.064470220388950006e-01
-1.065403843110628301e-01
-1.066190910192326147e-01
-1.066934958652911991e-01
-1.067673884829225539e-01
-1.068437885429325274e-01
-1.069275254773726092e-01
-1.070357316724342978e-01
-1.072512102431221193e-01
-1.073435251883122499e-01
-1.074221397534617095e-01
-1.074967517648749427e-01
-1.075710397844595878e-01
-1.076480084429304318e-01
-1.077327506892915565e-01
-1.078437881490201811e-01
-1.080408152956342516e-01
-1.081332188679416939e-01
-1.082127970600270661e-01
-1.082885812653908708e-01
-1.083641851286235580e-01
-1.084427009472570536e-01
-1.085296780033513375e-01
-1.086469519409989370e-01
-1.088198880343990149e-01
-1.089113100728273942e-01
-1.089905786805087651e-01
-1.090659859373596108e-01
-1.091410798549321548e-01
-1.092189640083157665e-01
-1.093052026304116575e-01
-1.094234687032198394e-01
-1.095844272143140508e-01
-1.096746378056540072e-01
-1.097532964369146713e-01
-1.098283242359746614e-01
-1.099031588652651381e-01
-1.099809385155650077e-01
-1.100675486605551257e-01
-1.101892570081337563e-01
-1.103412529178612322e-01
-1.104303145287014454e-01
-1.105083894986226278e-01
-1.105829945014393800e-01
-1.106575445693432913e-01
-1.107352596636643760e-01
-1.108222766899071843e-01
-1.109470384977152557e-01
-1.110927171981631600e-01
-1.111810068391823059e-01
-1.112588847195816744e-01
-1.113335701370926634e-01
-1.114084576778228142e-01
-1.114867929713658778e-01
-1.115749006619505268e-01
-1.117037050501067386e-01
-1.118452727349708020e-01
-1.119339471727998081e-01
-1.120124627350218560e-01
-1.120879085528173613e-01
-1.121636434133373994e-01
-1.122430421382439869e-01
-1.123329669590200641e-01
-1.124708471823179234e-01
-1.126033620035971072e-01
-1.126915225561332390e-01
-1.127704215786234920e-01
-1.128465551733006667e-01
-1.129232099528845179e-01
-1.130037169034058264e-01
-1.130949658745307174e-01
-1.132382045216353550e-01
-1.133688092186135865e-01
-1.134583682271236293e-01
-1.135386580697879122e-01
-1.136160810339548188e-01
-1.136939502006226732e-01
-1.137756205032980361e-01
-1.138699230535550333e-01
-1.140545788394871085e-01
-1.141696534773176674e-01
-1.142557950298179748e-01
-1.143341649689364470e-01
-1.144099961303393087e-01
-1.144863107965357063e-01
-1.145673022633149074e-01
-1.146639015040263887e-01
-1.149244265625828376e-01
-1.150311929125514832e-01
-1.151150539140562978e-01
-1.151920617557640192e-01
-1.152670333578099671e-01
-1.153431907821694802e-01
-1.154250691099960591e-01
-1.155269155198880293e-01
-1.158205093161440713e-01
-1.159208612556874574e-01
-1.160032691029831975e-01
-1.160799314929399362e-01
-1.161550265891662104e-01
-1.162317942905546353e-01
-1.163153622073426208e-01
-1.164250458291370416e-01
-1.166251192480068921e-01
-1.167212680128547619e-01
-1.168028516115552362e-01
-1.168794443658118798e-01
-1.169548937369895292e-01
-1.170324812701187822e-01
-1.171180808666792972e-01
-1.172384249307393267e-01
-1.173956047721269602e-01
-1.174884228176179546e-01
-1.175688866562359935e-01
-1.176449617889984145e-01
-1.177202520996275537e-01
-1.177981933614921095e-01
-1.178855924718953396e-01
-1.180210567013744161e-01
-1.181577000321774040e-01
-1.182484516155128951e-01
-1.183285165520682192e-01
-1.184047147768050312e-01
-1.184804917133061020e-01
-1.185593876241771705e-01
-1.186492801191170177e-01
-1.188077148276661665e-01
-1.189330916431351470e-01
-1.190228910557251663e-01
-1.191031722621346267e-01
-1.191800621183045639e-01
-1.192568352158134282e-01
-1.193372293194028266e-01
-1.194305293865695061e-01
-1.196307179633960827e-01
-1.197493199419212839e-01
-1.198398104837008482e-01
-1.199218939694958186e-01
-1.200005005773120415e-01
-1.200791863208436894e-01
-1.201619871239629767e-01
-1.202599549325069628e-01
-1.205399740954772314e-01
-1.206539640270148928e-01
-1.207450053565740644e-01
-1.208285438805589695e-01
-1.209093008543905556e-01
-1.209903267345203703e-01
-1.210758721316278486e-01
-1.211797242301450028e-01
-1.214625025930458069e-01
-1.215713682063065404e-01
-1.216619413045604281e-01
-1.217459758857936114e-01
-1.218277622216111800e-01
-1.219102007219849959e-01
-1.219977774153788719e-01
-1.221075150243609020e-01
-1.223220276380289073e-01
-1.224278822264092126e-01
-1.225186124073274208e-01
-1.226039021224510916e-01
-1.226875869558118337e-01
-1.227727173387068715e-01
-1.228643019873159048e-01
-1.229837695149874621e-01
-1.231576848628397336e-01
-1.232602420861083070e-01
-1.233501719816156861e-01
-1.234353457907030327e-01
-1.235191211989975502e-01
-1.236044899258800234e-01
-1.236966929422746997e-01
-1.238182695787737320e-01
-1.239827792028969089e-01
-1.240809827970399404e-01
-1.241677618055453403e-01
-1.242506220853072385e-01
-1.243328738789682975e-01
-1.244175303043608682e-01
-1.245102118630728727e-01
-1.246370579981116444e-01
-1.247868257093077693e-01
-1.248818518502204933e-01
-1.249667212610499067e-01
-1.250483600362548575e-01
-1.251299817935491721e-01
-1.252147416143899461e-01
-1.253088240252621111e-01
-1.254442966715165753e-01
-1.255817272240459248e-01
-1.256748977930940425e-01
-1.257592922305389438e-01
-1.258408125665548827e-01
-1.259224498459505792e-01
-1.260076118291743041e-01
-1.261031491043421715e-01
-1.262479819710485840e-01
-1.263778989326149738e-01
-1.264688961105518983e-01
-1.265516137235669358e-01
-1.266319829167812383e-01
-1.267132079106082498e-01
-1.267987650801675192e-01
-1.268963432921965673e-01
-1.270570818169787231e-01
-1.271799607297507961e-01
-1.272703883771018063e-01
-1.273529725509954247e-01
-1.274331170624090070e-01
-1.275140268098753360e-01
-1.275993285750888218e-01
-1.276968563048167526e-01
-1.278603651460993307e-01
-1.279809180884021735e-01
-1.280695311386451651e-01
-1.281508282843530910e-01
-1.282302150973652077e-01
-1.283107049745288997e-01
-1.283955842274441261e-01
-1.284924533226069476e-01
-1.286505130340690473e-01
-1.287747660383796733e-01
-1.288648348412959610e-01
-1.289478048743748495e-01
-1.290305239865968678e-01
-1.291124041707910619e-01
-1.291982378194598269e-01
-1.292963105492769271e-01
-1.294637370691587019e-01
-1.295844837964186258e-01
-1.296742013306190211e-01
-1.297566187626993939e-01
-1.298371255455947892e-01
-1.299188181138680731e-01
-1.300053997447584431e-01
-1.301057963944380891e-01
-1.302973222494937522e-01
-1.304144652359782164e-01
-1.305047229505085227e-01
-1.305883198950669177e-01
-1.306702942073154627e-01
-1.307536290145236979e-01
-1.308422098167029146e-01
-1.309462883973842029e-01
-1.311748021821700361e-01
-1.312880218810938970e-01
-1.313772790098307608e-01
-1.314605499293167723e-01
-1.315427536357017813e-01
-1.316270521105110669e-01
-1.317176734303583396e-01
-1.318259640284404899e-01
-1.320955708896422998e-01
-1.322087524466281083e-01
-1.323015764958058726e-01
-1.323902567055145196e-01
-1.324801195524177855e-01
-1.325766251872714241e-01
-1.326804660563347671e-01
-1.328141047960225141e-01
-1.329869590375485355e-01
-1.330882622785864999e-01
-1.331769919511056610e-01
-1.332609639474741092e-01
-1.333433548897126064e-01
-1.334265495964895853e-01
-1.335135217708152133e-01
-1.336110008470470234e-01
-1.337592936023458412e-01
-1.338944301856519470e-01
-1.339887869994856873e-01
-1.340737595826384521e-01
-1.341554655130833273e-01
-1.342368036620126270e-01
-1.343202449599144588e-01
-1.344094393639714280e-01
-1.345136359735877862e-01
-1.346861715685482297e-01
-1.348269706999021267e-01
-1.349265582696625998e-01
-1.350175191185601919e-01
-1.351071854635141900e-01
-1.352007186233606939e-01
-1.353087150900326163e-01
-1.355321232664981057e-01
-1.356512819041217899e-01
-1.357461505433316118e-01
-1.358358428859463007e-01
-1.359261859665338301e-01
-1.360228870388743294e-01
-1.361436722751721007e-01
-1.363874971005617498e-01
-1.364908889698328576e-01
-1.365807921931813107e-01
-1.366674561960914414e-01
-1.367558778237456529e-01
-1.368525806402355327e-01
-1.369843174059773849e-01
-1.371439675361927346e-01
-1.372439411132415632e-01
-1.373355409455153664e-01
-1.374222236207894854e-01
-1.375100118146064254e-01
-1.376063964991938171e-01
-1.377391760489924399e-01
-1.379060064684803910e-01
-1.380048167151435301e-01
-1.380922064608960387e-01
-1.381768249122086178e-01
-1.382633922184760555e-01
-1.383589215832474739e-01
-1.384885909924503666e-01
-1.386557359678753931e-01
-1.387547722155615393e-01
-1.388421994012826177e-01
-1.389268579523695868e-01
-1.390135225235460403e-01
-1.391092315025334036e-01
-1.392464421702570565e-01
-1.393969455327231932e-01
-1.394966789511616900e-01
-1.395850558913186434e-01
-1.396711132167258729e-01
-1.397605278210169999e-01
-1.398645882537922214e-01
-1.401197541804517499e-01
-1.402349357770467098e-01
-1.403265920101706143e-01
-1.404125370060692601e-01
-1.404987320655866068e-01
-1.405912516528772249e-01
-1.407109867565548011e-01
-1.409098786790847768e-01
-1.410110751374304972e-01
-1.410992802134127810e-01
-1.411843670426680131e-01
-1.412712374139949434e-01
-1.413683932749488781e-01
-1.415279709589962742e-01
-1.416590411475924238e-01
-1.417538032423386607e-01
-1.418403694182125419e-01
-1.419257575183691111e-01
-1.420150462795128909e-01
-1.421214197594374840e-01
-1.424834430151219467e-01
-1.425958881320938954e-01
-1.426928934874376331e-01
-1.427820147416066776e-01
-1.428703136591622513e-01
-1.429674883033749122e-01
-1.431280610543420595e-01
-1.432600306177717053e-01
-1.433563877198760217e-01
-1.434442677462913762e-01
-1.435307134078454006e-01
-1.436220702429964469e-01
-1.437377425847307100e-01
-1.439442083173434472e-01
-1.440479177151092749e-01
-1.441379681537803270e-01
-1.442243417826489793e-01
-1.443126831557405287e-01
-1.444133888369861785e-01
-1.446495516378443202e-01
-1.447682820931961434e-01
-1.448624647096261597e-01
-1.449501751654312942e-01
-1.450374821821046600e-01
-1.451313466511826578e-01
-1.452612747552014527e-01
-1.454166306125459496e-01
-1.455171819657625765e-01
-1.456070837866696444e-01
-1.456944817053581476e-01
-1.457850569081905467e-01
-1.458922529067911977e-01
-1.462553861787645459e-01
-1.463667051232387939e-01
-1.464603275562299523e-01
-1.465489761687189807e-01
-1.466382954041769437e-01
-1.467362141539453324e-01
-1.468924367368950046e-01
-1.470277564951009142e-01
-1.471282215246403346e-01
-1.472205216995134958e-01
-1.473114114400518870e-01
-1.474066933541682278e-01
-1.475229987476035509e-01
-1.477612997538565454e-01
-1.478782207859576925e-01
-1.479814736823090726e-01
-1.480803754359547586e-01
-1.481794139122678544e-01
-1.482877864959387670e-01
-1.484687336429941773e-01
-1.486097294059833818e-01
-1.487163357115653950e-01
-1.488140660009728000e-01
-1.489110883828517196e-01
-1.490170793548121209e-01
-1.491929419285085157e-01
-1.493277188178359083e-01
-1.494300861827808635e-01
-1.495252986627886305e-01
-1.496208628262432061e-01
-1.497260878928576844e-01
-1.498988476861422559e-01
-1.500330937202436488e-01
-1.501348617291189402e-01
-1.502298359316776022e-01
-1.503254708247496740e-01
-1.504308498604320921e-01
-1.505999489900624599e-01
-1.507342578627615115e-01
-1.508355404627182983e-01
-1.509302331421537025e-01
-1.510258444647728515e-01
-1.511311994080745125e-01
-1.512946647009306700e-01
-1.514303272627995911e-01
-1.515310658701027879e-01
-1.516253524070666492e-01
-1.517208382123420574e-01
-1.518262096176964393e-01
-1.519857926858860786e-01
-1.521239023308906813e-01
-1.522243982343137736e-01
-1.523183619461278004e-01
-1.524135520352706274e-01
-1.525186215547496005e-01
-1.526742074056225418e-01
-1.528156069366389813e-01
-1.529157436293400174e-01
-1.530090379030364378e-01
-1.531035230437770567e-01
-1.532077625353737149e-01
-1.533600467453176686e-01
-1.535049534727258580e-01
-1.536050055015595328e-01
-1.536979210233301307e-01
-1.537919363024236041e-01
-1.538954764570108491e-01
-1.540439434923257522e-01
-1.541941379566512671e-01
-1.542945853100912146e-01
-1.543873390730714501e-01
-1.544809555796941014e-01
-1.545837764619256705e-01
-1.547284777450290694e-01
-1.548858796261710635e-01
-1.549874673827633664e-01
-1.550806060895927319e-01
-1.551743070650962730e-01
-1.552768051347497291e-01
-1.554181547657736973e-01
-1.555852914385996710e-01
-1.556893355580265537e-01
-1.557840619262773618e-01
-1.558792497035376146e-01
-1.559833266677603802e-01
-1.561240958803333800e-01
-1.563036406296270941e-01
-1.564159775364556415e-01
-1.565168365487820124e-01
-1.566151949315874869e-01
-1.567197341020977186e-01
-1.568555549145130845e-01
-1.570358926499219043e-01
-1.571395311217503865e-01
-1.572329622118042725e-01
-1.573256644525988790e-01
-1.574249830135306949e-01
-1.575524721654258942e-01
-1.577598170554643797e-01
-1.578646270873513835e-01
-1.579577504472567950e-01
-1.580496107945214002e-01
-1.581474619852685226e-01
-1.582704714775510224e-01
-1.585191640506876665e-01
-1.586272244637743078e-01
-1.587217515374942378e-01
-1.588144330841358975e-01
-1.589126991303623226e-01
-1.590341165896506093e-01
-1.593438637669370994e-01
-1.594567375518595176e-01
-1.595536847812365489e-01
-1.596478414687610980e-01
-1.597465715061648917e-01
-1.598669640163445926e-01
-1.602178638333608962e-01
-1.603328095772875717e-01
-1.604295976377789756e-01
-1.605225150212870044e-01
-1.606185386451853825e-01
-1.607316060349525122e-01
-1.610766707537915066e-01
-1.611942119960796393e-01
-1.612892998669100963e-01
-1.613790655530920048e-01
-1.614249517372206011e-01
