4.072488680320234811e-01
4.067251923954319226e-01
4.066515805223384628e-01
4.070892218216152214e-01
4.081370828307214205e-01
4.099409233495148741e-01
4.127793684420952847e-01
4.170789711895353524e-01
4.232398298968040873e-01
4.302201460544232137e-01
4.336896325059112489e-01
4.312746955511588820e-01
4.252183068370626873e-01
4.197961874723823983e-01
4.164802608268129980e-01
4.147086266731169202e-01
4.139672019680185611e-01
4.139655778495825444e-01
4.146406785470061473e-01
4.160298948024948040e-01
4.181673838170912871e-01
4.212051772660725391e-01
4.255016293372902436e-01
4.320382578311962041e-01
4.385371004981322152e-01
4.410719065746126488e-01
4.362404809703391284e-01
4.348889339755945826e-01
4.356696159396244994e-01
4.372640094188738891e-01
4.413771350127085880e-01
4.507911996261902976e-01
4.669289312092235744e-01
4.615603388793683703e-01
4.806289006597667113e-01
4.592658047981051928e-01
4.570821178658376338e-01
4.619340640717207180e-01
4.569917594217892676e-01
4.620197391982494572e-01
4.726058348869560666e-01
4.871967784470162544e-01
5.160279442028453678e-01
5.416974943212401472e-01
5.098463119181094738e-01
4.860588342316769506e-01
4.739540379428655581e-01
4.641956581371223245e-01
4.559691287583087504e-01
4.503808772383045556e-01
4.469083474381977394e-01
4.448114384398728638e-01
4.440385013101701417e-01
4.443527447604037617e-01
4.392828319098933676e-01
4.377024380556239214e-01
4.370466220376732491e-01
4.376513006483179757e-01
4.405115292725451104e-01
4.499935544149875066e-01
4.462835556836844408e-01
4.451481215903980160e-01
4.399959084209608129e-01
4.383597264070470123e-01
4.406987801703701746e-01
4.383378685051891321e-01
4.391165669411383754e-01
4.422391792858397230e-01
4.497203407242924555e-01
4.596893500805296906e-01
4.598455926520660930e-01
4.588899468146926397e-01
4.630724247860823484e-01
5.219754275220197526e-01
4.596780314286708635e-01
4.577103116132313909e-01
4.643856693713483419e-01
4.755073829831185095e-01
4.904102521191766040e-01
4.730554689887766506e-01
4.593635719032490017e-01
4.546794766582863412e-01
4.527640481698232411e-01
4.502247766337457713e-01
4.471361940287681414e-01
4.457341316022342403e-01
4.457234906191930857e-01
4.472411412976011746e-01
4.537377402645206281e-01
4.498318386760937759e-01
4.491194570762149230e-01
4.500226688304780343e-01
4.519302362995957778e-01
4.550834370568871967e-01
4.598049508164934740e-01
4.601289725171992528e-01
4.587513995731530292e-01
4.609511741344822222e-01
4.636982752875994374e-01
4.600995804868074357e-01
4.582541681967609026e-01
4.583172323184381836e-01
4.655561800328073541e-01
4.674975463560270272e-01
4.739122983037372672e-01
4.947855828829860747e-01
4.661042674533407149e-01
4.622955828470027284e-01
4.614051331461082039e-01
4.621874746934297451e-01
4.631105775281848524e-01
4.627100416854625364e-01
4.617738291215887081e-01
4.618106790128601036e-01
4.634595335153680051e-01
4.644065465623714029e-01
4.643320817738409989e-01
4.600962519801622963e-01
4.567174107223136437e-01
4.549142081682033822e-01
4.554845780123468746e-01
4.530907770018006708e-01
4.521919734815278424e-01
4.523826958251596086e-01
4.535843375404027267e-01
4.551178144023295125e-01
4.581753256385609485e-01
4.668680052369347799e-01
4.653226818096528050e-01
4.669119824480666425e-01
4.685935625952275529e-01
4.637355910808592663e-01
4.628615428589174519e-01
4.644455819760022752e-01
4.636734599325821882e-01
4.651369794562481563e-01
4.679600017214088359e-01
4.733018113080406652e-01
4.821558147628881019e-01
4.974971726821892370e-01
4.841643330269875811e-01
4.783590763890913089e-01
4.786819940652703997e-01
4.855612713112702483e-01
4.823254829408533118e-01
4.825653430000087507e-01
4.822949571487661902e-01
4.829074698309520630e-01
4.844314442195035153e-01
4.840575058423988164e-01
4.836695863023315889e-01
4.818033794171726059e-01
4.810704834524999751e-01
4.824322892854711609e-01
4.869435204650432447e-01
4.929438732933724698e-01
5.131100919922566561e-01
5.441640168429765501e-01
5.004072668941853541e-01
4.918041158418287040e-01
4.898316121279607804e-01
4.914041340531105639e-01
4.903929213317985703e-01
4.873355160281956366e-01
4.853284001235731449e-01
4.847158339901543878e-01
4.837036767050209018e-01
4.838716518530357114e-01
4.850476039852890109e-01
4.876038660142865688e-01
4.927948671051085028e-01
5.107832787529392737e-01
5.238489733120639258e-01
5.043692235479892982e-01
5.014677006501825351e-01
4.967290862623516268e-01
4.957727469851074820e-01
4.952027908193348815e-01
4.968024329108951531e-01
4.994678051809291475e-01
5.036612086167239211e-01
5.081427927917847587e-01
5.132809474635184888e-01
5.224794215778484352e-01
5.371419405310534634e-01
5.668760508699294265e-01
7.645038628633979982e-01
5.794781071851926590e-01
5.506708980526554553e-01
5.332063216323056354e-01
5.263122229858663292e-01
5.234667442540256177e-01
5.235439298044649581e-01
5.228893722800006527e-01
5.247311445251464646e-01
5.291654412713967526e-01
5.386638837413708636e-01
5.384007749459894798e-01
5.504643787457840221e-01
6.749662265499274394e-01
5.603197646838763424e-01
5.600314474210228433e-01
5.507440133341221511e-01
5.511464490457309573e-01
5.562513373950710438e-01
5.584080163929813212e-01
5.642267146872527173e-01
5.689371219737631158e-01
5.676987781536412259e-01
5.680402755010057758e-01
5.714290876824701382e-01
5.775042499081264324e-01
5.873546648439164075e-01
5.946766780345204007e-01
6.063072500262693953e-01
6.283239985034411168e-01
6.292420669036650205e-01
6.311188554424231878e-01
6.257069305749963783e-01
6.214289083140709380e-01
6.174400579942604939e-01
6.157113258857908056e-01
6.152811234711942356e-01
6.171732398469383929e-01
6.326767806155547680e-01
6.188296068007794748e-01
5.986750096535636834e-01
5.869227572661522840e-01
5.778303295310601717e-01
5.710092839278649857e-01
5.651626565974696703e-01
5.613045473065515489e-01
5.591564247309381841e-01
5.560843478233241655e-01
5.541213706088922164e-01
5.543234573031017298e-01
5.592565082480519534e-01
5.667193903143670219e-01
5.583983160178875860e-01
5.485334989309497145e-01
5.427587334238940242e-01
5.397334775465543188e-01
5.390132038831496608e-01
5.418092248511030551e-01
5.461305092176321763e-01
5.346926413587997917e-01
5.293949994305346962e-01
5.255925234717495620e-01
5.226955582420006463e-01
5.214939848590151028e-01
5.204653112825388117e-01
5.190237671698852973e-01
5.179372985039500943e-01
5.165797327356179691e-01
5.150990564216161305e-01
5.142337813569379801e-01
5.139790959136802950e-01
5.142283811490272472e-01
5.148719322033440404e-01
5.167128788109773829e-01
5.236077525058425719e-01
5.261833989999762373e-01
5.226238481685057113e-01
5.256812336618513770e-01
5.327285051624767176e-01
5.374674868657866034e-01
5.305055890231011873e-01
5.242061035441865080e-01
5.210264299987091841e-01
5.183026665709823400e-01
5.169509790400080851e-01
5.165249982375331728e-01
5.167565987955379248e-01
5.177229951403647945e-01
5.185605420060176440e-01
5.190826048534901149e-01
5.180802243109432492e-01
5.188248260649638288e-01
5.205370120114766186e-01
5.220627867768575792e-01
5.232590842496532835e-01
5.241259540679299445e-01
5.257267385385070435e-01
5.282346839731824062e-01
5.316722158407707344e-01
5.361697698687721836e-01
5.418255423066253851e-01
5.476006545462476227e-01
5.555196916321794021e-01
5.673641235854279818e-01
5.797596883422030389e-01
5.907952514824988954e-01
6.057630251763491680e-01
6.266177550490306114e-01
6.596466261875497672e-01
6.920005844983095900e-01
6.990505144079357525e-01
6.588308357930658943e-01
6.287979360680061580e-01
6.051181521915448558e-01
5.874049497286130128e-01
5.745513977033240849e-01
5.636287195080699197e-01
5.530075838577557246e-01
5.439960380280659535e-01
5.369738393667849996e-01
5.317420162479824519e-01
5.279237610760427746e-01
5.268099397613508206e-01
5.185363303154688630e-01
5.124967006417039395e-01
5.095517937625851923e-01
5.048631792043200006e-01
5.020437745862580403e-01
5.002992084012599650e-01
4.998359862834574896e-01
4.978659055028345493e-01
4.964500245800952394e-01
4.962690169401822171e-01
4.969414214492518522e-01
4.984905921082075642e-01
5.009465219115196710e-01
5.042214316322946033e-01
5.080513583664409971e-01
5.115479385187907679e-01
5.135912876881221223e-01
5.131380262842641926e-01
5.089631498797394515e-01
5.064025193379376732e-01
5.057864308603468029e-01
5.252890216648951061e-01
5.014935524927687238e-01
4.990874028022697084e-01
4.985328291093042985e-01
4.991314492085593968e-01
5.007558994980622069e-01
5.033860547930264495e-01
5.071019295225137613e-01
5.120081159623562916e-01
5.184315132761094791e-01
5.266123935471225259e-01
5.370577544708430295e-01
5.501591188903212082e-01
5.682641044895545557e-01
5.930759031318397767e-01
6.220122464749916480e-01
6.603922312375393178e-01
7.231280471351357875e-01
7.067673068072265474e-01
6.556197004042071397e-01
6.250826277540195708e-01
5.921292397937132357e-01
5.722497689396337517e-01
5.587138621160483432e-01
5.500767782014297502e-01
5.416700770563028788e-01
5.340224758460305754e-01
5.287166086829143685e-01
5.245396579999536124e-01
5.220553041795353844e-01
5.214283351042169334e-01
5.203382357048447204e-01
5.133358417903614024e-01
5.093587117352081917e-01
5.072188247259807881e-01
5.062592257319790123e-01
5.063410509434478346e-01
5.073041869454311126e-01
5.098383997296744852e-01
5.131150662016605857e-01
5.131881670385776140e-01
5.103767324794759030e-01
5.086975556801880405e-01
5.083090231894389355e-01
5.086474382977058672e-01
5.089569484357082674e-01
5.087990551196293065e-01
5.086000739324685327e-01
5.079798471843841590e-01
5.098071467170679494e-01
5.086615220975149176e-01
5.102654595366452606e-01
5.132089319036401420e-01
5.181668764414334438e-01
5.186177082885584655e-01
5.219171972901989198e-01
5.270118525892594219e-01
5.333866723938673893e-01
5.412605546200474071e-01
5.521204286639074255e-01
5.681013916239014971e-01
5.931282731895137772e-01
6.365182787804369857e-01
7.084774400526241411e-01
6.838896633938822411e-01
6.185266354023956081e-01
5.818745243206761009e-01
5.597132452266727620e-01
5.451174101942675154e-01
5.350214286428391919e-01
5.278050270982875825e-01
5.215201732124491452e-01
5.204714318001928408e-01
5.109658603932274445e-01
5.068156201361205815e-01
5.040815183345315198e-01
5.053803734532975600e-01
5.009138283575187423e-01
4.969766477928211357e-01
4.947053467765201717e-01
4.931623426828318779e-01
4.964499270777860129e-01
4.908649771851847921e-01
4.890524318958132666e-01
4.875108756609595195e-01
4.865419376525308426e-01
4.861545790369084519e-01
4.862794988424231635e-01
4.866193564637136815e-01
4.875187065701286349e-01
4.890718417024760845e-01
4.909827365755040085e-01
4.945147495679195204e-01
4.952453664224116259e-01
4.980340917281187441e-01
5.019012270733355097e-01
5.082052154113775311e-01
5.185142378337134206e-01
5.109690162537492419e-01
5.121752681939814034e-01
5.159520393242230663e-01
5.220446986216061847e-01
5.310276135331292169e-01
5.427788137630884524e-01
5.517296172633087137e-01
5.657811342093472806e-01
5.903404109064075422e-01
6.343494820286595948e-01
7.176504007418904596e-01
6.988879369955496301e-01
6.288896032141537695e-01
5.907964317439530211e-01
5.693157201478515894e-01
5.556172100802019287e-01
5.477627904925592706e-01
5.427555344336019161e-01
5.391790828596845220e-01
5.371243972650260323e-01
5.374662710712931890e-01
5.440629748074572447e-01
5.699056282463177414e-01
5.728588798867292331e-01
5.432598638291908921e-01
5.392271125541068244e-01
5.440959722399872911e-01
5.644620076240195461e-01
6.555943545442749487e-01
5.774328628461530277e-01
5.454305736134570370e-01
5.292591978822241972e-01
5.187511545111516131e-01
5.121344014003682554e-01
5.079398893178270757e-01
5.054038659502281261e-01
5.042883573869045843e-01
5.047115686412708691e-01
5.033187415477571314e-01
5.040240806574097787e-01
5.052695993538471875e-01
5.067315761804933594e-01
5.085573344605179846e-01
5.113097889749754765e-01
5.138430745249579212e-01
5.172605478296815606e-01
5.227674897802383480e-01
5.300472610394115769e-01
5.406884761940105033e-01
5.558683214110603510e-01
5.776754435742232907e-01
6.117643232351627214e-01
6.817266576214938700e-01
7.381216726236373704e-01
6.415389208712687363e-01
5.936709926065393272e-01
5.702324763363461058e-01
5.624205884643782571e-01
5.500671967162634735e-01
5.390816902173752867e-01
5.314252632353403394e-01
5.185871249855076304e-01
5.083814232948730139e-01
5.015826626853486792e-01
4.967804614424853882e-01
4.935539702265133166e-01
4.917832358525831005e-01
5.064637774063689424e-01
4.916967612660387288e-01
4.899918048823215799e-01
4.866625494430171228e-01
4.867509513187131542e-01
4.880065995048792349e-01
4.953510366090354000e-01
5.093753631534685411e-01
5.116332046725017291e-01
4.987875943589042405e-01
4.914877376173825141e-01
4.886236659332254262e-01
4.885354028682806771e-01
4.905230212068779627e-01
4.942356422701786878e-01
4.993737651078614115e-01
5.069354477427823191e-01
5.145841552682063336e-01
5.278548829428658662e-01
5.474229129505751024e-01
5.739463303812032402e-01
6.224219373237662722e-01
7.152437062247415378e-01
6.764894235932138455e-01
5.994936213483812448e-01
5.581035076591194244e-01
5.346371137235355064e-01
5.208389626154548147e-01
5.070029061992769037e-01
4.984694581388841028e-01
4.922493582528724709e-01
4.881964918768001982e-01
4.833345614657734157e-01
4.794651982080704311e-01
4.774212011113034837e-01
4.770032580745194872e-01
4.774637243616172144e-01
4.771224000709568536e-01
4.773933502693598063e-01
4.791619709967250840e-01
4.823270633412580777e-01
4.876579935889574502e-01
4.956849492194562723e-01
4.991543105791050317e-01
5.020130022057897046e-01
5.086652169783681954e-01
5.172324116344895195e-01
5.256432114961366864e-01
5.316142880444035823e-01
5.368498287639199562e-01
5.466677328899348653e-01
5.559436464323409544e-01
5.728921482327722359e-01
6.075579560130949242e-01
6.740691709312596203e-01
7.034538644015736475e-01
6.249437648312881066e-01
5.768649889925033802e-01
5.492049378118148972e-01
5.312812181501856967e-01
5.186115269596944799e-01
5.077323541173932586e-01
5.000433012452030201e-01
4.946870844789232891e-01
4.919833401811038454e-01
4.959549308481873142e-01
4.932903692515889782e-01
4.879067527583537678e-01
4.897631511216843925e-01
4.967585230234661808e-01
5.169694779817332053e-01
5.951094948138869745e-01
5.426959375666472463e-01
5.008347687226134548e-01
4.858029600211155041e-01
4.779984719231394341e-01
4.730743166506074515e-01
4.696736991252733473e-01
4.679499611467493048e-01
4.667646784265791493e-01
4.684342950668738959e-01
4.724350568376744497e-01
4.707950638484949546e-01
4.762199261276883755e-01
4.974875223385706868e-01
4.812981128137235887e-01
4.744027851555568942e-01
4.760737964386121401e-01
4.810353007926761459e-01
4.918573266760428164e-01
5.192254198632874074e-01
5.036061609502467951e-01
5.022275781525015192e-01
5.053867068282144048e-01
5.081949511419598942e-01
5.133236847152248261e-01
5.216300388244149433e-01
5.481929770599363039e-01
5.515780753760030075e-01
5.710070779000193664e-01
5.921335045559396049e-01
6.201685495434868800e-01
6.469361086879501510e-01
6.479610204927340744e-01
6.244235801591874191e-01
6.106488604074377102e-01
6.123585143182189716e-01
6.141613147971693998e-01
5.868542926728018694e-01
5.635036193867589693e-01
5.488633550809459694e-01
5.335737221696429389e-01
5.207236832826213080e-01
5.110144796422204649e-01
5.003819046686492911e-01
4.938627955397302816e-01
4.926135022042170686e-01
4.848211760042879792e-01
4.799638715431265301e-01
4.770077702337942593e-01
4.754384356637977871e-01
4.753031335716622063e-01
4.772757584185092772e-01
4.874822350901048540e-01
5.097639149310616569e-01
4.871038684782819095e-01
4.799927059001527496e-01
4.779401551149011773e-01
4.782877495100584797e-01
4.806974502826861229e-01
4.862126815471766172e-01
4.967417574850139239e-01
4.955543641007543187e-01
5.024614603674413260e-01
5.133432021270691870e-01
5.285727255620007448e-01
5.506489624641763836e-01
5.850001087874761030e-01
6.401965896115322519e-01
6.816880703688147358e-01
6.349906944970679090e-01
5.812524997007568750e-01
5.479574969217774205e-01
5.316804440811435661e-01
5.124124207344642468e-01
5.019864402190463704e-01
4.959147569726573002e-01
4.943298860563752894e-01
4.956230146099109279e-01
4.845647666802467279e-01
4.770495168132702912e-01
4.717869069360741685e-01
4.707885170760741644e-01
4.678103437219113814e-01
4.666608918060206612e-01
4.787447486277264797e-01
4.799273632079462670e-01
4.767095978478488316e-01
4.604727263102948998e-01
4.582364926267739613e-01
4.564630826448980438e-01
4.572433314092005374e-01
4.590901450243172199e-01
4.578956814434432254e-01
4.608727315797838120e-01
4.672074968293430386e-01
4.875380778472989118e-01
4.866370774346266415e-01
5.011645344659040324e-01
5.253806019932708571e-01
5.672466455952915876e-01
6.470934627140897399e-01
7.270105613427613189e-01
6.171779471511713577e-01
5.528063816383957940e-01
5.183557039894626239e-01
4.973749942547466829e-01
4.838456536178986633e-01
4.727544305966348004e-01
4.645929040636506691e-01
4.585058728907013270e-01
4.546521713972089818e-01
4.525236374897990133e-01
4.516346265934723658e-01
4.515291652060650640e-01
4.524554429181211201e-01
4.580992550469195068e-01
4.611337270335792993e-01
4.527898142688927541e-01
4.521744488105551296e-01
4.540852928582598258e-01
4.577608197556910508e-01
4.630620688616555736e-01
4.698890417205373593e-01
4.786031317299142551e-01
4.898609775420269541e-01
5.051292119006712822e-01
5.261552075559804420e-01
5.569418313445840818e-01
6.126929862841753449e-01
6.997180508171590985e-01
7.154836671931489311e-01
6.530695303410866126e-01
6.226282052770036879e-01
6.493451353918735514e-01
5.616137147591566681e-01
5.393696446448045245e-01
5.363209735420756408e-01
5.558905234682210983e-01
5.388691615097271903e-01
5.389000937331208663e-01
6.464298205326695079e-01
5.433891645775134061e-01
5.096702050795967054e-01
4.977796917874076632e-01
4.969384537463734097e-01
4.986514776479726296e-01
4.992482179184815072e-01
5.171666478486547369e-01
6.138816045372875729e-01
5.529496797019215482e-01
5.133523670882662593e-01
4.917940041163018083e-01
4.771764244129649835e-01
4.714952185527784279e-01
4.754039973056599644e-01
5.031911306335291600e-01
6.781059525081789552e-01
4.886968144935505687e-01
4.639565757754964825e-01
4.553423851285798296e-01
4.510862425372106355e-01
4.521044989639635414e-01
4.650613625174078170e-01
5.253169433631140750e-01
5.263138674434204578e-01
4.617708824775819121e-01
4.454017928774899326e-01
4.400411816859044478e-01
4.411280332549445404e-01
4.491523517003563892e-01
4.730462748597398792e-01
6.366986183517093778e-01
4.884277838703856567e-01
4.540021431399879903e-01
4.443522083459968686e-01
4.428076469249906943e-01
4.469243779169976838e-01
4.600195546266925839e-01
4.940046799912309883e-01
6.969598817869224749e-01
5.013701097856507749e-01
4.942495820237486903e-01
5.394513002825025438e-01
4.768857161176930926e-01
4.728496800077721107e-01
4.891540780475310823e-01
5.076499546372393867e-01
7.854419906697295284e-01
5.024035356727456492e-01
4.800050014816085731e-01
4.760167637803958685e-01
4.809141278969192856e-01
4.907292539129801123e-01
5.077832161567864544e-01
5.377749202395748496e-01
6.304947995207293987e-01
5.947589036910723159e-01
6.221455279733635324e-01
7.694090796496219076e-01
6.683305682496786249e-01
5.887633494697492864e-01
5.557619667710980149e-01
5.386714655838913401e-01
5.257827421822717229e-01
5.152834623633105737e-01
5.008792689717636026e-01
4.900961353085800387e-01
4.827424098844276257e-01
4.797500509745382669e-01
4.841035174648788408e-01
5.139467807872096783e-01
4.849764174593539368e-01
4.735089331038601634e-01
4.824783999855100092e-01
4.665825924610248476e-01
4.675601197147880583e-01
4.722939238900759618e-01
4.807872452929423668e-01
4.958744354089471007e-01
5.233975898131428828e-01
5.796251797714928600e-01
8.028571347008079950e-01
6.112918871988701763e-01
5.350455330627696959e-01
5.014057407962494439e-01
4.819382266001104309e-01
4.696567525059468506e-01
4.626565282303883864e-01
4.592945505272648110e-01
4.576833735869764164e-01
4.563238668309184676e-01
4.569839378231155269e-01
4.607585709381655792e-01
4.684479699316559942e-01
4.821854089289377421e-01
5.070151932478677015e-01
5.449095127973926367e-01
5.318214903429479001e-01
5.021581689111010993e-01
4.903040310453326001e-01
4.865425899932782627e-01
4.907140685865359897e-01
5.030764022296435600e-01
5.161436409746329446e-01
5.428657369191236537e-01
6.034584838213074010e-01
8.860704067405015261e-01
6.102377900775481923e-01
5.447642576038390638e-01
5.174530599657279906e-01
5.107490106266210361e-01
5.164873537610089604e-01
4.974368198312181799e-01
4.979284037909093574e-01
5.027973563247665201e-01
5.045630800827939355e-01
4.995479468116938992e-01
4.917059228425014195e-01
4.888850929845532378e-01
5.105298715939003973e-01
4.774957202560822789e-01
4.729458534320492569e-01
4.723505948827435019e-01
4.748194444688528248e-01
4.792317746227287567e-01
4.896019428028763887e-01
5.168503085010995868e-01
5.282686862002908823e-01
5.580998272097220658e-01
6.364177052183446204e-01
7.650012409151507597e-01
6.257272595877135801e-01
5.545764465781851671e-01
5.175859498805448489e-01
5.082917161611822943e-01
4.925351107091273661e-01
4.967767193207719978e-01
5.359845145417609924e-01
5.916924635772884411e-01
4.917320241492187938e-01
4.671473660563637553e-01
4.557812508912285621e-01
4.493290363382675401e-01
4.469723034715363252e-01
4.474154653582385066e-01
4.465990782984584628e-01
4.487647869307885284e-01
4.535368426510136830e-01
4.620916234910650844e-01
4.730505251142627654e-01
4.884035633820661415e-01
5.115333141627046443e-01
5.513171557718246074e-01
6.352249103667046981e-01
7.659328069686615059e-01
6.137457701269243282e-01
5.506550308403743710e-01
5.191073872882477902e-01
5.047274082409691776e-01
5.011260467651069694e-01
5.105674868850375026e-01
5.531848330811499626e-01
5.880602942805233102e-01
5.137326667850463657e-01
4.949941861906396734e-01
5.087410132261441786e-01
4.929966972968495287e-01
4.790301172616137082e-01
4.816470388876110675e-01
4.932074662764968642e-01
5.174393016066676232e-01
5.683361815334966316e-01
7.243562772299806385e-01
6.377803012488417744e-01
5.409699218199648385e-01
5.050347351397667106e-01
4.798098172160809027e-01
4.635010439423886131e-01
4.540733683309990942e-01
4.479602023545111722e-01
4.447284754474701285e-01
4.438820444604176241e-01
4.453590038029336395e-01
4.490642527444004828e-01
4.553519728592421156e-01
4.640332999002363401e-01
4.751890333057909310e-01
4.915329111803009576e-01
5.181130200866971292e-01
5.669181900763085036e-01
7.113268666555916386e-01
6.497802186904017008e-01
5.615902973690126698e-01
5.326798217398599489e-01
5.295998864654650751e-01
5.388321193306835344e-01
5.277170374819551979e-01
5.108174569903849438e-01
5.020286424129153380e-01
5.067030176737411518e-01
5.105979367567625715e-01
5.310496137278329920e-01
5.845414842477498762e-01
8.032358159747268189e-01
6.156978639549103294e-01
5.335890433720873460e-01
4.972152192251144687e-01
4.768546408717964091e-01
4.649725224016033054e-01
4.585079779039603620e-01
4.558647893160331921e-01
4.560145756625785807e-01
4.576846841369933694e-01
4.639985104972350616e-01
5.029572969052772402e-01
4.824182729176841322e-01
4.975095693033222966e-01
5.293190930045599263e-01
6.025337629194057465e-01
8.632832448663072533e-01
5.865474545734448153e-01
5.247847738746456159e-01
5.156321971425466000e-01
4.754359589943085718e-01
4.623650561360654332e-01
4.556352441323076041e-01
4.537476936353738721e-01
4.534566843934082492e-01
4.585473672583987303e-01
4.610447506570319876e-01
4.714484958274972048e-01
4.940595373367888676e-01
5.130186152712058467e-01
5.553817805561627186e-01
6.722876068549824558e-01
6.875005702366062676e-01
5.590177136800406066e-01
5.157393846867885934e-01
4.961796470517588209e-01
4.941308049088255494e-01
4.806972434659781968e-01
4.777801683569703473e-01
4.805148240775355406e-01
4.907268160178479555e-01
4.932080470846573750e-01
5.008681607863686436e-01
5.161425076611045881e-01
5.437626295831500256e-01
5.738139923210813231e-01
6.370370497238113661e-01
8.512296444504257042e-01
6.221818335134234879e-01
5.799564969570688566e-01
5.809562129021880184e-01
5.863380748360196293e-01
5.545725581440973384e-01
5.363669539504046790e-01
5.322906680911861921e-01
5.402159039399436757e-01
5.774575219645143864e-01
5.880571022003698856e-01
6.717440518316702969e-01
7.662672877713464503e-01
6.144802217175764358e-01
5.586146285864486138e-01
5.266426074134629154e-01
5.317740886843448367e-01
4.968545429820566128e-01
4.789970568096428294e-01
4.720766366127547298e-01
4.738247815516976047e-01
4.692939513826431264e-01
4.735861565887127256e-01
4.861966926150484980e-01
5.101181867876446452e-01
5.576989249089632228e-01
6.596126864913884891e-01
7.675868881569339885e-01
5.979274101772360517e-01
5.357413093213917454e-01
5.060962093333428724e-01
4.823242505346411746e-01
4.620222650336001102e-01
4.553828986439431015e-01
4.554590844140952166e-01
4.643552833167820526e-01
4.685664404522860149e-01
4.891316561421283904e-01
5.199438902918374072e-01
5.981977538126441729e-01
8.455625879848293058e-01
5.976492993434393552e-01
5.173021008202258741e-01
4.798887709020507319e-01
4.591618253695661789e-01
4.476552244611610720e-01
4.426217494079338066e-01
4.433163013234092675e-01
4.471665235275855133e-01
4.586783019048912835e-01
4.802816674643678452e-01
5.207181483027871760e-01
6.122041127129805860e-01
8.054649868970177318e-01
5.793789804731257487e-01
5.091057188131448141e-01
4.743542956584357873e-01
4.542104954613113699e-01
4.454862437603574477e-01
4.376319736931095217e-01
4.375065226091665593e-01
4.436416971413876809e-01
4.572544892926998505e-01
4.832967147885863235e-01
5.355163530746449574e-01
6.753075521003204518e-01
6.747318767635095416e-01
5.383495830931425141e-01
4.933216477393420063e-01
4.632534242119432100e-01
4.457466458442575497e-01
4.371105692192111536e-01
4.351568984554660680e-01
4.393493203138620351e-01
4.509907355136421048e-01
4.739114771592318198e-01
5.184202846299987844e-01
6.255840610350255071e-01
7.473419910778226205e-01
5.531736791225488892e-01
4.916604964340190453e-01
4.632262714993664598e-01
4.496276482948765030e-01
4.449925749384608942e-01
4.484932020970855970e-01
4.558730011089383027e-01
4.649216455045884211e-01
4.839191243162374589e-01
5.235971634776613870e-01
6.156155238690479425e-01
7.964639519696269376e-01
5.749973962144198092e-01
5.142791802187138828e-01
4.925639238228223804e-01
4.953852171100578961e-01
5.612000393611520366e-01
5.274983778058551787e-01
4.891167669221836989e-01
4.826153114428612390e-01
4.871508405829375055e-01
5.041834992411516891e-01
5.459853317094035541e-01
6.558557009028423979e-01
7.312385926182765061e-01
5.670526164158070648e-01
5.030715313854802195e-01
4.685876418315249037e-01
4.472676654739872748e-01
4.337046949464594126e-01
4.253220518208596368e-01
4.213241740342207331e-01
4.217942186492367185e-01
4.267572748672396332e-01
4.371090524214338302e-01
4.551328953751158646e-01
4.855167979550586987e-01
5.422768761057147335e-01
6.784132185184162944e-01
6.921951764721433475e-01
5.603643650080024630e-01
5.028904406030384466e-01
4.646712939287490629e-01
4.451790162474787982e-01
4.345605422151544994e-01
4.353918490831407695e-01
4.334127859190223808e-01
4.398679949832323133e-01
4.522871730679565161e-01
4.718053783697673254e-01
5.080047904890427901e-01
5.512861105532421702e-01
6.603831188052629031e-01
7.705899517002124943e-01
6.670462932719583016e-01
5.694457902753867762e-01
5.112647179205991321e-01
4.791514498722729276e-01
4.617735050720582768e-01
4.548183882949472512e-01
4.570064281697442943e-01
4.695897058348356135e-01
4.970134604107792065e-01
5.527571875777880228e-01
6.776135370814477810e-01
6.877864859483557858e-01
5.568739646096294571e-01
4.979795454103701502e-01
4.667632771600250252e-01
4.503155375642157732e-01
4.424622827671560454e-01
4.424838156738610806e-01
4.504405168893380051e-01
4.676928294518582496e-01
4.993159644054066537e-01
5.599339687920773523e-01
6.950548854288907119e-01
6.691773557220178636e-01
5.501531261123887573e-01
4.985520939906684101e-01
4.809060608357625943e-01
4.562594346572724224e-01
4.534881076097708186e-01
4.478880475797404337e-01
4.523896777945719538e-01
4.692534824280795713e-01
5.028735327388216270e-01
5.683824335296582264e-01
6.942555764696771714e-01
6.511423938570821690e-01
5.438474565639348501e-01
4.901196392486703579e-01
4.612770103511479314e-01
4.462214732640953918e-01
4.408070860450998274e-01
4.441900109675707142e-01
4.534108417518259437e-01
4.701594305535535812e-01
5.022815754937798305e-01
5.620958612578091929e-01
6.748926483414350308e-01
6.725658117874208086e-01
5.639917687675801705e-01
5.095360937255086764e-01
4.822255480816485806e-01
4.698968022132539168e-01
4.675943378486709934e-01
4.740964587690281173e-01
4.834563892137498375e-01
4.926573511200516564e-01
5.150965490106370614e-01
5.565133215999299443e-01
6.395270718852525960e-01
7.239951986379806748e-01
6.045387804108925955e-01
5.358274920009135078e-01
4.992582617182630411e-01
4.866825618373899487e-01
4.797357305118789550e-01
4.684369135268701134e-01
4.806768803045071703e-01
4.820837146844468291e-01
5.075200688518357595e-01
5.588050766409308201e-01
6.687705662860009559e-01
7.085647863851173289e-01
5.865922477063462148e-01
5.419996150795408640e-01
5.600636595475333435e-01
5.361732617715732063e-01
5.246910599897880445e-01
5.717805162212368231e-01
7.488703725605901917e-01
6.379900720950461013e-01
5.266092995896995976e-01
4.801220172181715484e-01
4.581275453081388171e-01
4.511758845204432156e-01
4.581648410592027432e-01
4.831774994077899787e-01
5.448303835451203669e-01
7.102131139616253419e-01
6.500636177133408689e-01
5.194655990080914165e-01
4.675378900086893941e-01
4.446758088595904601e-01
4.391223957586216087e-01
4.490849175820873507e-01
4.797572983091227261e-01
5.530292009755736204e-01
7.810070642538463614e-01
6.028331252438554611e-01
4.967198117499107002e-01
4.533611983865023509e-01
4.355767242318703270e-01
4.337054275919178248e-01
4.480424169700761294e-01
4.857670234543287613e-01
5.765333838113558818e-01
8.244390532330168053e-01
5.687917258970154322e-01
4.827914466888003076e-01
4.466910220775545670e-01
4.330043005786344823e-01
4.350904081071437224e-01
4.540070297934468146e-01
4.990407287091858657e-01
6.096343478608340360e-01
7.660312406054466949e-01
5.483968172268863794e-01
4.791123340550795806e-01
4.515724190801130300e-01
4.444761482144107267e-01
4.522682685442561690e-01
4.817474525912200378e-01
5.358460308014610929e-01
6.537054962041967121e-01
7.056002090543194161e-01
5.368368103912672940e-01
4.790294209273675552e-01
4.544862345707393891e-01
4.455278818771598037e-01
4.528782524228855966e-01
4.809599763279973628e-01
5.489620191916518843e-01
7.547712834632965828e-01
6.198618089720892010e-01
5.095527380156296138e-01
4.671390106009908338e-01
4.479773560580969649e-01
4.444813960022013788e-01
4.590822013430299608e-01
5.001639580776777727e-01
6.045437101853867734e-01
7.812971050435643106e-01
5.524062940476746064e-01
4.800483322622006166e-01
4.499992480590798150e-01
4.376096083188089070e-01
4.418467498895109480e-01
4.659710314036075163e-01
5.248821543112086596e-01
6.915722458536698314e-01
6.541993034895369208e-01
5.155017862256995320e-01
4.607823781404827845e-01
4.382454235831800826e-01
4.346755810010741183e-01
4.520298053635399826e-01
4.809112177085777540e-01
5.626628200187050455e-01
8.159737961373659809e-01
5.869066457641826107e-01
4.926507067423471775e-01
4.548154688821318681e-01
4.415367397126712667e-01
4.450780055959210890e-01
4.666512192418870164e-01
5.171237356134682495e-01
6.434634637115393963e-01
7.207529755805909266e-01
5.445027108290121376e-01
4.815067794831572878e-01
4.518487502260630229e-01
4.417953918108208922e-01
4.472853219638510125e-01
4.701123007876123472e-01
5.225979426190925370e-01
6.595764621751853962e-01
6.969194355251415729e-01
5.366668622811715528e-01
4.823025069085662975e-01
4.589041018908005531e-01
4.506370922065898177e-01
4.588816765137097020e-01
4.811590739639997616e-01
5.279668867800315635e-01
6.511045022374727376e-01
7.196515095361515346e-01
5.505797927294362459e-01
4.909613506661945070e-01
4.620765289134881604e-01
4.501303603727583313e-01
4.539711144481135552e-01
4.770744374312997915e-01
5.341914894747150644e-01
6.929462810711144449e-01
6.629174894801245221e-01
5.223373101305791577e-01
4.683327495994556444e-01
4.453471416725267584e-01
4.401831311793469870e-01
4.507159955926690054e-01
4.823641629367087513e-01
5.579007007096800086e-01
7.824852755006928007e-01
6.046003902264891483e-01
5.019570773935609909e-01
4.592105033179273432e-01
4.418773387710059342e-01
4.419772684004390495e-01
4.585973062151856849e-01
4.993803206543416251e-01
5.963072266712636793e-01
8.017740771087049634e-01
5.694752438098390490e-01
4.918661601468571898e-01
4.600269207582483588e-01
4.481617346910455324e-01
4.511476825173262872e-01
4.717088119472809815e-01
5.202083307587284100e-01
6.423227916458236209e-01
7.261385053810749390e-01
5.463428576520501512e-01
4.821752532417017401e-01
4.510344849919037946e-01
4.397181205313250296e-01
4.447014785542860449e-01
4.694559255893285821e-01
5.291673008167679937e-01
6.913127035789521369e-01
6.615606456058704676e-01
5.183892096714461939e-01
4.629049396107030589e-01
4.389692384322038676e-01
4.335008139761068469e-01
4.445736748078611411e-01
4.771542541084174971e-01
5.507079184391470150e-01
7.542108320918893272e-01
6.206571312330392276e-01
5.096143207684994403e-01
4.664693222749553558e-01
4.469895635388647648e-01
4.449029464859918237e-01
4.610957358832838970e-01
5.029898061891925343e-01
6.023905806507006133e-01
7.909941828641594563e-01
5.811212273566811470e-01
5.222406901997036499e-01
4.661541686824487440e-01
4.456798783874652559e-01
4.477942166033322957e-01
4.725311362418503358e-01
5.369759920404435505e-01
7.276278464426250148e-01
6.302838174574965091e-01
5.045990996104129378e-01
4.559475311158255328e-01
4.374963284151117127e-01
4.385163703796085555e-01
4.592937667961530801e-01
5.116170167606090002e-01
6.492696913342165255e-01
7.020763005342732788e-01
5.306782653176871367e-01
4.708719952928653307e-01
4.472479516666003074e-01
4.440281249749655768e-01
4.600942177174777159e-01
5.028136316489847379e-01
6.062470262857972969e-01
7.842100648562687626e-01
5.586597598409497323e-01
4.855202544760400252e-01
4.560689222368133899e-01
4.476357375920961279e-01
4.564275529812318322e-01
4.891058454636441066e-01
5.718170990913592489e-01
8.217386275459306333e-01
5.852600461405157439e-01
4.960527603885803716e-01
4.626242177799619881e-01
4.561446523729842939e-01
4.717285021383236243e-01
5.121154184740426274e-01
5.687953923125301792e-01
7.905725974904971309e-01
6.055320650750135592e-01
5.040501736157410040e-01
4.643869958478622495e-01
4.527639311289514135e-01
4.561914119958017655e-01
4.696506727859412478e-01
5.212909720082057330e-01
6.807957444742476216e-01
6.521430463576978198e-01
5.103507992386215886e-01
4.596147373016211679e-01
4.404512904970321330e-01
4.406303204841497956e-01
4.596499764478373939e-01
5.075715612722558889e-01
6.366315530809365519e-01
7.044283335478741526e-01
5.294812159667485751e-01
4.725057161087963808e-01
4.503393971760294989e-01
4.476374079932886052e-01
4.632032825420268618e-01
5.071384038024467911e-01
6.272710627325495114e-01
7.186917559144078149e-01
5.276727159084539931e-01
4.657194470763468264e-01
4.404608458993274911e-01
4.409565998782903340e-01
4.477331919427250950e-01
4.901182035268318304e-01
6.059091473053095367e-01
7.505179002161497248e-01
5.277974431448717585e-01
4.567646815518737191e-01
4.273992851020197437e-01
4.206473206981219959e-01
4.332014458336175822e-01
4.726723571770037324e-01
5.744176617165167587e-01
8.184861069039348624e-01
5.421934542189145168e-01
4.594155039626615644e-01
4.261302557450493134e-01
4.170044485085809272e-01
4.276811646796859212e-01
4.645875354162027349e-01
5.528643672195981962e-01
8.442101334858664874e-01
5.628626596618570010e-01
4.682319616786815297e-01
4.313049876507437652e-01
4.209299252610396724e-01
4.307302565567139863e-01
4.646164243932459637e-01
5.486411490102357513e-01
8.326610916529134654e-01
5.710883128519934626e-01
4.758396262936120391e-01
4.397977578215846450e-01
4.290543027656181785e-01
4.353562155691636515e-01
4.631940405234087343e-01
5.324532872298108899e-01
7.583270043454257703e-01
6.028318442365101504e-01
4.863967041231124222e-01
4.408200923516268910e-01
4.240055542101458519e-01
4.278546398866912570e-01
4.549997662171722523e-01
5.244394760964358193e-01
7.422279641824863772e-01
6.080087037130330607e-01
4.843815712598891765e-01
4.350237957001398814e-01
4.176160205683571713e-01
4.219126603820603783e-01
4.505657065008499274e-01
5.247062483338256200e-01
7.600175159494952926e-01
5.944871586752189518e-01
4.747086119087527978e-01
4.279591791352630459e-01
4.120079734595211707e-01
4.180146459916684321e-01
4.498537476458467910e-01
5.313406206054539505e-01
8.005226296308232126e-01
5.743770117461952651e-01
4.639612125052673397e-01
4.209842804170725872e-01
4.072062840037879994e-01
4.144004238447829280e-01
4.490477052162022975e-01
5.380392270154792378e-01
8.288072988403448749e-01
5.603062257902247101e-01
4.564457472021727358e-01
4.155035868125500076e-01
4.035058831147193548e-01
4.140445566838801272e-01
4.524030499891445456e-01
5.479213459420150256e-01
8.401707850168661507e-01
5.508089373223699070e-01
4.536383856796516456e-01
4.144396526416025406e-01
4.033955550470020301e-01
4.141339075960732141e-01
4.541645788363120051e-01
5.564178630610616683e-01
8.318884311310243973e-01
5.380986999138861471e-01
4.451869645837224776e-01
4.077377216883054656e-01
3.978860868696905140e-01
4.109697807711653050e-01
4.546697358562201141e-01
5.649414373937844402e-01
8.117848689274022034e-01
5.285818164804633179e-01
4.401780479018339576e-01
4.048449940238188494e-01
3.966846123005051128e-01
4.115522666374900052e-01
4.574058235344263812e-01
5.736994532721900741e-01
7.894384964015280781e-01
5.225132153175847671e-01
4.389968297777370188e-01
4.063476839759821990e-01
4.000930630098274432e-01
4.164890830274202149e-01
4.646069588305293818e-01
5.851799373669204218e-01
7.695609657545418036e-01
5.209645068024560954e-01
4.432921892630208860e-01
4.136198033287571407e-01
4.094805439351562049e-01
4.275665989535581413e-01
4.780272964276488512e-01
6.063061723878306886e-01
7.378005170727579554e-01
5.154487486064519564e-01
4.425312749365892806e-01
4.131513067061520217e-01
4.084263950773883711e-01
4.260837649120510218e-01
4.767587604916836974e-01
6.115142725327903372e-01
7.161351333904101280e-01
5.064207705163852324e-01
4.364413496368547141e-01
4.099491669739731003e-01
4.057242590530427129e-01
4.245891338694208206e-01
4.776063059831814339e-01
6.202937671329128433e-01
6.992195106107504943e-01
5.003656973204526626e-01
4.329097601572937659e-01
4.062511596843524919e-01
4.037133506769033930e-01
4.239484042971058408e-01
4.791462333396354634e-01
6.280352296344334784e-01
6.866396790572472097e-01
4.962558008930909037e-01
4.313930362285163245e-01
4.064753877484880706e-01
4.053579227130875151e-01
4.270517984865145333e-01
4.838992766653211763e-01
6.380689318372935182e-01
6.776637590582000881e-01
4.983755300929246790e-01
4.359300692002093802e-01
4.125997436401467877e-01
4.124086596121191439e-01
4.351966815979712022e-01
4.946623776598382816e-01
6.612998570766182027e-01
6.551250859064868814e-01
4.942862043038462883e-01
4.381209518557343530e-01
4.188896763388660904e-01
4.223065317157773668e-01
4.463373623035500892e-01
5.058353303001471568e-01
6.772035338290950390e-01
6.453021914511284374e-01
4.949843791418234162e-01
4.406842889637220262e-01
4.215223108113723138e-01
4.250214795377617039e-01
4.512772592389053816e-01
5.214174422997253089e-01
7.478696077155186916e-01
5.979937213898266490e-01
4.744577355389001938e-01
4.276361330537694072e-01
4.114140338079082526e-01
4.167479585402547593e-01
4.495621945908831463e-01
5.340642252550923397e-01
8.191442960543978691e-01
5.664728443582397466e-01
4.596707193615066633e-01
4.179504829470112037e-01
4.059735696902364022e-01
4.169607456147840230e-01
4.568519665739135260e-01
5.584270317498083447e-01
8.373781237607421657e-01
5.400559581673514131e-01
4.502960883080343590e-01
4.156336993494711973e-01
4.078656706161276069e-01
4.231235236052707793e-01
4.697561662342353284e-01
5.907269856937796826e-01
7.614103926599353755e-01
5.202006250792426956e-01
4.443236847701252934e-01
4.151231260849798099e-01
4.111276641932780085e-01
4.301546178748623661e-01
4.836466780897245021e-01
6.268418519296974356e-01
6.970311606342043387e-01
5.038790048581300862e-01
4.383497641323678695e-01
4.136274869992626058e-01
4.129984697314922348e-01
4.361317161762894301e-01
4.969413579025052097e-01
6.679263024827697404e-01
6.518099826498539029e-01
4.931964967504046116e-01
4.366460361991036931e-01
4.165052059520080174e-01
4.193308308998893175e-01
4.461108655140263446e-01
5.137508154008150196e-01
7.151630923855192279e-01
6.209291939237517877e-01
4.883287239099317611e-01
4.400147839875446776e-01
4.244020743324038447e-01
4.302229173414821028e-01
4.600851503106168083e-01
5.348337351147252061e-01
7.727773442460347253e-01
5.987293640673735373e-01
4.902532074789337502e-01
4.493126450077050693e-01
4.354279352633012024e-01
4.438261869774910995e-01
4.770056416467987614e-01
5.590833139194784085e-01
8.348530711898708434e-01
5.833702293147862150e-01
4.931323602684242746e-01
4.591070961366552905e-01
4.513416425842619040e-01
4.617614313793267922e-01
4.976603512412875463e-01
5.892041269912148271e-01
8.329748767425594336e-01
5.680841433992817047e-01
4.943678446792914016e-01
4.662767235346798045e-01
4.597888922321141103e-01
4.723550943056111229e-01
5.100048474396358111e-01
6.125471876378204561e-01
7.791204971329186435e-01
5.572439739958360283e-01
4.925299536603660044e-01
4.686393145395334470e-01
4.662576408468878109e-01
4.826583919455433302e-01
5.250523257438708402e-01
6.384479011377549584e-01
7.319236122482390972e-01
5.503258473876845303e-01
4.929061182990525647e-01
4.687926744354879993e-01
4.636912659534618286e-01
4.766905596708644333e-01
5.178177813456799061e-01
6.351527606874602938e-01
7.238468713365303620e-01
5.397504756875332044e-01
4.804107514218643460e-01
4.578814677684131529e-01
4.537799665886408929e-01
4.694370386269558493e-01
5.154334194881836639e-01
6.454586483051393264e-01
7.001794635345217621e-01
5.293770084129074682e-01
4.726682030527538658e-01
4.512138099718662754e-01
4.502738312621283878e-01
4.688991948893733719e-01
5.191425519574172087e-01
6.636024937970785853e-01
6.764064857751233006e-01
5.246140463842314805e-01
4.733731229461156098e-01
4.536516866922848945e-01
4.517554483140657218e-01
4.719836819479628631e-01
5.248939465763352574e-01
6.820030893022559493e-01
6.581679277351994983e-01
5.162172531149636923e-01
4.659733753976608162e-01
4.474770668721691491e-01
4.492196167151528141e-01
4.721697983583277303e-01
5.314317133425285888e-01
7.103956728185234493e-01
6.390576109836665353e-01
5.132100711585406705e-01
4.658690047051342042e-01
4.467485880347737970e-01
4.477238423775113940e-01
4.704191110178165269e-01
5.295984228071137778e-01
7.125650738507319781e-01
6.343308397854611203e-01
5.072984411452411413e-01
4.607392861713460741e-01
4.441968752153352407e-01
4.472726942523652105e-01
4.701329260521458497e-01
5.282718898009494124e-01
7.033770192091035600e-01
6.426031510576341033e-01
5.127467973097032949e-01
4.684233313959537681e-01
4.582425244217520621e-01
4.523830308454301896e-01
4.735058175488401910e-01
5.328867574877126367e-01
7.199248459038944947e-01
6.299570187365952645e-01
5.075248887377425966e-01
4.630963104792577001e-01
4.476314262746920458e-01
4.517327899450179207e-01
4.774953567460709092e-01
5.427968339510851337e-01
7.539053635443778711e-01
6.170681088286764648e-01
5.078281931130831373e-01
4.673562327548909101e-01
4.543778273697369197e-01
4.598019972723731974e-01
4.864054855694529000e-01
5.549489257942654685e-01
7.902992052896984365e-01
6.058788792642392229e-01
5.065374876852871688e-01
4.704294889329381779e-01
4.595342671940664814e-01
4.675055687711133223e-01
4.973805253254313108e-01
5.700904865110024700e-01
8.212216039241853061e-01
6.080803176984933556e-01
5.262014991805882280e-01
5.022784580428731882e-01
5.072898341392695354e-01
5.419864366762938701e-01
5.681422895353052116e-01
6.562252205099060598e-01
7.367432979899303236e-01
5.631199206465973273e-01
5.048537442736626968e-01
4.774840088942015615e-01
4.657794810811685671e-01
4.688958070448675519e-01
4.893639741932225284e-01
5.402027671422287014e-01
6.911252155993178325e-01
6.648841112792731600e-01
5.305363631962958237e-01
4.808527531332083549e-01
4.600683564377534562e-01
4.563982164982484657e-01
4.668981809489694546e-01
4.954450523555132269e-01
5.569966887175962222e-01
7.168901952008056577e-01
6.792854884725071374e-01
5.469017900458907899e-01
4.995781659752082660e-01
4.872501448092114718e-01
5.024788338402360610e-01
5.618854777516781862e-01
7.832119478186249095e-01
6.143137952761050791e-01
5.171077648055336651e-01
4.850128146641305982e-01
4.828734327336963728e-01
5.110775173975246055e-01
6.022119945077577530e-01
8.078705751865470353e-01
5.609368316211215122e-01
4.951306584176187742e-01
4.718086487593978195e-01
4.768700219804188345e-01
5.158187735960674258e-01
6.377691223141419563e-01
7.067027786417194868e-01
5.392398905639262940e-01
4.953638704704907414e-01
4.695026758428936242e-01
4.741569559262181488e-01
5.157419000929719388e-01
6.404108388145366426e-01
7.228827567195067472e-01
5.432547710909049199e-01
4.807170820160834301e-01
4.609586336667055306e-01
4.697149722852760889e-01
5.154915407444781161e-01
6.386954666987674223e-01
7.224073909135443339e-01
5.349791210289499555e-01
4.743447924648259706e-01
4.562290838376687474e-01
4.662817162428049000e-01
5.125745188090962134e-01
6.534443462679455639e-01
6.854933468039595690e-01
5.284533755223822515e-01
4.731649909445411750e-01
4.602069278411731745e-01
4.789985896449718838e-01
5.480131321412294865e-01
8.093403257622011626e-01
5.877249150579250125e-01
4.905880161400168471e-01
4.597030086386902359e-01
4.620300395474778998e-01
4.967774293833057131e-01
6.057933066403398126e-01
7.550246266706198695e-01
5.331829572234989545e-01
4.699246579473891350e-01
4.530915386162862046e-01
4.655367953966447758e-01
5.204049860503104918e-01
7.018128562410047566e-01
6.314867618413675388e-01
5.016057393049275781e-01
4.601629591913027340e-01
4.555395102655213635e-01
4.807552566619237022e-01
5.620241054589399932e-01
8.652624371845399898e-01
5.724566433184535841e-01
5.089975323723903156e-01
4.724484593649124209e-01
4.759402823593038012e-01
5.264038148957014274e-01
7.094048060425816038e-01
6.276143608292881204e-01
5.020996664148603683e-01
4.620363480902126008e-01
4.593217515776612525e-01
4.930418045208096456e-01
6.007454825297422474e-01
7.604396784471139092e-01
5.323921488567839866e-01
4.697270021748193303e-01
4.545232082501704518e-01
4.726575611739396998e-01
5.413285215334917577e-01
8.009529931337426856e-01
5.865820080525695479e-01
4.886553392142275465e-01
4.585169462691232045e-01
4.627032149091789281e-01
5.058860162364412494e-01
6.449145862585108357e-01
6.825716507198326122e-01
5.169673292855080371e-01
4.674450986040958322e-01
4.594979944224303892e-01
4.853929824168378149e-01
5.704197432218809372e-01
8.673480801271773455e-01
5.606075601941327147e-01
4.853498367193394003e-01
4.645380104011461730e-01
4.764343950701254715e-01
5.296882940986408217e-01
7.079902331752916389e-01
6.354359584088340451e-01
5.166885129663489895e-01
4.832963562406872304e-01
4.853481957658056789e-01
5.188159342327408607e-01
6.139624360465808506e-01
7.950122008055973133e-01
5.770306050796200070e-01
5.252560169106460508e-01
5.118372922995935159e-01
5.208993002559432206e-01
5.701498928802927191e-01
7.454710369313271023e-01
6.493871469162281196e-01
5.379188002834518478e-01
5.011800820649434662e-01
5.033941753283603937e-01
5.513894871274735987e-01
7.337274887901403808e-01
6.371030165009542445e-01
5.223103553096439811e-01
4.886007826188255021e-01
4.941479313222347791e-01
5.453528928579182145e-01
7.275876548536004407e-01
6.385333049756860557e-01
5.212532954082771397e-01
4.873416695893146855e-01
4.927440864645881713e-01
5.425598336633905561e-01
7.194406800327777241e-01
6.426355151532622267e-01
5.215944902348585988e-01
4.860886632467028567e-01
4.902217844780973333e-01
5.382730073642412183e-01
7.060573785934247670e-01
6.503192545501790267e-01
5.230393164542896933e-01
4.859662770990864078e-01
4.892451017820454440e-01
5.354530243933122158e-01
6.949592336097980549e-01
6.593620853100164991e-01
5.260687544031098506e-01
4.870693137810862550e-01
4.887005851397667744e-01
5.327897089639197503e-01
6.838785337596482439e-01
6.688624713833554170e-01
5.278573035435113470e-01
4.863774915597390280e-01
4.867044892596301131e-01
5.291625445600609545e-01
6.749891702464618781e-01
6.773926394361861059e-01
5.301844760628493525e-01
4.871907968486628437e-01
4.866355846217243486e-01
5.274877813020681927e-01
6.659695548180250002e-01
6.878968295246975506e-01
5.332753740457945035e-01
4.885508011792737970e-01
4.868147522791871351e-01
5.259468849284711922e-01
6.574237514933682913e-01
7.004325365452019891e-01
5.385337359823912928e-01
4.923562263753911705e-01
4.898008635691118995e-01
5.270276148573848074e-01
6.506358100518744303e-01
7.159281782642004099e-01
5.503650863139486482e-01
5.026302530910471411e-01
4.987068308890130752e-01
5.344183444575867359e-01
6.489327970158430547e-01
7.352113850518121607e-01
5.792036089037450042e-01
5.292613408296064081e-01
5.155578310313734258e-01
5.363858797893682473e-01
6.362881008149879891e-01
7.391475815067801713e-01
5.512971853575127090e-01
4.985286660001088110e-01
4.893492638749316059e-01
5.169568806690076901e-01
6.162179758036957500e-01
7.682873924769608731e-01
5.540414619414693043e-01
4.977464317847737352e-01
4.881968892706785579e-01
5.147794612767814248e-01
6.065857753126013829e-01
8.027497150992120023e-01
5.650889131318954650e-01
5.067712419803660495e-01
4.970499924115596713e-01
5.224934414224702284e-01
6.057594489089053180e-01
8.375310464122236453e-01
5.837777746571997106e-01
5.236423715547721125e-01
5.121623698532028479e-01
5.329712580352430340e-01
6.055038753776824656e-01
8.537614429737803157e-01
5.890571805910879144e-01
5.213962191815091352e-01
5.025194024799101156e-01
5.150252798675821753e-01
5.795365772940092031e-01
8.522974694218585778e-01
5.906283662123509304e-01
5.065795044389608259e-01
4.812614209779604302e-01
4.921592408305249799e-01
